x-axis,1
second,Volt
-0.007999999045,0.98075
-0.007974999045,0.91825
-0.007949999045,0.98075
-0.007924999045,0.9495
-0.007899999045,0.98075
-0.007874999045,0.98075
-0.007849999045,0.9495
-0.007824999045,0.9495
-0.007799999045,0.9495
-0.007774999045,0.98075
-0.007749999045,0.9495
-0.007724999045,0.9495
-0.007699999045,0.9495
-0.007674999045,0.98075
-0.007649999045,0.9495
-0.007624999045,0.9495
-0.007599999045,0.98075
-0.007574999045,1.012
-0.007549999045,0.9495
-0.007524999045,0.9495
-0.007499999045,0.9495
-0.007474999045,0.98075
-0.007449999045,0.9495
-0.007424999045,0.9495
-0.007399999045,0.98075
-0.007374999045,0.9495
-0.007349999045,0.9495
-0.007324999045,0.98075
-0.007299999045,0.98075
-0.007274999045,0.9495
-0.007249999045,0.98075
-0.007224999045,0.9495
-0.007199999045,0.9495
-0.007174999045,0.98075
-0.007149999045,0.9495
-0.007124999045,0.91825
-0.007099999045,0.91825
-0.007074999045,0.9495
-0.007049999045,0.9495
-0.007024999045,0.9495
-0.006999999045,0.9495
-0.006974999045,0.98075
-0.006949999045,0.98075
-0.006924999045,0.98075
-0.006899999045,0.9495
-0.006874999045,0.98075
-0.006849999045,0.98075
-0.006824999045,0.9495
-0.006799999045,0.98075
-0.006774999045,0.9495
-0.006749999045,0.98075
-0.006724999045,0.9495
-0.006699999045,0.98075
-0.006674999045,0.9495
-0.006649999045,0.9495
-0.006624999045,0.98075
-0.006599999045,0.9495
-0.006574999045,0.9495
-0.006549999045,0.9495
-0.006524999045,0.98075
-0.006499999045,0.9495
-0.006474999045,0.98075
-0.006449999045,0.9495
-0.006424999045,0.98075
-0.006399999045,0.9495
-0.006374999045,0.9495
-0.006349999045,0.9495
-0.006324999045,0.98075
-0.006299999045,0.98075
-0.006274999045,0.9495
-0.006249999045,0.9495
-0.006224999045,0.9495
-0.006199999045,0.9495
-0.006174999045,0.9495
-0.006149999045,0.98075
-0.006124999045,0.9495
-0.006099999045,0.9495
-0.006074999045,0.98075
-0.006049999045,0.9495
-0.006024999045,0.9495
-0.005999999045,0.9495
-0.005974999045,0.91825
-0.005949999045,0.98075
-0.005924999045,0.98075
-0.005899999045,0.9495
-0.005874999045,0.98075
-0.005849999045,0.9495
-0.005824999045,0.9495
-0.005799999045,0.98075
-0.005774999045,0.9495
-0.005749999045,0.9495
-0.005724999045,0.9495
-0.005699999045,0.9495
-0.005674999045,0.98075
-0.005649999045,0.9495
-0.005624999045,0.9495
-0.005599999045,0.9495
-0.005574999045,0.98075
-0.005549999045,0.9495
-0.005524999045,0.9495
-0.005499999045,0.9495
-0.005474999045,0.9495
-0.005449999045,0.9495
-0.005424999045,0.91825
-0.005399999045,0.9495
-0.005374999045,0.9495
-0.005349999045,0.9495
-0.005324999045,0.98075
-0.005299999045,1.012
-0.005274999045,0.91825
-0.005249999045,0.9495
-0.005224999045,0.9495
-0.005199999045,0.98075
-0.005174999045,0.9495
-0.005149999045,0.9495
-0.005124999045,0.9495
-0.005099999045,0.98075
-0.005074999045,0.9495
-0.005049999045,0.9495
-0.005024999045,0.9495
-0.004999999045,0.9495
-0.004974999045,1.012
-0.004949999045,0.98075
-0.004924999045,0.9495
-0.004899999045,0.98075
-0.004874999045,0.9495
-0.004849999045,0.9495
-0.004824999045,0.9495
-0.004799999045,0.9495
-0.004774999045,0.9495
-0.004749999045,0.98075
-0.004724999045,0.9495
-0.004699999045,0.9495
-0.004674999045,0.9495
-0.004649999045,0.91825
-0.004624999045,0.9495
-0.004599999045,0.91825
-0.004574999045,0.98075
-0.004549999045,0.98075
-0.004524999045,0.9495
-0.004499999045,0.9495
-0.004474999045,0.9495
-0.004449999045,0.98075
-0.004424999045,0.91825
-0.004399999045,0.98075
-0.004374999045,0.9495
-0.004349999045,0.9495
-0.004324999045,0.98075
-0.004299999045,0.9495
-0.004274999045,0.9495
-0.004249999045,0.9495
-0.004224999045,0.9495
-0.004199999045,0.98075
-0.004174999045,0.9495
-0.004149999045,0.91825
-0.004124999045,0.9495
-0.004099999045,0.98075
-0.004074999045,0.9495
-0.004049999045,0.98075
-0.004024999045,0.98075
-0.003999999045,0.9495
-0.003974999045,0.9495
-0.003949999045,0.91825
-0.003924999045,0.91825
-0.003899999045,0.9495
-0.003874999045,0.9495
-0.003849999045,0.9495
-0.003824999045,0.98075
-0.003799999045,0.9495
-0.003774999045,0.9495
-0.003749999045,0.98075
-0.003724999045,0.9495
-0.003699999045,0.98075
-0.003674999045,0.9495
-0.003649999045,0.91825
-0.003624999045,0.9495
-0.003599999045,0.98075
-0.003574999045,0.98075
-0.003549999045,0.9495
-0.003524999045,0.9495
-0.003499999045,0.9495
-0.003474999045,0.9495
-0.003449999045,0.9495
-0.003424999045,0.98075
-0.003399999045,0.9495
-0.003374999045,0.9495
-0.003349999045,0.9495
-0.003324999045,0.9495
-0.003299999045,0.9495
-0.003274999045,0.9495
-0.003249999045,0.91825
-0.003224999045,0.9495
-0.003199999045,0.9495
-0.003174999045,0.91825
-0.003149999045,0.98075
-0.003124999045,0.98075
-0.003099999045,0.91825
-0.003074999045,0.9495
-0.003049999045,0.9495
-0.003024999045,0.98075
-0.002999999045,0.91825
-0.002974999045,0.98075
-0.002949999045,0.9495
-0.002924999045,0.91825
-0.002899999045,0.9495
-0.002874999045,0.9495
-0.002849999045,0.9495
-0.002824999045,0.9495
-0.002799999045,0.9495
-0.002774999045,0.9495
-0.002749999045,0.98075
-0.002724999045,0.9495
-0.002699999045,0.91825
-0.002674999045,0.98075
-0.002649999045,0.9495
-0.002624999045,0.91825
-0.002599999045,0.9495
-0.002574999045,0.9495
-0.002549999045,0.9495
-0.002524999045,0.9495
-0.002499999045,0.98075
-0.002474999045,0.9495
-0.002449999045,0.9495
-0.002424999045,0.9495
-0.002399999045,0.98075
-0.002374999045,0.9495
-0.002349999045,0.98075
-0.002324999045,0.9495
-0.002299999045,0.98075
-0.002274999045,1.012
-0.002249999045,0.9495
-0.002224999045,0.9495
-0.002199999045,0.9495
-0.002174999045,0.9495
-0.002149999045,0.9495
-0.002124999045,0.98075
-0.002099999045,0.98075
-0.002074999045,0.9495
-0.002049999045,0.9495
-0.002024999045,0.9495
-0.001999999045,0.9495
-0.001974999045,0.9495
-0.001949999045,0.9495
-0.001924999045,0.9495
-0.001899999045,0.91825
-0.001874999045,0.91825
-0.001849999045,0.98075
-0.001824999045,0.9495
-0.001799999045,0.9495
-0.001774999045,0.9495
-0.001749999045,0.98075
-0.001724999045,0.9495
-0.001699999045,0.9495
-0.001674999045,0.9495
-0.001649999045,0.91825
-0.001624999045,0.9495
-0.001599999045,0.9495
-0.001574999045,0.91825
-0.001549999045,0.98075
-0.001524999045,0.9495
-0.001499999045,0.9495
-0.001474999045,0.9495
-0.001449999045,0.98075
-0.001424999045,0.9495
-0.001399999045,0.9495
-0.001374999045,0.9495
-0.001349999045,0.9495
-0.001324999045,0.91825
-0.001299999045,0.9495
-0.001274999045,0.9495
-0.001249999045,0.98075
-0.001224999045,0.9495
-0.001199999045,0.9495
-0.001174999045,0.9495
-0.001149999045,0.9495
-0.001124999045,0.9495
-0.001099999045,0.98075
-0.001074999045,0.9495
-0.001049999045,0.98075
-0.001024999045,0.9495
-0.000999999045,0.9495
-0.000974999045,0.98075
-0.000949999045,0.98075
-0.000924999045,0.9495
-0.000899999045,0.9495
-0.000874999045,0.9495
-0.000849999045,0.98075
-0.000824999045,0.9495
-0.000799999045,0.98075
-0.000774999045,0.9495
-0.000749999045,0.9495
-0.000724999045,0.98075
-0.000699999045,0.9495
-0.000674999045,0.91825
-0.000649999045,0.91825
-0.000624999045,0.9495
-0.000599999045,1.012
-0.000574999045,1.0745
-0.000549999045,1.10575
-0.000524999045,1.16825
-0.000499999045,1.23075
-0.000474999045,1.29325
-0.000449999045,1.29325
-0.000424999045,1.3245
-0.000399999045,1.387
-0.000374999045,1.41825
-0.000349999045,1.41825
-0.000324999045,1.4495
-0.000299999045,1.48075
-0.000274999045,1.512
-0.000249999045,1.512
-0.000224999045,1.54325
-0.000199999045,1.5745
-0.000174999045,1.60575
-0.000149999045,1.60575
-0.000124999045,1.637
-9.9999045e-05,1.66825
-7.4999045e-05,1.6995
-4.9999045e-05,1.66825
-2.4999045e-05,1.6995
9.55000000954e-10,1.6995
2.5000955e-05,1.73075
5.0000955e-05,1.73075
7.5000955e-05,1.762
0.000100000955,1.762
0.000125000955,1.79325
0.000150000955,1.79325
0.000175000955,1.79325
0.000200000955,1.8245
0.000225000955,1.85575
0.000250000955,1.85575
0.000275000955,1.85575
0.000300000955,1.85575
0.000325000955,1.85575
0.000350000955,1.887
0.000375000955,1.887
0.000400000955,1.91825
0.000425000955,1.887
0.000450000955,1.91825
0.000475000955,1.9495
0.000500000955,1.91825
0.000525000955,1.9495
0.000550000955,1.9495
0.000575000955,1.9495
0.000600000955,1.9495
0.000625000955,1.9495
0.000650000955,1.98075
0.000675000955,1.9495
0.000700000955,1.98075
0.000725000955,1.98075
0.000750000955,1.98075
0.000775000955,2.012
0.000800000955,2.04325
0.000825000955,2.012
0.000850000955,2.04325
0.000875000955,2.04325
0.000900000955,2.012
0.000925000955,2.04325
0.000950000955,2.04325
0.000975000955,2.04325
0.001000000955,2.04325
0.001025000955,2.04325
0.001050000955,2.04325
0.001075000955,2.04325
0.001100000955,2.04325
0.001125000955,2.04325
0.001150000955,2.0745
0.001175000955,2.0745
0.001200000955,2.0745
0.001225000955,2.0745
0.001250000955,2.10575
0.001275000955,2.10575
0.001300000955,2.10575
0.001325000955,2.10575
0.001350000955,2.10575
0.001375000955,2.10575
0.001400000955,2.137
0.001425000955,2.10575
0.001450000955,2.137
0.001475000955,2.10575
0.001500000955,2.137
0.001525000955,2.10575
0.001550000955,2.10575
0.001575000955,2.10575
0.001600000955,2.10575
0.001625000955,2.137
0.001650000955,2.137
0.001675000955,2.137
0.001700000955,2.137
0.001725000955,2.10575
0.001750000955,2.137
0.001775000955,2.137
0.001800000955,2.137
0.001825000955,2.10575
0.001850000955,2.16825
0.001875000955,2.137
0.001900000955,2.137
0.001925000955,2.137
0.001950000955,2.137
0.001975000955,2.10575
0.002000000955,2.137
0.002025000955,2.137
0.002050000955,2.137
0.002075000955,2.16825
0.002100000955,2.16825
0.002125000955,2.137
0.002150000955,2.137
0.002175000955,2.137
0.002200000955,2.137
0.002225000955,2.16825
0.002250000955,2.137
0.002275000955,2.137
0.002300000955,2.137
0.002325000955,2.137
0.002350000955,2.137
0.002375000955,2.10575
0.002400000955,2.10575
0.002425000955,2.10575
0.002450000955,2.137
0.002475000955,2.137
0.002500000955,2.16825
0.002525000955,2.16825
0.002550000955,2.137
0.002575000955,2.16825
0.002600000955,2.137
0.002625000955,2.16825
0.002650000955,2.137
0.002675000955,2.137
0.002700000955,2.137
0.002725000955,2.137
0.002750000955,2.137
0.002775000955,2.137
0.002800000955,2.16825
0.002825000955,2.137
0.002850000955,2.137
0.002875000955,2.137
0.002900000955,2.10575
0.002925000955,2.137
0.002950000955,2.137
0.002975000955,2.16825
0.003000000955,2.16825
0.003025000955,2.137
0.003050000955,2.137
0.003075000955,2.137
0.003100000955,2.137
0.003125000955,2.16825
0.003150000955,2.137
0.003175000955,2.16825
0.003200000955,2.137
0.003225000955,2.10575
0.003250000955,2.137
0.003275000955,2.137
0.003300000955,2.137
0.003325000955,2.137
0.003350000955,2.137
0.003375000955,2.137
0.003400000955,2.137
0.003425000955,2.16825
0.003450000955,2.137
0.003475000955,2.137
0.003500000955,2.16825
0.003525000955,2.16825
0.003550000955,2.137
0.003575000955,2.137
0.003600000955,2.16825
0.003625000955,2.10575
0.003650000955,2.137
0.003675000955,2.16825
0.003700000955,2.137
0.003725000955,2.10575
0.003750000955,2.10575
0.003775000955,2.16825
0.003800000955,2.10575
0.003825000955,2.137
0.003850000955,2.137
0.003875000955,2.10575
0.003900000955,2.16825
0.003925000955,2.10575
0.003950000955,2.10575
0.003975000955,2.137
0.004000000955,2.137
0.004025000955,2.137
0.004050000955,2.137
0.004075000955,2.10575
0.004100000955,2.137
0.004125000955,2.137
0.004150000955,2.137
0.004175000955,2.16825
0.004200000955,2.137
0.004225000955,2.10575
0.004250000955,2.137
0.004275000955,2.137
0.004300000955,2.10575
0.004325000955,2.137
0.004350000955,2.137
0.004375000955,2.137
0.004400000955,2.137
0.004425000955,2.137
0.004450000955,2.137
0.004475000955,2.137
0.004500000955,2.137
0.004525000955,2.137
0.004550000955,2.10575
0.004575000955,2.137
0.004600000955,2.137
0.004625000955,2.137
0.004650000955,2.137
0.004675000955,2.137
0.004700000955,2.137
0.004725000955,2.10575
0.004750000955,2.137
0.004775000955,2.137
0.004800000955,2.16825
0.004825000955,2.137
0.004850000955,2.137
0.004875000955,2.16825
0.004900000955,2.16825
0.004925000955,2.137
0.004950000955,2.10575
0.004975000955,2.137
0.005000000955,2.137
0.005025000955,2.137
0.005050000955,2.10575
0.005075000955,2.137
0.005100000955,2.10575
0.005125000955,2.137
0.005150000955,2.137
0.005175000955,2.137
0.005200000955,2.137
0.005225000955,2.137
0.005250000955,2.137
0.005275000955,2.10575
0.005300000955,2.137
0.005325000955,2.10575
0.005350000955,2.137
0.005375000955,2.137
0.005400000955,2.137
0.005425000955,2.137
0.005450000955,2.10575
0.005475000955,2.16825
0.005500000955,2.137
0.005525000955,2.137
0.005550000955,2.137
0.005575000955,2.137
0.005600000955,2.137
0.005625000955,2.137
0.005650000955,2.10575
0.005675000955,2.137
0.005700000955,2.137
0.005725000955,2.137
0.005750000955,2.137
0.005775000955,2.137
0.005800000955,2.137
0.005825000955,2.137
0.005850000955,2.137
0.005875000955,2.137
0.005900000955,2.10575
0.005925000955,2.10575
0.005950000955,2.10575
0.005975000955,2.10575
0.006000000955,2.16825
0.006025000955,2.137
0.006050000955,2.137
0.006075000955,2.137
0.006100000955,2.137
0.006125000955,2.137
0.006150000955,2.137
0.006175000955,2.137
0.006200000955,2.10575
0.006225000955,2.137
0.006250000955,2.137
0.006275000955,2.137
0.006300000955,2.10575
0.006325000955,2.137
0.006350000955,2.137
0.006375000955,2.16825
0.006400000955,2.137
0.006425000955,2.137
0.006450000955,2.137
0.006475000955,2.137
0.006500000955,2.137
0.006525000955,2.10575
0.006550000955,2.137
0.006575000955,2.137
0.006600000955,2.10575
0.006625000955,2.137
0.006650000955,2.10575
0.006675000955,2.137
0.006700000955,2.10575
0.006725000955,2.137
0.006750000955,2.16825
0.006775000955,2.16825
0.006800000955,2.137
0.006825000955,2.137
0.006850000955,2.137
0.006875000955,2.10575
0.006900000955,2.10575
0.006925000955,2.137
0.006950000955,2.137
0.006975000955,2.10575
0.007000000955,2.137
0.007025000955,2.137
0.007050000955,2.10575
0.007075000955,2.10575
0.007100000955,2.137
0.007125000955,2.137
0.007150000955,2.137
0.007175000955,2.10575
0.007200000955,2.137
0.007225000955,2.10575
0.007250000955,2.10575
0.007275000955,2.137
0.007300000955,2.137
0.007325000955,2.10575
0.007350000955,2.10575
0.007375000955,2.137
0.007400000955,2.137
0.007425000955,2.10575
0.007450000955,2.10575
0.007475000955,2.0745
0.007500000955,2.10575
0.007525000955,2.10575
0.007550000955,2.10575
0.007575000955,2.137
0.007600000955,2.0745
0.007625000955,2.137
0.007650000955,2.10575
0.007675000955,2.137
0.007700000955,2.10575
0.007725000955,2.10575
0.007750000955,2.137
0.007775000955,2.10575
0.007800000955,2.10575
0.007825000955,2.10575
0.007850000955,2.137
0.007875000955,2.137
0.007900000955,2.137
0.007925000955,2.137
0.007950000955,2.10575
0.007975000955,2.137
0.008000000955,2.10575
0.008025000955,2.137
0.008050000955,2.137
0.008075000955,2.10575
0.008100000955,2.10575
0.008125000955,2.10575
0.008150000955,2.10575
0.008175000955,2.10575
0.008200000955,2.10575
0.008225000955,2.137
0.008250000955,2.10575
0.008275000955,2.137
0.008300000955,2.10575
0.008325000955,2.10575
0.008350000955,2.0745
0.008375000955,2.10575
0.008400000955,2.10575
0.008425000955,2.0745
0.008450000955,2.10575
0.008475000955,2.10575
0.008500000955,2.137
0.008525000955,2.10575
0.008550000955,2.10575
0.008575000955,2.10575
0.008600000955,2.10575
0.008625000955,2.137
0.008650000955,2.10575
0.008675000955,2.0745
0.008700000955,2.10575
0.008725000955,2.10575
0.008750000955,2.10575
0.008775000955,2.10575
0.008800000955,2.10575
0.008825000955,2.10575
0.008850000955,2.137
0.008875000955,2.10575
0.008900000955,2.0745
0.008925000955,2.137
0.008950000955,2.10575
0.008975000955,2.10575
0.009000000955,2.10575
0.009025000955,2.137
0.009050000955,2.10575
0.009075000955,2.137
0.009100000955,2.137
0.009125000955,2.10575
0.009150000955,2.10575
0.009175000955,2.10575
0.009200000955,2.10575
0.009225000955,2.10575
0.009250000955,2.137
0.009275000955,2.0745
0.009300000955,2.10575
0.009325000955,2.137
0.009350000955,2.10575
0.009375000955,2.10575
0.009400000955,2.10575
0.009425000955,2.0745
0.009450000955,2.10575
0.009475000955,2.10575
0.009500000955,2.10575
0.009525000955,2.10575
0.009550000955,2.10575
0.009575000955,2.10575
0.009600000955,2.10575
0.009625000955,2.10575
0.009650000955,2.10575
0.009675000955,2.0745
0.009700000955,2.0745
0.009725000955,2.10575
0.009750000955,2.10575
0.009775000955,2.0745
0.009800000955,2.0745
0.009825000955,2.10575
0.009850000955,2.10575
0.009875000955,2.0745
0.009900000955,2.10575
0.009925000955,2.137
0.009950000955,2.137
0.009975000955,2.10575
0.010000000955,2.137
0.010025000955,2.10575
0.010050000955,2.10575
0.010075000955,2.10575
0.010100000955,2.10575
0.010125000955,2.10575
0.010150000955,2.137
0.010175000955,2.10575
0.010200000955,2.10575
0.010225000955,2.10575
0.010250000955,2.10575
0.010275000955,2.10575
0.010300000955,2.10575
0.010325000955,2.0745
0.010350000955,2.137
0.010375000955,2.0745
0.010400000955,2.137
0.010425000955,2.0745
0.010450000955,2.10575
0.010475000955,2.10575
0.010500000955,2.0745
0.010525000955,2.0745
0.010550000955,2.10575
0.010575000955,2.10575
0.010600000955,2.10575
0.010625000955,2.0745
0.010650000955,2.10575
0.010675000955,2.10575
0.010700000955,2.10575
0.010725000955,2.10575
0.010750000955,2.0745
0.010775000955,2.10575
0.010800000955,2.10575
0.010825000955,2.10575
0.010850000955,2.10575
0.010875000955,2.10575
0.010900000955,2.0745
0.010925000955,2.10575
0.010950000955,2.10575
0.010975000955,2.10575
0.011000000955,2.10575
0.011025000955,2.10575
0.011050000955,2.10575
0.011075000955,2.10575
0.011100000955,2.10575
0.011125000955,2.10575
0.011150000955,2.10575
0.011175000955,2.0745
0.011200000955,2.10575
0.011225000955,2.10575
0.011250000955,2.10575
0.011275000955,2.10575
0.011300000955,2.10575
0.011325000955,2.0745
0.011350000955,2.10575
0.011375000955,2.0745
0.011400000955,2.10575
0.011425000955,2.10575
0.011450000955,2.10575
0.011475000955,2.0745
0.011500000955,2.10575
0.011525000955,2.0745
0.011550000955,2.10575
0.011575000955,2.137
0.011600000955,2.10575
0.011625000955,2.10575
0.011650000955,2.0745
0.011675000955,2.10575
0.011700000955,2.0745
0.011725000955,2.0745
0.011750000955,2.10575
0.011775000955,2.0745
0.011800000955,2.10575
0.011825000955,2.10575
0.011850000955,2.0745
0.011875000955,2.10575
0.011900000955,2.0745
0.011925000955,2.0745
0.011950000955,2.10575
0.011975000955,2.137
0.012000000955,2.0745
0.012025000955,2.10575
0.012050000955,2.137
0.012075000955,2.10575
0.012100000955,2.10575
0.012125000955,2.10575
0.012150000955,2.0745
0.012175000955,2.0745
0.012200000955,2.10575
0.012225000955,2.10575
0.012250000955,2.10575
0.012275000955,2.10575
0.012300000955,2.10575
0.012325000955,2.0745
0.012350000955,2.0745
0.012375000955,2.0745
0.012400000955,2.10575
0.012425000955,2.10575
0.012450000955,2.0745
0.012475000955,2.10575
0.012500000955,2.0745
0.012525000955,2.0745
0.012550000955,2.137
0.012575000955,2.0745
0.012600000955,2.0745
0.012625000955,2.10575
0.012650000955,2.04325
0.012675000955,2.0745
0.012700000955,2.10575
0.012725000955,2.0745
0.012750000955,2.0745
0.012775000955,2.0745
0.012800000955,2.0745
0.012825000955,2.0745
0.012850000955,2.10575
0.012875000955,2.0745
0.012900000955,2.10575
0.012925000955,2.10575
0.012950000955,2.04325
0.012975000955,2.10575
0.013000000955,2.0745
0.013025000955,2.10575
0.013050000955,2.10575
0.013075000955,2.137
0.013100000955,2.0745
0.013125000955,2.10575
0.013150000955,2.10575
0.013175000955,2.0745
0.013200000955,2.0745
0.013225000955,2.0745
0.013250000955,2.0745
0.013275000955,2.0745
0.013300000955,2.0745
0.013325000955,2.0745
0.013350000955,2.10575
0.013375000955,2.10575
0.013400000955,2.0745
0.013425000955,2.0745
0.013450000955,2.0745
0.013475000955,2.10575
0.013500000955,2.0745
0.013525000955,2.0745
0.013550000955,2.0745
0.013575000955,2.0745
0.013600000955,2.0745
0.013625000955,2.0745
0.013650000955,2.10575
0.013675000955,2.0745
0.013700000955,2.10575
0.013725000955,2.0745
0.013750000955,2.0745
0.013775000955,2.0745
0.013800000955,2.0745
0.013825000955,2.10575
0.013850000955,2.0745
0.013875000955,2.0745
0.013900000955,2.0745
0.013925000955,2.0745
0.013950000955,2.0745
0.013975000955,2.10575
0.014000000955,2.0745
0.014025000955,2.0745
0.014050000955,2.0745
0.014075000955,2.0745
0.014100000955,2.0745
0.014125000955,2.0745
0.014150000955,2.04325
0.014175000955,2.0745
0.014200000955,2.10575
0.014225000955,2.0745
0.014250000955,2.0745
0.014275000955,2.0745
0.014300000955,2.04325
0.014325000955,2.10575
0.014350000955,2.0745
0.014375000955,2.10575
0.014400000955,2.0745
0.014425000955,2.0745
0.014450000955,2.0745
0.014475000955,2.0745
0.014500000955,2.0745
0.014525000955,2.0745
0.014550000955,2.0745
0.014575000955,2.0745
0.014600000955,2.04325
0.014625000955,2.04325
0.014650000955,2.10575
0.014675000955,2.0745
0.014700000955,2.0745
0.014725000955,2.0745
0.014750000955,2.04325
0.014775000955,2.0745
0.014800000955,2.0745
0.014825000955,2.0745
0.014850000955,2.0745
0.014875000955,2.0745
0.014900000955,2.04325
0.014925000955,2.0745
0.014950000955,2.0745
0.014975000955,2.0745
0.015000000955,2.0745
0.015025000955,2.0745
0.015050000955,2.0745
0.015075000955,2.0745
0.015100000955,2.0745
0.015125000955,2.0745
0.015150000955,2.0745
0.015175000955,2.0745
0.015200000955,2.04325
0.015225000955,2.0745
0.015250000955,2.0745
0.015275000955,2.10575
0.015300000955,2.0745
0.015325000955,2.0745
0.015350000955,2.0745
0.015375000955,2.04325
0.015400000955,2.0745
0.015425000955,2.0745
0.015450000955,2.0745
0.015475000955,2.04325
0.015500000955,2.0745
0.015525000955,2.0745
0.015550000955,2.0745
0.015575000955,2.04325
0.015600000955,2.0745
0.015625000955,2.0745
0.015650000955,2.04325
0.015675000955,2.0745
0.015700000955,2.0745
0.015725000955,2.04325
0.015750000955,2.04325
0.015775000955,2.0745
0.015800000955,2.0745
0.015825000955,2.04325
0.015850000955,2.10575
0.015875000955,2.04325
0.015900000955,2.04325
0.015925000955,2.0745
0.015950000955,2.0745
0.015975000955,2.0745
0.016000000955,2.0745
0.016025000955,2.0745
0.016050000955,2.10575
0.016075000955,2.04325
0.016100000955,2.04325
0.016125000955,2.10575
0.016150000955,2.10575
0.016175000955,2.0745
0.016200000955,2.04325
0.016225000955,2.04325
0.016250000955,2.0745
0.016275000955,2.0745
0.016300000955,2.0745
0.016325000955,2.0745
0.016350000955,2.0745
0.016375000955,2.04325
0.016400000955,2.0745
0.016425000955,2.0745
0.016450000955,2.0745
0.016475000955,2.0745
0.016500000955,2.04325
0.016525000955,2.04325
0.016550000955,2.10575
0.016575000955,2.04325
0.016600000955,2.04325
0.016625000955,2.0745
0.016650000955,2.04325
0.016675000955,2.04325
0.016700000955,2.0745
0.016725000955,2.0745
0.016750000955,2.04325
0.016775000955,2.0745
0.016800000955,2.10575
0.016825000955,2.04325
0.016850000955,2.10575
0.016875000955,2.0745
0.016900000955,2.04325
0.016925000955,2.012
0.016950000955,2.04325
0.016975000955,2.04325
0.017000000955,2.04325
0.017025000955,2.04325
0.017050000955,2.0745
0.017075000955,2.0745
0.017100000955,2.012
0.017125000955,2.0745
0.017150000955,2.04325
0.017175000955,2.0745
0.017200000955,2.0745
0.017225000955,2.04325
0.017250000955,2.0745
0.017275000955,2.04325
0.017300000955,2.0745
0.017325000955,2.04325
0.017350000955,2.0745
0.017375000955,2.04325
0.017400000955,2.04325
0.017425000955,2.0745
0.017450000955,2.04325
0.017475000955,2.0745
0.017500000955,2.04325
0.017525000955,2.04325
0.017550000955,2.0745
0.017575000955,2.0745
0.017600000955,2.04325
0.017625000955,2.04325
0.017650000955,2.0745
0.017675000955,2.0745
0.017700000955,2.04325
0.017725000955,2.04325
0.017750000955,2.04325
0.017775000955,2.04325
0.017800000955,2.0745
0.017825000955,2.0745
0.017850000955,2.04325
0.017875000955,2.0745
0.017900000955,2.04325
0.017925000955,2.0745
0.017950000955,2.04325
0.017975000955,2.0745
0.018000000955,2.04325
0.018025000955,2.0745
0.018050000955,2.0745
0.018075000955,2.10575
0.018100000955,2.0745
0.018125000955,2.04325
0.018150000955,2.04325
0.018175000955,2.012
0.018200000955,2.04325
0.018225000955,2.04325
0.018250000955,2.04325
0.018275000955,2.04325
0.018300000955,2.0745
0.018325000955,2.04325
0.018350000955,2.0745
0.018375000955,2.04325
0.018400000955,2.0745
0.018425000955,2.04325
0.018450000955,2.04325
0.018475000955,2.04325
0.018500000955,2.04325
0.018525000955,2.04325
0.018550000955,2.04325
0.018575000955,2.0745
0.018600000955,2.04325
0.018625000955,2.04325
0.018650000955,2.04325
0.018675000955,2.012
0.018700000955,2.04325
0.018725000955,2.04325
0.018750000955,2.0745
0.018775000955,2.04325
0.018800000955,2.04325
0.018825000955,2.0745
0.018850000955,2.04325
0.018875000955,2.04325
0.018900000955,2.04325
0.018925000955,2.04325
0.018950000955,2.04325
0.018975000955,2.04325
0.019000000955,2.0745
0.019025000955,2.04325
0.019050000955,2.0745
0.019075000955,2.0745
0.019100000955,2.04325
0.019125000955,2.04325
0.019150000955,2.04325
0.019175000955,2.04325
0.019200000955,2.04325
0.019225000955,2.04325
0.019250000955,2.012
0.019275000955,2.04325
0.019300000955,2.012
0.019325000955,2.04325
0.019350000955,2.04325
0.019375000955,2.04325
0.019400000955,2.04325
0.019425000955,2.04325
0.019450000955,2.04325
0.019475000955,2.04325
0.019500000955,2.04325
0.019525000955,2.04325
0.019550000955,2.04325
0.019575000955,2.0745
0.019600000955,2.04325
0.019625000955,2.04325
0.019650000955,2.0745
0.019675000955,2.04325
0.019700000955,2.04325
0.019725000955,2.04325
0.019750000955,2.04325
0.019775000955,2.0745
0.019800000955,2.04325
0.019825000955,2.04325
0.019850000955,2.0745
0.019875000955,2.04325
0.019900000955,2.04325
0.019925000955,2.04325
0.019950000955,2.04325
0.019975000955,2.012
0.020000000955,2.012
0.020025000955,2.04325
0.020050000955,2.04325
0.020075000955,2.04325
0.020100000955,2.04325
0.020125000955,2.04325
0.020150000955,2.04325
0.020175000955,2.012
0.020200000955,2.04325
0.020225000955,2.04325
0.020250000955,2.04325
0.020275000955,2.012
0.020300000955,2.04325
0.020325000955,2.0745
0.020350000955,2.012
0.020375000955,2.012
0.020400000955,2.012
0.020425000955,2.04325
0.020450000955,2.0745
0.020475000955,2.04325
0.020500000955,2.04325
0.020525000955,2.04325
0.020550000955,2.04325
0.020575000955,2.04325
0.020600000955,2.04325
0.020625000955,2.04325
0.020650000955,2.012
0.020675000955,2.04325
0.020700000955,2.04325
0.020725000955,2.0745
0.020750000955,2.0745
0.020775000955,2.04325
0.020800000955,2.04325
0.020825000955,2.04325
0.020850000955,2.04325
0.020875000955,2.0745
0.020900000955,2.0745
0.020925000955,2.04325
0.020950000955,2.04325
0.020975000955,2.04325
0.021000000955,2.012
0.021025000955,2.0745
0.021050000955,2.04325
0.021075000955,2.04325
0.021100000955,2.04325
0.021125000955,2.0745
0.021150000955,2.04325
0.021175000955,2.0745
0.021200000955,2.04325
0.021225000955,2.04325
0.021250000955,2.0745
0.021275000955,2.012
0.021300000955,2.04325
0.021325000955,2.012
0.021350000955,2.04325
0.021375000955,2.04325
0.021400000955,2.04325
0.021425000955,2.012
0.021450000955,2.04325
0.021475000955,2.04325
0.021500000955,2.012
0.021525000955,2.04325
0.021550000955,2.012
0.021575000955,2.04325
0.021600000955,2.04325
0.021625000955,2.04325
0.021650000955,2.0745
0.021675000955,2.04325
0.021700000955,2.04325
0.021725000955,2.04325
0.021750000955,2.012
0.021775000955,2.04325
0.021800000955,2.012
0.021825000955,2.04325
0.021850000955,2.04325
0.021875000955,2.012
0.021900000955,2.04325
0.021925000955,2.04325
0.021950000955,2.04325
0.021975000955,2.04325
0.022000000955,2.012
0.022025000955,2.04325
0.022050000955,2.04325
0.022075000955,2.04325
0.022100000955,2.012
0.022125000955,2.04325
0.022150000955,2.04325
0.022175000955,2.012
0.022200000955,2.04325
0.022225000955,2.04325
0.022250000955,2.04325
0.022275000955,2.04325
0.022300000955,2.04325
0.022325000955,2.04325
0.022350000955,2.012
0.022375000955,2.012
0.022400000955,2.0745
0.022425000955,2.04325
0.022450000955,2.04325
0.022475000955,2.04325
0.022500000955,2.04325
0.022525000955,2.012
0.022550000955,2.04325
0.022575000955,2.012
0.022600000955,2.04325
0.022625000955,2.012
0.022650000955,2.012
0.022675000955,2.012
0.022700000955,2.04325
0.022725000955,2.012
0.022750000955,2.012
0.022775000955,2.04325
0.022800000955,2.012
0.022825000955,2.012
0.022850000955,2.04325
0.022875000955,2.04325
0.022900000955,2.04325
0.022925000955,2.04325
0.022950000955,2.04325
0.022975000955,2.04325
0.023000000955,2.04325
0.023025000955,2.04325
0.023050000955,2.012
0.023075000955,2.04325
0.023100000955,2.04325
0.023125000955,2.012
0.023150000955,2.04325
0.023175000955,2.04325
0.023200000955,2.04325
0.023225000955,2.04325
0.023250000955,2.012
0.023275000955,2.012
0.023300000955,2.04325
0.023325000955,2.012
0.023350000955,2.04325
0.023375000955,2.012
0.023400000955,2.04325
0.023425000955,2.012
0.023450000955,2.012
0.023475000955,1.98075
0.023500000955,2.04325
0.023525000955,2.012
0.023550000955,2.012
0.023575000955,2.012
0.023600000955,2.012
0.023625000955,2.012
0.023650000955,2.0745
0.023675000955,2.012
0.023700000955,1.98075
0.023725000955,2.04325
0.023750000955,2.04325
0.023775000955,2.012
0.023800000955,2.012
0.023825000955,2.04325
0.023850000955,2.04325
0.023875000955,2.012
0.023900000955,2.04325
0.023925000955,2.012
0.023950000955,2.04325
0.023975000955,2.012
0.024000000955,2.012
0.024025000955,1.98075
0.024050000955,2.04325
0.024075000955,2.012
0.024100000955,2.04325
0.024125000955,2.04325
0.024150000955,2.012
0.024175000955,2.04325
0.024200000955,2.012
0.024225000955,2.04325
0.024250000955,1.98075
0.024275000955,2.012
0.024300000955,2.04325
0.024325000955,2.04325
0.024350000955,2.04325
0.024375000955,2.012
0.024400000955,2.012
0.024425000955,2.012
0.024450000955,2.012
0.024475000955,2.04325
0.024500000955,2.04325
0.024525000955,2.012
0.024550000955,2.04325
0.024575000955,2.04325
0.024600000955,2.012
0.024625000955,2.04325
0.024650000955,2.012
0.024675000955,2.012
0.024700000955,2.012
0.024725000955,2.04325
0.024750000955,2.012
0.024775000955,2.012
0.024800000955,2.04325
0.024825000955,2.04325
0.024850000955,2.012
0.024875000955,2.04325
0.024900000955,2.012
0.024925000955,2.012
0.024950000955,1.98075
0.024975000955,2.012
0.025000000955,2.012
0.025025000955,2.012
0.025050000955,2.04325
0.025075000955,2.012
0.025100000955,2.012
0.025125000955,1.98075
0.025150000955,2.012
0.025175000955,2.012
0.025200000955,2.012
0.025225000955,2.04325
0.025250000955,1.98075
0.025275000955,2.012
0.025300000955,2.012
0.025325000955,1.98075
0.025350000955,1.98075
0.025375000955,2.012
0.025400000955,1.98075
0.025425000955,1.98075
0.025450000955,2.012
0.025475000955,1.98075
0.025500000955,1.98075
0.025525000955,1.98075
0.025550000955,2.012
0.025575000955,2.012
0.025600000955,1.98075
0.025625000955,2.012
0.025650000955,1.98075
0.025675000955,2.012
0.025700000955,1.98075
0.025725000955,2.012
0.025750000955,2.04325
0.025775000955,2.012
0.025800000955,1.98075
0.025825000955,1.98075
0.025850000955,1.98075
0.025875000955,2.012
0.025900000955,1.98075
0.025925000955,1.98075
0.025950000955,2.012
0.025975000955,1.9495
0.026000000955,1.98075
0.026025000955,1.98075
0.026050000955,1.98075
0.026075000955,2.012
0.026100000955,2.012
0.026125000955,1.98075
0.026150000955,2.012
0.026175000955,2.012
0.026200000955,1.98075
0.026225000955,1.98075
0.026250000955,2.012
0.026275000955,1.9495
0.026300000955,2.012
0.026325000955,1.98075
0.026350000955,1.98075
0.026375000955,1.98075
0.026400000955,1.98075
0.026425000955,1.9495
0.026450000955,1.98075
0.026475000955,1.98075
0.026500000955,2.012
0.026525000955,1.98075
0.026550000955,1.9495
0.026575000955,1.98075
0.026600000955,1.98075
0.026625000955,1.98075
0.026650000955,2.012
0.026675000955,1.98075
0.026700000955,1.98075
0.026725000955,2.012
0.026750000955,1.98075
0.026775000955,1.9495
0.026800000955,2.012
0.026825000955,1.98075
0.026850000955,1.98075
0.026875000955,1.98075
0.026900000955,1.98075
0.026925000955,2.012
0.026950000955,2.012
0.026975000955,1.9495
0.027000000955,1.9495
0.027025000955,2.012
0.027050000955,1.98075
0.027075000955,1.98075
0.027100000955,1.98075
0.027125000955,1.98075
0.027150000955,1.98075
0.027175000955,1.98075
0.027200000955,1.98075
0.027225000955,1.98075
0.027250000955,2.012
0.027275000955,1.9495
0.027300000955,1.98075
0.027325000955,1.98075
0.027350000955,1.98075
0.027375000955,1.98075
0.027400000955,1.9495
0.027425000955,1.98075
0.027450000955,2.012
0.027475000955,2.012
0.027500000955,1.98075
0.027525000955,1.98075
0.027550000955,1.98075
0.027575000955,1.98075
0.027600000955,1.98075
0.027625000955,1.9495
0.027650000955,1.98075
0.027675000955,1.98075
0.027700000955,2.012
0.027725000955,1.9495
0.027750000955,1.98075
0.027775000955,1.98075
0.027800000955,1.98075
0.027825000955,1.9495
0.027850000955,1.9495
0.027875000955,1.98075
0.027900000955,1.9495
0.027925000955,1.98075
0.027950000955,1.9495
0.027975000955,1.98075
0.028000000955,1.9495
0.028025000955,1.98075
0.028050000955,1.9495
0.028075000955,1.98075
0.028100000955,1.9495
0.028125000955,1.9495
0.028150000955,1.98075
0.028175000955,1.9495
0.028200000955,1.9495
0.028225000955,1.98075
0.028250000955,1.9495
0.028275000955,1.98075
0.028300000955,1.98075
0.028325000955,1.9495
0.028350000955,1.9495
0.028375000955,1.98075
0.028400000955,1.98075
0.028425000955,1.98075
0.028450000955,1.9495
0.028475000955,1.9495
0.028500000955,1.98075
0.028525000955,1.9495
0.028550000955,1.9495
0.028575000955,1.9495
0.028600000955,1.9495
0.028625000955,1.98075
0.028650000955,1.9495
0.028675000955,1.98075
0.028700000955,1.98075
0.028725000955,1.9495
0.028750000955,1.91825
0.028775000955,1.9495
0.028800000955,1.98075
0.028825000955,1.98075
0.028850000955,1.98075
0.028875000955,1.91825
0.028900000955,1.9495
0.028925000955,1.9495
0.028950000955,1.9495
0.028975000955,1.91825
0.029000000955,1.9495
0.029025000955,1.9495
0.029050000955,1.9495
0.029075000955,1.98075
0.029100000955,1.9495
0.029125000955,1.9495
0.029150000955,1.9495
0.029175000955,1.98075
0.029200000955,1.9495
0.029225000955,1.9495
0.029250000955,1.98075
0.029275000955,1.9495
0.029300000955,1.9495
0.029325000955,1.9495
0.029350000955,1.91825
0.029375000955,1.91825
0.029400000955,1.9495
0.029425000955,1.9495
0.029450000955,1.98075
0.029475000955,1.98075
0.029500000955,1.9495
0.029525000955,1.9495
0.029550000955,1.9495
0.029575000955,1.9495
0.029600000955,1.9495
0.029625000955,1.9495
0.029650000955,1.91825
0.029675000955,1.9495
0.029700000955,1.9495
0.029725000955,1.9495
0.029750000955,1.9495
0.029775000955,1.9495
0.029800000955,1.91825
0.029825000955,1.9495
0.029850000955,1.9495
0.029875000955,1.98075
0.029900000955,1.9495
0.029925000955,1.98075
0.029950000955,1.9495
0.029975000955,1.91825
0.030000000955,1.9495
0.030025000955,1.91825
0.030050000955,1.9495
0.030075000955,1.91825
0.030100000955,1.9495
0.030125000955,1.98075
0.030150000955,1.91825
0.030175000955,1.9495
0.030200000955,1.9495
0.030225000955,1.9495
0.030250000955,1.9495
0.030275000955,1.9495
0.030300000955,1.9495
0.030325000955,1.9495
0.030350000955,1.9495
0.030375000955,1.887
0.030400000955,1.9495
0.030425000955,1.91825
0.030450000955,1.91825
0.030475000955,1.91825
0.030500000955,1.9495
0.030525000955,1.9495
0.030550000955,1.9495
0.030575000955,1.91825
0.030600000955,1.91825
0.030625000955,1.98075
0.030650000955,1.9495
0.030675000955,1.9495
0.030700000955,1.91825
0.030725000955,1.91825
0.030750000955,1.91825
0.030775000955,1.91825
0.030800000955,1.9495
0.030825000955,1.9495
0.030850000955,1.91825
0.030875000955,1.9495
0.030900000955,1.91825
0.030925000955,1.9495
0.030950000955,1.91825
0.030975000955,1.91825
0.031000000955,1.91825
0.031025000955,1.91825
0.031050000955,1.887
0.031075000955,1.887
0.031100000955,1.9495
0.031125000955,1.91825
0.031150000955,1.9495
0.031175000955,1.9495
0.031200000955,1.91825
0.031225000955,1.9495
0.031250000955,1.91825
0.031275000955,1.91825
0.031300000955,1.91825
0.031325000955,1.9495
0.031350000955,1.91825
0.031375000955,1.91825
0.031400000955,1.9495
0.031425000955,1.91825
0.031450000955,1.91825
0.031475000955,1.9495
0.031500000955,1.9495
0.031525000955,1.91825
0.031550000955,1.91825
0.031575000955,1.887
0.031600000955,1.91825
0.031625000955,1.9495
0.031650000955,1.91825
0.031675000955,1.9495
0.031700000955,1.91825
0.031725000955,1.91825
0.031750000955,1.91825
0.031775000955,1.91825
0.031800000955,1.91825
0.031825000955,1.9495
0.031850000955,1.91825
0.031875000955,1.9495
0.031900000955,1.91825
0.031925000955,1.887
0.031950000955,1.887
0.031975000955,1.91825
0.032000000955,1.9495
0.032025000955,1.91825
0.032050000955,1.91825
0.032075000955,1.9495
0.032100000955,1.887
0.032125000955,1.9495
0.032150000955,1.91825
0.032175000955,1.91825
0.032200000955,1.91825
0.032225000955,1.9495
0.032250000955,1.9495
0.032275000955,1.91825
0.032300000955,1.91825
0.032325000955,1.91825
0.032350000955,1.9495
0.032375000955,1.91825
0.032400000955,1.91825
0.032425000955,1.91825
0.032450000955,1.91825
0.032475000955,1.91825
0.032500000955,1.887
0.032525000955,1.91825
0.032550000955,1.887
0.032575000955,1.91825
0.032600000955,1.887
0.032625000955,1.9495
0.032650000955,1.887
0.032675000955,1.91825
0.032700000955,1.887
0.032725000955,1.9495
0.032750000955,1.887
0.032775000955,1.887
0.032800000955,1.91825
0.032825000955,1.91825
0.032850000955,1.91825
0.032875000955,1.91825
0.032900000955,1.887
0.032925000955,1.91825
0.032950000955,1.887
0.032975000955,1.887
0.033000000955,1.91825
0.033025000955,1.887
0.033050000955,1.887
0.033075000955,1.91825
0.033100000955,1.887
0.033125000955,1.91825
0.033150000955,1.887
0.033175000955,1.91825
0.033200000955,1.91825
0.033225000955,1.887
0.033250000955,1.91825
0.033275000955,1.91825
0.033300000955,1.91825
0.033325000955,1.887
0.033350000955,1.887
0.033375000955,1.887
0.033400000955,1.887
0.033425000955,1.91825
0.033450000955,1.91825
0.033475000955,1.887
0.033500000955,1.887
0.033525000955,1.91825
0.033550000955,1.887
0.033575000955,1.91825
0.033600000955,1.887
0.033625000955,1.887
0.033650000955,1.91825
0.033675000955,1.91825
0.033700000955,1.887
0.033725000955,1.887
0.033750000955,1.91825
0.033775000955,1.887
0.033800000955,1.91825
0.033825000955,1.887
0.033850000955,1.887
0.033875000955,1.91825
0.033900000955,1.887
0.033925000955,1.887
0.033950000955,1.887
0.033975000955,1.887
0.034000000955,1.887
0.034025000955,1.887
0.034050000955,1.887
0.034075000955,1.91825
0.034100000955,1.887
0.034125000955,1.887
0.034150000955,1.887
0.034175000955,1.887
0.034200000955,1.887
0.034225000955,1.887
0.034250000955,1.887
0.034275000955,1.887
0.034300000955,1.91825
0.034325000955,1.887
0.034350000955,1.887
0.034375000955,1.887
0.034400000955,1.91825
0.034425000955,1.887
0.034450000955,1.887
0.034475000955,1.887
0.034500000955,1.887
0.034525000955,1.887
0.034550000955,1.887
0.034575000955,1.887
0.034600000955,1.887
0.034625000955,1.91825
0.034650000955,1.887
0.034675000955,1.887
0.034700000955,1.887
0.034725000955,1.887
0.034750000955,1.887
0.034775000955,1.887
0.034800000955,1.887
0.034825000955,1.91825
0.034850000955,1.887
0.034875000955,1.887
0.034900000955,1.887
0.034925000955,1.887
0.034950000955,1.887
0.034975000955,1.85575
0.035000000955,1.887
0.035025000955,1.85575
0.035050000955,1.887
0.035075000955,1.85575
0.035100000955,1.887
0.035125000955,1.91825
0.035150000955,1.85575
0.035175000955,1.887
0.035200000955,1.887
0.035225000955,1.85575
0.035250000955,1.887
0.035275000955,1.887
0.035300000955,1.91825
0.035325000955,1.887
0.035350000955,1.85575
0.035375000955,1.85575
0.035400000955,1.887
0.035425000955,1.887
0.035450000955,1.85575
0.035475000955,1.887
0.035500000955,1.85575
0.035525000955,1.887
0.035550000955,1.887
0.035575000955,1.887
0.035600000955,1.85575
0.035625000955,1.887
0.035650000955,1.887
0.035675000955,1.887
0.035700000955,1.85575
0.035725000955,1.85575
0.035750000955,1.887
0.035775000955,1.887
0.035800000955,1.85575
0.035825000955,1.85575
0.035850000955,1.85575
0.035875000955,1.887
0.035900000955,1.85575
0.035925000955,1.887
0.035950000955,1.887
0.035975000955,1.85575
0.036000000955,1.887
0.036025000955,1.85575
0.036050000955,1.887
0.036075000955,1.85575
0.036100000955,1.85575
0.036125000955,1.85575
0.036150000955,1.85575
0.036175000955,1.887
0.036200000955,1.887
0.036225000955,1.85575
0.036250000955,1.887
0.036275000955,1.887
0.036300000955,1.887
0.036325000955,1.887
0.036350000955,1.85575
0.036375000955,1.85575
0.036400000955,1.887
0.036425000955,1.887
0.036450000955,1.8245
0.036475000955,1.85575
0.036500000955,1.85575
0.036525000955,1.85575
0.036550000955,1.85575
0.036575000955,1.85575
0.036600000955,1.85575
0.036625000955,1.887
0.036650000955,1.887
0.036675000955,1.887
0.036700000955,1.887
0.036725000955,1.85575
0.036750000955,1.85575
0.036775000955,1.85575
0.036800000955,1.85575
0.036825000955,1.85575
0.036850000955,1.887
0.036875000955,1.8245
0.036900000955,1.85575
0.036925000955,1.887
0.036950000955,1.8245
0.036975000955,1.85575
0.037000000955,1.85575
0.037025000955,1.887
0.037050000955,1.85575
0.037075000955,1.85575
0.037100000955,1.85575
0.037125000955,1.887
0.037150000955,1.887
0.037175000955,1.85575
0.037200000955,1.8245
0.037225000955,1.887
0.037250000955,1.85575
0.037275000955,1.85575
0.037300000955,1.85575
0.037325000955,1.85575
0.037350000955,1.85575
0.037375000955,1.887
0.037400000955,1.887
0.037425000955,1.85575
0.037450000955,1.85575
0.037475000955,1.887
0.037500000955,1.85575
0.037525000955,1.85575
0.037550000955,1.8245
0.037575000955,1.887
0.037600000955,1.85575
0.037625000955,1.85575
0.037650000955,1.85575
0.037675000955,1.85575
0.037700000955,1.8245
0.037725000955,1.85575
0.037750000955,1.85575
0.037775000955,1.85575
0.037800000955,1.85575
0.037825000955,1.8245
0.037850000955,1.85575
0.037875000955,1.8245
0.037900000955,1.85575
0.037925000955,1.8245
0.037950000955,1.85575
0.037975000955,1.8245
0.038000000955,1.8245
0.038025000955,1.85575
0.038050000955,1.85575
0.038075000955,1.85575
0.038100000955,1.85575
0.038125000955,1.85575
0.038150000955,1.887
0.038175000955,1.8245
0.038200000955,1.85575
0.038225000955,1.887
0.038250000955,1.85575
0.038275000955,1.85575
0.038300000955,1.8245
0.038325000955,1.85575
0.038350000955,1.8245
0.038375000955,1.8245
0.038400000955,1.85575
0.038425000955,1.85575
0.038450000955,1.85575
0.038475000955,1.85575
0.038500000955,1.8245
0.038525000955,1.85575
0.038550000955,1.85575
0.038575000955,1.85575
0.038600000955,1.85575
0.038625000955,1.85575
0.038650000955,1.85575
0.038675000955,1.85575
0.038700000955,1.85575
0.038725000955,1.8245
0.038750000955,1.8245
0.038775000955,1.85575
0.038800000955,1.85575
0.038825000955,1.8245
0.038850000955,1.85575
0.038875000955,1.8245
0.038900000955,1.85575
0.038925000955,1.8245
0.038950000955,1.85575
0.038975000955,1.85575
0.039000000955,1.85575
0.039025000955,1.8245
0.039050000955,1.8245
0.039075000955,1.85575
0.039100000955,1.85575
0.039125000955,1.8245
0.039150000955,1.8245
0.039175000955,1.8245
0.039200000955,1.85575
0.039225000955,1.85575
0.039250000955,1.85575
0.039275000955,1.8245
0.039300000955,1.79325
0.039325000955,1.85575
0.039350000955,1.8245
0.039375000955,1.85575
0.039400000955,1.85575
0.039425000955,1.8245
0.039450000955,1.8245
0.039475000955,1.8245
0.039500000955,1.8245
0.039525000955,1.85575
0.039550000955,1.8245
0.039575000955,1.8245
0.039600000955,1.85575
0.039625000955,1.85575
0.039650000955,1.8245
0.039675000955,1.85575
0.039700000955,1.85575
0.039725000955,1.85575
0.039750000955,1.79325
0.039775000955,1.8245
0.039800000955,1.8245
0.039825000955,1.8245
0.039850000955,1.85575
0.039875000955,1.85575
0.039900000955,1.8245
0.039925000955,1.8245
0.039950000955,1.887
0.039975000955,1.8245
0.040000000955,1.8245
0.040025000955,1.8245
0.040050000955,1.8245
0.040075000955,1.85575
0.040100000955,1.85575
0.040125000955,1.8245
0.040150000955,1.8245
0.040175000955,1.85575
0.040200000955,1.85575
0.040225000955,1.8245
0.040250000955,1.8245
0.040275000955,1.85575
0.040300000955,1.8245
0.040325000955,1.79325
0.040350000955,1.8245
0.040375000955,1.85575
0.040400000955,1.8245
0.040425000955,1.8245
0.040450000955,1.8245
0.040475000955,1.8245
0.040500000955,1.85575
0.040525000955,1.85575
0.040550000955,1.8245
0.040575000955,1.8245
0.040600000955,1.8245
0.040625000955,1.8245
0.040650000955,1.79325
0.040675000955,1.85575
0.040700000955,1.8245
0.040725000955,1.79325
0.040750000955,1.8245
0.040775000955,1.8245
0.040800000955,1.8245
0.040825000955,1.79325
0.040850000955,1.8245
0.040875000955,1.8245
0.040900000955,1.762
0.040925000955,1.8245
0.040950000955,1.79325
0.040975000955,1.8245
0.041000000955,1.8245
0.041025000955,1.79325
0.041050000955,1.8245
0.041075000955,1.85575
0.041100000955,1.8245
0.041125000955,1.8245
0.041150000955,1.8245
0.041175000955,1.8245
0.041200000955,1.8245
0.041225000955,1.8245
0.041250000955,1.79325
0.041275000955,1.8245
0.041300000955,1.8245
0.041325000955,1.79325
0.041350000955,1.79325
0.041375000955,1.8245
0.041400000955,1.8245
0.041425000955,1.8245
0.041450000955,1.8245
0.041475000955,1.8245
0.041500000955,1.8245
0.041525000955,1.8245
0.041550000955,1.8245
0.041575000955,1.79325
0.041600000955,1.8245
0.041625000955,1.79325
0.041650000955,1.8245
0.041675000955,1.8245
0.041700000955,1.8245
0.041725000955,1.79325
0.041750000955,1.79325
0.041775000955,1.8245
0.041800000955,1.8245
0.041825000955,1.79325
0.041850000955,1.79325
0.041875000955,1.8245
0.041900000955,1.8245
0.041925000955,1.79325
0.041950000955,1.79325
0.041975000955,1.79325
0.042000000955,1.762
0.042025000955,1.8245
0.042050000955,1.8245
0.042075000955,1.8245
0.042100000955,1.79325
0.042125000955,1.8245
0.042150000955,1.8245
0.042175000955,1.8245
0.042200000955,1.8245
0.042225000955,1.79325
0.042250000955,1.8245
0.042275000955,1.8245
0.042300000955,1.79325
0.042325000955,1.8245
0.042350000955,1.8245
0.042375000955,1.8245
0.042400000955,1.8245
0.042425000955,1.79325
0.042450000955,1.79325
0.042475000955,1.79325
0.042500000955,1.79325
0.042525000955,1.762
0.042550000955,1.79325
0.042575000955,1.79325
0.042600000955,1.8245
0.042625000955,1.79325
0.042650000955,1.79325
0.042675000955,1.79325
0.042700000955,1.8245
0.042725000955,1.79325
0.042750000955,1.79325
0.042775000955,1.79325
0.042800000955,1.79325
0.042825000955,1.8245
0.042850000955,1.79325
0.042875000955,1.79325
0.042900000955,1.8245
0.042925000955,1.79325
0.042950000955,1.79325
0.042975000955,1.79325
0.043000000955,1.79325
0.043025000955,1.762
0.043050000955,1.79325
0.043075000955,1.79325
0.043100000955,1.79325
0.043125000955,1.79325
0.043150000955,1.79325
0.043175000955,1.79325
0.043200000955,1.79325
0.043225000955,1.762
0.043250000955,1.762
0.043275000955,1.762
0.043300000955,1.762
0.043325000955,1.79325
0.043350000955,1.762
0.043375000955,1.762
0.043400000955,1.79325
0.043425000955,1.762
0.043450000955,1.8245
0.043475000955,1.762
0.043500000955,1.79325
0.043525000955,1.762
0.043550000955,1.762
0.043575000955,1.79325
0.043600000955,1.79325
0.043625000955,1.79325
0.043650000955,1.762
0.043675000955,1.79325
0.043700000955,1.762
0.043725000955,1.762
0.043750000955,1.79325
0.043775000955,1.79325
0.043800000955,1.79325
0.043825000955,1.762
0.043850000955,1.762
0.043875000955,1.79325
0.043900000955,1.79325
0.043925000955,1.79325
0.043950000955,1.79325
0.043975000955,1.79325
0.044000000955,1.8245
0.044025000955,1.79325
0.044050000955,1.762
0.044075000955,1.79325
0.044100000955,1.762
0.044125000955,1.79325
0.044150000955,1.79325
0.044175000955,1.762
0.044200000955,1.762
0.044225000955,1.762
0.044250000955,1.762
0.044275000955,1.79325
0.044300000955,1.762
0.044325000955,1.762
0.044350000955,1.79325
0.044375000955,1.762
0.044400000955,1.762
0.044425000955,1.79325
0.044450000955,1.79325
0.044475000955,1.762
0.044500000955,1.762
0.044525000955,1.73075
0.044550000955,1.762
0.044575000955,1.79325
0.044600000955,1.79325
0.044625000955,1.79325
0.044650000955,1.762
0.044675000955,1.79325
0.044700000955,1.762
0.044725000955,1.79325
0.044750000955,1.79325
0.044775000955,1.79325
0.044800000955,1.762
0.044825000955,1.762
0.044850000955,1.762
0.044875000955,1.79325
0.044900000955,1.762
0.044925000955,1.73075
0.044950000955,1.762
0.044975000955,1.79325
0.045000000955,1.79325
0.045025000955,1.79325
0.045050000955,1.79325
0.045075000955,1.762
0.045100000955,1.79325
0.045125000955,1.762
0.045150000955,1.762
0.045175000955,1.73075
0.045200000955,1.762
0.045225000955,1.762
0.045250000955,1.762
0.045275000955,1.8245
0.045300000955,1.79325
0.045325000955,1.79325
0.045350000955,1.762
0.045375000955,1.762
0.045400000955,1.79325
0.045425000955,1.762
0.045450000955,1.762
0.045475000955,1.762
0.045500000955,1.762
0.045525000955,1.762
0.045550000955,1.762
0.045575000955,1.762
0.045600000955,1.79325
0.045625000955,1.762
0.045650000955,1.762
0.045675000955,1.762
0.045700000955,1.79325
0.045725000955,1.79325
0.045750000955,1.79325
0.045775000955,1.762
0.045800000955,1.762
0.045825000955,1.79325
0.045850000955,1.762
0.045875000955,1.762
0.045900000955,1.762
0.045925000955,1.762
0.045950000955,1.79325
0.045975000955,1.79325
0.046000000955,1.762
0.046025000955,1.79325
0.046050000955,1.79325
0.046075000955,1.762
0.046100000955,1.762
0.046125000955,1.79325
0.046150000955,1.79325
0.046175000955,1.79325
0.046200000955,1.762
0.046225000955,1.762
0.046250000955,1.79325
0.046275000955,1.762
0.046300000955,1.79325
0.046325000955,1.762
0.046350000955,1.762
0.046375000955,1.762
0.046400000955,1.762
0.046425000955,1.762
0.046450000955,1.762
0.046475000955,1.73075
0.046500000955,1.8245
0.046525000955,1.73075
0.046550000955,1.762
0.046575000955,1.762
0.046600000955,1.79325
0.046625000955,1.762
0.046650000955,1.79325
0.046675000955,1.762
0.046700000955,1.762
0.046725000955,1.762
0.046750000955,1.762
0.046775000955,1.762
0.046800000955,1.762
0.046825000955,1.762
0.046850000955,1.79325
0.046875000955,1.79325
0.046900000955,1.762
0.046925000955,1.762
0.046950000955,1.79325
0.046975000955,1.79325
0.047000000955,1.73075
0.047025000955,1.762
0.047050000955,1.762
0.047075000955,1.73075
0.047100000955,1.762
0.047125000955,1.762
0.047150000955,1.762
0.047175000955,1.762
0.047200000955,1.762
0.047225000955,1.73075
0.047250000955,1.762
0.047275000955,1.762
0.047300000955,1.762
0.047325000955,1.762
0.047350000955,1.73075
0.047375000955,1.762
0.047400000955,1.73075
0.047425000955,1.762
0.047450000955,1.762
0.047475000955,1.762
0.047500000955,1.79325
0.047525000955,1.762
0.047550000955,1.762
0.047575000955,1.762
0.047600000955,1.762
0.047625000955,1.762
0.047650000955,1.79325
0.047675000955,1.762
0.047700000955,1.762
0.047725000955,1.762
0.047750000955,1.762
0.047775000955,1.79325
0.047800000955,1.762
0.047825000955,1.762
0.047850000955,1.79325
0.047875000955,1.762
0.047900000955,1.762
0.047925000955,1.762
0.047950000955,1.762
0.047975000955,1.762
0.048000000955,1.762
0.048025000955,1.79325
0.048050000955,1.762
0.048075000955,1.762
0.048100000955,1.762
0.048125000955,1.762
0.048150000955,1.79325
0.048175000955,1.762
0.048200000955,1.762
0.048225000955,1.762
0.048250000955,1.73075
0.048275000955,1.73075
0.048300000955,1.762
0.048325000955,1.762
0.048350000955,1.762
0.048375000955,1.73075
0.048400000955,1.762
0.048425000955,1.762
0.048450000955,1.762
0.048475000955,1.762
0.048500000955,1.762
0.048525000955,1.73075
0.048550000955,1.79325
0.048575000955,1.73075
0.048600000955,1.762
0.048625000955,1.762
0.048650000955,1.73075
0.048675000955,1.762
0.048700000955,1.73075
0.048725000955,1.762
0.048750000955,1.762
0.048775000955,1.73075
0.048800000955,1.762
0.048825000955,1.762
0.048850000955,1.73075
0.048875000955,1.762
0.048900000955,1.762
0.048925000955,1.762
0.048950000955,1.762
0.048975000955,1.79325
0.049000000955,1.762
0.049025000955,1.762
0.049050000955,1.762
0.049075000955,1.762
0.049100000955,1.73075
0.049125000955,1.762
0.049150000955,1.762
0.049175000955,1.73075
0.049200000955,1.73075
0.049225000955,1.762
0.049250000955,1.73075
0.049275000955,1.762
0.049300000955,1.762
0.049325000955,1.73075
0.049350000955,1.79325
0.049375000955,1.762
0.049400000955,1.762
0.049425000955,1.762
0.049450000955,1.73075
0.049475000955,1.73075
0.049500000955,1.73075
0.049525000955,1.762
0.049550000955,1.762
0.049575000955,1.762
0.049600000955,1.762
0.049625000955,1.762
0.049650000955,1.762
0.049675000955,1.73075
0.049700000955,1.73075
0.049725000955,1.762
0.049750000955,1.73075
0.049775000955,1.79325
0.049800000955,1.762
0.049825000955,1.762
0.049850000955,1.762
0.049875000955,1.73075
0.049900000955,1.762
0.049925000955,1.79325
0.049950000955,1.73075
0.049975000955,1.762
0.050000000955,1.762
0.050025000955,1.762
0.050050000955,1.73075
0.050075000955,1.762
0.050100000955,1.762
0.050125000955,1.762
0.050150000955,1.762
0.050175000955,1.73075
0.050200000955,1.762
0.050225000955,1.762
0.050250000955,1.762
0.050275000955,1.762
0.050300000955,1.762
0.050325000955,1.762
0.050350000955,1.73075
0.050375000955,1.762
0.050400000955,1.73075
0.050425000955,1.762
0.050450000955,1.73075
0.050475000955,1.762
0.050500000955,1.73075
0.050525000955,1.762
0.050550000955,1.762
0.050575000955,1.762
0.050600000955,1.73075
0.050625000955,1.762
0.050650000955,1.73075
0.050675000955,1.762
0.050700000955,1.762
0.050725000955,1.73075
0.050750000955,1.73075
0.050775000955,1.73075
0.050800000955,1.762
0.050825000955,1.73075
0.050850000955,1.762
0.050875000955,1.762
0.050900000955,1.762
0.050925000955,1.73075
0.050950000955,1.762
0.050975000955,1.762
0.051000000955,1.73075
0.051025000955,1.762
0.051050000955,1.762
0.051075000955,1.73075
0.051100000955,1.73075
0.051125000955,1.762
0.051150000955,1.73075
0.051175000955,1.762
0.051200000955,1.762
0.051225000955,1.762
0.051250000955,1.73075
0.051275000955,1.73075
0.051300000955,1.79325
0.051325000955,1.73075
0.051350000955,1.73075
0.051375000955,1.79325
0.051400000955,1.79325
0.051425000955,1.79325
0.051450000955,1.73075
0.051475000955,1.762
0.051500000955,1.73075
0.051525000955,1.762
0.051550000955,1.6995
0.051575000955,1.73075
0.051600000955,1.762
0.051625000955,1.762
0.051650000955,1.762
0.051675000955,1.73075
0.051700000955,1.762
0.051725000955,1.6995
0.051750000955,1.762
0.051775000955,1.762
0.051800000955,1.73075
0.051825000955,1.79325
0.051850000955,1.73075
0.051875000955,1.73075
0.051900000955,1.79325
0.051925000955,1.79325
0.051950000955,1.762
0.051975000955,1.73075
0.052000000955,1.73075
0.052025000955,1.6995
0.052050000955,1.73075
0.052075000955,1.73075
0.052100000955,1.762
0.052125000955,1.762
0.052150000955,1.73075
0.052175000955,1.73075
0.052200000955,1.73075
0.052225000955,1.762
0.052250000955,1.762
0.052275000955,1.762
0.052300000955,1.762
0.052325000955,1.762
0.052350000955,1.762
0.052375000955,1.762
0.052400000955,1.73075
0.052425000955,1.73075
0.052450000955,1.762
0.052475000955,1.73075
0.052500000955,1.762
0.052525000955,1.73075
0.052550000955,1.762
0.052575000955,1.762
0.052600000955,1.73075
0.052625000955,1.73075
0.052650000955,1.73075
0.052675000955,1.73075
0.052700000955,1.762
0.052725000955,1.73075
0.052750000955,1.73075
0.052775000955,1.762
0.052800000955,1.73075
0.052825000955,1.6995
0.052850000955,1.762
0.052875000955,1.73075
0.052900000955,1.73075
0.052925000955,1.73075
0.052950000955,1.73075
0.052975000955,1.73075
0.053000000955,1.73075
0.053025000955,1.73075
0.053050000955,1.73075
0.053075000955,1.73075
0.053100000955,1.73075
0.053125000955,1.73075
0.053150000955,1.762
0.053175000955,1.73075
0.053200000955,1.762
0.053225000955,1.73075
0.053250000955,1.762
0.053275000955,1.73075
0.053300000955,1.73075
0.053325000955,1.73075
0.053350000955,1.73075
0.053375000955,1.762
0.053400000955,1.762
0.053425000955,1.73075
0.053450000955,1.73075
0.053475000955,1.73075
0.053500000955,1.73075
0.053525000955,1.73075
0.053550000955,1.762
0.053575000955,1.73075
0.053600000955,1.73075
0.053625000955,1.762
0.053650000955,1.73075
0.053675000955,1.762
0.053700000955,1.73075
0.053725000955,1.762
0.053750000955,1.73075
0.053775000955,1.6995
0.053800000955,1.762
0.053825000955,1.73075
0.053850000955,1.73075
0.053875000955,1.762
0.053900000955,1.762
0.053925000955,1.6995
0.053950000955,1.762
0.053975000955,1.762
0.054000000955,1.762
0.054025000955,1.762
0.054050000955,1.6995
0.054075000955,1.73075
0.054100000955,1.762
0.054125000955,1.73075
0.054150000955,1.6995
0.054175000955,1.762
0.054200000955,1.6995
0.054225000955,1.6995
0.054250000955,1.762
0.054275000955,1.73075
0.054300000955,1.73075
0.054325000955,1.73075
0.054350000955,1.73075
0.054375000955,1.73075
0.054400000955,1.73075
0.054425000955,1.73075
0.054450000955,1.73075
0.054475000955,1.73075
0.054500000955,1.762
0.054525000955,1.6995
0.054550000955,1.73075
0.054575000955,1.73075
0.054600000955,1.762
0.054625000955,1.73075
0.054650000955,1.73075
0.054675000955,1.762
0.054700000955,1.73075
0.054725000955,1.73075
0.054750000955,1.73075
0.054775000955,1.762
0.054800000955,1.73075
0.054825000955,1.73075
0.054850000955,1.73075
0.054875000955,1.73075
0.054900000955,1.73075
0.054925000955,1.73075
0.054950000955,1.6995
0.054975000955,1.73075
0.055000000955,1.762
0.055025000955,1.762
0.055050000955,1.6995
0.055075000955,1.73075
0.055100000955,1.6995
0.055125000955,1.73075
0.055150000955,1.762
0.055175000955,1.762
0.055200000955,1.73075
0.055225000955,1.73075
0.055250000955,1.73075
0.055275000955,1.6995
0.055300000955,1.73075
0.055325000955,1.73075
0.055350000955,1.73075
0.055375000955,1.73075
0.055400000955,1.73075
0.055425000955,1.73075
0.055450000955,1.73075
0.055475000955,1.73075
0.055500000955,1.73075
0.055525000955,1.73075
0.055550000955,1.762
0.055575000955,1.762
0.055600000955,1.73075
0.055625000955,1.6995
0.055650000955,1.73075
0.055675000955,1.73075
0.055700000955,1.6995
0.055725000955,1.73075
0.055750000955,1.6995
0.055775000955,1.73075
0.055800000955,1.73075
0.055825000955,1.73075
0.055850000955,1.6995
0.055875000955,1.6995
0.055900000955,1.762
0.055925000955,1.6995
0.055950000955,1.73075
0.055975000955,1.73075
0.056000000955,1.73075
0.056025000955,1.73075
0.056050000955,1.73075
0.056075000955,1.6995
0.056100000955,1.73075
0.056125000955,1.73075
0.056150000955,1.6995
0.056175000955,1.6995
0.056200000955,1.73075
0.056225000955,1.73075
0.056250000955,1.73075
0.056275000955,1.73075
0.056300000955,1.762
0.056325000955,1.73075
0.056350000955,1.6995
0.056375000955,1.73075
0.056400000955,1.73075
0.056425000955,1.6995
0.056450000955,1.6995
0.056475000955,1.6995
0.056500000955,1.73075
0.056525000955,1.73075
0.056550000955,1.6995
0.056575000955,1.73075
0.056600000955,1.73075
0.056625000955,1.6995
0.056650000955,1.73075
0.056675000955,1.73075
0.056700000955,1.73075
0.056725000955,1.73075
0.056750000955,1.6995
0.056775000955,1.73075
0.056800000955,1.73075
0.056825000955,1.73075
0.056850000955,1.6995
0.056875000955,1.6995
0.056900000955,1.73075
0.056925000955,1.6995
0.056950000955,1.762
0.056975000955,1.762
0.057000000955,1.73075
0.057025000955,1.73075
0.057050000955,1.6995
0.057075000955,1.6995
0.057100000955,1.6995
0.057125000955,1.6995
0.057150000955,1.73075
0.057175000955,1.73075
0.057200000955,1.6995
0.057225000955,1.73075
0.057250000955,1.73075
0.057275000955,1.73075
0.057300000955,1.73075
0.057325000955,1.73075
0.057350000955,1.6995
0.057375000955,1.73075
0.057400000955,1.6995
0.057425000955,1.6995
0.057450000955,1.73075
0.057475000955,1.73075
0.057500000955,1.6995
0.057525000955,1.73075
0.057550000955,1.73075
0.057575000955,1.73075
0.057600000955,1.73075
0.057625000955,1.6995
0.057650000955,1.73075
0.057675000955,1.73075
0.057700000955,1.73075
0.057725000955,1.6995
0.057750000955,1.762
0.057775000955,1.6995
0.057800000955,1.73075
0.057825000955,1.762
0.057850000955,1.6995
0.057875000955,1.73075
0.057900000955,1.6995
0.057925000955,1.6995
0.057950000955,1.73075
0.057975000955,1.6995
0.058000000955,1.73075
0.058025000955,1.73075
0.058050000955,1.73075
0.058075000955,1.73075
0.058100000955,1.6995
0.058125000955,1.6995
0.058150000955,1.73075
0.058175000955,1.6995
0.058200000955,1.73075
0.058225000955,1.73075
0.058250000955,1.73075
0.058275000955,1.6995
0.058300000955,1.73075
0.058325000955,1.73075
0.058350000955,1.73075
0.058375000955,1.73075
0.058400000955,1.6995
0.058425000955,1.6995
0.058450000955,1.6995
0.058475000955,1.762
0.058500000955,1.73075
0.058525000955,1.6995
0.058550000955,1.6995
0.058575000955,1.73075
0.058600000955,1.73075
0.058625000955,1.73075
0.058650000955,1.73075
0.058675000955,1.73075
0.058700000955,1.762
0.058725000955,1.6995
0.058750000955,1.73075
0.058775000955,1.6995
0.058800000955,1.73075
0.058825000955,1.6995
0.058850000955,1.73075
0.058875000955,1.6995
0.058900000955,1.73075
0.058925000955,1.6995
0.058950000955,1.73075
0.058975000955,1.73075
0.059000000955,1.73075
0.059025000955,1.73075
0.059050000955,1.6995
0.059075000955,1.73075
0.059100000955,1.6995
0.059125000955,1.73075
0.059150000955,1.73075
0.059175000955,1.6995
0.059200000955,1.73075
0.059225000955,1.6995
0.059250000955,1.73075
0.059275000955,1.73075
0.059300000955,1.6995
0.059325000955,1.6995
0.059350000955,1.6995
0.059375000955,1.73075
0.059400000955,1.6995
0.059425000955,1.73075
0.059450000955,1.6995
0.059475000955,1.6995
0.059500000955,1.73075
0.059525000955,1.6995
0.059550000955,1.6995
0.059575000955,1.6995
0.059600000955,1.6995
0.059625000955,1.73075
0.059650000955,1.6995
0.059675000955,1.6995
0.059700000955,1.73075
0.059725000955,1.73075
0.059750000955,1.6995
0.059775000955,1.6995
0.059800000955,1.73075
0.059825000955,1.6995
0.059850000955,1.6995
0.059875000955,1.6995
0.059900000955,1.73075
0.059925000955,1.6995
0.059950000955,1.6995
0.059975000955,1.73075
0.060000000955,1.73075
0.060025000955,1.6995
0.060050000955,1.73075
0.060075000955,1.6995
0.060100000955,1.6995
0.060125000955,1.6995
0.060150000955,1.73075
0.060175000955,1.73075
0.060200000955,1.73075
0.060225000955,1.6995
0.060250000955,1.6995
0.060275000955,1.73075
0.060300000955,1.73075
0.060325000955,1.73075
0.060350000955,1.6995
0.060375000955,1.73075
0.060400000955,1.6995
0.060425000955,1.6995
0.060450000955,1.6995
0.060475000955,1.6995
0.060500000955,1.6995
0.060525000955,1.6995
0.060550000955,1.66825
0.060575000955,1.66825
0.060600000955,1.6995
0.060625000955,1.73075
0.060650000955,1.73075
0.060675000955,1.6995
0.060700000955,1.73075
0.060725000955,1.6995
0.060750000955,1.66825
0.060775000955,1.6995
0.060800000955,1.6995
0.060825000955,1.6995
0.060850000955,1.6995
0.060875000955,1.6995
0.060900000955,1.6995
0.060925000955,1.6995
0.060950000955,1.73075
0.060975000955,1.73075
0.061000000955,1.6995
0.061025000955,1.6995
0.061050000955,1.66825
0.061075000955,1.6995
0.061100000955,1.6995
0.061125000955,1.73075
0.061150000955,1.6995
0.061175000955,1.6995
0.061200000955,1.6995
0.061225000955,1.6995
0.061250000955,1.6995
0.061275000955,1.73075
0.061300000955,1.66825
0.061325000955,1.6995
0.061350000955,1.6995
0.061375000955,1.6995
0.061400000955,1.6995
0.061425000955,1.6995
0.061450000955,1.6995
0.061475000955,1.6995
0.061500000955,1.66825
0.061525000955,1.6995
0.061550000955,1.73075
0.061575000955,1.66825
0.061600000955,1.6995
0.061625000955,1.6995
0.061650000955,1.73075
0.061675000955,1.6995
0.061700000955,1.66825
0.061725000955,1.6995
0.061750000955,1.6995
0.061775000955,1.6995
0.061800000955,1.6995
0.061825000955,1.6995
0.061850000955,1.6995
0.061875000955,1.73075
0.061900000955,1.73075
0.061925000955,1.66825
0.061950000955,1.6995
0.061975000955,1.66825
0.062000000955,1.6995
0.062025000955,1.6995
0.062050000955,1.6995
0.062075000955,1.66825
0.062100000955,1.6995
0.062125000955,1.6995
0.062150000955,1.6995
0.062175000955,1.6995
0.062200000955,1.6995
0.062225000955,1.66825
0.062250000955,1.6995
0.062275000955,1.6995
0.062300000955,1.73075
0.062325000955,1.66825
0.062350000955,1.6995
0.062375000955,1.6995
0.062400000955,1.6995
0.062425000955,1.66825
0.062450000955,1.6995
0.062475000955,1.6995
0.062500000955,1.6995
0.062525000955,1.6995
0.062550000955,1.6995
0.062575000955,1.6995
0.062600000955,1.6995
0.062625000955,1.73075
0.062650000955,1.73075
0.062675000955,1.6995
0.062700000955,1.6995
0.062725000955,1.6995
0.062750000955,1.6995
0.062775000955,1.6995
0.062800000955,1.6995
0.062825000955,1.66825
0.062850000955,1.6995
0.062875000955,1.6995
0.062900000955,1.6995
0.062925000955,1.66825
0.062950000955,1.6995
0.062975000955,1.73075
0.063000000955,1.73075
0.063025000955,1.6995
0.063050000955,1.73075
0.063075000955,1.66825
0.063100000955,1.6995
0.063125000955,1.6995
0.063150000955,1.66825
0.063175000955,1.66825
0.063200000955,1.6995
0.063225000955,1.6995
0.063250000955,1.6995
0.063275000955,1.6995
0.063300000955,1.73075
0.063325000955,1.6995
0.063350000955,1.6995
0.063375000955,1.66825
0.063400000955,1.66825
0.063425000955,1.6995
0.063450000955,1.6995
0.063475000955,1.66825
0.063500000955,1.6995
0.063525000955,1.6995
0.063550000955,1.6995
0.063575000955,1.6995
0.063600000955,1.6995
0.063625000955,1.66825
0.063650000955,1.6995
0.063675000955,1.6995
0.063700000955,1.6995
0.063725000955,1.6995
0.063750000955,1.6995
0.063775000955,1.66825
0.063800000955,1.6995
0.063825000955,1.6995
0.063850000955,1.6995
0.063875000955,1.6995
0.063900000955,1.6995
0.063925000955,1.6995
0.063950000955,1.6995
0.063975000955,1.6995
0.064000000955,1.66825
0.064025000955,1.6995
0.064050000955,1.6995
0.064075000955,1.73075
0.064100000955,1.6995
0.064125000955,1.66825
0.064150000955,1.6995
0.064175000955,1.6995
0.064200000955,1.6995
0.064225000955,1.73075
0.064250000955,1.66825
0.064275000955,1.73075
0.064300000955,1.6995
0.064325000955,1.6995
0.064350000955,1.6995
0.064375000955,1.6995
0.064400000955,1.73075
0.064425000955,1.6995
0.064450000955,1.6995
0.064475000955,1.6995
0.064500000955,1.6995
0.064525000955,1.6995
0.064550000955,1.66825
0.064575000955,1.66825
0.064600000955,1.6995
0.064625000955,1.6995
0.064650000955,1.6995
0.064675000955,1.66825
0.064700000955,1.6995
0.064725000955,1.6995
0.064750000955,1.6995
0.064775000955,1.6995
0.064800000955,1.66825
0.064825000955,1.66825
0.064850000955,1.66825
0.064875000955,1.6995
0.064900000955,1.66825
0.064925000955,1.6995
0.064950000955,1.6995
0.064975000955,1.66825
0.065000000955,1.73075
0.065025000955,1.6995
0.065050000955,1.6995
0.065075000955,1.66825
0.065100000955,1.73075
0.065125000955,1.6995
0.065150000955,1.6995
0.065175000955,1.66825
0.065200000955,1.66825
0.065225000955,1.6995
0.065250000955,1.6995
0.065275000955,1.66825
0.065300000955,1.6995
0.065325000955,1.6995
0.065350000955,1.6995
0.065375000955,1.66825
0.065400000955,1.66825
0.065425000955,1.66825
0.065450000955,1.6995
0.065475000955,1.6995
0.065500000955,1.73075
0.065525000955,1.6995
0.065550000955,1.66825
0.065575000955,1.6995
0.065600000955,1.6995
0.065625000955,1.73075
0.065650000955,1.6995
0.065675000955,1.6995
0.065700000955,1.6995
0.065725000955,1.6995
0.065750000955,1.66825
0.065775000955,1.6995
0.065800000955,1.6995
0.065825000955,1.66825
0.065850000955,1.66825
0.065875000955,1.6995
0.065900000955,1.66825
0.065925000955,1.73075
0.065950000955,1.6995
0.065975000955,1.6995
0.066000000955,1.6995
0.066025000955,1.66825
0.066050000955,1.6995
0.066075000955,1.66825
0.066100000955,1.6995
0.066125000955,1.66825
0.066150000955,1.6995
0.066175000955,1.6995
0.066200000955,1.6995
0.066225000955,1.6995
0.066250000955,1.6995
0.066275000955,1.73075
0.066300000955,1.6995
0.066325000955,1.66825
0.066350000955,1.6995
0.066375000955,1.6995
0.066400000955,1.6995
0.066425000955,1.6995
0.066450000955,1.6995
0.066475000955,1.73075
0.066500000955,1.6995
0.066525000955,1.66825
0.066550000955,1.6995
0.066575000955,1.6995
0.066600000955,1.6995
0.066625000955,1.66825
0.066650000955,1.6995
0.066675000955,1.6995
0.066700000955,1.66825
0.066725000955,1.66825
0.066750000955,1.6995
0.066775000955,1.66825
0.066800000955,1.6995
0.066825000955,1.66825
0.066850000955,1.66825
0.066875000955,1.6995
0.066900000955,1.6995
0.066925000955,1.6995
0.066950000955,1.66825
0.066975000955,1.6995
0.067000000955,1.6995
0.067025000955,1.66825
0.067050000955,1.6995
0.067075000955,1.66825
0.067100000955,1.6995
0.067125000955,1.66825
0.067150000955,1.66825
0.067175000955,1.66825
0.067200000955,1.66825
0.067225000955,1.6995
0.067250000955,1.66825
0.067275000955,1.6995
0.067300000955,1.66825
0.067325000955,1.6995
0.067350000955,1.66825
0.067375000955,1.66825
0.067400000955,1.66825
0.067425000955,1.6995
0.067450000955,1.6995
0.067475000955,1.66825
0.067500000955,1.6995
0.067525000955,1.66825
0.067550000955,1.6995
0.067575000955,1.73075
0.067600000955,1.66825
0.067625000955,1.6995
0.067650000955,1.6995
0.067675000955,1.6995
0.067700000955,1.66825
0.067725000955,1.66825
0.067750000955,1.66825
0.067775000955,1.6995
0.067800000955,1.66825
0.067825000955,1.66825
0.067850000955,1.66825
0.067875000955,1.66825
0.067900000955,1.66825
0.067925000955,1.66825
0.067950000955,1.6995
0.067975000955,1.637
0.068000000955,1.66825
0.068025000955,1.66825
0.068050000955,1.6995
0.068075000955,1.66825
0.068100000955,1.66825
0.068125000955,1.6995
0.068150000955,1.66825
0.068175000955,1.637
0.068200000955,1.66825
0.068225000955,1.66825
0.068250000955,1.6995
0.068275000955,1.66825
0.068300000955,1.66825
0.068325000955,1.6995
0.068350000955,1.6995
0.068375000955,1.6995
0.068400000955,1.66825
0.068425000955,1.66825
0.068450000955,1.6995
0.068475000955,1.66825
0.068500000955,1.6995
0.068525000955,1.66825
0.068550000955,1.66825
0.068575000955,1.66825
0.068600000955,1.66825
0.068625000955,1.6995
0.068650000955,1.66825
0.068675000955,1.66825
0.068700000955,1.66825
0.068725000955,1.6995
0.068750000955,1.637
0.068775000955,1.66825
0.068800000955,1.6995
0.068825000955,1.6995
0.068850000955,1.637
0.068875000955,1.66825
0.068900000955,1.637
0.068925000955,1.6995
0.068950000955,1.66825
0.068975000955,1.66825
0.069000000955,1.66825
0.069025000955,1.6995
0.069050000955,1.637
0.069075000955,1.66825
0.069100000955,1.66825
0.069125000955,1.66825
0.069150000955,1.6995
0.069175000955,1.6995
0.069200000955,1.637
0.069225000955,1.6995
0.069250000955,1.66825
0.069275000955,1.6995
0.069300000955,1.66825
0.069325000955,1.6995
0.069350000955,1.637
0.069375000955,1.6995
0.069400000955,1.66825
0.069425000955,1.6995
0.069450000955,1.66825
0.069475000955,1.6995
0.069500000955,1.6995
0.069525000955,1.66825
0.069550000955,1.66825
0.069575000955,1.66825
0.069600000955,1.6995
0.069625000955,1.6995
0.069650000955,1.66825
0.069675000955,1.66825
0.069700000955,1.66825
0.069725000955,1.66825
0.069750000955,1.6995
0.069775000955,1.66825
0.069800000955,1.637
0.069825000955,1.6995
0.069850000955,1.6995
0.069875000955,1.6995
0.069900000955,1.637
0.069925000955,1.6995
0.069950000955,1.66825
0.069975000955,1.66825
0.070000000955,1.6995
0.070025000955,1.66825
0.070050000955,1.66825
0.070075000955,1.66825
0.070100000955,1.637
0.070125000955,1.6995
0.070150000955,1.6995
0.070175000955,1.6995
0.070200000955,1.637
0.070225000955,1.66825
0.070250000955,1.66825
0.070275000955,1.66825
0.070300000955,1.66825
0.070325000955,1.66825
0.070350000955,1.6995
0.070375000955,1.66825
0.070400000955,1.6995
0.070425000955,1.66825
0.070450000955,1.637
0.070475000955,1.66825
0.070500000955,1.66825
0.070525000955,1.66825
0.070550000955,1.66825
0.070575000955,1.66825
0.070600000955,1.66825
0.070625000955,1.6995
0.070650000955,1.66825
0.070675000955,1.66825
0.070700000955,1.66825
0.070725000955,1.6995
0.070750000955,1.66825
0.070775000955,1.637
0.070800000955,1.6995
0.070825000955,1.6995
0.070850000955,1.637
0.070875000955,1.66825
0.070900000955,1.637
0.070925000955,1.66825
0.070950000955,1.66825
0.070975000955,1.66825
0.071000000955,1.66825
0.071025000955,1.637
0.071050000955,1.66825
0.071075000955,1.637
0.071100000955,1.66825
0.071125000955,1.6995
0.071150000955,1.66825
0.071175000955,1.66825
0.071200000955,1.6995
0.071225000955,1.66825
0.071250000955,1.66825
0.071275000955,1.66825
0.071300000955,1.66825
0.071325000955,1.637
0.071350000955,1.66825
0.071375000955,1.66825
0.071400000955,1.637
0.071425000955,1.66825
0.071450000955,1.66825
0.071475000955,1.637
0.071500000955,1.6995
0.071525000955,1.66825
0.071550000955,1.66825
0.071575000955,1.66825
0.071600000955,1.66825
0.071625000955,1.6995
0.071650000955,1.66825
0.071675000955,1.637
0.071700000955,1.66825
0.071725000955,1.66825
0.071750000955,1.66825
0.071775000955,1.66825
0.071800000955,1.66825
0.071825000955,1.637
0.071850000955,1.66825
0.071875000955,1.60575
0.071900000955,1.66825
0.071925000955,1.637
0.071950000955,1.66825
0.071975000955,1.66825
0.072000000955,1.637
0.072025000955,1.6995
0.072050000955,1.66825
0.072075000955,1.66825
0.072100000955,1.637
0.072125000955,1.66825
0.072150000955,1.66825
0.072175000955,1.637
0.072200000955,1.66825
0.072225000955,1.66825
0.072250000955,1.66825
0.072275000955,1.637
0.072300000955,1.66825
0.072325000955,1.637
0.072350000955,1.66825
0.072375000955,1.637
0.072400000955,1.66825
0.072425000955,1.6995
0.072450000955,1.6995
0.072475000955,1.637
0.072500000955,1.66825
0.072525000955,1.66825
0.072550000955,1.66825
0.072575000955,1.637
0.072600000955,1.66825
0.072625000955,1.66825
0.072650000955,1.66825
0.072675000955,1.637
0.072700000955,1.637
0.072725000955,1.637
0.072750000955,1.637
0.072775000955,1.66825
0.072800000955,1.637
0.072825000955,1.66825
0.072850000955,1.66825
0.072875000955,1.66825
0.072900000955,1.66825
0.072925000955,1.637
0.072950000955,1.66825
0.072975000955,1.66825
0.073000000955,1.66825
0.073025000955,1.66825
0.073050000955,1.66825
0.073075000955,1.66825
0.073100000955,1.66825
0.073125000955,1.637
0.073150000955,1.637
0.073175000955,1.66825
0.073200000955,1.637
0.073225000955,1.66825
0.073250000955,1.66825
0.073275000955,1.66825
0.073300000955,1.637
0.073325000955,1.637
0.073350000955,1.637
0.073375000955,1.66825
0.073400000955,1.637
0.073425000955,1.637
0.073450000955,1.637
0.073475000955,1.66825
0.073500000955,1.6995
0.073525000955,1.637
0.073550000955,1.66825
0.073575000955,1.66825
0.073600000955,1.637
0.073625000955,1.66825
0.073650000955,1.637
0.073675000955,1.66825
0.073700000955,1.637
0.073725000955,1.637
0.073750000955,1.66825
0.073775000955,1.637
0.073800000955,1.637
0.073825000955,1.66825
0.073850000955,1.66825
0.073875000955,1.66825
0.073900000955,1.637
0.073925000955,1.6995
0.073950000955,1.66825
0.073975000955,1.66825
0.074000000955,1.637
0.074025000955,1.66825
0.074050000955,1.637
0.074075000955,1.66825
0.074100000955,1.637
0.074125000955,1.66825
0.074150000955,1.66825
0.074175000955,1.66825
0.074200000955,1.66825
0.074225000955,1.637
0.074250000955,1.637
0.074275000955,1.66825
0.074300000955,1.637
0.074325000955,1.66825
0.074350000955,1.66825
0.074375000955,1.637
0.074400000955,1.637
0.074425000955,1.66825
0.074450000955,1.637
0.074475000955,1.66825
0.074500000955,1.66825
0.074525000955,1.60575
0.074550000955,1.66825
0.074575000955,1.637
0.074600000955,1.66825
0.074625000955,1.637
0.074650000955,1.637
0.074675000955,1.637
0.074700000955,1.637
0.074725000955,1.637
0.074750000955,1.66825
0.074775000955,1.66825
0.074800000955,1.637
0.074825000955,1.637
0.074850000955,1.637
0.074875000955,1.637
0.074900000955,1.637
0.074925000955,1.66825
0.074950000955,1.637
0.074975000955,1.637
0.075000000955,1.66825
0.075025000955,1.66825
0.075050000955,1.637
0.075075000955,1.637
0.075100000955,1.637
0.075125000955,1.66825
0.075150000955,1.66825
0.075175000955,1.637
0.075200000955,1.60575
0.075225000955,1.60575
0.075250000955,1.66825
0.075275000955,1.66825
0.075300000955,1.66825
0.075325000955,1.637
0.075350000955,1.637
0.075375000955,1.637
0.075400000955,1.637
0.075425000955,1.637
0.075450000955,1.637
0.075475000955,1.637
0.075500000955,1.637
0.075525000955,1.66825
0.075550000955,1.637
0.075575000955,1.66825
0.075600000955,1.60575
0.075625000955,1.66825
0.075650000955,1.66825
0.075675000955,1.637
0.075700000955,1.66825
0.075725000955,1.66825
0.075750000955,1.637
0.075775000955,1.637
0.075800000955,1.637
0.075825000955,1.637
0.075850000955,1.637
0.075875000955,1.637
0.075900000955,1.637
0.075925000955,1.66825
0.075950000955,1.66825
0.075975000955,1.637
0.076000000955,1.66825
0.076025000955,1.637
0.076050000955,1.637
0.076075000955,1.60575
0.076100000955,1.66825
0.076125000955,1.66825
0.076150000955,1.637
0.076175000955,1.60575
0.076200000955,1.637
0.076225000955,1.66825
0.076250000955,1.66825
0.076275000955,1.66825
0.076300000955,1.637
0.076325000955,1.637
0.076350000955,1.637
0.076375000955,1.637
0.076400000955,1.637
0.076425000955,1.637
0.076450000955,1.637
0.076475000955,1.637
0.076500000955,1.637
0.076525000955,1.637
0.076550000955,1.66825
0.076575000955,1.66825
0.076600000955,1.66825
0.076625000955,1.66825
0.076650000955,1.637
0.076675000955,1.637
0.076700000955,1.60575
0.076725000955,1.637
0.076750000955,1.637
0.076775000955,1.637
0.076800000955,1.66825
0.076825000955,1.637
0.076850000955,1.637
0.076875000955,1.637
0.076900000955,1.66825
0.076925000955,1.66825
0.076950000955,1.637
0.076975000955,1.66825
0.077000000955,1.637
0.077025000955,1.637
0.077050000955,1.637
0.077075000955,1.637
0.077100000955,1.66825
0.077125000955,1.637
0.077150000955,1.637
0.077175000955,1.60575
0.077200000955,1.60575
0.077225000955,1.637
0.077250000955,1.637
0.077275000955,1.637
0.077300000955,1.637
0.077325000955,1.60575
0.077350000955,1.66825
0.077375000955,1.637
0.077400000955,1.637
0.077425000955,1.60575
0.077450000955,1.637
0.077475000955,1.637
0.077500000955,1.66825
0.077525000955,1.637
0.077550000955,1.637
0.077575000955,1.637
0.077600000955,1.637
0.077625000955,1.60575
0.077650000955,1.637
0.077675000955,1.66825
0.077700000955,1.637
0.077725000955,1.637
0.077750000955,1.637
0.077775000955,1.637
0.077800000955,1.66825
0.077825000955,1.66825
0.077850000955,1.60575
0.077875000955,1.60575
0.077900000955,1.637
0.077925000955,1.60575
0.077950000955,1.637
0.077975000955,1.66825
0.078000000955,1.637
0.078025000955,1.637
0.078050000955,1.637
0.078075000955,1.637
0.078100000955,1.60575
0.078125000955,1.60575
0.078150000955,1.637
0.078175000955,1.637
0.078200000955,1.637
0.078225000955,1.637
0.078250000955,1.66825
0.078275000955,1.60575
0.078300000955,1.637
0.078325000955,1.637
0.078350000955,1.637
0.078375000955,1.637
0.078400000955,1.637
0.078425000955,1.637
0.078450000955,1.637
0.078475000955,1.637
0.078500000955,1.637
0.078525000955,1.60575
0.078550000955,1.637
0.078575000955,1.637
0.078600000955,1.66825
0.078625000955,1.66825
0.078650000955,1.637
0.078675000955,1.60575
0.078700000955,1.637
0.078725000955,1.637
0.078750000955,1.637
0.078775000955,1.637
0.078800000955,1.60575
0.078825000955,1.637
0.078850000955,1.637
0.078875000955,1.637
0.078900000955,1.60575
0.078925000955,1.637
0.078950000955,1.637
0.078975000955,1.60575
0.079000000955,1.637
0.079025000955,1.637
0.079050000955,1.637
0.079075000955,1.637
0.079100000955,1.637
0.079125000955,1.637
0.079150000955,1.637
0.079175000955,1.60575
0.079200000955,1.60575
0.079225000955,1.637
0.079250000955,1.637
0.079275000955,1.637
0.079300000955,1.637
0.079325000955,1.637
0.079350000955,1.60575
0.079375000955,1.637
0.079400000955,1.60575
0.079425000955,1.637
0.079450000955,1.637
0.079475000955,1.637
0.079500000955,1.60575
0.079525000955,1.637
0.079550000955,1.637
0.079575000955,1.637
0.079600000955,1.637
0.079625000955,1.637
0.079650000955,1.637
0.079675000955,1.637
0.079700000955,1.60575
0.079725000955,1.637
0.079750000955,1.637
0.079775000955,1.60575
0.079800000955,1.637
0.079825000955,1.637
0.079850000955,1.60575
0.079875000955,1.637
0.079900000955,1.637
0.079925000955,1.60575
0.079950000955,1.60575
0.079975000955,1.637
0.080000000955,1.637
0.080025000955,1.637
0.080050000955,1.637
0.080075000955,1.637
0.080100000955,1.637
0.080125000955,1.637
0.080150000955,1.637
0.080175000955,1.637
0.080200000955,1.637
0.080225000955,1.60575
0.080250000955,1.637
0.080275000955,1.637
0.080300000955,1.60575
0.080325000955,1.60575
0.080350000955,1.60575
0.080375000955,1.637
0.080400000955,1.60575
0.080425000955,1.637
0.080450000955,1.60575
0.080475000955,1.60575
0.080500000955,1.637
0.080525000955,1.66825
0.080550000955,1.637
0.080575000955,1.637
0.080600000955,1.66825
0.080625000955,1.637
0.080650000955,1.60575
0.080675000955,1.637
0.080700000955,1.60575
0.080725000955,1.60575
0.080750000955,1.60575
0.080775000955,1.637
0.080800000955,1.66825
0.080825000955,1.637
0.080850000955,1.637
0.080875000955,1.637
0.080900000955,1.637
0.080925000955,1.637
0.080950000955,1.60575
0.080975000955,1.60575
0.081000000955,1.637
0.081025000955,1.60575
0.081050000955,1.637
0.081075000955,1.60575
0.081100000955,1.637
0.081125000955,1.60575
0.081150000955,1.637
0.081175000955,1.60575
0.081200000955,1.60575
0.081225000955,1.60575
0.081250000955,1.5745
0.081275000955,1.637
0.081300000955,1.60575
0.081325000955,1.637
0.081350000955,1.637
0.081375000955,1.637
0.081400000955,1.60575
0.081425000955,1.637
0.081450000955,1.637
0.081475000955,1.60575
0.081500000955,1.637
0.081525000955,1.60575
0.081550000955,1.637
0.081575000955,1.60575
0.081600000955,1.637
0.081625000955,1.637
0.081650000955,1.637
0.081675000955,1.60575
0.081700000955,1.60575
0.081725000955,1.637
0.081750000955,1.637
0.081775000955,1.60575
0.081800000955,1.5745
0.081825000955,1.5745
0.081850000955,1.637
0.081875000955,1.637
0.081900000955,1.66825
0.081925000955,1.60575
0.081950000955,1.637
0.081975000955,1.637
0.082000000955,1.637
0.082025000955,1.637
0.082050000955,1.60575
0.082075000955,1.637
0.082100000955,1.60575
0.082125000955,1.60575
0.082150000955,1.637
0.082175000955,1.60575
0.082200000955,1.60575
0.082225000955,1.637
0.082250000955,1.60575
0.082275000955,1.637
0.082300000955,1.60575
0.082325000955,1.60575
0.082350000955,1.637
0.082375000955,1.637
0.082400000955,1.637
0.082425000955,1.60575
0.082450000955,1.5745
0.082475000955,1.60575
0.082500000955,1.60575
0.082525000955,1.60575
0.082550000955,1.637
0.082575000955,1.60575
0.082600000955,1.60575
0.082625000955,1.60575
0.082650000955,1.60575
0.082675000955,1.60575
0.082700000955,1.60575
0.082725000955,1.637
0.082750000955,1.637
0.082775000955,1.637
0.082800000955,1.637
0.082825000955,1.637
0.082850000955,1.637
0.082875000955,1.637
0.082900000955,1.637
0.082925000955,1.60575
0.082950000955,1.60575
0.082975000955,1.637
0.083000000955,1.637
0.083025000955,1.637
0.083050000955,1.60575
0.083075000955,1.637
0.083100000955,1.60575
0.083125000955,1.60575
0.083150000955,1.637
0.083175000955,1.60575
0.083200000955,1.60575
0.083225000955,1.637
0.083250000955,1.60575
0.083275000955,1.60575
0.083300000955,1.637
0.083325000955,1.60575
0.083350000955,1.637
0.083375000955,1.637
0.083400000955,1.60575
0.083425000955,1.637
0.083450000955,1.60575
0.083475000955,1.60575
0.083500000955,1.60575
0.083525000955,1.60575
0.083550000955,1.60575
0.083575000955,1.60575
0.083600000955,1.60575
0.083625000955,1.60575
0.083650000955,1.5745
0.083675000955,1.60575
0.083700000955,1.60575
0.083725000955,1.637
0.083750000955,1.637
0.083775000955,1.60575
0.083800000955,1.60575
0.083825000955,1.60575
0.083850000955,1.60575
0.083875000955,1.637
0.083900000955,1.60575
0.083925000955,1.637
0.083950000955,1.60575
0.083975000955,1.60575
0.084000000955,1.637
0.084025000955,1.60575
0.084050000955,1.637
0.084075000955,1.60575
0.084100000955,1.60575
0.084125000955,1.60575
0.084150000955,1.637
0.084175000955,1.60575
0.084200000955,1.60575
0.084225000955,1.5745
0.084250000955,1.637
0.084275000955,1.60575
0.084300000955,1.60575
0.084325000955,1.60575
0.084350000955,1.60575
0.084375000955,1.60575
0.084400000955,1.60575
0.084425000955,1.637
0.084450000955,1.60575
0.084475000955,1.60575
0.084500000955,1.60575
0.084525000955,1.637
0.084550000955,1.60575
0.084575000955,1.60575
0.084600000955,1.60575
0.084625000955,1.60575
0.084650000955,1.60575
0.084675000955,1.60575
0.084700000955,1.60575
0.084725000955,1.60575
0.084750000955,1.637
0.084775000955,1.637
0.084800000955,1.637
0.084825000955,1.60575
0.084850000955,1.60575
0.084875000955,1.60575
0.084900000955,1.60575
0.084925000955,1.60575
0.084950000955,1.60575
0.084975000955,1.637
0.085000000955,1.60575
0.085025000955,1.637
0.085050000955,1.60575
0.085075000955,1.637
0.085100000955,1.5745
0.085125000955,1.60575
0.085150000955,1.60575
0.085175000955,1.60575
0.085200000955,1.60575
0.085225000955,1.60575
0.085250000955,1.637
0.085275000955,1.637
0.085300000955,1.60575
0.085325000955,1.637
0.085350000955,1.60575
0.085375000955,1.60575
0.085400000955,1.637
0.085425000955,1.60575
0.085450000955,1.5745
0.085475000955,1.60575
0.085500000955,1.60575
0.085525000955,1.5745
0.085550000955,1.60575
0.085575000955,1.637
0.085600000955,1.637
0.085625000955,1.5745
0.085650000955,1.637
0.085675000955,1.60575
0.085700000955,1.637
0.085725000955,1.60575
0.085750000955,1.60575
0.085775000955,1.60575
0.085800000955,1.60575
0.085825000955,1.60575
0.085850000955,1.637
0.085875000955,1.60575
0.085900000955,1.5745
0.085925000955,1.5745
0.085950000955,1.60575
0.085975000955,1.60575
0.086000000955,1.60575
0.086025000955,1.60575
0.086050000955,1.5745
0.086075000955,1.637
0.086100000955,1.60575
0.086125000955,1.60575
0.086150000955,1.60575
0.086175000955,1.60575
0.086200000955,1.60575
0.086225000955,1.5745
0.086250000955,1.60575
0.086275000955,1.60575
0.086300000955,1.60575
0.086325000955,1.60575
0.086350000955,1.60575
0.086375000955,1.60575
0.086400000955,1.60575
0.086425000955,1.5745
0.086450000955,1.60575
0.086475000955,1.60575
0.086500000955,1.60575
0.086525000955,1.60575
0.086550000955,1.60575
0.086575000955,1.60575
0.086600000955,1.60575
0.086625000955,1.60575
0.086650000955,1.60575
0.086675000955,1.60575
0.086700000955,1.60575
0.086725000955,1.60575
0.086750000955,1.60575
0.086775000955,1.60575
0.086800000955,1.60575
0.086825000955,1.60575
0.086850000955,1.60575
0.086875000955,1.60575
0.086900000955,1.60575
0.086925000955,1.5745
0.086950000955,1.60575
0.086975000955,1.5745
0.087000000955,1.60575
0.087025000955,1.60575
0.087050000955,1.60575
0.087075000955,1.637
0.087100000955,1.5745
0.087125000955,1.60575
0.087150000955,1.60575
0.087175000955,1.5745
0.087200000955,1.60575
0.087225000955,1.5745
0.087250000955,1.60575
0.087275000955,1.60575
0.087300000955,1.60575
0.087325000955,1.60575
0.087350000955,1.637
0.087375000955,1.60575
0.087400000955,1.60575
0.087425000955,1.60575
0.087450000955,1.60575
0.087475000955,1.60575
0.087500000955,1.60575
0.087525000955,1.60575
0.087550000955,1.60575
0.087575000955,1.5745
0.087600000955,1.637
0.087625000955,1.637
0.087650000955,1.60575
0.087675000955,1.637
0.087700000955,1.5745
0.087725000955,1.60575
0.087750000955,1.60575
0.087775000955,1.60575
0.087800000955,1.5745
0.087825000955,1.60575
0.087850000955,1.60575
0.087875000955,1.60575
0.087900000955,1.60575
0.087925000955,1.60575
0.087950000955,1.60575
0.087975000955,1.60575
0.088000000955,1.60575
0.088025000955,1.60575
0.088050000955,1.60575
0.088075000955,1.60575
0.088100000955,1.637
0.088125000955,1.60575
0.088150000955,1.637
0.088175000955,1.60575
0.088200000955,1.60575
0.088225000955,1.60575
0.088250000955,1.5745
0.088275000955,1.60575
0.088300000955,1.60575
0.088325000955,1.5745
0.088350000955,1.60575
0.088375000955,1.5745
0.088400000955,1.60575
0.088425000955,1.5745
0.088450000955,1.5745
0.088475000955,1.637
0.088500000955,1.60575
0.088525000955,1.60575
0.088550000955,1.60575
0.088575000955,1.60575
0.088600000955,1.5745
0.088625000955,1.60575
0.088650000955,1.60575
0.088675000955,1.60575
0.088700000955,1.60575
0.088725000955,1.5745
0.088750000955,1.60575
0.088775000955,1.60575
0.088800000955,1.60575
0.088825000955,1.5745
0.088850000955,1.60575
0.088875000955,1.5745
0.088900000955,1.54325
0.088925000955,1.5745
0.088950000955,1.60575
0.088975000955,1.5745
0.089000000955,1.60575
0.089025000955,1.5745
0.089050000955,1.60575
0.089075000955,1.60575
0.089100000955,1.60575
0.089125000955,1.60575
0.089150000955,1.60575
0.089175000955,1.60575
0.089200000955,1.60575
0.089225000955,1.5745
0.089250000955,1.5745
0.089275000955,1.5745
0.089300000955,1.60575
0.089325000955,1.60575
0.089350000955,1.60575
0.089375000955,1.5745
0.089400000955,1.5745
0.089425000955,1.60575
0.089450000955,1.5745
0.089475000955,1.5745
0.089500000955,1.60575
0.089525000955,1.60575
0.089550000955,1.54325
0.089575000955,1.60575
0.089600000955,1.637
0.089625000955,1.5745
0.089650000955,1.60575
0.089675000955,1.60575
0.089700000955,1.5745
0.089725000955,1.5745
0.089750000955,1.5745
0.089775000955,1.60575
0.089800000955,1.5745
0.089825000955,1.5745
0.089850000955,1.5745
0.089875000955,1.5745
0.089900000955,1.60575
0.089925000955,1.5745
0.089950000955,1.5745
0.089975000955,1.5745
0.090000000955,1.60575
0.090025000955,1.5745
0.090050000955,1.60575
0.090075000955,1.60575
0.090100000955,1.5745
0.090125000955,1.5745
0.090150000955,1.60575
0.090175000955,1.5745
0.090200000955,1.60575
0.090225000955,1.637
0.090250000955,1.637
0.090275000955,1.60575
0.090300000955,1.5745
0.090325000955,1.54325
0.090350000955,1.5745
0.090375000955,1.5745
0.090400000955,1.5745
0.090425000955,1.5745
0.090450000955,1.5745
0.090475000955,1.60575
0.090500000955,1.60575
0.090525000955,1.5745
0.090550000955,1.5745
0.090575000955,1.54325
0.090600000955,1.5745
0.090625000955,1.5745
0.090650000955,1.60575
0.090675000955,1.5745
0.090700000955,1.5745
0.090725000955,1.60575
0.090750000955,1.60575
0.090775000955,1.5745
0.090800000955,1.5745
0.090825000955,1.60575
0.090850000955,1.5745
0.090875000955,1.60575
0.090900000955,1.5745
0.090925000955,1.5745
0.090950000955,1.60575
0.090975000955,1.5745
0.091000000955,1.5745
0.091025000955,1.5745
0.091050000955,1.60575
0.091075000955,1.5745
0.091100000955,1.60575
0.091125000955,1.60575
0.091150000955,1.60575
0.091175000955,1.60575
0.091200000955,1.5745
0.091225000955,1.5745
0.091250000955,1.5745
0.091275000955,1.60575
0.091300000955,1.5745
0.091325000955,1.60575
0.091350000955,1.60575
0.091375000955,1.60575
0.091400000955,1.60575
0.091425000955,1.60575
0.091450000955,1.5745
0.091475000955,1.5745
0.091500000955,1.54325
0.091525000955,1.5745
0.091550000955,1.5745
0.091575000955,1.5745
0.091600000955,1.60575
0.091625000955,1.5745
0.091650000955,1.5745
0.091675000955,1.5745
0.091700000955,1.5745
0.091725000955,1.5745
0.091750000955,1.5745
0.091775000955,1.60575
0.091800000955,1.60575
0.091825000955,1.5745
0.091850000955,1.5745
0.091875000955,1.5745
0.091900000955,1.5745
0.091925000955,1.5745
0.091950000955,1.5745
0.091975000955,1.5745
0.092000000955,1.5745
0.092025000955,1.5745
0.092050000955,1.5745
0.092075000955,1.5745
0.092100000955,1.60575
0.092125000955,1.5745
0.092150000955,1.5745
0.092175000955,1.5745
0.092200000955,1.5745
0.092225000955,1.60575
0.092250000955,1.5745
0.092275000955,1.60575
0.092300000955,1.60575
0.092325000955,1.60575
0.092350000955,1.54325
0.092375000955,1.60575
0.092400000955,1.54325
0.092425000955,1.60575
0.092450000955,1.5745
0.092475000955,1.5745
0.092500000955,1.54325
0.092525000955,1.5745
0.092550000955,1.54325
0.092575000955,1.5745
0.092600000955,1.5745
0.092625000955,1.5745
0.092650000955,1.54325
0.092675000955,1.5745
0.092700000955,1.5745
0.092725000955,1.60575
0.092750000955,1.60575
0.092775000955,1.5745
0.092800000955,1.54325
0.092825000955,1.5745
0.092850000955,1.5745
0.092875000955,1.5745
0.092900000955,1.5745
0.092925000955,1.5745
0.092950000955,1.60575
0.092975000955,1.5745
0.093000000955,1.5745
0.093025000955,1.60575
0.093050000955,1.60575
0.093075000955,1.5745
0.093100000955,1.5745
0.093125000955,1.5745
0.093150000955,1.5745
0.093175000955,1.54325
0.093200000955,1.5745
0.093225000955,1.5745
0.093250000955,1.5745
0.093275000955,1.5745
0.093300000955,1.5745
0.093325000955,1.54325
0.093350000955,1.54325
0.093375000955,1.54325
0.093400000955,1.60575
0.093425000955,1.5745
0.093450000955,1.5745
0.093475000955,1.5745
0.093500000955,1.60575
0.093525000955,1.60575
0.093550000955,1.5745
0.093575000955,1.60575
0.093600000955,1.60575
0.093625000955,1.5745
0.093650000955,1.5745
0.093675000955,1.60575
0.093700000955,1.5745
0.093725000955,1.5745
0.093750000955,1.5745
0.093775000955,1.60575
0.093800000955,1.5745
0.093825000955,1.5745
0.093850000955,1.5745
0.093875000955,1.5745
0.093900000955,1.5745
0.093925000955,1.5745
0.093950000955,1.5745
0.093975000955,1.5745
0.094000000955,1.5745
0.094025000955,1.60575
0.094050000955,1.54325
0.094075000955,1.60575
0.094100000955,1.5745
0.094125000955,1.5745
0.094150000955,1.5745
0.094175000955,1.5745
0.094200000955,1.54325
0.094225000955,1.5745
0.094250000955,1.5745
0.094275000955,1.54325
0.094300000955,1.5745
0.094325000955,1.5745
0.094350000955,1.5745
0.094375000955,1.5745
0.094400000955,1.60575
0.094425000955,1.60575
0.094450000955,1.5745
0.094475000955,1.60575
0.094500000955,1.54325
0.094525000955,1.5745
0.094550000955,1.5745
0.094575000955,1.5745
0.094600000955,1.5745
0.094625000955,1.54325
0.094650000955,1.5745
0.094675000955,1.5745
0.094700000955,1.5745
0.094725000955,1.5745
0.094750000955,1.60575
0.094775000955,1.60575
0.094800000955,1.5745
0.094825000955,1.5745
0.094850000955,1.54325
0.094875000955,1.60575
0.094900000955,1.54325
0.094925000955,1.5745
0.094950000955,1.5745
0.094975000955,1.5745
0.095000000955,1.54325
0.095025000955,1.54325
0.095050000955,1.54325
0.095075000955,1.5745
0.095100000955,1.5745
0.095125000955,1.5745
0.095150000955,1.54325
0.095175000955,1.60575
0.095200000955,1.5745
0.095225000955,1.54325
0.095250000955,1.5745
0.095275000955,1.54325
0.095300000955,1.60575
0.095325000955,1.54325
0.095350000955,1.54325
0.095375000955,1.5745
0.095400000955,1.5745
0.095425000955,1.5745
0.095450000955,1.54325
0.095475000955,1.54325
0.095500000955,1.5745
0.095525000955,1.5745
0.095550000955,1.54325
0.095575000955,1.54325
0.095600000955,1.5745
0.095625000955,1.60575
0.095650000955,1.5745
0.095675000955,1.54325
0.095700000955,1.5745
0.095725000955,1.512
0.095750000955,1.5745
0.095775000955,1.5745
0.095800000955,1.54325
0.095825000955,1.54325
0.095850000955,1.5745
0.095875000955,1.54325
0.095900000955,1.60575
0.095925000955,1.54325
0.095950000955,1.54325
0.095975000955,1.54325
0.096000000955,1.5745
0.096025000955,1.5745
0.096050000955,1.54325
0.096075000955,1.60575
0.096100000955,1.54325
0.096125000955,1.5745
0.096150000955,1.5745
0.096175000955,1.5745
0.096200000955,1.54325
0.096225000955,1.54325
0.096250000955,1.54325
0.096275000955,1.5745
0.096300000955,1.54325
0.096325000955,1.5745
0.096350000955,1.54325
0.096375000955,1.5745
0.096400000955,1.54325
0.096425000955,1.54325
0.096450000955,1.54325
0.096475000955,1.5745
0.096500000955,1.54325
0.096525000955,1.54325
0.096550000955,1.54325
0.096575000955,1.54325
0.096600000955,1.5745
0.096625000955,1.5745
0.096650000955,1.5745
0.096675000955,1.54325
0.096700000955,1.54325
0.096725000955,1.5745
0.096750000955,1.5745
0.096775000955,1.5745
0.096800000955,1.54325
0.096825000955,1.5745
0.096850000955,1.54325
0.096875000955,1.5745
0.096900000955,1.54325
0.096925000955,1.5745
0.096950000955,1.54325
0.096975000955,1.5745
0.097000000955,1.5745
0.097025000955,1.54325
0.097050000955,1.5745
0.097075000955,1.5745
0.097100000955,1.54325
0.097125000955,1.54325
0.097150000955,1.5745
0.097175000955,1.5745
0.097200000955,1.5745
0.097225000955,1.54325
0.097250000955,1.54325
0.097275000955,1.54325
0.097300000955,1.5745
0.097325000955,1.54325
0.097350000955,1.60575
0.097375000955,1.54325
0.097400000955,1.54325
0.097425000955,1.54325
0.097450000955,1.5745
0.097475000955,1.5745
0.097500000955,1.5745
0.097525000955,1.54325
0.097550000955,1.54325
0.097575000955,1.54325
0.097600000955,1.54325
0.097625000955,1.512
0.097650000955,1.54325
0.097675000955,1.5745
0.097700000955,1.54325
0.097725000955,1.54325
0.097750000955,1.512
0.097775000955,1.54325
0.097800000955,1.5745
0.097825000955,1.5745
0.097850000955,1.5745
0.097875000955,1.5745
0.097900000955,1.54325
0.097925000955,1.54325
0.097950000955,1.5745
0.097975000955,1.54325
0.098000000955,1.5745
0.098025000955,1.5745
0.098050000955,1.5745
0.098075000955,1.54325
0.098100000955,1.60575
0.098125000955,1.54325
0.098150000955,1.54325
0.098175000955,1.54325
0.098200000955,1.54325
0.098225000955,1.5745
0.098250000955,1.54325
0.098275000955,1.54325
0.098300000955,1.54325
0.098325000955,1.5745
0.098350000955,1.5745
0.098375000955,1.5745
0.098400000955,1.54325
0.098425000955,1.5745
0.098450000955,1.54325
0.098475000955,1.54325
0.098500000955,1.512
0.098525000955,1.5745
0.098550000955,1.54325
0.098575000955,1.5745
0.098600000955,1.54325
0.098625000955,1.54325
0.098650000955,1.54325
0.098675000955,1.54325
0.098700000955,1.54325
0.098725000955,1.54325
0.098750000955,1.54325
0.098775000955,1.54325
0.098800000955,1.54325
0.098825000955,1.5745
0.098850000955,1.5745
0.098875000955,1.54325
0.098900000955,1.5745
0.098925000955,1.5745
0.098950000955,1.54325
0.098975000955,1.54325
0.099000000955,1.5745
0.099025000955,1.54325
0.099050000955,1.54325
0.099075000955,1.5745
0.099100000955,1.5745
0.099125000955,1.512
0.099150000955,1.54325
0.099175000955,1.54325
0.099200000955,1.54325
0.099225000955,1.54325
0.099250000955,1.5745
0.099275000955,1.5745
0.099300000955,1.54325
0.099325000955,1.5745
0.099350000955,1.5745
0.099375000955,1.5745
0.099400000955,1.54325
0.099425000955,1.54325
0.099450000955,1.54325
0.099475000955,1.54325
0.099500000955,1.5745
0.099525000955,1.54325
0.099550000955,1.54325
0.099575000955,1.54325
0.099600000955,1.5745
0.099625000955,1.54325
0.099650000955,1.54325
0.099675000955,1.54325
0.099700000955,1.54325
0.099725000955,1.54325
0.099750000955,1.5745
0.099775000955,1.5745
0.099800000955,1.54325
0.099825000955,1.5745
0.099850000955,1.512
0.099875000955,1.512
0.099900000955,1.54325
0.099925000955,1.54325
0.099950000955,1.512
0.099975000955,1.54325
0.100000000955,1.54325
0.100025000955,1.5745
0.100050000955,1.5745
0.100075000955,1.54325
0.100100000955,1.54325
0.100125000955,1.5745
0.100150000955,1.512
0.100175000955,1.512
0.100200000955,1.512
0.100225000955,1.54325
0.100250000955,1.5745
0.100275000955,1.54325
0.100300000955,1.512
0.100325000955,1.54325
0.100350000955,1.54325
0.100375000955,1.54325
0.100400000955,1.54325
0.100425000955,1.54325
0.100450000955,1.5745
0.100475000955,1.512
0.100500000955,1.512
0.100525000955,1.54325
0.100550000955,1.48075
0.100575000955,1.54325
0.100600000955,1.54325
0.100625000955,1.5745
0.100650000955,1.54325
0.100675000955,1.54325
0.100700000955,1.54325
0.100725000955,1.5745
0.100750000955,1.54325
0.100775000955,1.5745
0.100800000955,1.512
0.100825000955,1.5745
0.100850000955,1.5745
0.100875000955,1.512
0.100900000955,1.54325
0.100925000955,1.512
0.100950000955,1.54325
0.100975000955,1.54325
0.101000000955,1.5745
0.101025000955,1.54325
0.101050000955,1.54325
0.101075000955,1.54325
0.101100000955,1.54325
0.101125000955,1.512
0.101150000955,1.54325
0.101175000955,1.54325
0.101200000955,1.5745
0.101225000955,1.54325
0.101250000955,1.54325
0.101275000955,1.54325
0.101300000955,1.54325
0.101325000955,1.54325
0.101350000955,1.54325
0.101375000955,1.54325
0.101400000955,1.54325
0.101425000955,1.54325
0.101450000955,1.54325
0.101475000955,1.512
0.101500000955,1.54325
0.101525000955,1.512
0.101550000955,1.54325
0.101575000955,1.54325
0.101600000955,1.54325
0.101625000955,1.54325
0.101650000955,1.54325
0.101675000955,1.512
0.101700000955,1.54325
0.101725000955,1.54325
0.101750000955,1.54325
0.101775000955,1.512
0.101800000955,1.54325
0.101825000955,1.54325
0.101850000955,1.54325
0.101875000955,1.54325
0.101900000955,1.54325
0.101925000955,1.54325
0.101950000955,1.512
0.101975000955,1.512
0.102000000955,1.54325
0.102025000955,1.54325
0.102050000955,1.5745
0.102075000955,1.512
0.102100000955,1.512
0.102125000955,1.54325
0.102150000955,1.54325
0.102175000955,1.54325
0.102200000955,1.512
0.102225000955,1.512
0.102250000955,1.512
0.102275000955,1.54325
0.102300000955,1.54325
0.102325000955,1.5745
0.102350000955,1.512
0.102375000955,1.54325
0.102400000955,1.54325
0.102425000955,1.54325
0.102450000955,1.512
0.102475000955,1.512
0.102500000955,1.54325
0.102525000955,1.54325
0.102550000955,1.48075
0.102575000955,1.54325
0.102600000955,1.54325
0.102625000955,1.512
0.102650000955,1.54325
0.102675000955,1.54325
0.102700000955,1.512
0.102725000955,1.512
0.102750000955,1.512
0.102775000955,1.512
0.102800000955,1.54325
0.102825000955,1.54325
0.102850000955,1.512
0.102875000955,1.512
0.102900000955,1.512
0.102925000955,1.512
0.102950000955,1.54325
0.102975000955,1.5745
0.103000000955,1.54325
0.103025000955,1.54325
0.103050000955,1.512
0.103075000955,1.512
0.103100000955,1.54325
0.103125000955,1.54325
0.103150000955,1.54325
0.103175000955,1.512
0.103200000955,1.54325
0.103225000955,1.54325
0.103250000955,1.5745
0.103275000955,1.54325
0.103300000955,1.512
0.103325000955,1.512
0.103350000955,1.54325
0.103375000955,1.54325
0.103400000955,1.512
0.103425000955,1.512
0.103450000955,1.512
0.103475000955,1.54325
0.103500000955,1.512
0.103525000955,1.512
0.103550000955,1.54325
0.103575000955,1.512
0.103600000955,1.512
0.103625000955,1.54325
0.103650000955,1.512
0.103675000955,1.5745
0.103700000955,1.54325
0.103725000955,1.512
0.103750000955,1.54325
0.103775000955,1.512
0.103800000955,1.54325
0.103825000955,1.54325
0.103850000955,1.54325
0.103875000955,1.54325
0.103900000955,1.54325
0.103925000955,1.54325
0.103950000955,1.512
0.103975000955,1.512
0.104000000955,1.54325
0.104025000955,1.512
0.104050000955,1.54325
0.104075000955,1.512
0.104100000955,1.512
0.104125000955,1.512
0.104150000955,1.54325
0.104175000955,1.512
0.104200000955,1.5745
0.104225000955,1.54325
0.104250000955,1.54325
0.104275000955,1.54325
0.104300000955,1.512
0.104325000955,1.54325
0.104350000955,1.512
0.104375000955,1.512
0.104400000955,1.512
0.104425000955,1.54325
0.104450000955,1.54325
0.104475000955,1.54325
0.104500000955,1.54325
0.104525000955,1.54325
0.104550000955,1.54325
0.104575000955,1.512
0.104600000955,1.54325
0.104625000955,1.54325
0.104650000955,1.512
0.104675000955,1.512
0.104700000955,1.5745
0.104725000955,1.512
0.104750000955,1.512
0.104775000955,1.512
0.104800000955,1.512
0.104825000955,1.54325
0.104850000955,1.512
0.104875000955,1.512
0.104900000955,1.512
0.104925000955,1.512
0.104950000955,1.512
0.104975000955,1.54325
0.105000000955,1.54325
0.105025000955,1.54325
0.105050000955,1.48075
0.105075000955,1.54325
0.105100000955,1.512
0.105125000955,1.48075
0.105150000955,1.512
0.105175000955,1.512
0.105200000955,1.512
0.105225000955,1.512
0.105250000955,1.54325
0.105275000955,1.512
0.105300000955,1.54325
0.105325000955,1.54325
0.105350000955,1.54325
0.105375000955,1.54325
0.105400000955,1.54325
0.105425000955,1.5745
0.105450000955,1.54325
0.105475000955,1.54325
0.105500000955,1.512
0.105525000955,1.512
0.105550000955,1.512
0.105575000955,1.512
0.105600000955,1.512
0.105625000955,1.512
0.105650000955,1.512
0.105675000955,1.512
0.105700000955,1.512
0.105725000955,1.512
0.105750000955,1.512
0.105775000955,1.512
0.105800000955,1.512
0.105825000955,1.512
0.105850000955,1.512
0.105875000955,1.54325
0.105900000955,1.512
0.105925000955,1.512
0.105950000955,1.512
0.105975000955,1.512
0.106000000955,1.512
0.106025000955,1.512
0.106050000955,1.512
0.106075000955,1.512
0.106100000955,1.54325
0.106125000955,1.54325
0.106150000955,1.54325
0.106175000955,1.512
0.106200000955,1.54325
0.106225000955,1.54325
0.106250000955,1.54325
0.106275000955,1.512
0.106300000955,1.512
0.106325000955,1.512
0.106350000955,1.54325
0.106375000955,1.54325
0.106400000955,1.48075
0.106425000955,1.54325
0.106450000955,1.512
0.106475000955,1.48075
0.106500000955,1.54325
0.106525000955,1.512
0.106550000955,1.512
0.106575000955,1.54325
0.106600000955,1.54325
0.106625000955,1.512
0.106650000955,1.512
0.106675000955,1.54325
0.106700000955,1.54325
0.106725000955,1.512
0.106750000955,1.54325
0.106775000955,1.512
0.106800000955,1.48075
0.106825000955,1.512
0.106850000955,1.54325
0.106875000955,1.512
0.106900000955,1.48075
0.106925000955,1.512
0.106950000955,1.512
0.106975000955,1.512
0.107000000955,1.48075
0.107025000955,1.512
0.107050000955,1.512
0.107075000955,1.512
0.107100000955,1.512
0.107125000955,1.512
0.107150000955,1.512
0.107175000955,1.512
0.107200000955,1.512
0.107225000955,1.512
0.107250000955,1.512
0.107275000955,1.54325
0.107300000955,1.512
0.107325000955,1.512
0.107350000955,1.48075
0.107375000955,1.512
0.107400000955,1.512
0.107425000955,1.48075
0.107450000955,1.48075
0.107475000955,1.512
0.107500000955,1.54325
0.107525000955,1.512
0.107550000955,1.512
0.107575000955,1.48075
0.107600000955,1.48075
0.107625000955,1.512
0.107650000955,1.512
0.107675000955,1.48075
0.107700000955,1.512
0.107725000955,1.512
0.107750000955,1.512
0.107775000955,1.512
0.107800000955,1.512
0.107825000955,1.512
0.107850000955,1.48075
0.107875000955,1.512
0.107900000955,1.512
0.107925000955,1.512
0.107950000955,1.512
0.107975000955,1.512
0.108000000955,1.512
0.108025000955,1.54325
0.108050000955,1.512
0.108075000955,1.48075
0.108100000955,1.512
0.108125000955,1.512
0.108150000955,1.54325
0.108175000955,1.512
0.108200000955,1.512
0.108225000955,1.512
0.108250000955,1.512
0.108275000955,1.48075
0.108300000955,1.54325
0.108325000955,1.512
0.108350000955,1.54325
0.108375000955,1.512
0.108400000955,1.48075
0.108425000955,1.512
0.108450000955,1.512
0.108475000955,1.48075
0.108500000955,1.48075
0.108525000955,1.512
0.108550000955,1.512
0.108575000955,1.512
0.108600000955,1.512
0.108625000955,1.512
0.108650000955,1.512
0.108675000955,1.512
0.108700000955,1.54325
0.108725000955,1.512
0.108750000955,1.512
0.108775000955,1.48075
0.108800000955,1.54325
0.108825000955,1.512
0.108850000955,1.512
0.108875000955,1.512
0.108900000955,1.54325
0.108925000955,1.512
0.108950000955,1.512
0.108975000955,1.512
0.109000000955,1.512
0.109025000955,1.512
0.109050000955,1.512
0.109075000955,1.512
0.109100000955,1.512
0.109125000955,1.512
0.109150000955,1.512
0.109175000955,1.512
0.109200000955,1.512
0.109225000955,1.512
0.109250000955,1.512
0.109275000955,1.48075
0.109300000955,1.48075
0.109325000955,1.512
0.109350000955,1.512
0.109375000955,1.48075
0.109400000955,1.512
0.109425000955,1.512
0.109450000955,1.512
0.109475000955,1.512
0.109500000955,1.512
0.109525000955,1.512
0.109550000955,1.512
0.109575000955,1.48075
0.109600000955,1.48075
0.109625000955,1.512
0.109650000955,1.512
0.109675000955,1.48075
0.109700000955,1.512
0.109725000955,1.512
0.109750000955,1.512
0.109775000955,1.48075
0.109800000955,1.54325
0.109825000955,1.54325
0.109850000955,1.512
0.109875000955,1.512
0.109900000955,1.512
0.109925000955,1.512
0.109950000955,1.512
0.109975000955,1.512
0.110000000955,1.48075
0.110025000955,1.4495
0.110050000955,1.48075
0.110075000955,1.512
0.110100000955,1.512
0.110125000955,1.48075
0.110150000955,1.512
0.110175000955,1.54325
0.110200000955,1.54325
0.110225000955,1.48075
0.110250000955,1.512
0.110275000955,1.512
0.110300000955,1.512
0.110325000955,1.48075
0.110350000955,1.512
0.110375000955,1.512
0.110400000955,1.512
0.110425000955,1.54325
0.110450000955,1.512
0.110475000955,1.48075
0.110500000955,1.54325
0.110525000955,1.512
0.110550000955,1.48075
0.110575000955,1.512
0.110600000955,1.512
0.110625000955,1.48075
0.110650000955,1.512
0.110675000955,1.48075
0.110700000955,1.512
0.110725000955,1.512
0.110750000955,1.512
0.110775000955,1.512
0.110800000955,1.4495
0.110825000955,1.48075
0.110850000955,1.48075
0.110875000955,1.512
0.110900000955,1.48075
0.110925000955,1.512
0.110950000955,1.512
0.110975000955,1.512
0.111000000955,1.512
0.111025000955,1.512
0.111050000955,1.512
0.111075000955,1.48075
0.111100000955,1.48075
0.111125000955,1.512
0.111150000955,1.512
0.111175000955,1.48075
0.111200000955,1.512
0.111225000955,1.512
0.111250000955,1.512
0.111275000955,1.512
0.111300000955,1.48075
0.111325000955,1.512
0.111350000955,1.48075
0.111375000955,1.48075
0.111400000955,1.512
0.111425000955,1.512
0.111450000955,1.512
0.111475000955,1.512
0.111500000955,1.48075
0.111525000955,1.48075
0.111550000955,1.512
0.111575000955,1.48075
0.111600000955,1.48075
0.111625000955,1.512
0.111650000955,1.512
0.111675000955,1.48075
0.111700000955,1.512
0.111725000955,1.48075
0.111750000955,1.512
0.111775000955,1.4495
0.111800000955,1.512
0.111825000955,1.48075
0.111850000955,1.512
0.111875000955,1.48075
0.111900000955,1.48075
0.111925000955,1.512
0.111950000955,1.512
0.111975000955,1.48075
0.112000000955,1.48075
0.112025000955,1.48075
0.112050000955,1.512
0.112075000955,1.48075
0.112100000955,1.512
0.112125000955,1.512
0.112150000955,1.48075
0.112175000955,1.512
0.112200000955,1.48075
0.112225000955,1.512
0.112250000955,1.48075
0.112275000955,1.48075
0.112300000955,1.48075
0.112325000955,1.48075
0.112350000955,1.48075
0.112375000955,1.48075
0.112400000955,1.48075
0.112425000955,1.48075
0.112450000955,1.54325
0.112475000955,1.48075
0.112500000955,1.512
0.112525000955,1.512
0.112550000955,1.512
0.112575000955,1.512
0.112600000955,1.512
0.112625000955,1.512
0.112650000955,1.512
0.112675000955,1.48075
0.112700000955,1.512
0.112725000955,1.48075
0.112750000955,1.48075
0.112775000955,1.512
0.112800000955,1.512
0.112825000955,1.512
0.112850000955,1.48075
0.112875000955,1.48075
0.112900000955,1.48075
0.112925000955,1.48075
0.112950000955,1.512
0.112975000955,1.512
0.113000000955,1.512
0.113025000955,1.512
0.113050000955,1.48075
0.113075000955,1.48075
0.113100000955,1.4495
0.113125000955,1.48075
0.113150000955,1.4495
0.113175000955,1.48075
0.113200000955,1.48075
0.113225000955,1.48075
0.113250000955,1.48075
0.113275000955,1.48075
0.113300000955,1.48075
0.113325000955,1.512
0.113350000955,1.48075
0.113375000955,1.48075
0.113400000955,1.48075
0.113425000955,1.48075
0.113450000955,1.48075
0.113475000955,1.4495
0.113500000955,1.48075
0.113525000955,1.512
0.113550000955,1.512
0.113575000955,1.48075
0.113600000955,1.48075
0.113625000955,1.512
0.113650000955,1.48075
0.113675000955,1.48075
0.113700000955,1.512
0.113725000955,1.512
0.113750000955,1.4495
0.113775000955,1.512
0.113800000955,1.48075
0.113825000955,1.512
0.113850000955,1.48075
0.113875000955,1.48075
0.113900000955,1.48075
0.113925000955,1.512
0.113950000955,1.4495
0.113975000955,1.512
0.114000000955,1.512
0.114025000955,1.48075
0.114050000955,1.48075
0.114075000955,1.512
0.114100000955,1.48075
0.114125000955,1.512
0.114150000955,1.512
0.114175000955,1.512
0.114200000955,1.512
0.114225000955,1.48075
0.114250000955,1.48075
0.114275000955,1.4495
0.114300000955,1.512
0.114325000955,1.48075
0.114350000955,1.512
0.114375000955,1.4495
0.114400000955,1.48075
0.114425000955,1.512
0.114450000955,1.48075
0.114475000955,1.512
0.114500000955,1.48075
0.114525000955,1.512
0.114550000955,1.48075
0.114575000955,1.512
0.114600000955,1.512
0.114625000955,1.48075
0.114650000955,1.48075
0.114675000955,1.4495
0.114700000955,1.512
0.114725000955,1.48075
0.114750000955,1.512
0.114775000955,1.48075
0.114800000955,1.48075
0.114825000955,1.48075
0.114850000955,1.512
0.114875000955,1.48075
0.114900000955,1.48075
0.114925000955,1.512
0.114950000955,1.512
0.114975000955,1.48075
0.115000000955,1.512
0.115025000955,1.48075
0.115050000955,1.4495
0.115075000955,1.4495
0.115100000955,1.48075
0.115125000955,1.512
0.115150000955,1.48075
0.115175000955,1.4495
0.115200000955,1.48075
0.115225000955,1.48075
0.115250000955,1.48075
0.115275000955,1.48075
0.115300000955,1.48075
0.115325000955,1.512
0.115350000955,1.512
0.115375000955,1.48075
0.115400000955,1.48075
0.115425000955,1.48075
0.115450000955,1.48075
0.115475000955,1.48075
0.115500000955,1.4495
0.115525000955,1.512
0.115550000955,1.48075
0.115575000955,1.4495
0.115600000955,1.48075
0.115625000955,1.48075
0.115650000955,1.48075
0.115675000955,1.48075
0.115700000955,1.512
0.115725000955,1.4495
0.115750000955,1.48075
0.115775000955,1.48075
0.115800000955,1.48075
0.115825000955,1.4495
0.115850000955,1.48075
0.115875000955,1.48075
0.115900000955,1.48075
0.115925000955,1.48075
0.115950000955,1.512
0.115975000955,1.48075
0.116000000955,1.512
0.116025000955,1.48075
0.116050000955,1.4495
0.116075000955,1.48075
0.116100000955,1.48075
0.116125000955,1.48075
0.116150000955,1.48075
0.116175000955,1.4495
0.116200000955,1.48075
0.116225000955,1.48075
0.116250000955,1.48075
0.116275000955,1.48075
0.116300000955,1.512
0.116325000955,1.512
0.116350000955,1.48075
0.116375000955,1.48075
0.116400000955,1.512
0.116425000955,1.512
0.116450000955,1.48075
0.116475000955,1.4495
0.116500000955,1.48075
0.116525000955,1.48075
0.116550000955,1.48075
0.116575000955,1.512
0.116600000955,1.48075
0.116625000955,1.4495
0.116650000955,1.48075
0.116675000955,1.48075
0.116700000955,1.48075
0.116725000955,1.512
0.116750000955,1.48075
0.116775000955,1.48075
0.116800000955,1.512
0.116825000955,1.512
0.116850000955,1.48075
0.116875000955,1.48075
0.116900000955,1.48075
0.116925000955,1.48075
0.116950000955,1.48075
0.116975000955,1.48075
0.117000000955,1.48075
0.117025000955,1.48075
0.117050000955,1.48075
0.117075000955,1.48075
0.117100000955,1.48075
0.117125000955,1.48075
0.117150000955,1.48075
0.117175000955,1.48075
0.117200000955,1.48075
0.117225000955,1.48075
0.117250000955,1.48075
0.117275000955,1.48075
0.117300000955,1.4495
0.117325000955,1.48075
0.117350000955,1.48075
0.117375000955,1.48075
0.117400000955,1.48075
0.117425000955,1.48075
0.117450000955,1.4495
0.117475000955,1.4495
0.117500000955,1.48075
0.117525000955,1.48075
0.117550000955,1.512
0.117575000955,1.4495
0.117600000955,1.48075
0.117625000955,1.48075
0.117650000955,1.48075
0.117675000955,1.48075
0.117700000955,1.48075
0.117725000955,1.48075
0.117750000955,1.48075
0.117775000955,1.512
0.117800000955,1.48075
0.117825000955,1.48075
0.117850000955,1.4495
0.117875000955,1.48075
0.117900000955,1.48075
0.117925000955,1.48075
0.117950000955,1.512
0.117975000955,1.48075
0.118000000955,1.4495
0.118025000955,1.48075
0.118050000955,1.4495
0.118075000955,1.512
0.118100000955,1.48075
0.118125000955,1.48075
0.118150000955,1.48075
0.118175000955,1.48075
0.118200000955,1.512
0.118225000955,1.4495
0.118250000955,1.48075
0.118275000955,1.48075
0.118300000955,1.512
0.118325000955,1.48075
0.118350000955,1.48075
0.118375000955,1.48075
0.118400000955,1.4495
0.118425000955,1.48075
0.118450000955,1.4495
0.118475000955,1.4495
0.118500000955,1.48075
0.118525000955,1.48075
0.118550000955,1.4495
0.118575000955,1.4495
0.118600000955,1.48075
0.118625000955,1.4495
0.118650000955,1.48075
0.118675000955,1.48075
0.118700000955,1.4495
0.118725000955,1.4495
0.118750000955,1.48075
0.118775000955,1.4495
0.118800000955,1.4495
0.118825000955,1.41825
0.118850000955,1.4495
0.118875000955,1.48075
0.118900000955,1.48075
0.118925000955,1.4495
0.118950000955,1.4495
0.118975000955,1.48075
0.119000000955,1.4495
0.119025000955,1.48075
0.119050000955,1.4495
0.119075000955,1.48075
0.119100000955,1.41825
0.119125000955,1.4495
0.119150000955,1.48075
0.119175000955,1.4495
0.119200000955,1.4495
0.119225000955,1.4495
0.119250000955,1.48075
0.119275000955,1.48075
0.119300000955,1.48075
0.119325000955,1.4495
0.119350000955,1.4495
0.119375000955,1.4495
0.119400000955,1.4495
0.119425000955,1.4495
0.119450000955,1.4495
0.119475000955,1.4495
0.119500000955,1.48075
0.119525000955,1.4495
0.119550000955,1.4495
0.119575000955,1.48075
0.119600000955,1.48075
0.119625000955,1.48075
0.119650000955,1.41825
0.119675000955,1.4495
0.119700000955,1.4495
0.119725000955,1.4495
0.119750000955,1.512
0.119775000955,1.4495
0.119800000955,1.48075
0.119825000955,1.4495
0.119850000955,1.48075
0.119875000955,1.48075
0.119900000955,1.4495
0.119925000955,1.48075
0.119950000955,1.4495
0.119975000955,1.48075
0.120000000955,1.512
0.120025000955,1.48075
0.120050000955,1.4495
0.120075000955,1.48075
0.120100000955,1.48075
0.120125000955,1.48075
0.120150000955,1.48075
0.120175000955,1.4495
0.120200000955,1.48075
0.120225000955,1.4495
0.120250000955,1.512
0.120275000955,1.48075
0.120300000955,1.4495
0.120325000955,1.4495
0.120350000955,1.48075
0.120375000955,1.48075
0.120400000955,1.4495
0.120425000955,1.4495
0.120450000955,1.4495
0.120475000955,1.4495
0.120500000955,1.4495
0.120525000955,1.4495
0.120550000955,1.4495
0.120575000955,1.4495
0.120600000955,1.4495
0.120625000955,1.48075
0.120650000955,1.48075
0.120675000955,1.4495
0.120700000955,1.48075
0.120725000955,1.4495
0.120750000955,1.48075
0.120775000955,1.4495
0.120800000955,1.4495
0.120825000955,1.48075
0.120850000955,1.48075
0.120875000955,1.4495
0.120900000955,1.4495
0.120925000955,1.4495
0.120950000955,1.48075
0.120975000955,1.48075
0.121000000955,1.4495
0.121025000955,1.4495
0.121050000955,1.4495
0.121075000955,1.4495
0.121100000955,1.41825
0.121125000955,1.4495
0.121150000955,1.4495
0.121175000955,1.48075
0.121200000955,1.4495
0.121225000955,1.48075
0.121250000955,1.48075
0.121275000955,1.48075
0.121300000955,1.48075
0.121325000955,1.4495
0.121350000955,1.48075
0.121375000955,1.48075
0.121400000955,1.4495
0.121425000955,1.4495
0.121450000955,1.48075
0.121475000955,1.41825
0.121500000955,1.48075
0.121525000955,1.4495
0.121550000955,1.48075
0.121575000955,1.4495
0.121600000955,1.4495
0.121625000955,1.4495
0.121650000955,1.4495
0.121675000955,1.4495
0.121700000955,1.48075
0.121725000955,1.48075
0.121750000955,1.41825
0.121775000955,1.4495
0.121800000955,1.48075
0.121825000955,1.48075
0.121850000955,1.4495
0.121875000955,1.41825
0.121900000955,1.4495
0.121925000955,1.4495
0.121950000955,1.41825
0.121975000955,1.48075
0.122000000955,1.4495
0.122025000955,1.4495
0.122050000955,1.4495
0.122075000955,1.4495
0.122100000955,1.48075
0.122125000955,1.41825
0.122150000955,1.4495
0.122175000955,1.48075
0.122200000955,1.4495
0.122225000955,1.4495
0.122250000955,1.48075
0.122275000955,1.4495
0.122300000955,1.4495
0.122325000955,1.48075
0.122350000955,1.4495
0.122375000955,1.4495
0.122400000955,1.4495
0.122425000955,1.4495
0.122450000955,1.4495
0.122475000955,1.4495
0.122500000955,1.41825
0.122525000955,1.4495
0.122550000955,1.41825
0.122575000955,1.41825
0.122600000955,1.41825
0.122625000955,1.4495
0.122650000955,1.41825
0.122675000955,1.48075
0.122700000955,1.4495
0.122725000955,1.4495
0.122750000955,1.4495
0.122775000955,1.48075
0.122800000955,1.48075
0.122825000955,1.4495
0.122850000955,1.4495
0.122875000955,1.4495
0.122900000955,1.4495
0.122925000955,1.4495
0.122950000955,1.4495
0.122975000955,1.4495
0.123000000955,1.48075
0.123025000955,1.4495
0.123050000955,1.4495
0.123075000955,1.4495
0.123100000955,1.4495
0.123125000955,1.4495
0.123150000955,1.4495
0.123175000955,1.4495
0.123200000955,1.41825
0.123225000955,1.48075
0.123250000955,1.4495
0.123275000955,1.4495
0.123300000955,1.4495
0.123325000955,1.4495
0.123350000955,1.4495
0.123375000955,1.4495
0.123400000955,1.4495
0.123425000955,1.4495
0.123450000955,1.4495
0.123475000955,1.4495
0.123500000955,1.4495
0.123525000955,1.48075
0.123550000955,1.48075
0.123575000955,1.4495
0.123600000955,1.48075
0.123625000955,1.41825
0.123650000955,1.4495
0.123675000955,1.4495
0.123700000955,1.48075
0.123725000955,1.4495
0.123750000955,1.41825
0.123775000955,1.4495
0.123800000955,1.4495
0.123825000955,1.4495
0.123850000955,1.4495
0.123875000955,1.41825
0.123900000955,1.4495
0.123925000955,1.48075
0.123950000955,1.4495
0.123975000955,1.4495
0.124000000955,1.4495
0.124025000955,1.41825
0.124050000955,1.4495
0.124075000955,1.41825
0.124100000955,1.4495
0.124125000955,1.41825
0.124150000955,1.4495
0.124175000955,1.41825
0.124200000955,1.4495
0.124225000955,1.4495
0.124250000955,1.41825
0.124275000955,1.41825
0.124300000955,1.48075
0.124325000955,1.4495
0.124350000955,1.41825
0.124375000955,1.4495
0.124400000955,1.4495
0.124425000955,1.4495
0.124450000955,1.4495
0.124475000955,1.4495
0.124500000955,1.4495
0.124525000955,1.4495
0.124550000955,1.4495
0.124575000955,1.41825
0.124600000955,1.4495
0.124625000955,1.4495
0.124650000955,1.41825
0.124675000955,1.48075
0.124700000955,1.4495
0.124725000955,1.4495
0.124750000955,1.41825
0.124775000955,1.41825
0.124800000955,1.4495
0.124825000955,1.41825
0.124850000955,1.4495
0.124875000955,1.4495
0.124900000955,1.4495
0.124925000955,1.48075
0.124950000955,1.41825
0.124975000955,1.4495
0.125000000955,1.41825
0.125025000955,1.4495
0.125050000955,1.41825
0.125075000955,1.41825
0.125100000955,1.41825
0.125125000955,1.4495
0.125150000955,1.41825
0.125175000955,1.41825
0.125200000955,1.48075
0.125225000955,1.41825
0.125250000955,1.41825
0.125275000955,1.41825
0.125300000955,1.48075
0.125325000955,1.4495
0.125350000955,1.4495
0.125375000955,1.4495
0.125400000955,1.4495
0.125425000955,1.4495
0.125450000955,1.41825
0.125475000955,1.4495
0.125500000955,1.4495
0.125525000955,1.4495
0.125550000955,1.4495
0.125575000955,1.48075
0.125600000955,1.4495
0.125625000955,1.4495
0.125650000955,1.41825
0.125675000955,1.4495
0.125700000955,1.4495
0.125725000955,1.41825
0.125750000955,1.41825
0.125775000955,1.48075
0.125800000955,1.4495
0.125825000955,1.4495
0.125850000955,1.41825
0.125875000955,1.4495
0.125900000955,1.4495
0.125925000955,1.41825
0.125950000955,1.41825
0.125975000955,1.4495
0.126000000955,1.4495
0.126025000955,1.4495
0.126050000955,1.41825
0.126075000955,1.48075
0.126100000955,1.4495
0.126125000955,1.41825
0.126150000955,1.4495
0.126175000955,1.41825
0.126200000955,1.4495
0.126225000955,1.4495
0.126250000955,1.4495
0.126275000955,1.4495
0.126300000955,1.4495
0.126325000955,1.48075
0.126350000955,1.41825
0.126375000955,1.4495
0.126400000955,1.4495
0.126425000955,1.41825
0.126450000955,1.41825
0.126475000955,1.4495
0.126500000955,1.4495
0.126525000955,1.41825
0.126550000955,1.41825
0.126575000955,1.4495
0.126600000955,1.4495
0.126625000955,1.41825
0.126650000955,1.41825
0.126675000955,1.387
0.126700000955,1.4495
0.126725000955,1.4495
0.126750000955,1.4495
0.126775000955,1.4495
0.126800000955,1.41825
0.126825000955,1.4495
0.126850000955,1.4495
0.126875000955,1.4495
0.126900000955,1.4495
0.126925000955,1.4495
0.126950000955,1.41825
0.126975000955,1.4495
0.127000000955,1.4495
0.127025000955,1.41825
0.127050000955,1.41825
0.127075000955,1.4495
0.127100000955,1.41825
0.127125000955,1.4495
0.127150000955,1.4495
0.127175000955,1.41825
0.127200000955,1.41825
0.127225000955,1.41825
0.127250000955,1.41825
0.127275000955,1.4495
0.127300000955,1.4495
0.127325000955,1.48075
0.127350000955,1.4495
0.127375000955,1.4495
0.127400000955,1.41825
0.127425000955,1.4495
0.127450000955,1.387
0.127475000955,1.4495
0.127500000955,1.41825
0.127525000955,1.4495
0.127550000955,1.41825
0.127575000955,1.41825
0.127600000955,1.41825
0.127625000955,1.4495
0.127650000955,1.41825
0.127675000955,1.4495
0.127700000955,1.41825
0.127725000955,1.4495
0.127750000955,1.4495
0.127775000955,1.4495
0.127800000955,1.41825
0.127825000955,1.41825
0.127850000955,1.41825
0.127875000955,1.4495
0.127900000955,1.4495
0.127925000955,1.4495
0.127950000955,1.41825
0.127975000955,1.4495
0.128000000955,1.41825
0.128025000955,1.4495
0.128050000955,1.4495
0.128075000955,1.41825
0.128100000955,1.4495
0.128125000955,1.41825
0.128150000955,1.41825
0.128175000955,1.41825
0.128200000955,1.41825
0.128225000955,1.4495
0.128250000955,1.41825
0.128275000955,1.41825
0.128300000955,1.4495
0.128325000955,1.41825
0.128350000955,1.41825
0.128375000955,1.41825
0.128400000955,1.41825
0.128425000955,1.4495
0.128450000955,1.4495
0.128475000955,1.41825
0.128500000955,1.4495
0.128525000955,1.41825
0.128550000955,1.41825
0.128575000955,1.4495
0.128600000955,1.41825
0.128625000955,1.4495
0.128650000955,1.4495
0.128675000955,1.41825
0.128700000955,1.41825
0.128725000955,1.4495
0.128750000955,1.4495
0.128775000955,1.387
0.128800000955,1.4495
0.128825000955,1.41825
0.128850000955,1.4495
0.128875000955,1.4495
0.128900000955,1.41825
0.128925000955,1.387
0.128950000955,1.41825
0.128975000955,1.41825
0.129000000955,1.41825
0.129025000955,1.41825
0.129050000955,1.4495
0.129075000955,1.41825
0.129100000955,1.4495
0.129125000955,1.387
0.129150000955,1.41825
0.129175000955,1.4495
0.129200000955,1.41825
0.129225000955,1.4495
0.129250000955,1.41825
0.129275000955,1.41825
0.129300000955,1.387
0.129325000955,1.41825
0.129350000955,1.4495
0.129375000955,1.4495
0.129400000955,1.4495
0.129425000955,1.41825
0.129450000955,1.41825
0.129475000955,1.41825
0.129500000955,1.4495
0.129525000955,1.41825
0.129550000955,1.41825
0.129575000955,1.4495
0.129600000955,1.41825
0.129625000955,1.41825
0.129650000955,1.4495
0.129675000955,1.387
0.129700000955,1.4495
0.129725000955,1.41825
0.129750000955,1.4495
0.129775000955,1.41825
0.129800000955,1.387
0.129825000955,1.41825
0.129850000955,1.387
0.129875000955,1.41825
0.129900000955,1.387
0.129925000955,1.41825
0.129950000955,1.41825
0.129975000955,1.41825
0.130000000955,1.41825
0.130025000955,1.41825
0.130050000955,1.41825
0.130075000955,1.4495
0.130100000955,1.41825
0.130125000955,1.41825
0.130150000955,1.41825
0.130175000955,1.41825
0.130200000955,1.387
0.130225000955,1.4495
0.130250000955,1.4495
0.130275000955,1.41825
0.130300000955,1.41825
0.130325000955,1.41825
0.130350000955,1.41825
0.130375000955,1.41825
0.130400000955,1.41825
0.130425000955,1.4495
0.130450000955,1.41825
0.130475000955,1.41825
0.130500000955,1.4495
0.130525000955,1.41825
0.130550000955,1.41825
0.130575000955,1.41825
0.130600000955,1.41825
0.130625000955,1.41825
0.130650000955,1.387
0.130675000955,1.41825
0.130700000955,1.41825
0.130725000955,1.387
0.130750000955,1.41825
0.130775000955,1.4495
0.130800000955,1.41825
0.130825000955,1.4495
0.130850000955,1.387
0.130875000955,1.41825
0.130900000955,1.41825
0.130925000955,1.4495
0.130950000955,1.41825
0.130975000955,1.41825
0.131000000955,1.41825
0.131025000955,1.41825
0.131050000955,1.387
0.131075000955,1.41825
0.131100000955,1.41825
0.131125000955,1.387
0.131150000955,1.41825
0.131175000955,1.41825
0.131200000955,1.41825
0.131225000955,1.41825
0.131250000955,1.4495
0.131275000955,1.387
0.131300000955,1.41825
0.131325000955,1.4495
0.131350000955,1.41825
0.131375000955,1.41825
0.131400000955,1.41825
0.131425000955,1.387
0.131450000955,1.41825
0.131475000955,1.387
0.131500000955,1.4495
0.131525000955,1.41825
0.131550000955,1.41825
0.131575000955,1.387
0.131600000955,1.41825
0.131625000955,1.4495
0.131650000955,1.387
0.131675000955,1.41825
0.131700000955,1.41825
0.131725000955,1.41825
0.131750000955,1.387
0.131775000955,1.41825
0.131800000955,1.41825
0.131825000955,1.41825
0.131850000955,1.41825
0.131875000955,1.41825
0.131900000955,1.41825
0.131925000955,1.41825
0.131950000955,1.41825
0.131975000955,1.41825
0.132000000955,1.41825
0.132025000955,1.41825
0.132050000955,1.41825
0.132075000955,1.387
0.132100000955,1.41825
0.132125000955,1.4495
0.132150000955,1.41825
0.132175000955,1.4495
0.132200000955,1.41825
0.132225000955,1.387
0.132250000955,1.41825
0.132275000955,1.387
0.132300000955,1.41825
0.132325000955,1.41825
0.132350000955,1.41825
0.132375000955,1.41825
0.132400000955,1.41825
0.132425000955,1.41825
0.132450000955,1.41825
0.132475000955,1.41825
0.132500000955,1.41825
0.132525000955,1.41825
0.132550000955,1.41825
0.132575000955,1.387
0.132600000955,1.41825
0.132625000955,1.41825
0.132650000955,1.41825
0.132675000955,1.387
0.132700000955,1.4495
0.132725000955,1.387
0.132750000955,1.4495
0.132775000955,1.41825
0.132800000955,1.387
0.132825000955,1.387
0.132850000955,1.41825
0.132875000955,1.387
0.132900000955,1.41825
0.132925000955,1.41825
0.132950000955,1.41825
0.132975000955,1.387
0.133000000955,1.41825
0.133025000955,1.387
0.133050000955,1.41825
0.133075000955,1.387
0.133100000955,1.387
0.133125000955,1.41825
0.133150000955,1.41825
0.133175000955,1.387
0.133200000955,1.387
0.133225000955,1.41825
0.133250000955,1.387
0.133275000955,1.41825
0.133300000955,1.41825
0.133325000955,1.4495
0.133350000955,1.41825
0.133375000955,1.387
0.133400000955,1.387
0.133425000955,1.4495
0.133450000955,1.41825
0.133475000955,1.387
0.133500000955,1.41825
0.133525000955,1.41825
0.133550000955,1.387
0.133575000955,1.41825
0.133600000955,1.387
0.133625000955,1.41825
0.133650000955,1.41825
0.133675000955,1.41825
0.133700000955,1.41825
0.133725000955,1.387
0.133750000955,1.41825
0.133775000955,1.41825
0.133800000955,1.387
0.133825000955,1.41825
0.133850000955,1.41825
0.133875000955,1.41825
0.133900000955,1.41825
0.133925000955,1.387
0.133950000955,1.41825
0.133975000955,1.41825
0.134000000955,1.41825
0.134025000955,1.387
0.134050000955,1.387
0.134075000955,1.387
0.134100000955,1.41825
0.134125000955,1.387
0.134150000955,1.387
0.134175000955,1.4495
0.134200000955,1.41825
0.134225000955,1.41825
0.134250000955,1.41825
0.134275000955,1.387
0.134300000955,1.387
0.134325000955,1.387
0.134350000955,1.387
0.134375000955,1.41825
0.134400000955,1.41825
0.134425000955,1.387
0.134450000955,1.387
0.134475000955,1.41825
0.134500000955,1.41825
0.134525000955,1.387
0.134550000955,1.41825
0.134575000955,1.41825
0.134600000955,1.387
0.134625000955,1.387
0.134650000955,1.41825
0.134675000955,1.41825
0.134700000955,1.387
0.134725000955,1.41825
0.134750000955,1.41825
0.134775000955,1.41825
0.134800000955,1.387
0.134825000955,1.41825
0.134850000955,1.41825
0.134875000955,1.41825
0.134900000955,1.41825
0.134925000955,1.41825
0.134950000955,1.41825
0.134975000955,1.387
0.135000000955,1.41825
0.135025000955,1.41825
0.135050000955,1.387
0.135075000955,1.387
0.135100000955,1.387
0.135125000955,1.41825
0.135150000955,1.41825
0.135175000955,1.41825
0.135200000955,1.41825
0.135225000955,1.387
0.135250000955,1.41825
0.135275000955,1.41825
0.135300000955,1.41825
0.135325000955,1.387
0.135350000955,1.387
0.135375000955,1.41825
0.135400000955,1.41825
0.135425000955,1.387
0.135450000955,1.41825
0.135475000955,1.41825
0.135500000955,1.387
0.135525000955,1.387
0.135550000955,1.387
0.135575000955,1.387
0.135600000955,1.387
0.135625000955,1.387
0.135650000955,1.387
0.135675000955,1.387
0.135700000955,1.41825
0.135725000955,1.387
0.135750000955,1.41825
0.135775000955,1.387
0.135800000955,1.41825
0.135825000955,1.387
0.135850000955,1.41825
0.135875000955,1.387
0.135900000955,1.387
0.135925000955,1.387
0.135950000955,1.387
0.135975000955,1.387
0.136000000955,1.387
0.136025000955,1.387
0.136050000955,1.387
0.136075000955,1.387
0.136100000955,1.387
0.136125000955,1.41825
0.136150000955,1.387
0.136175000955,1.387
0.136200000955,1.387
0.136225000955,1.387
0.136250000955,1.41825
0.136275000955,1.4495
0.136300000955,1.41825
0.136325000955,1.41825
0.136350000955,1.35575
0.136375000955,1.41825
0.136400000955,1.41825
0.136425000955,1.387
0.136450000955,1.387
0.136475000955,1.387
0.136500000955,1.387
0.136525000955,1.387
0.136550000955,1.387
0.136575000955,1.4495
0.136600000955,1.387
0.136625000955,1.387
0.136650000955,1.41825
0.136675000955,1.41825
0.136700000955,1.387
0.136725000955,1.41825
0.136750000955,1.41825
0.136775000955,1.41825
0.136800000955,1.387
0.136825000955,1.387
0.136850000955,1.387
0.136875000955,1.387
0.136900000955,1.41825
0.136925000955,1.387
0.136950000955,1.387
0.136975000955,1.41825
0.137000000955,1.41825
0.137025000955,1.41825
0.137050000955,1.387
0.137075000955,1.387
0.137100000955,1.41825
0.137125000955,1.387
0.137150000955,1.387
0.137175000955,1.387
0.137200000955,1.387
0.137225000955,1.387
0.137250000955,1.387
0.137275000955,1.41825
0.137300000955,1.41825
0.137325000955,1.41825
0.137350000955,1.387
0.137375000955,1.387
0.137400000955,1.387
0.137425000955,1.387
0.137450000955,1.387
0.137475000955,1.387
0.137500000955,1.387
0.137525000955,1.35575
0.137550000955,1.387
0.137575000955,1.35575
0.137600000955,1.387
0.137625000955,1.387
0.137650000955,1.387
0.137675000955,1.387
0.137700000955,1.387
0.137725000955,1.387
0.137750000955,1.387
0.137775000955,1.41825
0.137800000955,1.387
0.137825000955,1.387
0.137850000955,1.41825
0.137875000955,1.387
0.137900000955,1.41825
0.137925000955,1.41825
0.137950000955,1.387
0.137975000955,1.387
0.138000000955,1.387
0.138025000955,1.387
0.138050000955,1.35575
0.138075000955,1.387
0.138100000955,1.35575
0.138125000955,1.387
0.138150000955,1.387
0.138175000955,1.387
0.138200000955,1.387
0.138225000955,1.41825
0.138250000955,1.387
0.138275000955,1.41825
0.138300000955,1.35575
0.138325000955,1.387
0.138350000955,1.35575
0.138375000955,1.387
0.138400000955,1.35575
0.138425000955,1.41825
0.138450000955,1.387
0.138475000955,1.35575
0.138500000955,1.41825
0.138525000955,1.41825
0.138550000955,1.387
0.138575000955,1.41825
0.138600000955,1.35575
0.138625000955,1.387
0.138650000955,1.41825
0.138675000955,1.387
0.138700000955,1.387
0.138725000955,1.387
0.138750000955,1.41825
0.138775000955,1.41825
0.138800000955,1.41825
0.138825000955,1.387
0.138850000955,1.387
0.138875000955,1.387
0.138900000955,1.387
0.138925000955,1.387
0.138950000955,1.387
0.138975000955,1.387
0.139000000955,1.41825
0.139025000955,1.387
0.139050000955,1.387
0.139075000955,1.387
0.139100000955,1.387
0.139125000955,1.387
0.139150000955,1.387
0.139175000955,1.387
0.139200000955,1.387
0.139225000955,1.387
0.139250000955,1.387
0.139275000955,1.387
0.139300000955,1.41825
0.139325000955,1.387
0.139350000955,1.387
0.139375000955,1.387
0.139400000955,1.387
0.139425000955,1.387
0.139450000955,1.387
0.139475000955,1.387
0.139500000955,1.387
0.139525000955,1.387
0.139550000955,1.41825
0.139575000955,1.387
0.139600000955,1.387
0.139625000955,1.35575
0.139650000955,1.41825
0.139675000955,1.387
0.139700000955,1.387
0.139725000955,1.387
0.139750000955,1.35575
0.139775000955,1.387
0.139800000955,1.41825
0.139825000955,1.387
0.139850000955,1.387
0.139875000955,1.387
0.139900000955,1.35575
0.139925000955,1.387
0.139950000955,1.387
0.139975000955,1.387
0.140000000955,1.387
0.140025000955,1.387
0.140050000955,1.387
0.140075000955,1.387
0.140100000955,1.387
0.140125000955,1.41825
0.140150000955,1.387
0.140175000955,1.35575
0.140200000955,1.387
0.140225000955,1.387
0.140250000955,1.387
0.140275000955,1.387
0.140300000955,1.387
0.140325000955,1.387
0.140350000955,1.387
0.140375000955,1.35575
0.140400000955,1.387
0.140425000955,1.41825
0.140450000955,1.387
0.140475000955,1.387
0.140500000955,1.387
0.140525000955,1.35575
0.140550000955,1.387
0.140575000955,1.3245
0.140600000955,1.387
0.140625000955,1.387
0.140650000955,1.41825
0.140675000955,1.387
0.140700000955,1.387
0.140725000955,1.35575
0.140750000955,1.387
0.140775000955,1.387
0.140800000955,1.387
0.140825000955,1.41825
0.140850000955,1.35575
0.140875000955,1.35575
0.140900000955,1.35575
0.140925000955,1.35575
0.140950000955,1.41825
0.140975000955,1.387
0.141000000955,1.387
0.141025000955,1.387
0.141050000955,1.387
0.141075000955,1.387
0.141100000955,1.387
0.141125000955,1.387
0.141150000955,1.387
0.141175000955,1.387
0.141200000955,1.387
0.141225000955,1.387
0.141250000955,1.35575
0.141275000955,1.35575
0.141300000955,1.387
0.141325000955,1.387
0.141350000955,1.387
0.141375000955,1.35575
0.141400000955,1.35575
0.141425000955,1.387
0.141450000955,1.387
0.141475000955,1.35575
0.141500000955,1.387
0.141525000955,1.387
0.141550000955,1.35575
0.141575000955,1.35575
0.141600000955,1.35575
0.141625000955,1.387
0.141650000955,1.35575
0.141675000955,1.387
0.141700000955,1.35575
0.141725000955,1.387
0.141750000955,1.35575
0.141775000955,1.387
0.141800000955,1.387
0.141825000955,1.35575
0.141850000955,1.35575
0.141875000955,1.35575
0.141900000955,1.387
0.141925000955,1.387
0.141950000955,1.387
0.141975000955,1.35575
0.142000000955,1.35575
0.142025000955,1.35575
0.142050000955,1.35575
0.142075000955,1.3245
0.142100000955,1.35575
0.142125000955,1.35575
0.142150000955,1.35575
0.142175000955,1.387
0.142200000955,1.387
0.142225000955,1.387
0.142250000955,1.387
0.142275000955,1.35575
0.142300000955,1.387
0.142325000955,1.387
0.142350000955,1.35575
0.142375000955,1.35575
0.142400000955,1.35575
0.142425000955,1.387
0.142450000955,1.387
0.142475000955,1.35575
0.142500000955,1.387
0.142525000955,1.387
0.142550000955,1.387
0.142575000955,1.35575
0.142600000955,1.35575
0.142625000955,1.41825
0.142650000955,1.35575
0.142675000955,1.387
0.142700000955,1.387
0.142725000955,1.35575
0.142750000955,1.35575
0.142775000955,1.387
0.142800000955,1.35575
0.142825000955,1.387
0.142850000955,1.387
0.142875000955,1.35575
0.142900000955,1.387
0.142925000955,1.387
0.142950000955,1.387
0.142975000955,1.41825
0.143000000955,1.3245
0.143025000955,1.35575
0.143050000955,1.387
0.143075000955,1.35575
0.143100000955,1.387
0.143125000955,1.35575
0.143150000955,1.387
0.143175000955,1.35575
0.143200000955,1.35575
0.143225000955,1.387
0.143250000955,1.387
0.143275000955,1.35575
0.143300000955,1.35575
0.143325000955,1.387
0.143350000955,1.35575
0.143375000955,1.387
0.143400000955,1.387
0.143425000955,1.387
0.143450000955,1.35575
0.143475000955,1.35575
0.143500000955,1.35575
0.143525000955,1.35575
0.143550000955,1.35575
0.143575000955,1.35575
0.143600000955,1.387
0.143625000955,1.3245
0.143650000955,1.387
0.143675000955,1.387
0.143700000955,1.387
0.143725000955,1.35575
0.143750000955,1.387
0.143775000955,1.35575
0.143800000955,1.35575
0.143825000955,1.35575
0.143850000955,1.387
0.143875000955,1.35575
0.143900000955,1.387
0.143925000955,1.35575
0.143950000955,1.35575
0.143975000955,1.35575
0.144000000955,1.35575
0.144025000955,1.35575
0.144050000955,1.387
0.144075000955,1.387
0.144100000955,1.35575
0.144125000955,1.35575
0.144150000955,1.35575
0.144175000955,1.387
0.144200000955,1.387
0.144225000955,1.387
0.144250000955,1.387
0.144275000955,1.35575
0.144300000955,1.35575
0.144325000955,1.387
0.144350000955,1.3245
0.144375000955,1.387
0.144400000955,1.35575
0.144425000955,1.387
0.144450000955,1.387
0.144475000955,1.35575
0.144500000955,1.3245
0.144525000955,1.35575
0.144550000955,1.35575
0.144575000955,1.35575
0.144600000955,1.35575
0.144625000955,1.3245
0.144650000955,1.35575
0.144675000955,1.3245
0.144700000955,1.387
0.144725000955,1.387
0.144750000955,1.35575
0.144775000955,1.387
0.144800000955,1.35575
0.144825000955,1.35575
0.144850000955,1.3245
0.144875000955,1.387
0.144900000955,1.35575
0.144925000955,1.387
0.144950000955,1.35575
0.144975000955,1.387
0.145000000955,1.387
0.145025000955,1.35575
0.145050000955,1.35575
0.145075000955,1.35575
0.145100000955,1.35575
0.145125000955,1.387
0.145150000955,1.387
0.145175000955,1.387
0.145200000955,1.35575
0.145225000955,1.35575
0.145250000955,1.3245
0.145275000955,1.387
0.145300000955,1.387
0.145325000955,1.35575
0.145350000955,1.29325
0.145375000955,1.35575
0.145400000955,1.35575
0.145425000955,1.35575
0.145450000955,1.35575
0.145475000955,1.35575
0.145500000955,1.3245
0.145525000955,1.35575
0.145550000955,1.3245
0.145575000955,1.387
0.145600000955,1.387
0.145625000955,1.387
0.145650000955,1.35575
0.145675000955,1.387
0.145700000955,1.35575
0.145725000955,1.35575
0.145750000955,1.387
0.145775000955,1.35575
0.145800000955,1.3245
0.145825000955,1.387
0.145850000955,1.387
0.145875000955,1.35575
0.145900000955,1.35575
0.145925000955,1.35575
0.145950000955,1.35575
0.145975000955,1.35575
0.146000000955,1.35575
0.146025000955,1.35575
0.146050000955,1.35575
0.146075000955,1.35575
0.146100000955,1.3245
0.146125000955,1.35575
0.146150000955,1.387
0.146175000955,1.35575
0.146200000955,1.3245
0.146225000955,1.387
0.146250000955,1.35575
0.146275000955,1.35575
0.146300000955,1.3245
0.146325000955,1.387
0.146350000955,1.3245
0.146375000955,1.35575
0.146400000955,1.35575
0.146425000955,1.387
0.146450000955,1.35575
0.146475000955,1.387
0.146500000955,1.35575
0.146525000955,1.35575
0.146550000955,1.35575
0.146575000955,1.387
0.146600000955,1.35575
0.146625000955,1.35575
0.146650000955,1.35575
0.146675000955,1.35575
0.146700000955,1.387
0.146725000955,1.35575
0.146750000955,1.3245
0.146775000955,1.35575
0.146800000955,1.35575
0.146825000955,1.35575
0.146850000955,1.35575
0.146875000955,1.3245
0.146900000955,1.35575
0.146925000955,1.3245
0.146950000955,1.387
0.146975000955,1.3245
0.147000000955,1.3245
0.147025000955,1.35575
0.147050000955,1.35575
0.147075000955,1.35575
0.147100000955,1.35575
0.147125000955,1.35575
0.147150000955,1.35575
0.147175000955,1.35575
0.147200000955,1.35575
0.147225000955,1.387
0.147250000955,1.3245
0.147275000955,1.35575
0.147300000955,1.35575
0.147325000955,1.387
0.147350000955,1.3245
0.147375000955,1.387
0.147400000955,1.387
0.147425000955,1.3245
0.147450000955,1.3245
0.147475000955,1.35575
0.147500000955,1.35575
0.147525000955,1.3245
0.147550000955,1.35575
0.147575000955,1.35575
0.147600000955,1.35575
0.147625000955,1.35575
0.147650000955,1.35575
0.147675000955,1.35575
0.147700000955,1.35575
0.147725000955,1.3245
0.147750000955,1.387
0.147775000955,1.3245
0.147800000955,1.3245
0.147825000955,1.35575
0.147850000955,1.35575
0.147875000955,1.387
0.147900000955,1.35575
0.147925000955,1.35575
0.147950000955,1.3245
0.147975000955,1.3245
0.148000000955,1.35575
0.148025000955,1.35575
0.148050000955,1.35575
0.148075000955,1.35575
0.148100000955,1.35575
0.148125000955,1.3245
0.148150000955,1.35575
0.148175000955,1.35575
0.148200000955,1.35575
0.148225000955,1.35575
0.148250000955,1.3245
0.148275000955,1.35575
0.148300000955,1.387
0.148325000955,1.35575
0.148350000955,1.3245
0.148375000955,1.3245
0.148400000955,1.35575
0.148425000955,1.3245
0.148450000955,1.35575
0.148475000955,1.3245
0.148500000955,1.35575
0.148525000955,1.35575
0.148550000955,1.3245
0.148575000955,1.35575
0.148600000955,1.35575
0.148625000955,1.35575
0.148650000955,1.387
0.148675000955,1.35575
0.148700000955,1.3245
0.148725000955,1.35575
0.148750000955,1.35575
0.148775000955,1.3245
0.148800000955,1.3245
0.148825000955,1.387
0.148850000955,1.35575
0.148875000955,1.3245
0.148900000955,1.3245
0.148925000955,1.387
0.148950000955,1.3245
0.148975000955,1.3245
0.149000000955,1.3245
0.149025000955,1.35575
0.149050000955,1.35575
0.149075000955,1.35575
0.149100000955,1.35575
0.149125000955,1.3245
0.149150000955,1.35575
0.149175000955,1.29325
0.149200000955,1.35575
0.149225000955,1.3245
0.149250000955,1.35575
0.149275000955,1.3245
0.149300000955,1.35575
0.149325000955,1.35575
0.149350000955,1.3245
0.149375000955,1.35575
0.149400000955,1.3245
0.149425000955,1.35575
0.149450000955,1.35575
0.149475000955,1.3245
0.149500000955,1.35575
0.149525000955,1.29325
0.149550000955,1.35575
0.149575000955,1.3245
0.149600000955,1.3245
0.149625000955,1.35575
0.149650000955,1.3245
0.149675000955,1.35575
0.149700000955,1.3245
0.149725000955,1.3245
0.149750000955,1.3245
0.149775000955,1.35575
0.149800000955,1.3245
0.149825000955,1.35575
0.149850000955,1.35575
0.149875000955,1.3245
0.149900000955,1.35575
0.149925000955,1.3245
0.149950000955,1.3245
0.149975000955,1.3245
0.150000000955,1.387
0.150025000955,1.35575
0.150050000955,1.3245
0.150075000955,1.3245
0.150100000955,1.387
0.150125000955,1.35575
0.150150000955,1.387
0.150175000955,1.3245
0.150200000955,1.3245
0.150225000955,1.3245
0.150250000955,1.3245
0.150275000955,1.35575
0.150300000955,1.35575
0.150325000955,1.35575
0.150350000955,1.35575
0.150375000955,1.35575
0.150400000955,1.35575
0.150425000955,1.35575
0.150450000955,1.3245
0.150475000955,1.3245
0.150500000955,1.35575
0.150525000955,1.3245
0.150550000955,1.3245
0.150575000955,1.3245
0.150600000955,1.3245
0.150625000955,1.3245
0.150650000955,1.35575
0.150675000955,1.3245
0.150700000955,1.35575
0.150725000955,1.3245
0.150750000955,1.3245
0.150775000955,1.35575
0.150800000955,1.3245
0.150825000955,1.35575
0.150850000955,1.3245
0.150875000955,1.35575
0.150900000955,1.35575
0.150925000955,1.35575
0.150950000955,1.35575
0.150975000955,1.35575
0.151000000955,1.35575
0.151025000955,1.35575
0.151050000955,1.35575
0.151075000955,1.35575
0.151100000955,1.3245
0.151125000955,1.35575
0.151150000955,1.3245
0.151175000955,1.3245
0.151200000955,1.3245
0.151225000955,1.35575
0.151250000955,1.3245
0.151275000955,1.35575
0.151300000955,1.3245
0.151325000955,1.3245
0.151350000955,1.35575
0.151375000955,1.35575
0.151400000955,1.35575
0.151425000955,1.29325
0.151450000955,1.3245
0.151475000955,1.35575
0.151500000955,1.3245
0.151525000955,1.3245
0.151550000955,1.35575
0.151575000955,1.35575
0.151600000955,1.35575
0.151625000955,1.35575
0.151650000955,1.3245
0.151675000955,1.3245
0.151700000955,1.3245
0.151725000955,1.3245
0.151750000955,1.35575
0.151775000955,1.35575
0.151800000955,1.3245
0.151825000955,1.35575
0.151850000955,1.3245
0.151875000955,1.3245
0.151900000955,1.29325
0.151925000955,1.35575
0.151950000955,1.387
0.151975000955,1.35575
0.152000000955,1.29325
0.152025000955,1.35575
0.152050000955,1.35575
0.152075000955,1.35575
0.152100000955,1.29325
0.152125000955,1.3245
0.152150000955,1.35575
0.152175000955,1.35575
0.152200000955,1.3245
0.152225000955,1.35575
0.152250000955,1.3245
0.152275000955,1.3245
0.152300000955,1.3245
0.152325000955,1.29325
0.152350000955,1.3245
0.152375000955,1.3245
0.152400000955,1.3245
0.152425000955,1.3245
0.152450000955,1.3245
0.152475000955,1.3245
0.152500000955,1.3245
0.152525000955,1.3245
0.152550000955,1.3245
0.152575000955,1.29325
0.152600000955,1.3245
0.152625000955,1.3245
0.152650000955,1.3245
0.152675000955,1.3245
0.152700000955,1.3245
0.152725000955,1.3245
0.152750000955,1.35575
0.152775000955,1.3245
0.152800000955,1.3245
0.152825000955,1.29325
0.152850000955,1.3245
0.152875000955,1.3245
0.152900000955,1.35575
0.152925000955,1.3245
0.152950000955,1.3245
0.152975000955,1.3245
0.153000000955,1.3245
0.153025000955,1.35575
0.153050000955,1.35575
0.153075000955,1.3245
0.153100000955,1.35575
0.153125000955,1.3245
0.153150000955,1.3245
0.153175000955,1.3245
0.153200000955,1.29325
0.153225000955,1.29325
0.153250000955,1.3245
0.153275000955,1.3245
0.153300000955,1.35575
0.153325000955,1.35575
0.153350000955,1.3245
0.153375000955,1.3245
0.153400000955,1.3245
0.153425000955,1.3245
0.153450000955,1.35575
0.153475000955,1.3245
0.153500000955,1.3245
0.153525000955,1.3245
0.153550000955,1.3245
0.153575000955,1.3245
0.153600000955,1.35575
0.153625000955,1.35575
0.153650000955,1.3245
0.153675000955,1.3245
0.153700000955,1.3245
0.153725000955,1.3245
0.153750000955,1.3245
0.153775000955,1.3245
0.153800000955,1.3245
0.153825000955,1.3245
0.153850000955,1.35575
0.153875000955,1.35575
0.153900000955,1.3245
0.153925000955,1.3245
0.153950000955,1.29325
0.153975000955,1.3245
0.154000000955,1.35575
0.154025000955,1.3245
0.154050000955,1.3245
0.154075000955,1.35575
0.154100000955,1.3245
0.154125000955,1.3245
0.154150000955,1.3245
0.154175000955,1.3245
0.154200000955,1.3245
0.154225000955,1.29325
0.154250000955,1.29325
0.154275000955,1.35575
0.154300000955,1.29325
0.154325000955,1.3245
0.154350000955,1.3245
0.154375000955,1.3245
0.154400000955,1.35575
0.154425000955,1.29325
0.154450000955,1.29325
0.154475000955,1.3245
0.154500000955,1.35575
0.154525000955,1.3245
0.154550000955,1.29325
0.154575000955,1.35575
0.154600000955,1.3245
0.154625000955,1.3245
0.154650000955,1.29325
0.154675000955,1.29325
0.154700000955,1.29325
0.154725000955,1.3245
0.154750000955,1.3245
0.154775000955,1.29325
0.154800000955,1.3245
0.154825000955,1.35575
0.154850000955,1.3245
0.154875000955,1.35575
0.154900000955,1.3245
0.154925000955,1.3245
0.154950000955,1.35575
0.154975000955,1.3245
0.155000000955,1.3245
0.155025000955,1.35575
0.155050000955,1.3245
0.155075000955,1.29325
0.155100000955,1.29325
0.155125000955,1.3245
0.155150000955,1.3245
0.155175000955,1.35575
0.155200000955,1.35575
0.155225000955,1.35575
0.155250000955,1.29325
0.155275000955,1.35575
0.155300000955,1.3245
0.155325000955,1.3245
0.155350000955,1.3245
0.155375000955,1.3245
0.155400000955,1.3245
0.155425000955,1.35575
0.155450000955,1.3245
0.155475000955,1.3245
0.155500000955,1.35575
0.155525000955,1.3245
0.155550000955,1.29325
0.155575000955,1.3245
0.155600000955,1.3245
0.155625000955,1.29325
0.155650000955,1.29325
0.155675000955,1.29325
0.155700000955,1.3245
0.155725000955,1.3245
0.155750000955,1.29325
0.155775000955,1.3245
0.155800000955,1.29325
0.155825000955,1.29325
0.155850000955,1.29325
0.155875000955,1.29325
0.155900000955,1.3245
0.155925000955,1.29325
0.155950000955,1.29325
0.155975000955,1.3245
0.156000000955,1.29325
0.156025000955,1.29325
0.156050000955,1.29325
0.156075000955,1.3245
0.156100000955,1.262
0.156125000955,1.29325
0.156150000955,1.3245
0.156175000955,1.262
0.156200000955,1.29325
0.156225000955,1.29325
0.156250000955,1.262
0.156275000955,1.29325
0.156300000955,1.29325
0.156325000955,1.262
0.156350000955,1.3245
0.156375000955,1.29325
0.156400000955,1.29325
0.156425000955,1.29325
0.156450000955,1.262
0.156475000955,1.29325
0.156500000955,1.29325
0.156525000955,1.262
0.156550000955,1.29325
0.156575000955,1.29325
0.156600000955,1.29325
0.156625000955,1.29325
0.156650000955,1.262
0.156675000955,1.262
0.156700000955,1.262
0.156725000955,1.262
0.156750000955,1.262
0.156775000955,1.262
0.156800000955,1.262
0.156825000955,1.262
0.156850000955,1.29325
0.156875000955,1.262
0.156900000955,1.262
0.156925000955,1.262
0.156950000955,1.29325
0.156975000955,1.262
0.157000000955,1.262
0.157025000955,1.29325
0.157050000955,1.262
0.157075000955,1.262
0.157100000955,1.262
0.157125000955,1.29325
0.157150000955,1.262
0.157175000955,1.262
0.157200000955,1.262
0.157225000955,1.23075
0.157250000955,1.262
0.157275000955,1.23075
0.157300000955,1.262
0.157325000955,1.29325
0.157350000955,1.262
0.157375000955,1.262
0.157400000955,1.262
0.157425000955,1.23075
0.157450000955,1.23075
0.157475000955,1.23075
0.157500000955,1.262
0.157525000955,1.262
0.157550000955,1.262
0.157575000955,1.262
0.157600000955,1.262
0.157625000955,1.262
0.157650000955,1.29325
0.157675000955,1.23075
0.157700000955,1.29325
0.157725000955,1.23075
0.157750000955,1.262
0.157775000955,1.262
0.157800000955,1.23075
0.157825000955,1.23075
0.157850000955,1.262
0.157875000955,1.23075
0.157900000955,1.29325
0.157925000955,1.23075
0.157950000955,1.262
0.157975000955,1.262
0.158000000955,1.23075
0.158025000955,1.1995
0.158050000955,1.23075
0.158075000955,1.23075
0.158100000955,1.23075
0.158125000955,1.23075
0.158150000955,1.262
0.158175000955,1.23075
0.158200000955,1.23075
0.158225000955,1.262
0.158250000955,1.23075
0.158275000955,1.262
0.158300000955,1.262
0.158325000955,1.23075
0.158350000955,1.23075
0.158375000955,1.23075
0.158400000955,1.23075
0.158425000955,1.262
0.158450000955,1.23075
0.158475000955,1.23075
0.158500000955,1.262
0.158525000955,1.262
0.158550000955,1.23075
0.158575000955,1.23075
0.158600000955,1.23075
0.158625000955,1.262
0.158650000955,1.1995
0.158675000955,1.23075
0.158700000955,1.262
0.158725000955,1.23075
0.158750000955,1.23075
0.158775000955,1.1995
0.158800000955,1.1995
0.158825000955,1.262
0.158850000955,1.23075
0.158875000955,1.23075
0.158900000955,1.23075
0.158925000955,1.262
0.158950000955,1.23075
0.158975000955,1.23075
0.159000000955,1.23075
0.159025000955,1.23075
0.159050000955,1.23075
0.159075000955,1.23075
0.159100000955,1.23075
0.159125000955,1.262
0.159150000955,1.1995
0.159175000955,1.262
0.159200000955,1.23075
0.159225000955,1.1995
0.159250000955,1.23075
0.159275000955,1.23075
0.159300000955,1.262
0.159325000955,1.23075
0.159350000955,1.1995
0.159375000955,1.262
0.159400000955,1.23075
0.159425000955,1.23075
0.159450000955,1.262
0.159475000955,1.1995
0.159500000955,1.23075
0.159525000955,1.23075
0.159550000955,1.1995
0.159575000955,1.23075
0.159600000955,1.23075
0.159625000955,1.23075
0.159650000955,1.23075
0.159675000955,1.1995
0.159700000955,1.23075
0.159725000955,1.23075
0.159750000955,1.1995
0.159775000955,1.23075
0.159800000955,1.1995
0.159825000955,1.23075
0.159850000955,1.23075
0.159875000955,1.1995
0.159900000955,1.23075
0.159925000955,1.16825
0.159950000955,1.1995
0.159975000955,1.23075
0.160000000955,1.23075
0.160025000955,1.1995
0.160050000955,1.23075
0.160075000955,1.23075
0.160100000955,1.1995
0.160125000955,1.1995
0.160150000955,1.23075
0.160175000955,1.1995
0.160200000955,1.1995
0.160225000955,1.23075
0.160250000955,1.23075
0.160275000955,1.1995
0.160300000955,1.1995
0.160325000955,1.1995
0.160350000955,1.1995
0.160375000955,1.1995
0.160400000955,1.23075
0.160425000955,1.23075
0.160450000955,1.1995
0.160475000955,1.1995
0.160500000955,1.1995
0.160525000955,1.23075
0.160550000955,1.1995
0.160575000955,1.23075
0.160600000955,1.1995
0.160625000955,1.23075
0.160650000955,1.23075
0.160675000955,1.23075
0.160700000955,1.1995
0.160725000955,1.23075
0.160750000955,1.1995
0.160775000955,1.16825
0.160800000955,1.1995
0.160825000955,1.1995
0.160850000955,1.23075
0.160875000955,1.1995
0.160900000955,1.23075
0.160925000955,1.1995
0.160950000955,1.1995
0.160975000955,1.16825
0.161000000955,1.1995
0.161025000955,1.23075
0.161050000955,1.23075
0.161075000955,1.16825
0.161100000955,1.1995
0.161125000955,1.1995
0.161150000955,1.1995
0.161175000955,1.16825
0.161200000955,1.1995
0.161225000955,1.1995
0.161250000955,1.23075
0.161275000955,1.1995
0.161300000955,1.1995
0.161325000955,1.1995
0.161350000955,1.16825
0.161375000955,1.23075
0.161400000955,1.16825
0.161425000955,1.23075
0.161450000955,1.16825
0.161475000955,1.23075
0.161500000955,1.23075
0.161525000955,1.23075
0.161550000955,1.1995
0.161575000955,1.1995
0.161600000955,1.16825
0.161625000955,1.23075
0.161650000955,1.1995
0.161675000955,1.16825
0.161700000955,1.1995
0.161725000955,1.16825
0.161750000955,1.1995
0.161775000955,1.1995
0.161800000955,1.1995
0.161825000955,1.1995
0.161850000955,1.16825
0.161875000955,1.23075
0.161900000955,1.16825
0.161925000955,1.1995
0.161950000955,1.16825
0.161975000955,1.1995
0.162000000955,1.1995
0.162025000955,1.1995
0.162050000955,1.1995
0.162075000955,1.1995
0.162100000955,1.16825
0.162125000955,1.16825
0.162150000955,1.1995
0.162175000955,1.1995
0.162200000955,1.1995
0.162225000955,1.1995
0.162250000955,1.1995
0.162275000955,1.1995
0.162300000955,1.16825
0.162325000955,1.16825
0.162350000955,1.1995
0.162375000955,1.16825
0.162400000955,1.16825
0.162425000955,1.1995
0.162450000955,1.1995
0.162475000955,1.23075
0.162500000955,1.1995
0.162525000955,1.1995
0.162550000955,1.1995
0.162575000955,1.16825
0.162600000955,1.1995
0.162625000955,1.16825
0.162650000955,1.1995
0.162675000955,1.16825
0.162700000955,1.1995
0.162725000955,1.23075
0.162750000955,1.16825
0.162775000955,1.1995
0.162800000955,1.1995
0.162825000955,1.16825
0.162850000955,1.16825
0.162875000955,1.1995
0.162900000955,1.1995
0.162925000955,1.1995
0.162950000955,1.16825
0.162975000955,1.16825
0.163000000955,1.16825
0.163025000955,1.16825
0.163050000955,1.16825
0.163075000955,1.16825
0.163100000955,1.16825
0.163125000955,1.1995
0.163150000955,1.1995
0.163175000955,1.1995
0.163200000955,1.1995
0.163225000955,1.1995
0.163250000955,1.1995
0.163275000955,1.1995
0.163300000955,1.16825
0.163325000955,1.1995
0.163350000955,1.1995
0.163375000955,1.137
0.163400000955,1.1995
0.163425000955,1.1995
0.163450000955,1.1995
0.163475000955,1.16825
0.163500000955,1.1995
0.163525000955,1.1995
0.163550000955,1.16825
0.163575000955,1.16825
0.163600000955,1.16825
0.163625000955,1.16825
0.163650000955,1.23075
0.163675000955,1.137
0.163700000955,1.137
0.163725000955,1.1995
0.163750000955,1.16825
0.163775000955,1.16825
0.163800000955,1.16825
0.163825000955,1.16825
0.163850000955,1.1995
0.163875000955,1.1995
0.163900000955,1.16825
0.163925000955,1.16825
0.163950000955,1.16825
0.163975000955,1.16825
0.164000000955,1.16825
0.164025000955,1.16825
0.164050000955,1.1995
0.164075000955,1.16825
0.164100000955,1.1995
0.164125000955,1.16825
0.164150000955,1.16825
0.164175000955,1.16825
0.164200000955,1.1995
0.164225000955,1.16825
0.164250000955,1.16825
0.164275000955,1.1995
0.164300000955,1.16825
0.164325000955,1.1995
0.164350000955,1.1995
0.164375000955,1.16825
0.164400000955,1.1995
0.164425000955,1.1995
0.164450000955,1.16825
0.164475000955,1.1995
0.164500000955,1.16825
0.164525000955,1.16825
0.164550000955,1.1995
0.164575000955,1.1995
0.164600000955,1.16825
0.164625000955,1.16825
0.164650000955,1.16825
0.164675000955,1.16825
0.164700000955,1.16825
0.164725000955,1.16825
0.164750000955,1.16825
0.164775000955,1.16825
0.164800000955,1.1995
0.164825000955,1.16825
0.164850000955,1.1995
0.164875000955,1.137
0.164900000955,1.16825
0.164925000955,1.1995
0.164950000955,1.16825
0.164975000955,1.1995
0.165000000955,1.16825
0.165025000955,1.16825
0.165050000955,1.16825
0.165075000955,1.137
0.165100000955,1.16825
0.165125000955,1.1995
0.165150000955,1.137
0.165175000955,1.137
0.165200000955,1.137
0.165225000955,1.137
0.165250000955,1.16825
0.165275000955,1.137
0.165300000955,1.16825
0.165325000955,1.16825
0.165350000955,1.16825
0.165375000955,1.16825
0.165400000955,1.1995
0.165425000955,1.1995
0.165450000955,1.137
0.165475000955,1.16825
0.165500000955,1.137
0.165525000955,1.16825
0.165550000955,1.16825
0.165575000955,1.16825
0.165600000955,1.16825
0.165625000955,1.16825
0.165650000955,1.137
0.165675000955,1.137
0.165700000955,1.137
0.165725000955,1.16825
0.165750000955,1.16825
0.165775000955,1.16825
0.165800000955,1.137
0.165825000955,1.137
0.165850000955,1.16825
0.165875000955,1.16825
0.165900000955,1.16825
0.165925000955,1.137
0.165950000955,1.16825
0.165975000955,1.16825
0.166000000955,1.16825
0.166025000955,1.16825
0.166050000955,1.1995
0.166075000955,1.16825
0.166100000955,1.16825
0.166125000955,1.16825
0.166150000955,1.16825
0.166175000955,1.16825
0.166200000955,1.16825
0.166225000955,1.16825
0.166250000955,1.16825
0.166275000955,1.137
0.166300000955,1.137
0.166325000955,1.137
0.166350000955,1.16825
0.166375000955,1.16825
0.166400000955,1.16825
0.166425000955,1.16825
0.166450000955,1.137
0.166475000955,1.1995
0.166500000955,1.16825
0.166525000955,1.1995
0.166550000955,1.16825
0.166575000955,1.16825
0.166600000955,1.16825
0.166625000955,1.137
0.166650000955,1.16825
0.166675000955,1.1995
0.166700000955,1.137
0.166725000955,1.16825
0.166750000955,1.16825
0.166775000955,1.137
0.166800000955,1.16825
0.166825000955,1.137
0.166850000955,1.16825
0.166875000955,1.16825
0.166900000955,1.137
0.166925000955,1.16825
0.166950000955,1.137
0.166975000955,1.137
0.167000000955,1.16825
0.167025000955,1.16825
0.167050000955,1.137
0.167075000955,1.137
0.167100000955,1.16825
0.167125000955,1.137
0.167150000955,1.137
0.167175000955,1.137
0.167200000955,1.16825
0.167225000955,1.137
0.167250000955,1.16825
0.167275000955,1.137
0.167300000955,1.137
0.167325000955,1.137
0.167350000955,1.16825
0.167375000955,1.16825
0.167400000955,1.137
0.167425000955,1.16825
0.167450000955,1.137
0.167475000955,1.16825
0.167500000955,1.16825
0.167525000955,1.16825
0.167550000955,1.137
0.167575000955,1.16825
0.167600000955,1.137
0.167625000955,1.16825
0.167650000955,1.16825
0.167675000955,1.137
0.167700000955,1.16825
0.167725000955,1.16825
0.167750000955,1.16825
0.167775000955,1.16825
0.167800000955,1.137
0.167825000955,1.16825
0.167850000955,1.16825
0.167875000955,1.137
0.167900000955,1.16825
0.167925000955,1.16825
0.167950000955,1.16825
0.167975000955,1.137
0.168000000955,1.16825
0.168025000955,1.16825
0.168050000955,1.16825
0.168075000955,1.137
0.168100000955,1.16825
0.168125000955,1.16825
0.168150000955,1.16825
0.168175000955,1.137
0.168200000955,1.16825
0.168225000955,1.137
0.168250000955,1.16825
0.168275000955,1.137
0.168300000955,1.16825
0.168325000955,1.16825
0.168350000955,1.1995
0.168375000955,1.137
0.168400000955,1.137
0.168425000955,1.16825
0.168450000955,1.137
0.168475000955,1.16825
0.168500000955,1.137
0.168525000955,1.137
0.168550000955,1.137
0.168575000955,1.16825
0.168600000955,1.137
0.168625000955,1.137
0.168650000955,1.137
0.168675000955,1.137
0.168700000955,1.137
0.168725000955,1.137
0.168750000955,1.137
0.168775000955,1.137
0.168800000955,1.137
0.168825000955,1.16825
0.168850000955,1.137
0.168875000955,1.16825
0.168900000955,1.137
0.168925000955,1.16825
0.168950000955,1.137
0.168975000955,1.16825
0.169000000955,1.137
0.169025000955,1.16825
0.169050000955,1.10575
0.169075000955,1.16825
0.169100000955,1.16825
0.169125000955,1.16825
0.169150000955,1.137
0.169175000955,1.137
0.169200000955,1.137
0.169225000955,1.137
0.169250000955,1.16825
0.169275000955,1.16825
0.169300000955,1.137
0.169325000955,1.137
0.169350000955,1.137
0.169375000955,1.16825
0.169400000955,1.137
0.169425000955,1.16825
0.169450000955,1.137
0.169475000955,1.137
0.169500000955,1.137
0.169525000955,1.137
0.169550000955,1.16825
0.169575000955,1.16825
0.169600000955,1.137
0.169625000955,1.137
0.169650000955,1.137
0.169675000955,1.137
0.169700000955,1.137
0.169725000955,1.10575
0.169750000955,1.137
0.169775000955,1.137
0.169800000955,1.137
0.169825000955,1.16825
0.169850000955,1.137
0.169875000955,1.137
0.169900000955,1.137
0.169925000955,1.137
0.169950000955,1.137
0.169975000955,1.137
0.170000000955,1.137
0.170025000955,1.137
0.170050000955,1.16825
0.170075000955,1.16825
0.170100000955,1.16825
0.170125000955,1.137
0.170150000955,1.137
0.170175000955,1.137
0.170200000955,1.137
0.170225000955,1.16825
0.170250000955,1.10575
0.170275000955,1.10575
0.170300000955,1.137
0.170325000955,1.137
0.170350000955,1.137
0.170375000955,1.137
0.170400000955,1.137
0.170425000955,1.137
0.170450000955,1.137
0.170475000955,1.137
0.170500000955,1.137
0.170525000955,1.137
0.170550000955,1.137
0.170575000955,1.137
0.170600000955,1.137
0.170625000955,1.137
0.170650000955,1.137
0.170675000955,1.137
0.170700000955,1.10575
0.170725000955,1.137
0.170750000955,1.137
0.170775000955,1.16825
0.170800000955,1.137
0.170825000955,1.137
0.170850000955,1.137
0.170875000955,1.137
0.170900000955,1.137
0.170925000955,1.16825
0.170950000955,1.16825
0.170975000955,1.137
0.171000000955,1.137
0.171025000955,1.137
0.171050000955,1.137
0.171075000955,1.137
0.171100000955,1.137
0.171125000955,1.137
0.171150000955,1.10575
0.171175000955,1.137
0.171200000955,1.137
0.171225000955,1.137
0.171250000955,1.16825
0.171275000955,1.137
0.171300000955,1.137
0.171325000955,1.16825
0.171350000955,1.137
0.171375000955,1.16825
0.171400000955,1.137
0.171425000955,1.10575
0.171450000955,1.16825
0.171475000955,1.137
0.171500000955,1.137
0.171525000955,1.137
0.171550000955,1.16825
0.171575000955,1.137
0.171600000955,1.16825
0.171625000955,1.137
0.171650000955,1.137
0.171675000955,1.137
0.171700000955,1.16825
0.171725000955,1.137
0.171750000955,1.137
0.171775000955,1.16825
0.171800000955,1.137
0.171825000955,1.137
0.171850000955,1.137
0.171875000955,1.16825
0.171900000955,1.137
0.171925000955,1.16825
0.171950000955,1.137
0.171975000955,1.137
0.172000000955,1.137
0.172025000955,1.137
0.172050000955,1.137
0.172075000955,1.137
0.172100000955,1.10575
0.172125000955,1.10575
0.172150000955,1.16825
0.172175000955,1.137
0.172200000955,1.16825
0.172225000955,1.137
0.172250000955,1.137
0.172275000955,1.137
0.172300000955,1.137
0.172325000955,1.10575
0.172350000955,1.137
0.172375000955,1.137
0.172400000955,1.10575
0.172425000955,1.137
0.172450000955,1.10575
0.172475000955,1.137
0.172500000955,1.137
0.172525000955,1.137
0.172550000955,1.137
0.172575000955,1.16825
0.172600000955,1.10575
0.172625000955,1.137
0.172650000955,1.137
0.172675000955,1.137
0.172700000955,1.137
0.172725000955,1.10575
0.172750000955,1.137
0.172775000955,1.10575
0.172800000955,1.137
0.172825000955,1.137
0.172850000955,1.10575
0.172875000955,1.16825
0.172900000955,1.137
0.172925000955,1.137
0.172950000955,1.137
0.172975000955,1.137
0.173000000955,1.137
0.173025000955,1.137
0.173050000955,1.10575
0.173075000955,1.137
0.173100000955,1.137
0.173125000955,1.137
0.173150000955,1.137
0.173175000955,1.137
0.173200000955,1.137
0.173225000955,1.137
0.173250000955,1.16825
0.173275000955,1.137
0.173300000955,1.10575
0.173325000955,1.137
0.173350000955,1.10575
0.173375000955,1.16825
0.173400000955,1.10575
0.173425000955,1.137
0.173450000955,1.10575
0.173475000955,1.137
0.173500000955,1.10575
0.173525000955,1.137
0.173550000955,1.137
0.173575000955,1.16825
0.173600000955,1.10575
0.173625000955,1.10575
0.173650000955,1.137
0.173675000955,1.137
0.173700000955,1.137
0.173725000955,1.10575
0.173750000955,1.16825
0.173775000955,1.10575
0.173800000955,1.137
0.173825000955,1.137
0.173850000955,1.137
0.173875000955,1.137
0.173900000955,1.10575
0.173925000955,1.137
0.173950000955,1.10575
0.173975000955,1.10575
0.174000000955,1.10575
0.174025000955,1.137
0.174050000955,1.10575
0.174075000955,1.137
0.174100000955,1.10575
0.174125000955,1.10575
0.174150000955,1.10575
0.174175000955,1.137
0.174200000955,1.10575
0.174225000955,1.137
0.174250000955,1.137
0.174275000955,1.137
0.174300000955,1.137
0.174325000955,1.10575
0.174350000955,1.137
0.174375000955,1.137
0.174400000955,1.137
0.174425000955,1.0745
0.174450000955,1.10575
0.174475000955,1.137
0.174500000955,1.137
0.174525000955,1.137
0.174550000955,1.137
0.174575000955,1.137
0.174600000955,1.10575
0.174625000955,1.10575
0.174650000955,1.10575
0.174675000955,1.137
0.174700000955,1.0745
0.174725000955,1.137
0.174750000955,1.10575
0.174775000955,1.137
0.174800000955,1.0745
0.174825000955,1.10575
0.174850000955,1.137
0.174875000955,1.10575
0.174900000955,1.10575
0.174925000955,1.137
0.174950000955,1.0745
0.174975000955,1.10575
0.175000000955,1.10575
0.175025000955,1.10575
0.175050000955,1.10575
0.175075000955,1.137
0.175100000955,1.10575
0.175125000955,1.10575
0.175150000955,1.10575
0.175175000955,1.137
0.175200000955,1.137
0.175225000955,1.10575
0.175250000955,1.0745
0.175275000955,1.137
0.175300000955,1.10575
0.175325000955,1.10575
0.175350000955,1.10575
0.175375000955,1.0745
0.175400000955,1.10575
0.175425000955,1.137
0.175450000955,1.137
0.175475000955,1.10575
0.175500000955,1.10575
0.175525000955,1.10575
0.175550000955,1.10575
0.175575000955,1.137
0.175600000955,1.137
0.175625000955,1.10575
0.175650000955,1.10575
0.175675000955,1.137
0.175700000955,1.137
0.175725000955,1.10575
0.175750000955,1.10575
0.175775000955,1.10575
0.175800000955,1.137
0.175825000955,1.10575
0.175850000955,1.10575
0.175875000955,1.137
0.175900000955,1.10575
0.175925000955,1.137
0.175950000955,1.10575
0.175975000955,1.0745
0.176000000955,1.10575
0.176025000955,1.10575
0.176050000955,1.10575
0.176075000955,1.137
0.176100000955,1.10575
0.176125000955,1.10575
0.176150000955,1.10575
0.176175000955,1.137
0.176200000955,1.137
0.176225000955,1.137
0.176250000955,1.10575
0.176275000955,1.10575
0.176300000955,1.137
0.176325000955,1.10575
0.176350000955,1.10575
0.176375000955,1.137
0.176400000955,1.137
0.176425000955,1.10575
0.176450000955,1.10575
0.176475000955,1.137
0.176500000955,1.10575
0.176525000955,1.137
0.176550000955,1.10575
0.176575000955,1.137
0.176600000955,1.10575
0.176625000955,1.137
0.176650000955,1.137
0.176675000955,1.10575
0.176700000955,1.10575
0.176725000955,1.10575
0.176750000955,1.10575
0.176775000955,1.10575
0.176800000955,1.10575
0.176825000955,1.10575
0.176850000955,1.10575
0.176875000955,1.10575
0.176900000955,1.137
0.176925000955,1.10575
0.176950000955,1.0745
0.176975000955,1.137
0.177000000955,1.10575
0.177025000955,1.137
0.177050000955,1.10575
0.177075000955,1.0745
0.177100000955,1.10575
0.177125000955,1.10575
0.177150000955,1.10575
0.177175000955,1.10575
0.177200000955,1.10575
0.177225000955,1.137
0.177250000955,1.10575
0.177275000955,1.10575
0.177300000955,1.10575
0.177325000955,1.10575
0.177350000955,1.10575
0.177375000955,1.10575
0.177400000955,1.10575
0.177425000955,1.137
0.177450000955,1.137
0.177475000955,1.10575
0.177500000955,1.137
0.177525000955,1.10575
0.177550000955,1.0745
0.177575000955,1.0745
0.177600000955,1.137
0.177625000955,1.137
0.177650000955,1.10575
0.177675000955,1.10575
0.177700000955,1.10575
0.177725000955,1.10575
0.177750000955,1.10575
0.177775000955,1.10575
0.177800000955,1.10575
0.177825000955,1.10575
0.177850000955,1.0745
0.177875000955,1.10575
0.177900000955,1.10575
0.177925000955,1.10575
0.177950000955,1.10575
0.177975000955,1.10575
0.178000000955,1.137
0.178025000955,1.0745
0.178050000955,1.10575
0.178075000955,1.137
0.178100000955,1.10575
0.178125000955,1.0745
0.178150000955,1.10575
0.178175000955,1.10575
0.178200000955,1.0745
0.178225000955,1.10575
0.178250000955,1.10575
0.178275000955,1.10575
0.178300000955,1.137
0.178325000955,1.10575
0.178350000955,1.137
0.178375000955,1.137
0.178400000955,1.137
0.178425000955,1.137
0.178450000955,1.10575
0.178475000955,1.0745
0.178500000955,1.10575
0.178525000955,1.0745
0.178550000955,1.10575
0.178575000955,1.10575
0.178600000955,1.10575
0.178625000955,1.10575
0.178650000955,1.10575
0.178675000955,1.0745
0.178700000955,1.10575
0.178725000955,1.0745
0.178750000955,1.10575
0.178775000955,1.10575
0.178800000955,1.10575
0.178825000955,1.10575
0.178850000955,1.10575
0.178875000955,1.10575
0.178900000955,1.0745
0.178925000955,1.10575
0.178950000955,1.10575
0.178975000955,1.0745
0.179000000955,1.10575
0.179025000955,1.137
0.179050000955,1.10575
0.179075000955,1.10575
0.179100000955,1.10575
0.179125000955,1.10575
0.179150000955,1.10575
0.179175000955,1.10575
0.179200000955,1.10575
0.179225000955,1.10575
0.179250000955,1.0745
0.179275000955,1.0745
0.179300000955,1.10575
0.179325000955,1.0745
0.179350000955,1.10575
0.179375000955,1.10575
0.179400000955,1.10575
0.179425000955,1.0745
0.179450000955,1.10575
0.179475000955,1.10575
0.179500000955,1.10575
0.179525000955,1.10575
0.179550000955,1.10575
0.179575000955,1.10575
0.179600000955,1.10575
0.179625000955,1.10575
0.179650000955,1.0745
0.179675000955,1.0745
0.179700000955,1.10575
0.179725000955,1.10575
0.179750000955,1.10575
0.179775000955,1.10575
0.179800000955,1.0745
0.179825000955,1.0745
0.179850000955,1.10575
0.179875000955,1.10575
0.179900000955,1.0745
0.179925000955,1.10575
0.179950000955,1.04325
0.179975000955,1.10575
0.180000000955,1.10575
0.180025000955,1.10575
0.180050000955,1.0745
0.180075000955,1.0745
0.180100000955,1.10575
0.180125000955,1.0745
0.180150000955,1.10575
0.180175000955,1.10575
0.180200000955,1.0745
0.180225000955,1.0745
0.180250000955,1.04325
0.180275000955,1.10575
0.180300000955,1.10575
0.180325000955,1.10575
0.180350000955,1.10575
0.180375000955,1.10575
0.180400000955,1.10575
0.180425000955,1.0745
0.180450000955,1.10575
0.180475000955,1.0745
0.180500000955,1.10575
0.180525000955,1.0745
0.180550000955,1.10575
0.180575000955,1.04325
0.180600000955,1.0745
0.180625000955,1.0745
0.180650000955,1.10575
0.180675000955,1.0745
0.180700000955,1.10575
0.180725000955,1.10575
0.180750000955,1.0745
0.180775000955,1.10575
0.180800000955,1.10575
0.180825000955,1.0745
0.180850000955,1.10575
0.180875000955,1.10575
0.180900000955,1.10575
0.180925000955,1.0745
0.180950000955,1.10575
0.180975000955,1.0745
0.181000000955,1.0745
0.181025000955,1.10575
0.181050000955,1.10575
0.181075000955,1.10575
0.181100000955,1.0745
0.181125000955,1.10575
0.181150000955,1.10575
0.181175000955,1.10575
0.181200000955,1.10575
0.181225000955,1.0745
0.181250000955,1.10575
0.181275000955,1.10575
0.181300000955,1.10575
0.181325000955,1.0745
0.181350000955,1.0745
0.181375000955,1.0745
0.181400000955,1.0745
0.181425000955,1.10575
0.181450000955,1.0745
0.181475000955,1.10575
0.181500000955,1.0745
0.181525000955,1.0745
0.181550000955,1.0745
0.181575000955,1.10575
0.181600000955,1.0745
0.181625000955,1.0745
0.181650000955,1.0745
0.181675000955,1.10575
0.181700000955,1.0745
0.181725000955,1.10575
0.181750000955,1.0745
0.181775000955,1.10575
0.181800000955,1.0745
0.181825000955,1.10575
0.181850000955,1.0745
0.181875000955,1.0745
0.181900000955,1.0745
0.181925000955,1.0745
0.181950000955,1.0745
0.181975000955,1.0745
0.182000000955,1.0745
0.182025000955,1.04325
0.182050000955,1.0745
0.182075000955,1.0745
0.182100000955,1.10575
0.182125000955,1.10575
0.182150000955,1.10575
0.182175000955,1.0745
0.182200000955,1.0745
0.182225000955,1.0745
0.182250000955,1.0745
0.182275000955,1.0745
0.182300000955,1.0745
0.182325000955,1.0745
0.182350000955,1.04325
0.182375000955,1.0745
0.182400000955,1.10575
0.182425000955,1.0745
0.182450000955,1.10575
0.182475000955,1.04325
0.182500000955,1.0745
0.182525000955,1.10575
0.182550000955,1.04325
0.182575000955,1.0745
0.182600000955,1.0745
0.182625000955,1.0745
0.182650000955,1.10575
0.182675000955,1.04325
0.182700000955,1.10575
0.182725000955,1.0745
0.182750000955,1.0745
0.182775000955,1.0745
0.182800000955,1.10575
0.182825000955,1.10575
0.182850000955,1.137
0.182875000955,1.0745
0.182900000955,1.0745
0.182925000955,1.0745
0.182950000955,1.10575
0.182975000955,1.0745
0.183000000955,1.04325
0.183025000955,1.0745
0.183050000955,1.0745
0.183075000955,1.0745
0.183100000955,1.10575
0.183125000955,1.0745
0.183150000955,1.0745
0.183175000955,1.0745
0.183200000955,1.04325
0.183225000955,1.0745
0.183250000955,1.0745
0.183275000955,1.0745
0.183300000955,1.10575
0.183325000955,1.10575
0.183350000955,1.0745
0.183375000955,1.0745
0.183400000955,1.10575
0.183425000955,1.04325
0.183450000955,1.04325
0.183475000955,1.10575
0.183500000955,1.0745
0.183525000955,1.10575
0.183550000955,1.10575
0.183575000955,1.10575
0.183600000955,1.10575
0.183625000955,1.0745
0.183650000955,1.0745
0.183675000955,1.04325
0.183700000955,1.0745
0.183725000955,1.10575
0.183750000955,1.04325
0.183775000955,1.0745
0.183800000955,1.0745
0.183825000955,1.0745
0.183850000955,1.0745
0.183875000955,1.0745
0.183900000955,1.0745
0.183925000955,1.10575
0.183950000955,1.04325
0.183975000955,1.04325
0.184000000955,1.10575
0.184025000955,1.0745
0.184050000955,1.10575
0.184075000955,1.0745
0.184100000955,1.10575
0.184125000955,1.0745
0.184150000955,1.10575
0.184175000955,1.0745
0.184200000955,1.0745
0.184225000955,1.0745
0.184250000955,1.0745
0.184275000955,1.0745
0.184300000955,1.10575
0.184325000955,1.04325
0.184350000955,1.10575
0.184375000955,1.0745
0.184400000955,1.04325
0.184425000955,1.10575
0.184450000955,1.10575
0.184475000955,1.0745
0.184500000955,1.0745
0.184525000955,1.0745
0.184550000955,1.10575
0.184575000955,1.0745
0.184600000955,1.10575
0.184625000955,1.0745
0.184650000955,1.10575
0.184675000955,1.0745
0.184700000955,1.0745
0.184725000955,1.0745
0.184750000955,1.04325
0.184775000955,1.0745
0.184800000955,1.0745
0.184825000955,1.0745
0.184850000955,1.10575
0.184875000955,1.0745
0.184900000955,1.0745
0.184925000955,1.0745
0.184950000955,1.04325
0.184975000955,1.04325
0.185000000955,1.0745
0.185025000955,1.0745
0.185050000955,1.0745
0.185075000955,1.0745
0.185100000955,1.0745
0.185125000955,1.0745
0.185150000955,1.04325
0.185175000955,1.0745
0.185200000955,1.10575
0.185225000955,1.04325
0.185250000955,1.0745
0.185275000955,1.04325
0.185300000955,1.0745
0.185325000955,1.10575
0.185350000955,1.04325
0.185375000955,1.10575
0.185400000955,1.0745
0.185425000955,1.0745
0.185450000955,1.04325
0.185475000955,1.0745
0.185500000955,1.0745
0.185525000955,1.04325
0.185550000955,1.0745
0.185575000955,1.10575
0.185600000955,1.0745
0.185625000955,1.0745
0.185650000955,1.04325
0.185675000955,1.0745
0.185700000955,1.04325
0.185725000955,1.10575
0.185750000955,1.0745
0.185775000955,1.04325
0.185800000955,1.0745
0.185825000955,1.0745
0.185850000955,1.10575
0.185875000955,1.04325
0.185900000955,1.10575
0.185925000955,1.0745
0.185950000955,1.0745
0.185975000955,1.0745
0.186000000955,1.10575
0.186025000955,1.10575
0.186050000955,1.0745
0.186075000955,1.0745
0.186100000955,1.0745
0.186125000955,1.04325
0.186150000955,1.04325
0.186175000955,1.0745
0.186200000955,1.0745
0.186225000955,1.0745
0.186250000955,1.0745
0.186275000955,1.10575
0.186300000955,1.0745
0.186325000955,1.04325
0.186350000955,1.10575
0.186375000955,1.0745
0.186400000955,1.10575
0.186425000955,1.04325
0.186450000955,1.04325
0.186475000955,1.04325
0.186500000955,1.04325
0.186525000955,1.04325
0.186550000955,1.0745
0.186575000955,1.10575
0.186600000955,1.0745
0.186625000955,1.04325
0.186650000955,1.0745
0.186675000955,1.0745
0.186700000955,1.0745
0.186725000955,1.0745
0.186750000955,1.0745
0.186775000955,1.0745
0.186800000955,1.10575
0.186825000955,1.04325
0.186850000955,1.04325
0.186875000955,1.0745
0.186900000955,1.0745
0.186925000955,1.04325
0.186950000955,1.0745
0.186975000955,1.0745
0.187000000955,1.0745
0.187025000955,1.0745
0.187050000955,1.04325
0.187075000955,1.04325
0.187100000955,1.04325
0.187125000955,1.0745
0.187150000955,1.04325
0.187175000955,1.0745
0.187200000955,1.04325
0.187225000955,1.10575
0.187250000955,1.04325
0.187275000955,1.04325
0.187300000955,1.0745
0.187325000955,1.04325
0.187350000955,1.0745
0.187375000955,1.0745
0.187400000955,1.04325
0.187425000955,1.0745
0.187450000955,1.04325
0.187475000955,1.04325
0.187500000955,1.04325
0.187525000955,1.0745
0.187550000955,1.04325
0.187575000955,1.04325
0.187600000955,1.04325
0.187625000955,1.04325
0.187650000955,1.04325
0.187675000955,1.04325
0.187700000955,1.04325
0.187725000955,1.0745
0.187750000955,1.04325
0.187775000955,1.0745
0.187800000955,1.0745
0.187825000955,1.0745
0.187850000955,1.04325
0.187875000955,1.0745
0.187900000955,1.012
0.187925000955,1.0745
0.187950000955,1.04325
0.187975000955,1.04325
0.188000000955,1.0745
0.188025000955,1.04325
0.188050000955,1.0745
0.188075000955,1.04325
0.188100000955,1.0745
0.188125000955,1.10575
0.188150000955,1.04325
0.188175000955,1.0745
0.188200000955,1.04325
0.188225000955,1.0745
0.188250000955,1.0745
0.188275000955,1.0745
0.188300000955,1.04325
0.188325000955,1.04325
0.188350000955,1.0745
0.188375000955,1.04325
0.188400000955,1.04325
0.188425000955,1.04325
0.188450000955,1.04325
0.188475000955,1.0745
0.188500000955,1.0745
0.188525000955,1.0745
0.188550000955,1.04325
0.188575000955,1.0745
0.188600000955,1.04325
0.188625000955,1.0745
0.188650000955,1.04325
0.188675000955,1.04325
0.188700000955,1.04325
0.188725000955,1.0745
0.188750000955,1.0745
0.188775000955,1.04325
0.188800000955,1.04325
0.188825000955,1.04325
0.188850000955,1.04325
0.188875000955,1.0745
0.188900000955,1.012
0.188925000955,1.04325
0.188950000955,1.0745
0.188975000955,1.0745
0.189000000955,1.0745
0.189025000955,1.0745
0.189050000955,1.04325
0.189075000955,1.0745
0.189100000955,1.0745
0.189125000955,1.0745
0.189150000955,1.0745
0.189175000955,1.04325
0.189200000955,1.04325
0.189225000955,1.04325
0.189250000955,1.0745
0.189275000955,1.012
0.189300000955,1.04325
0.189325000955,1.04325
0.189350000955,1.04325
0.189375000955,1.04325
0.189400000955,1.04325
0.189425000955,1.0745
0.189450000955,1.0745
0.189475000955,1.04325
0.189500000955,1.0745
0.189525000955,1.0745
0.189550000955,1.0745
0.189575000955,1.04325
0.189600000955,1.10575
0.189625000955,1.04325
0.189650000955,1.04325
0.189675000955,1.0745
0.189700000955,1.0745
0.189725000955,1.04325
0.189750000955,1.0745
0.189775000955,1.04325
0.189800000955,1.0745
0.189825000955,1.04325
0.189850000955,1.04325
0.189875000955,1.0745
0.189900000955,1.04325
0.189925000955,1.04325
0.189950000955,1.04325
0.189975000955,1.04325
0.190000000955,1.04325
0.190025000955,1.04325
0.190050000955,1.04325
0.190075000955,1.04325
0.190100000955,1.04325
0.190125000955,1.04325
0.190150000955,1.0745
0.190175000955,1.04325
0.190200000955,1.04325
0.190225000955,1.0745
0.190250000955,1.04325
0.190275000955,1.04325
0.190300000955,1.0745
0.190325000955,1.04325
0.190350000955,1.04325
0.190375000955,1.04325
0.190400000955,1.0745
0.190425000955,1.0745
0.190450000955,1.04325
0.190475000955,1.04325
0.190500000955,1.04325
0.190525000955,1.04325
0.190550000955,1.0745
0.190575000955,1.04325
0.190600000955,1.04325
0.190625000955,1.04325
0.190650000955,1.04325
0.190675000955,1.04325
0.190700000955,1.04325
0.190725000955,1.04325
0.190750000955,1.0745
0.190775000955,1.0745
0.190800000955,1.0745
0.190825000955,1.0745
0.190850000955,1.04325
0.190875000955,1.04325
0.190900000955,1.0745
0.190925000955,1.0745
0.190950000955,1.0745
0.190975000955,1.04325
0.191000000955,1.0745
0.191025000955,1.04325
0.191050000955,1.012
0.191075000955,1.04325
0.191100000955,1.0745
0.191125000955,1.04325
0.191150000955,1.04325
0.191175000955,1.04325
0.191200000955,1.04325
0.191225000955,1.04325
0.191250000955,1.0745
0.191275000955,1.0745
0.191300000955,1.0745
0.191325000955,1.04325
0.191350000955,1.0745
0.191375000955,1.0745
0.191400000955,1.04325
0.191425000955,1.04325
0.191450000955,1.04325
0.191475000955,1.04325
0.191500000955,1.04325
0.191525000955,1.0745
0.191550000955,1.04325
0.191575000955,1.04325
0.191600000955,1.04325
0.191625000955,1.04325
0.191650000955,1.04325
0.191675000955,1.0745
0.191700000955,1.04325
0.191725000955,1.0745
0.191750000955,1.04325
0.191775000955,1.04325
0.191800000955,1.04325
0.191825000955,1.0745
0.191850000955,1.04325
0.191875000955,1.04325
0.191900000955,1.04325
0.191925000955,1.012
0.191950000955,1.04325
0.191975000955,1.0745
0.192000000955,1.0745
0.192025000955,1.04325
0.192050000955,1.012
0.192075000955,1.0745
0.192100000955,1.0745
0.192125000955,1.04325
0.192150000955,1.0745
0.192175000955,1.04325
0.192200000955,1.0745
0.192225000955,1.04325
0.192250000955,1.04325
0.192275000955,1.04325
0.192300000955,1.04325
0.192325000955,1.012
0.192350000955,1.0745
0.192375000955,1.04325
0.192400000955,1.0745
0.192425000955,1.04325
0.192450000955,1.012
0.192475000955,1.04325
0.192500000955,1.04325
0.192525000955,1.04325
0.192550000955,1.04325
0.192575000955,1.012
0.192600000955,1.04325
0.192625000955,1.04325
0.192650000955,1.04325
0.192675000955,1.04325
0.192700000955,1.04325
0.192725000955,1.04325
0.192750000955,1.04325
0.192775000955,1.04325
0.192800000955,1.04325
0.192825000955,1.04325
0.192850000955,1.04325
0.192875000955,1.012
0.192900000955,1.0745
0.192925000955,1.04325
0.192950000955,1.04325
0.192975000955,1.04325
0.193000000955,1.0745
0.193025000955,1.04325
0.193050000955,1.04325
0.193075000955,1.04325
0.193100000955,1.04325
0.193125000955,1.0745
0.193150000955,1.0745
0.193175000955,1.0745
0.193200000955,1.04325
0.193225000955,1.0745
0.193250000955,1.04325
0.193275000955,1.04325
0.193300000955,1.04325
0.193325000955,1.04325
0.193350000955,1.04325
0.193375000955,1.04325
0.193400000955,1.04325
0.193425000955,1.04325
0.193450000955,1.04325
0.193475000955,1.04325
0.193500000955,1.0745
0.193525000955,1.04325
0.193550000955,1.0745
0.193575000955,1.012
0.193600000955,1.04325
0.193625000955,1.04325
0.193650000955,1.04325
0.193675000955,1.04325
0.193700000955,1.04325
0.193725000955,1.04325
0.193750000955,1.04325
0.193775000955,1.04325
0.193800000955,1.04325
0.193825000955,1.04325
0.193850000955,1.012
0.193875000955,1.04325
0.193900000955,1.04325
0.193925000955,1.04325
0.193950000955,1.012
0.193975000955,1.04325
0.194000000955,1.04325
0.194025000955,1.04325
0.194050000955,1.04325
0.194075000955,1.04325
0.194100000955,1.04325
0.194125000955,1.0745
0.194150000955,1.04325
0.194175000955,1.012
0.194200000955,1.04325
0.194225000955,1.012
0.194250000955,1.04325
0.194275000955,1.04325
0.194300000955,1.04325
0.194325000955,1.04325
0.194350000955,1.012
0.194375000955,1.04325
0.194400000955,1.04325
0.194425000955,1.012
0.194450000955,1.012
0.194475000955,1.04325
0.194500000955,1.04325
0.194525000955,1.012
0.194550000955,1.04325
0.194575000955,1.0745
0.194600000955,1.04325
0.194625000955,1.04325
0.194650000955,1.04325
0.194675000955,1.04325
0.194700000955,1.0745
0.194725000955,1.04325
0.194750000955,1.04325
0.194775000955,1.04325
0.194800000955,1.04325
0.194825000955,1.04325
0.194850000955,1.012
0.194875000955,1.04325
0.194900000955,1.04325
0.194925000955,1.0745
0.194950000955,1.04325
0.194975000955,1.04325
0.195000000955,1.04325
0.195025000955,1.04325
0.195050000955,1.04325
0.195075000955,1.012
0.195100000955,1.04325
0.195125000955,1.0745
0.195150000955,1.04325
0.195175000955,1.0745
0.195200000955,1.04325
0.195225000955,1.04325
0.195250000955,1.04325
0.195275000955,1.04325
0.195300000955,1.012
0.195325000955,1.012
0.195350000955,1.012
0.195375000955,1.0745
0.195400000955,1.04325
0.195425000955,1.04325
0.195450000955,1.04325
0.195475000955,1.04325
0.195500000955,1.04325
0.195525000955,1.0745
0.195550000955,1.04325
0.195575000955,1.04325
0.195600000955,1.04325
0.195625000955,1.04325
0.195650000955,1.04325
0.195675000955,1.012
0.195700000955,1.04325
0.195725000955,1.04325
0.195750000955,1.04325
0.195775000955,1.012
0.195800000955,1.04325
0.195825000955,1.04325
0.195850000955,1.04325
0.195875000955,1.04325
0.195900000955,1.012
0.195925000955,1.04325
0.195950000955,1.04325
0.195975000955,1.012
0.196000000955,1.04325
0.196025000955,1.04325
0.196050000955,1.04325
0.196075000955,1.04325
0.196100000955,1.012
0.196125000955,1.012
0.196150000955,1.04325
0.196175000955,1.04325
0.196200000955,1.012
0.196225000955,1.012
0.196250000955,1.04325
0.196275000955,1.04325
0.196300000955,1.04325
0.196325000955,1.0745
0.196350000955,1.012
0.196375000955,1.012
0.196400000955,1.012
0.196425000955,1.04325
0.196450000955,1.012
0.196475000955,1.04325
0.196500000955,1.012
0.196525000955,1.012
0.196550000955,1.04325
0.196575000955,1.04325
0.196600000955,1.04325
0.196625000955,1.012
0.196650000955,1.04325
0.196675000955,1.012
0.196700000955,1.04325
0.196725000955,1.012
0.196750000955,1.012
0.196775000955,1.012
0.196800000955,1.04325
0.196825000955,1.04325
0.196850000955,1.04325
0.196875000955,1.04325
0.196900000955,1.04325
0.196925000955,1.012
0.196950000955,1.012
0.196975000955,1.04325
0.197000000955,1.04325
0.197025000955,1.04325
0.197050000955,1.0745
0.197075000955,1.04325
0.197100000955,1.04325
0.197125000955,1.012
0.197150000955,1.04325
0.197175000955,1.04325
0.197200000955,1.04325
0.197225000955,1.04325
0.197250000955,1.012
0.197275000955,1.012
0.197300000955,1.04325
0.197325000955,1.04325
0.197350000955,1.04325
0.197375000955,1.012
0.197400000955,1.012
0.197425000955,1.012
0.197450000955,1.04325
0.197475000955,1.0745
0.197500000955,1.012
0.197525000955,1.04325
0.197550000955,1.012
0.197575000955,1.012
0.197600000955,1.04325
0.197625000955,1.04325
0.197650000955,1.012
0.197675000955,1.04325
0.197700000955,1.012
0.197725000955,1.04325
0.197750000955,1.012
0.197775000955,1.04325
0.197800000955,1.012
0.197825000955,1.012
0.197850000955,1.012
0.197875000955,1.012
0.197900000955,1.04325
0.197925000955,1.012
0.197950000955,1.04325
0.197975000955,1.04325
0.198000000955,1.04325
0.198025000955,1.012
0.198050000955,1.04325
0.198075000955,1.012
0.198100000955,1.04325
0.198125000955,1.0745
0.198150000955,1.04325
0.198175000955,1.012
0.198200000955,1.04325
0.198225000955,1.012
0.198250000955,1.04325
0.198275000955,1.012
0.198300000955,1.012
0.198325000955,1.04325
0.198350000955,1.04325
0.198375000955,1.012
0.198400000955,1.04325
0.198425000955,1.012
0.198450000955,1.04325
0.198475000955,1.04325
0.198500000955,1.04325
0.198525000955,1.012
0.198550000955,1.04325
0.198575000955,1.04325
0.198600000955,1.04325
0.198625000955,1.012
0.198650000955,1.04325
0.198675000955,1.012
0.198700000955,0.98075
0.198725000955,1.012
0.198750000955,1.012
0.198775000955,1.0745
0.198800000955,1.04325
0.198825000955,1.04325
0.198850000955,1.012
0.198875000955,1.04325
0.198900000955,1.04325
0.198925000955,1.012
0.198950000955,1.04325
0.198975000955,1.012
0.199000000955,1.012
0.199025000955,1.012
0.199050000955,1.012
0.199075000955,1.04325
0.199100000955,1.012
0.199125000955,1.012
0.199150000955,1.0745
0.199175000955,1.012
0.199200000955,1.04325
0.199225000955,1.04325
0.199250000955,0.98075
0.199275000955,1.04325
0.199300000955,1.012
0.199325000955,0.98075
0.199350000955,1.04325
0.199375000955,1.04325
0.199400000955,1.04325
0.199425000955,1.04325
0.199450000955,1.012
0.199475000955,1.0745
0.199500000955,1.04325
0.199525000955,1.012
0.199550000955,1.0745
0.199575000955,1.012
0.199600000955,1.04325
0.199625000955,1.012
0.199650000955,1.04325
0.199675000955,1.012
0.199700000955,0.98075
0.199725000955,1.012
0.199750000955,1.012
0.199775000955,1.04325
0.199800000955,1.012
0.199825000955,1.012
0.199850000955,1.012
0.199875000955,1.012
0.199900000955,1.012
0.199925000955,1.012
0.199950000955,1.012
0.199975000955,1.04325
0.200000000955,1.012
0.200025000955,1.012
0.200050000955,1.012
0.200075000955,1.04325
0.200100000955,1.012
0.200125000955,1.012
0.200150000955,1.012
0.200175000955,1.04325
0.200200000955,1.04325
0.200225000955,1.012
0.200250000955,1.012
0.200275000955,1.012
0.200300000955,1.04325
0.200325000955,1.04325
0.200350000955,1.012
0.200375000955,1.012
0.200400000955,1.04325
0.200425000955,1.012
0.200450000955,1.012
0.200475000955,1.04325
0.200500000955,1.012
0.200525000955,1.012
0.200550000955,1.04325
0.200575000955,1.04325
0.200600000955,1.012
0.200625000955,1.012
0.200650000955,1.012
0.200675000955,1.012
0.200700000955,1.04325
0.200725000955,1.04325
0.200750000955,1.012
0.200775000955,1.012
0.200800000955,1.04325
0.200825000955,1.012
0.200850000955,1.012
0.200875000955,1.012
0.200900000955,1.012
0.200925000955,1.012
0.200950000955,1.012
0.200975000955,1.0745
0.201000000955,1.012
0.201025000955,1.04325
0.201050000955,1.012
0.201075000955,1.012
0.201100000955,1.012
0.201125000955,1.012
0.201150000955,1.04325
0.201175000955,1.04325
0.201200000955,1.012
0.201225000955,1.04325
0.201250000955,1.04325
0.201275000955,1.012
0.201300000955,1.012
0.201325000955,1.04325
0.201350000955,1.012
0.201375000955,1.04325
0.201400000955,1.04325
0.201425000955,1.04325
0.201450000955,1.012
0.201475000955,1.012
0.201500000955,1.012
0.201525000955,1.012
0.201550000955,1.012
0.201575000955,1.012
0.201600000955,1.012
0.201625000955,1.012
0.201650000955,1.012
0.201675000955,0.98075
0.201700000955,1.012
0.201725000955,1.012
0.201750000955,1.012
0.201775000955,1.012
0.201800000955,1.04325
0.201825000955,0.98075
0.201850000955,1.04325
0.201875000955,1.012
0.201900000955,0.98075
0.201925000955,1.012
0.201950000955,1.04325
0.201975000955,1.012
0.202000000955,1.012
0.202025000955,1.04325
0.202050000955,1.04325
0.202075000955,1.04325
0.202100000955,1.04325
0.202125000955,1.012
0.202150000955,1.04325
0.202175000955,1.012
0.202200000955,1.04325
0.202225000955,1.04325
0.202250000955,1.012
0.202275000955,1.012
0.202300000955,1.04325
0.202325000955,1.012
0.202350000955,1.012
0.202375000955,1.012
0.202400000955,1.04325
0.202425000955,1.04325
0.202450000955,1.012
0.202475000955,1.04325
0.202500000955,1.012
0.202525000955,1.012
0.202550000955,1.04325
0.202575000955,1.012
0.202600000955,1.012
0.202625000955,1.012
0.202650000955,1.04325
0.202675000955,1.012
0.202700000955,1.04325
0.202725000955,1.04325
0.202750000955,1.012
0.202775000955,1.04325
0.202800000955,0.98075
0.202825000955,1.012
0.202850000955,1.012
0.202875000955,1.012
0.202900000955,1.04325
0.202925000955,1.04325
0.202950000955,1.04325
0.202975000955,1.012
0.203000000955,1.012
0.203025000955,1.04325
0.203050000955,1.012
0.203075000955,1.012
0.203100000955,1.012
0.203125000955,1.04325
0.203150000955,1.012
0.203175000955,1.04325
0.203200000955,1.012
0.203225000955,1.04325
0.203250000955,1.012
0.203275000955,0.98075
0.203300000955,1.012
0.203325000955,1.012
0.203350000955,1.012
0.203375000955,1.012
0.203400000955,1.04325
0.203425000955,1.04325
0.203450000955,1.012
0.203475000955,1.012
0.203500000955,1.04325
0.203525000955,1.04325
0.203550000955,1.012
0.203575000955,1.012
0.203600000955,1.012
0.203625000955,1.012
0.203650000955,1.012
0.203675000955,1.012
0.203700000955,1.012
0.203725000955,1.04325
0.203750000955,1.012
0.203775000955,1.04325
0.203800000955,1.012
0.203825000955,1.012
0.203850000955,1.012
0.203875000955,1.012
0.203900000955,1.012
0.203925000955,0.98075
0.203950000955,1.04325
0.203975000955,1.012
0.204000000955,1.04325
0.204025000955,1.012
0.204050000955,0.98075
0.204075000955,1.012
0.204100000955,1.04325
0.204125000955,0.98075
0.204150000955,1.012
0.204175000955,1.012
0.204200000955,1.04325
0.204225000955,1.012
0.204250000955,1.012
0.204275000955,1.04325
0.204300000955,1.04325
0.204325000955,1.012
0.204350000955,1.012
0.204375000955,1.012
0.204400000955,1.04325
0.204425000955,1.012
0.204450000955,1.012
0.204475000955,1.012
0.204500000955,1.012
0.204525000955,1.012
0.204550000955,1.04325
0.204575000955,1.012
0.204600000955,1.04325
0.204625000955,0.98075
0.204650000955,1.012
0.204675000955,1.012
0.204700000955,1.012
0.204725000955,1.012
0.204750000955,1.012
0.204775000955,1.012
0.204800000955,1.04325
0.204825000955,1.012
0.204850000955,1.012
0.204875000955,1.04325
0.204900000955,1.012
0.204925000955,1.0745
0.204950000955,1.04325
0.204975000955,1.012
0.205000000955,1.0745
0.205025000955,1.012
0.205050000955,1.012
0.205075000955,1.04325
0.205100000955,1.04325
0.205125000955,1.012
0.205150000955,1.012
0.205175000955,0.98075
0.205200000955,0.98075
0.205225000955,1.04325
0.205250000955,1.012
0.205275000955,0.98075
0.205300000955,1.04325
0.205325000955,1.04325
0.205350000955,1.012
0.205375000955,1.012
0.205400000955,1.012
0.205425000955,1.012
0.205450000955,1.012
0.205475000955,1.012
0.205500000955,0.98075
0.205525000955,1.04325
0.205550000955,1.04325
0.205575000955,0.98075
0.205600000955,1.012
0.205625000955,1.012
0.205650000955,1.012
0.205675000955,1.012
0.205700000955,1.012
0.205725000955,1.012
0.205750000955,1.012
0.205775000955,1.012
0.205800000955,1.012
0.205825000955,1.012
0.205850000955,1.012
0.205875000955,1.012
0.205900000955,1.012
0.205925000955,1.012
0.205950000955,1.04325
0.205975000955,1.012
0.206000000955,1.04325
0.206025000955,1.012
0.206050000955,1.012
0.206075000955,1.012
0.206100000955,1.04325
0.206125000955,1.012
0.206150000955,0.98075
0.206175000955,1.04325
0.206200000955,1.04325
0.206225000955,1.012
0.206250000955,1.012
0.206275000955,1.012
0.206300000955,1.012
0.206325000955,1.012
0.206350000955,1.012
0.206375000955,1.012
0.206400000955,1.012
0.206425000955,1.04325
0.206450000955,1.012
0.206475000955,1.012
0.206500000955,1.012
0.206525000955,1.012
0.206550000955,1.04325
0.206575000955,1.012
0.206600000955,1.012
0.206625000955,1.012
0.206650000955,1.012
0.206675000955,0.98075
0.206700000955,1.04325
0.206725000955,1.012
0.206750000955,1.012
0.206775000955,1.012
0.206800000955,1.012
0.206825000955,1.012
0.206850000955,1.04325
0.206875000955,1.012
0.206900000955,1.012
0.206925000955,1.04325
0.206950000955,1.012
0.206975000955,1.012
0.207000000955,1.012
0.207025000955,1.012
0.207050000955,1.04325
0.207075000955,1.012
0.207100000955,0.98075
0.207125000955,1.012
0.207150000955,1.04325
0.207175000955,1.012
0.207200000955,1.012
0.207225000955,0.98075
0.207250000955,1.012
0.207275000955,1.012
0.207300000955,1.012
0.207325000955,1.012
0.207350000955,1.012
0.207375000955,1.012
0.207400000955,1.012
0.207425000955,1.012
0.207450000955,1.04325
0.207475000955,1.012
0.207500000955,1.012
0.207525000955,1.012
0.207550000955,1.04325
0.207575000955,1.04325
0.207600000955,1.012
0.207625000955,1.012
0.207650000955,1.012
0.207675000955,1.012
0.207700000955,1.04325
0.207725000955,1.012
0.207750000955,1.012
0.207775000955,0.98075
0.207800000955,1.012
0.207825000955,1.012
0.207850000955,1.012
0.207875000955,1.012
0.207900000955,1.012
0.207925000955,1.012
0.207950000955,1.012
0.207975000955,1.012
0.208000000955,1.04325
0.208025000955,1.012
0.208050000955,1.012
0.208075000955,1.012
0.208100000955,1.012
0.208125000955,0.98075
0.208150000955,1.04325
0.208175000955,1.04325
0.208200000955,1.04325
0.208225000955,1.012
0.208250000955,1.012
0.208275000955,1.012
0.208300000955,1.04325
0.208325000955,1.012
0.208350000955,1.012
0.208375000955,1.04325
0.208400000955,0.98075
0.208425000955,1.012
0.208450000955,1.012
0.208475000955,1.012
0.208500000955,1.012
0.208525000955,1.012
0.208550000955,1.012
0.208575000955,1.012
0.208600000955,1.012
0.208625000955,1.012
0.208650000955,1.012
0.208675000955,1.012
0.208700000955,0.98075
0.208725000955,0.98075
0.208750000955,0.98075
0.208775000955,1.012
0.208800000955,1.012
0.208825000955,1.012
0.208850000955,1.012
0.208875000955,1.012
0.208900000955,1.04325
0.208925000955,1.012
0.208950000955,1.012
0.208975000955,1.012
0.209000000955,0.98075
0.209025000955,1.012
0.209050000955,1.012
0.209075000955,1.012
0.209100000955,0.98075
0.209125000955,1.012
0.209150000955,0.98075
0.209175000955,1.012
0.209200000955,0.98075
0.209225000955,1.04325
0.209250000955,1.04325
0.209275000955,1.04325
0.209300000955,0.98075
0.209325000955,0.98075
0.209350000955,0.98075
0.209375000955,1.04325
0.209400000955,1.012
0.209425000955,1.012
0.209450000955,1.012
0.209475000955,1.012
0.209500000955,1.012
0.209525000955,1.012
0.209550000955,1.012
0.209575000955,0.98075
0.209600000955,1.012
0.209625000955,0.98075
0.209650000955,1.04325
0.209675000955,0.98075
0.209700000955,1.012
0.209725000955,1.04325
0.209750000955,1.012
0.209775000955,1.012
0.209800000955,1.012
0.209825000955,1.012
0.209850000955,1.012
0.209875000955,1.012
0.209900000955,0.98075
0.209925000955,1.012
0.209950000955,1.012
0.209975000955,0.98075
0.210000000955,1.012
0.210025000955,1.012
0.210050000955,1.012
0.210075000955,1.012
0.210100000955,1.012
0.210125000955,0.98075
0.210150000955,0.98075
0.210175000955,0.98075
0.210200000955,1.012
0.210225000955,1.012
0.210250000955,1.012
0.210275000955,1.04325
0.210300000955,0.98075
0.210325000955,0.9495
0.210350000955,1.012
0.210375000955,1.012
0.210400000955,1.04325
0.210425000955,1.012
0.210450000955,1.012
0.210475000955,0.98075
0.210500000955,1.012
0.210525000955,1.012
0.210550000955,1.012
0.210575000955,1.04325
0.210600000955,1.012
0.210625000955,1.04325
0.210650000955,0.98075
0.210675000955,1.012
0.210700000955,1.012
0.210725000955,0.98075
0.210750000955,1.012
0.210775000955,1.012
0.210800000955,0.98075
0.210825000955,1.04325
0.210850000955,0.98075
0.210875000955,0.98075
0.210900000955,1.012
0.210925000955,1.04325
0.210950000955,1.012
0.210975000955,0.98075
0.211000000955,1.012
0.211025000955,1.012
0.211050000955,1.012
0.211075000955,1.04325
0.211100000955,1.012
0.211125000955,1.012
0.211150000955,0.98075
0.211175000955,1.012
0.211200000955,1.04325
0.211225000955,1.012
0.211250000955,1.012
0.211275000955,1.012
0.211300000955,0.98075
0.211325000955,1.04325
0.211350000955,1.012
0.211375000955,0.98075
0.211400000955,1.012
0.211425000955,0.98075
0.211450000955,1.012
0.211475000955,1.04325
0.211500000955,0.98075
0.211525000955,1.04325
0.211550000955,1.012
0.211575000955,1.012
0.211600000955,1.012
0.211625000955,0.98075
0.211650000955,1.012
0.211675000955,1.012
0.211700000955,0.98075
0.211725000955,1.012
0.211750000955,1.012
0.211775000955,0.98075
0.211800000955,1.012
0.211825000955,0.98075
0.211850000955,1.012
0.211875000955,1.012
0.211900000955,1.012
0.211925000955,1.04325
0.211950000955,0.98075
0.211975000955,1.012
0.212000000955,0.98075
0.212025000955,1.012
0.212050000955,1.012
0.212075000955,1.012
0.212100000955,1.012
0.212125000955,1.012
0.212150000955,1.012
0.212175000955,1.012
0.212200000955,0.98075
0.212225000955,1.012
0.212250000955,1.012
0.212275000955,0.98075
0.212300000955,1.012
0.212325000955,0.98075
0.212350000955,1.012
0.212375000955,1.012
0.212400000955,1.04325
0.212425000955,1.012
0.212450000955,1.012
0.212475000955,1.012
0.212500000955,0.98075
0.212525000955,1.012
0.212550000955,1.04325
0.212575000955,1.012
0.212600000955,1.012
0.212625000955,0.98075
0.212650000955,1.012
0.212675000955,1.012
0.212700000955,0.98075
0.212725000955,0.98075
0.212750000955,1.012
0.212775000955,1.012
0.212800000955,1.04325
0.212825000955,1.012
0.212850000955,1.04325
0.212875000955,0.9495
0.212900000955,1.012
0.212925000955,1.012
0.212950000955,1.012
0.212975000955,1.012
0.213000000955,1.04325
0.213025000955,1.012
0.213050000955,1.012
0.213075000955,1.012
0.213100000955,1.012
0.213125000955,1.012
0.213150000955,1.012
0.213175000955,0.98075
0.213200000955,0.98075
0.213225000955,1.012
0.213250000955,1.012
0.213275000955,1.012
0.213300000955,0.98075
0.213325000955,1.012
0.213350000955,1.012
0.213375000955,1.012
0.213400000955,1.012
0.213425000955,1.012
0.213450000955,0.98075
0.213475000955,1.012
0.213500000955,1.012
0.213525000955,1.012
0.213550000955,1.012
0.213575000955,0.98075
0.213600000955,1.012
0.213625000955,1.012
0.213650000955,1.012
0.213675000955,1.012
0.213700000955,1.012
0.213725000955,0.98075
0.213750000955,0.98075
0.213775000955,0.98075
0.213800000955,1.012
0.213825000955,0.98075
0.213850000955,0.98075
0.213875000955,1.012
0.213900000955,1.012
0.213925000955,1.012
0.213950000955,0.98075
0.213975000955,1.012
0.214000000955,1.012
0.214025000955,1.012
0.214050000955,1.012
0.214075000955,1.04325
0.214100000955,1.012
0.214125000955,1.012
0.214150000955,0.98075
0.214175000955,1.012
0.214200000955,1.012
0.214225000955,1.012
0.214250000955,1.04325
0.214275000955,1.012
0.214300000955,1.012
0.214325000955,1.012
0.214350000955,1.012
0.214375000955,1.012
0.214400000955,1.012
0.214425000955,0.98075
0.214450000955,1.012
0.214475000955,0.98075
0.214500000955,0.9495
0.214525000955,1.012
0.214550000955,1.012
0.214575000955,1.012
0.214600000955,1.012
0.214625000955,1.04325
0.214650000955,1.012
0.214675000955,1.012
0.214700000955,0.9495
0.214725000955,1.04325
0.214750000955,0.98075
0.214775000955,1.04325
0.214800000955,1.012
0.214825000955,1.012
0.214850000955,0.98075
0.214875000955,1.04325
0.214900000955,1.012
0.214925000955,1.012
0.214950000955,0.98075
0.214975000955,1.012
0.215000000955,1.012
0.215025000955,1.012
0.215050000955,0.98075
0.215075000955,1.012
0.215100000955,1.012
0.215125000955,1.012
0.215150000955,1.012
0.215175000955,1.012
0.215200000955,0.98075
0.215225000955,1.012
0.215250000955,1.012
0.215275000955,1.012
0.215300000955,0.98075
0.215325000955,0.98075
0.215350000955,1.012
0.215375000955,1.012
0.215400000955,0.98075
0.215425000955,1.012
0.215450000955,1.012
0.215475000955,1.012
0.215500000955,1.04325
0.215525000955,0.98075
0.215550000955,1.012
0.215575000955,1.012
0.215600000955,1.012
0.215625000955,0.98075
0.215650000955,0.98075
0.215675000955,1.012
0.215700000955,1.0745
0.215725000955,0.98075
0.215750000955,1.012
0.215775000955,1.012
0.215800000955,1.012
0.215825000955,0.98075
0.215850000955,0.98075
0.215875000955,0.98075
0.215900000955,1.012
0.215925000955,0.98075
0.215950000955,1.012
0.215975000955,0.98075
0.216000000955,1.012
0.216025000955,1.012
0.216050000955,1.012
0.216075000955,0.98075
0.216100000955,0.98075
0.216125000955,1.012
0.216150000955,1.012
0.216175000955,0.98075
0.216200000955,1.012
0.216225000955,0.98075
0.216250000955,1.012
0.216275000955,1.012
0.216300000955,0.98075
0.216325000955,1.012
0.216350000955,1.012
0.216375000955,0.98075
0.216400000955,1.012
0.216425000955,0.98075
0.216450000955,1.012
0.216475000955,1.012
0.216500000955,0.98075
0.216525000955,1.012
0.216550000955,0.98075
0.216575000955,1.012
0.216600000955,0.98075
0.216625000955,1.012
0.216650000955,1.012
0.216675000955,1.012
0.216700000955,1.012
0.216725000955,1.012
0.216750000955,1.012
0.216775000955,1.012
0.216800000955,0.98075
0.216825000955,1.012
0.216850000955,0.98075
0.216875000955,1.012
0.216900000955,0.98075
0.216925000955,1.04325
0.216950000955,1.012
0.216975000955,1.012
0.217000000955,0.98075
0.217025000955,1.012
0.217050000955,1.04325
0.217075000955,1.012
0.217100000955,1.012
0.217125000955,0.98075
0.217150000955,1.012
0.217175000955,1.012
0.217200000955,0.98075
0.217225000955,0.98075
0.217250000955,1.012
0.217275000955,1.012
0.217300000955,1.012
0.217325000955,0.98075
0.217350000955,1.012
0.217375000955,1.012
0.217400000955,0.98075
0.217425000955,1.04325
0.217450000955,0.98075
0.217475000955,1.04325
0.217500000955,1.012
0.217525000955,0.98075
0.217550000955,0.98075
0.217575000955,1.04325
0.217600000955,1.012
0.217625000955,0.98075
0.217650000955,1.012
0.217675000955,0.98075
0.217700000955,0.98075
0.217725000955,1.04325
0.217750000955,1.012
0.217775000955,1.012
0.217800000955,0.98075
0.217825000955,1.012
0.217850000955,1.012
0.217875000955,0.98075
0.217900000955,1.012
0.217925000955,1.012
0.217950000955,0.98075
0.217975000955,1.012
0.218000000955,1.012
0.218025000955,1.012
0.218050000955,1.04325
0.218075000955,0.98075
0.218100000955,0.98075
0.218125000955,1.012
0.218150000955,1.012
0.218175000955,0.98075
0.218200000955,1.012
0.218225000955,1.012
0.218250000955,0.98075
0.218275000955,0.98075
0.218300000955,1.012
0.218325000955,0.98075
0.218350000955,1.012
0.218375000955,1.012
0.218400000955,0.98075
0.218425000955,0.98075
0.218450000955,1.012
0.218475000955,0.98075
0.218500000955,1.04325
0.218525000955,1.012
0.218550000955,0.98075
0.218575000955,0.98075
0.218600000955,0.98075
0.218625000955,0.98075
0.218650000955,1.012
0.218675000955,1.012
0.218700000955,1.012
0.218725000955,0.98075
0.218750000955,0.98075
0.218775000955,0.98075
0.218800000955,1.012
0.218825000955,1.012
0.218850000955,1.012
0.218875000955,0.98075
0.218900000955,0.98075
0.218925000955,1.04325
0.218950000955,1.012
0.218975000955,0.98075
0.219000000955,1.012
0.219025000955,0.98075
0.219050000955,1.04325
0.219075000955,0.98075
0.219100000955,0.98075
0.219125000955,1.012
0.219150000955,1.012
0.219175000955,0.98075
0.219200000955,1.012
0.219225000955,1.012
0.219250000955,1.04325
0.219275000955,1.012
0.219300000955,0.98075
0.219325000955,1.012
0.219350000955,1.04325
0.219375000955,0.98075
0.219400000955,0.98075
0.219425000955,0.98075
0.219450000955,1.012
0.219475000955,1.012
0.219500000955,0.98075
0.219525000955,0.98075
0.219550000955,0.98075
0.219575000955,1.012
0.219600000955,0.98075
0.219625000955,0.98075
0.219650000955,0.98075
0.219675000955,0.98075
0.219700000955,1.012
0.219725000955,1.012
0.219750000955,1.012
0.219775000955,0.98075
0.219800000955,1.012
0.219825000955,1.012
0.219850000955,0.98075
0.219875000955,0.98075
0.219900000955,1.04325
0.219925000955,0.98075
0.219950000955,1.012
0.219975000955,0.98075
0.220000000955,1.04325
0.220025000955,1.012
0.220050000955,1.012
0.220075000955,0.98075
0.220100000955,1.012
0.220125000955,0.98075
0.220150000955,0.9495
0.220175000955,1.012
0.220200000955,1.012
0.220225000955,0.98075
0.220250000955,1.012
0.220275000955,0.98075
0.220300000955,0.98075
0.220325000955,1.012
0.220350000955,1.012
0.220375000955,1.012
0.220400000955,1.012
0.220425000955,1.012
0.220450000955,1.012
0.220475000955,0.98075
0.220500000955,0.98075
0.220525000955,1.012
0.220550000955,1.04325
0.220575000955,0.98075
0.220600000955,0.98075
0.220625000955,0.9495
0.220650000955,0.98075
0.220675000955,1.012
0.220700000955,1.012
0.220725000955,0.98075
0.220750000955,0.9495
0.220775000955,1.012
0.220800000955,0.98075
0.220825000955,1.012
0.220850000955,1.012
0.220875000955,1.012
0.220900000955,0.98075
0.220925000955,1.012
0.220950000955,0.98075
0.220975000955,1.012
0.221000000955,0.98075
0.221025000955,0.98075
0.221050000955,1.012
0.221075000955,1.012
0.221100000955,0.98075
0.221125000955,1.012
0.221150000955,1.012
0.221175000955,1.012
0.221200000955,0.98075
0.221225000955,0.98075
0.221250000955,1.012
0.221275000955,1.012
0.221300000955,1.012
0.221325000955,0.98075
0.221350000955,1.012
0.221375000955,0.98075
0.221400000955,1.012
0.221425000955,1.012
0.221450000955,1.012
0.221475000955,0.98075
0.221500000955,0.98075
0.221525000955,1.04325
0.221550000955,0.98075
0.221575000955,1.012
0.221600000955,0.98075
0.221625000955,0.98075
0.221650000955,1.012
0.221675000955,0.98075
0.221700000955,1.012
0.221725000955,1.012
0.221750000955,0.98075
0.221775000955,0.98075
0.221800000955,1.012
0.221825000955,0.98075
0.221850000955,0.98075
0.221875000955,0.98075
0.221900000955,0.98075
0.221925000955,1.012
0.221950000955,1.012
0.221975000955,1.012
0.222000000955,0.98075
0.222025000955,1.012
0.222050000955,0.98075
0.222075000955,0.98075
0.222100000955,1.012
0.222125000955,1.012
0.222150000955,0.98075
0.222175000955,1.012
0.222200000955,0.98075
0.222225000955,0.98075
0.222250000955,1.012
0.222275000955,0.98075
0.222300000955,0.98075
0.222325000955,1.012
0.222350000955,1.012
0.222375000955,1.012
0.222400000955,0.98075
0.222425000955,1.012
0.222450000955,0.98075
0.222475000955,1.012
0.222500000955,1.012
0.222525000955,0.98075
0.222550000955,1.012
0.222575000955,1.012
0.222600000955,1.012
0.222625000955,0.9495
0.222650000955,0.98075
0.222675000955,1.04325
0.222700000955,1.012
0.222725000955,1.012
0.222750000955,1.012
0.222775000955,0.98075
0.222800000955,0.98075
0.222825000955,0.98075
0.222850000955,1.012
0.222875000955,1.012
0.222900000955,0.98075
0.222925000955,0.98075
0.222950000955,0.98075
0.222975000955,1.012
0.223000000955,0.98075
0.223025000955,1.012
0.223050000955,0.98075
0.223075000955,0.98075
0.223100000955,1.012
0.223125000955,1.012
0.223150000955,0.9495
0.223175000955,1.012
0.223200000955,1.012
0.223225000955,0.98075
0.223250000955,1.012
0.223275000955,0.98075
0.223300000955,1.012
0.223325000955,1.012
0.223350000955,0.98075
0.223375000955,1.012
0.223400000955,0.9495
0.223425000955,1.012
0.223450000955,0.98075
0.223475000955,0.98075
0.223500000955,0.98075
0.223525000955,0.98075
0.223550000955,1.012
0.223575000955,0.98075
0.223600000955,1.012
0.223625000955,0.98075
0.223650000955,1.012
0.223675000955,1.012
0.223700000955,0.9495
0.223725000955,0.98075
0.223750000955,0.98075
0.223775000955,0.98075
0.223800000955,0.98075
0.223825000955,1.012
0.223850000955,0.98075
0.223875000955,1.012
0.223900000955,0.98075
0.223925000955,0.98075
0.223950000955,0.98075
0.223975000955,1.012
0.224000000955,0.98075
0.224025000955,0.98075
0.224050000955,1.012
0.224075000955,0.98075
0.224100000955,1.012
0.224125000955,1.012
0.224150000955,1.012
0.224175000955,0.98075
0.224200000955,1.012
0.224225000955,0.9495
0.224250000955,1.012
0.224275000955,1.012
0.224300000955,1.012
0.224325000955,0.98075
0.224350000955,1.012
0.224375000955,0.98075
0.224400000955,0.98075
0.224425000955,0.98075
0.224450000955,0.98075
0.224475000955,0.98075
0.224500000955,1.012
0.224525000955,0.98075
0.224550000955,0.9495
0.224575000955,1.04325
0.224600000955,1.012
0.224625000955,0.98075
0.224650000955,0.98075
0.224675000955,1.012
0.224700000955,0.98075
0.224725000955,1.012
0.224750000955,0.98075
0.224775000955,1.012
0.224800000955,0.98075
0.224825000955,0.9495
0.224850000955,1.012
0.224875000955,1.012
0.224900000955,0.9495
0.224925000955,1.012
0.224950000955,0.98075
0.224975000955,1.04325
0.225000000955,1.012
0.225025000955,0.98075
0.225050000955,1.04325
0.225075000955,1.012
0.225100000955,1.012
0.225125000955,1.012
0.225150000955,0.98075
0.225175000955,1.012
0.225200000955,1.012
0.225225000955,0.98075
0.225250000955,0.98075
0.225275000955,0.98075
0.225300000955,0.98075
0.225325000955,0.98075
0.225350000955,1.012
0.225375000955,1.04325
0.225400000955,0.98075
0.225425000955,0.98075
0.225450000955,0.98075
0.225475000955,1.012
0.225500000955,0.98075
0.225525000955,1.012
0.225550000955,1.012
0.225575000955,0.98075
0.225600000955,1.012
0.225625000955,1.012
0.225650000955,0.98075
0.225675000955,0.98075
0.225700000955,0.98075
0.225725000955,0.98075
0.225750000955,1.012
0.225775000955,0.98075
0.225800000955,1.012
0.225825000955,0.98075
0.225850000955,1.012
0.225875000955,0.98075
0.225900000955,1.012
0.225925000955,0.98075
0.225950000955,0.98075
0.225975000955,1.012
0.226000000955,0.98075
0.226025000955,1.012
0.226050000955,0.9495
0.226075000955,0.9495
0.226100000955,1.012
0.226125000955,1.012
0.226150000955,0.98075
0.226175000955,0.9495
0.226200000955,1.012
0.226225000955,1.012
0.226250000955,1.012
0.226275000955,0.98075
0.226300000955,1.012
0.226325000955,0.98075
0.226350000955,0.98075
0.226375000955,0.98075
0.226400000955,1.012
0.226425000955,0.98075
0.226450000955,1.012
0.226475000955,0.98075
0.226500000955,0.98075
0.226525000955,0.98075
0.226550000955,0.98075
0.226575000955,0.98075
0.226600000955,0.98075
0.226625000955,0.9495
0.226650000955,1.012
0.226675000955,1.012
0.226700000955,0.98075
0.226725000955,0.98075
0.226750000955,0.98075
0.226775000955,0.9495
0.226800000955,1.012
0.226825000955,1.012
0.226850000955,1.012
0.226875000955,0.98075
0.226900000955,0.98075
0.226925000955,0.98075
0.226950000955,1.012
0.226975000955,0.98075
0.227000000955,0.98075
0.227025000955,0.9495
0.227050000955,0.98075
0.227075000955,1.012
0.227100000955,0.98075
0.227125000955,1.012
0.227150000955,1.012
0.227175000955,1.012
0.227200000955,0.98075
0.227225000955,0.98075
0.227250000955,0.98075
0.227275000955,0.98075
0.227300000955,0.98075
0.227325000955,0.98075
0.227350000955,0.98075
0.227375000955,0.98075
0.227400000955,1.012
0.227425000955,0.98075
0.227450000955,0.98075
0.227475000955,0.98075
0.227500000955,1.012
0.227525000955,0.98075
0.227550000955,1.012
0.227575000955,0.98075
0.227600000955,1.012
0.227625000955,1.012
0.227650000955,1.012
0.227675000955,1.012
0.227700000955,0.98075
0.227725000955,0.9495
0.227750000955,0.98075
0.227775000955,1.012
0.227800000955,1.012
0.227825000955,1.012
0.227850000955,1.012
0.227875000955,1.012
0.227900000955,1.04325
0.227925000955,1.012
0.227950000955,1.012
0.227975000955,0.98075
0.228000000955,1.012
0.228025000955,0.9495
0.228050000955,0.9495
0.228075000955,0.98075
0.228100000955,0.98075
0.228125000955,0.98075
0.228150000955,0.98075
0.228175000955,0.98075
0.228200000955,0.98075
0.228225000955,0.98075
0.228250000955,1.012
0.228275000955,1.012
0.228300000955,1.012
0.228325000955,0.98075
0.228350000955,1.012
0.228375000955,0.9495
0.228400000955,0.98075
0.228425000955,0.98075
0.228450000955,0.98075
0.228475000955,0.98075
0.228500000955,0.98075
0.228525000955,1.012
0.228550000955,0.98075
0.228575000955,0.98075
0.228600000955,1.012
0.228625000955,0.98075
0.228650000955,1.012
0.228675000955,0.98075
0.228700000955,0.98075
0.228725000955,1.012
0.228750000955,1.012
0.228775000955,0.9495
0.228800000955,0.98075
0.228825000955,0.9495
0.228850000955,1.012
0.228875000955,0.98075
0.228900000955,0.9495
0.228925000955,1.04325
0.228950000955,0.98075
0.228975000955,0.98075
0.229000000955,0.98075
0.229025000955,0.98075
0.229050000955,0.98075
0.229075000955,0.9495
0.229100000955,0.98075
0.229125000955,1.012
0.229150000955,0.98075
0.229175000955,0.98075
0.229200000955,0.98075
0.229225000955,0.98075
0.229250000955,0.98075
0.229275000955,1.012
0.229300000955,0.9495
0.229325000955,0.98075
0.229350000955,1.012
0.229375000955,1.012
0.229400000955,1.012
0.229425000955,0.98075
0.229450000955,0.9495
0.229475000955,0.98075
0.229500000955,0.98075
0.229525000955,0.98075
0.229550000955,0.9495
0.229575000955,0.98075
0.229600000955,0.9495
0.229625000955,0.98075
0.229650000955,0.98075
0.229675000955,1.012
0.229700000955,0.98075
0.229725000955,0.98075
0.229750000955,0.98075
0.229775000955,0.98075
0.229800000955,0.98075
0.229825000955,0.98075
0.229850000955,1.012
0.229875000955,1.012
0.229900000955,0.9495
0.229925000955,0.98075
0.229950000955,0.9495
0.229975000955,0.9495
0.230000000955,0.98075
0.230025000955,0.98075
0.230050000955,1.012
0.230075000955,1.012
0.230100000955,1.012
0.230125000955,0.98075
0.230150000955,0.9495
0.230175000955,0.98075
0.230200000955,0.98075
0.230225000955,1.012
0.230250000955,1.012
0.230275000955,0.98075
0.230300000955,1.012
0.230325000955,0.9495
0.230350000955,0.98075
0.230375000955,1.012
0.230400000955,0.9495
0.230425000955,1.012
0.230450000955,0.98075
0.230475000955,1.012
0.230500000955,0.98075
0.230525000955,0.98075
0.230550000955,0.98075
0.230575000955,0.98075
0.230600000955,0.98075
0.230625000955,0.98075
0.230650000955,0.98075
0.230675000955,1.012
0.230700000955,0.98075
0.230725000955,0.98075
0.230750000955,0.98075
0.230775000955,1.012
0.230800000955,0.98075
0.230825000955,0.98075
0.230850000955,0.9495
0.230875000955,0.98075
0.230900000955,1.012
0.230925000955,0.98075
0.230950000955,0.98075
0.230975000955,0.98075
0.231000000955,0.9495
0.231025000955,0.98075
0.231050000955,1.012
0.231075000955,0.98075
0.231100000955,0.98075
0.231125000955,0.98075
0.231150000955,0.98075
0.231175000955,0.98075
0.231200000955,0.9495
0.231225000955,0.98075
0.231250000955,0.98075
0.231275000955,0.98075
0.231300000955,0.98075
0.231325000955,0.9495
0.231350000955,0.98075
0.231375000955,0.98075
0.231400000955,0.98075
0.231425000955,0.98075
0.231450000955,0.98075
0.231475000955,1.012
0.231500000955,0.98075
0.231525000955,1.012
0.231550000955,1.012
0.231575000955,0.9495
0.231600000955,0.98075
0.231625000955,0.98075
0.231650000955,0.9495
0.231675000955,0.98075
0.231700000955,0.98075
0.231725000955,0.98075
0.231750000955,0.98075
0.231775000955,0.9495
0.231800000955,0.98075
0.231825000955,1.012
0.231850000955,0.98075
0.231875000955,0.9495
0.231900000955,0.98075
0.231925000955,0.98075
0.231950000955,1.012
0.231975000955,0.98075
0.232000000955,0.98075
0.232025000955,0.98075
0.232050000955,1.012
0.232075000955,0.9495
0.232100000955,0.98075
0.232125000955,0.9495
0.232150000955,1.012
0.232175000955,1.012
0.232200000955,1.012
0.232225000955,1.012
0.232250000955,1.012
0.232275000955,0.98075
0.232300000955,1.012
0.232325000955,0.98075
0.232350000955,1.012
0.232375000955,0.9495
0.232400000955,0.98075
0.232425000955,0.98075
0.232450000955,0.98075
0.232475000955,0.98075
0.232500000955,1.012
0.232525000955,0.98075
0.232550000955,0.98075
0.232575000955,0.98075
0.232600000955,0.9495
0.232625000955,1.012
0.232650000955,1.012
0.232675000955,0.98075
0.232700000955,0.98075
0.232725000955,0.98075
0.232750000955,0.9495
0.232775000955,0.98075
0.232800000955,1.012
0.232825000955,0.98075
0.232850000955,0.98075
0.232875000955,0.98075
0.232900000955,0.98075
0.232925000955,1.012
0.232950000955,0.98075
0.232975000955,0.98075
0.233000000955,0.98075
0.233025000955,0.98075
0.233050000955,1.012
0.233075000955,0.98075
0.233100000955,1.012
0.233125000955,0.98075
0.233150000955,0.98075
0.233175000955,1.012
0.233200000955,0.9495
0.233225000955,0.98075
0.233250000955,0.98075
0.233275000955,0.98075
0.233300000955,0.98075
0.233325000955,0.98075
0.233350000955,0.98075
0.233375000955,0.98075
0.233400000955,0.9495
0.233425000955,1.012
0.233450000955,0.98075
0.233475000955,0.9495
0.233500000955,0.98075
0.233525000955,0.98075
0.233550000955,0.9495
0.233575000955,0.9495
0.233600000955,0.98075
0.233625000955,0.9495
0.233650000955,0.98075
0.233675000955,0.98075
0.233700000955,0.98075
0.233725000955,0.98075
0.233750000955,0.98075
0.233775000955,0.98075
0.233800000955,0.98075
0.233825000955,0.9495
0.233850000955,0.9495
0.233875000955,1.012
0.233900000955,0.9495
0.233925000955,0.98075
0.233950000955,1.012
0.233975000955,0.98075
0.234000000955,1.012
0.234025000955,0.9495
0.234050000955,0.98075
0.234075000955,0.98075
0.234100000955,0.98075
0.234125000955,0.9495
0.234150000955,1.012
0.234175000955,0.9495
0.234200000955,0.98075
0.234225000955,0.98075
0.234250000955,0.98075
0.234275000955,0.98075
0.234300000955,1.012
0.234325000955,0.98075
0.234350000955,0.9495
0.234375000955,0.98075
0.234400000955,1.012
0.234425000955,0.98075
0.234450000955,0.98075
0.234475000955,1.012
0.234500000955,0.98075
0.234525000955,0.98075
0.234550000955,0.98075
0.234575000955,0.98075
0.234600000955,0.98075
0.234625000955,0.98075
0.234650000955,0.9495
0.234675000955,0.98075
0.234700000955,0.9495
0.234725000955,1.012
0.234750000955,0.9495
0.234775000955,0.98075
0.234800000955,1.012
0.234825000955,1.012
0.234850000955,0.98075
0.234875000955,0.98075
0.234900000955,0.98075
0.234925000955,0.98075
0.234950000955,0.98075
0.234975000955,0.9495
0.235000000955,0.9495
0.235025000955,0.98075
0.235050000955,1.012
0.235075000955,0.98075
0.235100000955,0.98075
0.235125000955,1.012
0.235150000955,0.98075
0.235175000955,0.98075
0.235200000955,0.98075
0.235225000955,0.98075
0.235250000955,0.98075
0.235275000955,0.98075
0.235300000955,0.98075
0.235325000955,0.98075
0.235350000955,0.9495
0.235375000955,0.91825
0.235400000955,0.9495
0.235425000955,0.9495
0.235450000955,0.9495
0.235475000955,0.98075
0.235500000955,0.98075
0.235525000955,1.012
0.235550000955,1.012
0.235575000955,0.98075
0.235600000955,1.012
0.235625000955,0.98075
0.235650000955,0.98075
0.235675000955,0.98075
0.235700000955,0.98075
0.235725000955,0.9495
0.235750000955,0.98075
0.235775000955,0.98075
0.235800000955,0.98075
0.235825000955,0.9495
0.235850000955,0.98075
0.235875000955,0.98075
0.235900000955,0.98075
0.235925000955,0.98075
0.235950000955,0.98075
0.235975000955,0.98075
0.236000000955,1.012
0.236025000955,0.98075
0.236050000955,1.012
0.236075000955,0.98075
0.236100000955,0.98075
0.236125000955,0.98075
0.236150000955,0.98075
0.236175000955,0.98075
0.236200000955,0.9495
0.236225000955,1.012
0.236250000955,0.98075
0.236275000955,0.98075
0.236300000955,0.98075
0.236325000955,0.98075
0.236350000955,0.98075
0.236375000955,0.9495
0.236400000955,0.9495
0.236425000955,0.98075
0.236450000955,0.9495
0.236475000955,0.98075
0.236500000955,0.9495
0.236525000955,0.98075
0.236550000955,1.012
0.236575000955,0.98075
0.236600000955,0.98075
0.236625000955,0.98075
0.236650000955,0.98075
0.236675000955,0.98075
0.236700000955,0.98075
0.236725000955,0.98075
0.236750000955,0.9495
0.236775000955,0.98075
0.236800000955,1.012
0.236825000955,0.98075
0.236850000955,0.98075
0.236875000955,0.98075
0.236900000955,0.9495
0.236925000955,1.012
0.236950000955,0.98075
0.236975000955,0.98075
0.237000000955,0.98075
0.237025000955,0.9495
0.237050000955,0.98075
0.237075000955,0.98075
0.237100000955,0.98075
0.237125000955,0.98075
0.237150000955,1.012
0.237175000955,0.9495
0.237200000955,0.9495
0.237225000955,0.98075
0.237250000955,0.98075
0.237275000955,0.98075
0.237300000955,0.9495
0.237325000955,0.98075
0.237350000955,1.012
0.237375000955,0.98075
0.237400000955,0.98075
0.237425000955,0.98075
0.237450000955,0.91825
0.237475000955,0.98075
0.237500000955,1.012
0.237525000955,0.98075
0.237550000955,0.9495
0.237575000955,1.012
0.237600000955,0.98075
0.237625000955,0.9495
0.237650000955,0.98075
0.237675000955,0.9495
0.237700000955,0.98075
0.237725000955,0.98075
0.237750000955,0.9495
0.237775000955,0.98075
0.237800000955,0.98075
0.237825000955,0.9495
0.237850000955,1.012
0.237875000955,0.98075
0.237900000955,0.98075
0.237925000955,0.98075
0.237950000955,0.9495
0.237975000955,0.98075
0.238000000955,0.98075
0.238025000955,0.98075
0.238050000955,0.98075
0.238075000955,0.9495
0.238100000955,0.98075
0.238125000955,0.98075
0.238150000955,0.98075
0.238175000955,0.98075
0.238200000955,0.98075
0.238225000955,0.98075
0.238250000955,0.98075
0.238275000955,0.98075
0.238300000955,0.98075
0.238325000955,0.98075
0.238350000955,0.98075
0.238375000955,0.98075
0.238400000955,0.9495
0.238425000955,0.98075
0.238450000955,0.98075
0.238475000955,0.98075
0.238500000955,0.98075
0.238525000955,0.98075
0.238550000955,0.98075
0.238575000955,0.9495
0.238600000955,1.012
0.238625000955,0.9495
0.238650000955,0.98075
0.238675000955,0.98075
0.238700000955,0.9495
0.238725000955,0.9495
0.238750000955,1.012
0.238775000955,0.9495
0.238800000955,0.98075
0.238825000955,0.98075
0.238850000955,0.9495
0.238875000955,0.98075
0.238900000955,0.98075
0.238925000955,0.98075
0.238950000955,0.98075
0.238975000955,0.98075
0.239000000955,0.98075
0.239025000955,1.012
0.239050000955,1.012
0.239075000955,0.9495
0.239100000955,0.9495
0.239125000955,0.98075
0.239150000955,0.98075
0.239175000955,0.98075
0.239200000955,0.98075
0.239225000955,0.9495
0.239250000955,0.98075
0.239275000955,0.98075
0.239300000955,0.98075
0.239325000955,0.98075
0.239350000955,0.9495
0.239375000955,1.012
0.239400000955,1.012
0.239425000955,1.012
0.239450000955,0.98075
0.239475000955,0.98075
0.239500000955,1.012
0.239525000955,0.98075
0.239550000955,1.012
0.239575000955,1.012
0.239600000955,0.98075
0.239625000955,0.98075
0.239650000955,0.98075
0.239675000955,0.9495
0.239700000955,0.98075
0.239725000955,0.9495
0.239750000955,0.98075
0.239775000955,0.98075
0.239800000955,0.98075
0.239825000955,0.9495
0.239850000955,0.98075
0.239875000955,0.98075
0.239900000955,0.98075
0.239925000955,0.98075
0.239950000955,0.9495
0.239975000955,1.012
0.240000000955,0.9495
0.240025000955,0.9495
0.240050000955,0.98075
0.240075000955,1.012
0.240100000955,0.98075
0.240125000955,0.98075
0.240150000955,0.98075
0.240175000955,0.98075
0.240200000955,0.98075
0.240225000955,0.98075
0.240250000955,1.012
0.240275000955,0.98075
0.240300000955,0.98075
0.240325000955,0.98075
0.240350000955,0.9495
0.240375000955,0.9495
0.240400000955,0.9495
0.240425000955,0.91825
0.240450000955,0.98075
0.240475000955,1.012
0.240500000955,0.98075
0.240525000955,0.98075
0.240550000955,0.98075
0.240575000955,0.98075
0.240600000955,0.9495
0.240625000955,0.98075
0.240650000955,0.9495
0.240675000955,1.012
0.240700000955,0.98075
0.240725000955,0.98075
0.240750000955,0.9495
0.240775000955,0.98075
0.240800000955,0.9495
0.240825000955,1.012
0.240850000955,0.98075
0.240875000955,0.98075
0.240900000955,0.98075
0.240925000955,0.98075
0.240950000955,0.9495
0.240975000955,1.012
0.241000000955,0.98075
0.241025000955,0.9495
0.241050000955,0.9495
0.241075000955,0.98075
0.241100000955,0.98075
0.241125000955,0.98075
0.241150000955,0.9495
0.241175000955,0.98075
0.241200000955,0.9495
0.241225000955,0.98075
0.241250000955,1.012
0.241275000955,0.9495
0.241300000955,0.98075
0.241325000955,0.98075
0.241350000955,1.012
0.241375000955,0.98075
0.241400000955,0.98075
0.241425000955,0.98075
0.241450000955,0.9495
0.241475000955,0.9495
0.241500000955,0.98075
0.241525000955,1.012
0.241550000955,1.012
0.241575000955,0.9495
0.241600000955,1.012
0.241625000955,0.9495
0.241650000955,0.98075
0.241675000955,0.98075
0.241700000955,0.9495
0.241725000955,0.9495
0.241750000955,0.9495
0.241775000955,0.9495
0.241800000955,0.9495
0.241825000955,0.98075
0.241850000955,0.9495
0.241875000955,1.012
0.241900000955,0.98075
0.241925000955,0.9495
0.241950000955,0.98075
0.241975000955,0.98075
0.242000000955,0.98075
0.242025000955,1.012
0.242050000955,0.9495
0.242075000955,0.9495
0.242100000955,0.9495
0.242125000955,0.98075
0.242150000955,0.98075
0.242175000955,0.9495
0.242200000955,0.98075
0.242225000955,0.9495
0.242250000955,0.98075
0.242275000955,0.98075
0.242300000955,0.9495
0.242325000955,0.98075
0.242350000955,0.98075
0.242375000955,0.98075
0.242400000955,0.98075
0.242425000955,0.9495
0.242450000955,0.9495
0.242475000955,0.9495
0.242500000955,0.98075
0.242525000955,0.98075
0.242550000955,1.012
0.242575000955,0.98075
0.242600000955,1.012
0.242625000955,0.9495
0.242650000955,0.9495
0.242675000955,0.9495
0.242700000955,0.98075
0.242725000955,0.9495
0.242750000955,0.9495
0.242775000955,0.98075
0.242800000955,0.98075
0.242825000955,0.9495
0.242850000955,0.98075
0.242875000955,0.98075
0.242900000955,0.98075
0.242925000955,0.98075
0.242950000955,0.98075
0.242975000955,0.98075
0.243000000955,1.012
0.243025000955,0.9495
0.243050000955,0.98075
0.243075000955,0.98075
0.243100000955,0.98075
0.243125000955,0.9495
0.243150000955,0.98075
0.243175000955,0.9495
0.243200000955,0.9495
0.243225000955,0.9495
0.243250000955,0.9495
0.243275000955,0.91825
0.243300000955,0.9495
0.243325000955,0.98075
0.243350000955,1.012
0.243375000955,0.9495
0.243400000955,0.9495
0.243425000955,0.98075
0.243450000955,0.98075
0.243475000955,0.9495
0.243500000955,0.98075
0.243525000955,0.9495
0.243550000955,0.9495
0.243575000955,0.9495
0.243600000955,0.9495
0.243625000955,0.9495
0.243650000955,0.98075
0.243675000955,0.9495
0.243700000955,0.98075
0.243725000955,0.91825
0.243750000955,0.98075
0.243775000955,0.9495
0.243800000955,0.98075
0.243825000955,0.9495
0.243850000955,0.9495
0.243875000955,0.9495
0.243900000955,0.98075
0.243925000955,0.98075
0.243950000955,0.98075
0.243975000955,0.98075
0.244000000955,0.98075
0.244025000955,0.9495
0.244050000955,0.9495
0.244075000955,0.9495
0.244100000955,0.98075
0.244125000955,0.98075
0.244150000955,0.98075
0.244175000955,0.98075
0.244200000955,0.98075
0.244225000955,0.9495
0.244250000955,1.012
0.244275000955,0.98075
0.244300000955,0.9495
0.244325000955,0.9495
0.244350000955,0.98075
0.244375000955,0.98075
0.244400000955,0.9495
0.244425000955,0.98075
0.244450000955,0.98075
0.244475000955,0.98075
0.244500000955,0.98075
0.244525000955,0.98075
0.244550000955,0.9495
0.244575000955,0.98075
0.244600000955,0.9495
0.244625000955,0.9495
0.244650000955,0.98075
0.244675000955,0.98075
0.244700000955,0.98075
0.244725000955,0.98075
0.244750000955,0.98075
0.244775000955,0.9495
0.244800000955,0.98075
0.244825000955,0.9495
0.244850000955,1.012
0.244875000955,0.98075
0.244900000955,0.9495
0.244925000955,0.98075
0.244950000955,0.98075
0.244975000955,0.9495
0.245000000955,0.9495
0.245025000955,0.98075
0.245050000955,0.9495
0.245075000955,0.9495
0.245100000955,0.98075
0.245125000955,0.98075
0.245150000955,0.98075
0.245175000955,0.98075
0.245200000955,0.98075
0.245225000955,0.9495
0.245250000955,0.98075
0.245275000955,0.9495
0.245300000955,0.9495
0.245325000955,0.9495
0.245350000955,0.98075
0.245375000955,0.9495
0.245400000955,0.98075
0.245425000955,0.98075
0.245450000955,0.98075
0.245475000955,0.98075
0.245500000955,0.9495
0.245525000955,0.98075
0.245550000955,0.98075
0.245575000955,0.98075
0.245600000955,0.98075
0.245625000955,0.98075
0.245650000955,0.9495
0.245675000955,0.98075
0.245700000955,0.9495
0.245725000955,0.98075
0.245750000955,0.98075
0.245775000955,0.9495
0.245800000955,0.98075
0.245825000955,0.98075
0.245850000955,0.98075
0.245875000955,0.98075
0.245900000955,0.9495
0.245925000955,1.012
0.245950000955,1.012
0.245975000955,0.9495
0.246000000955,0.9495
0.246025000955,0.98075
0.246050000955,0.98075
0.246075000955,0.98075
0.246100000955,0.98075
0.246125000955,0.98075
0.246150000955,0.98075
0.246175000955,0.9495
0.246200000955,0.9495
0.246225000955,0.98075
0.246250000955,0.9495
0.246275000955,0.98075
0.246300000955,0.98075
0.246325000955,0.9495
0.246350000955,0.98075
0.246375000955,0.98075
0.246400000955,0.9495
0.246425000955,0.98075
0.246450000955,0.9495
0.246475000955,0.98075
0.246500000955,0.9495
0.246525000955,0.9495
0.246550000955,0.9495
0.246575000955,0.9495
0.246600000955,0.98075
0.246625000955,0.98075
0.246650000955,0.9495
0.246675000955,0.98075
0.246700000955,0.98075
0.246725000955,0.9495
0.246750000955,0.9495
0.246775000955,0.98075
0.246800000955,0.98075
0.246825000955,0.98075
0.246850000955,0.98075
0.246875000955,0.98075
0.246900000955,0.91825
0.246925000955,0.98075
0.246950000955,0.98075
0.246975000955,0.98075
0.247000000955,0.98075
0.247025000955,0.9495
0.247050000955,0.98075
0.247075000955,0.9495
0.247100000955,0.91825
0.247125000955,0.98075
0.247150000955,0.9495
0.247175000955,0.9495
0.247200000955,0.98075
0.247225000955,0.9495
0.247250000955,0.9495
0.247275000955,0.98075
0.247300000955,0.9495
0.247325000955,0.9495
0.247350000955,0.9495
0.247375000955,0.9495
0.247400000955,0.98075
0.247425000955,0.98075
0.247450000955,0.98075
0.247475000955,0.98075
0.247500000955,1.012
0.247525000955,0.98075
0.247550000955,0.98075
0.247575000955,0.9495
0.247600000955,0.9495
0.247625000955,0.98075
0.247650000955,0.9495
0.247675000955,0.98075
0.247700000955,0.98075
0.247725000955,0.9495
0.247750000955,1.012
0.247775000955,0.98075
0.247800000955,0.9495
0.247825000955,0.98075
0.247850000955,0.98075
0.247875000955,0.98075
0.247900000955,0.98075
0.247925000955,0.9495
0.247950000955,0.9495
0.247975000955,0.91825
0.248000000955,0.9495
0.248025000955,0.98075
0.248050000955,1.012
0.248075000955,0.98075
0.248100000955,0.9495
0.248125000955,0.9495
0.248150000955,0.98075
0.248175000955,0.98075
0.248200000955,0.98075
0.248225000955,0.98075
0.248250000955,0.9495
0.248275000955,0.98075
0.248300000955,1.012
0.248325000955,0.9495
0.248350000955,0.9495
0.248375000955,0.98075
0.248400000955,0.9495
0.248425000955,1.012
0.248450000955,0.9495
0.248475000955,1.012
0.248500000955,0.98075
0.248525000955,0.98075
0.248550000955,0.9495
0.248575000955,0.98075
0.248600000955,0.9495
0.248625000955,0.98075
0.248650000955,0.98075
0.248675000955,0.98075
0.248700000955,0.9495
0.248725000955,0.9495
0.248750000955,0.9495
0.248775000955,0.98075
0.248800000955,0.98075
0.248825000955,0.98075
0.248850000955,0.98075
0.248875000955,0.98075
0.248900000955,0.9495
0.248925000955,0.9495
0.248950000955,0.9495
0.248975000955,0.9495
0.249000000955,0.9495
0.249025000955,0.9495
0.249050000955,0.98075
0.249075000955,0.98075
0.249100000955,0.9495
0.249125000955,0.98075
0.249150000955,0.9495
0.249175000955,0.9495
0.249200000955,0.9495
0.249225000955,0.9495
0.249250000955,0.98075
0.249275000955,0.91825
0.249300000955,0.9495
0.249325000955,0.98075
0.249350000955,0.98075
0.249375000955,0.98075
0.249400000955,0.9495
0.249425000955,0.9495
0.249450000955,0.9495
0.249475000955,0.98075
0.249500000955,0.9495
0.249525000955,0.98075
0.249550000955,0.9495
0.249575000955,0.9495
0.249600000955,0.9495
0.249625000955,0.9495
0.249650000955,0.91825
0.249675000955,0.9495
0.249700000955,0.98075
0.249725000955,0.98075
0.249750000955,0.9495
0.249775000955,0.9495
0.249800000955,0.98075
0.249825000955,0.98075
0.249850000955,0.91825
0.249875000955,0.98075
0.249900000955,0.98075
0.249925000955,0.98075
0.249950000955,0.9495
0.249975000955,0.9495
0.250000000955,0.98075
0.250025000955,0.9495
0.250050000955,0.91825
0.250075000955,0.98075
0.250100000955,0.98075
0.250125000955,0.98075
0.250150000955,0.9495
0.250175000955,0.9495
0.250200000955,0.98075
0.250225000955,0.98075
0.250250000955,0.98075
0.250275000955,0.9495
0.250300000955,0.98075
0.250325000955,0.9495
0.250350000955,0.98075
0.250375000955,0.9495
0.250400000955,0.9495
0.250425000955,0.98075
0.250450000955,0.98075
0.250475000955,0.9495
0.250500000955,0.9495
0.250525000955,0.9495
0.250550000955,0.98075
0.250575000955,0.91825
0.250600000955,0.9495
0.250625000955,0.98075
0.250650000955,0.98075
0.250675000955,0.98075
0.250700000955,0.9495
0.250725000955,0.9495
0.250750000955,0.9495
0.250775000955,0.9495
0.250800000955,0.98075
0.250825000955,0.9495
0.250850000955,0.98075
0.250875000955,0.98075
0.250900000955,0.98075
0.250925000955,0.98075
0.250950000955,0.98075
0.250975000955,0.9495
0.251000000955,1.012
0.251025000955,0.98075
0.251050000955,0.9495
0.251075000955,0.9495
0.251100000955,0.98075
0.251125000955,0.91825
0.251150000955,0.9495
0.251175000955,0.9495
0.251200000955,0.98075
0.251225000955,0.9495
0.251250000955,0.9495
0.251275000955,0.98075
0.251300000955,0.9495
0.251325000955,0.9495
0.251350000955,0.98075
0.251375000955,0.98075
0.251400000955,1.012
0.251425000955,0.9495
0.251450000955,0.98075
0.251475000955,0.98075
0.251500000955,0.98075
0.251525000955,0.98075
0.251550000955,0.9495
0.251575000955,0.98075
0.251600000955,0.9495
0.251625000955,0.98075
0.251650000955,0.98075
0.251675000955,0.98075
0.251700000955,0.9495
0.251725000955,0.9495
0.251750000955,0.98075
0.251775000955,0.98075
0.251800000955,0.91825
0.251825000955,0.98075
0.251850000955,0.98075
0.251875000955,0.9495
0.251900000955,0.9495
0.251925000955,0.98075
0.251950000955,0.98075
0.251975000955,0.9495
0.252000000955,0.9495
0.252025000955,0.9495
0.252050000955,0.9495
0.252075000955,0.9495
0.252100000955,0.98075
0.252125000955,0.9495
0.252150000955,0.98075
0.252175000955,0.98075
0.252200000955,0.9495
0.252225000955,0.9495
0.252250000955,0.98075
0.252275000955,0.98075
0.252300000955,0.98075
0.252325000955,0.98075
0.252350000955,0.9495
0.252375000955,0.9495
0.252400000955,0.98075
0.252425000955,0.98075
0.252450000955,0.9495
0.252475000955,0.9495
0.252500000955,0.9495
0.252525000955,0.98075
0.252550000955,0.9495
0.252575000955,0.9495
0.252600000955,0.9495
0.252625000955,1.012
0.252650000955,0.98075
0.252675000955,0.9495
0.252700000955,0.9495
0.252725000955,0.9495
0.252750000955,0.98075
0.252775000955,0.9495
0.252800000955,0.9495
0.252825000955,0.9495
0.252850000955,0.98075
0.252875000955,0.9495
0.252900000955,0.9495
0.252925000955,0.9495
0.252950000955,0.98075
0.252975000955,0.9495
0.253000000955,0.9495
0.253025000955,0.9495
0.253050000955,0.98075
0.253075000955,0.9495
0.253100000955,0.9495
0.253125000955,0.98075
0.253150000955,0.98075
0.253175000955,0.9495
0.253200000955,0.9495
0.253225000955,0.9495
0.253250000955,0.98075
0.253275000955,0.98075
0.253300000955,0.98075
0.253325000955,0.9495
0.253350000955,0.9495
0.253375000955,0.98075
0.253400000955,0.98075
0.253425000955,0.9495
0.253450000955,0.9495
0.253475000955,0.9495
0.253500000955,0.98075
0.253525000955,0.9495
0.253550000955,0.98075
0.253575000955,0.9495
0.253600000955,0.98075
0.253625000955,0.9495
0.253650000955,0.98075
0.253675000955,0.9495
0.253700000955,0.9495
0.253725000955,0.91825
0.253750000955,0.9495
0.253775000955,0.9495
0.253800000955,0.9495
0.253825000955,0.9495
0.253850000955,0.9495
0.253875000955,0.9495
0.253900000955,0.98075
0.253925000955,0.91825
0.253950000955,0.98075
0.253975000955,0.9495
0.254000000955,0.9495
0.254025000955,0.9495
0.254050000955,0.98075
0.254075000955,0.9495
0.254100000955,0.9495
0.254125000955,0.98075
0.254150000955,0.98075
0.254175000955,0.9495
0.254200000955,0.98075
0.254225000955,0.98075
0.254250000955,0.98075
0.254275000955,0.9495
0.254300000955,0.98075
0.254325000955,0.98075
0.254350000955,0.9495
0.254375000955,0.9495
0.254400000955,0.9495
0.254425000955,0.98075
0.254450000955,0.98075
0.254475000955,0.9495
0.254500000955,0.98075
0.254525000955,0.9495
0.254550000955,0.9495
0.254575000955,0.9495
0.254600000955,0.9495
0.254625000955,0.9495
0.254650000955,0.9495
0.254675000955,0.9495
0.254700000955,0.98075
0.254725000955,1.04325
0.254750000955,1.04325
0.254775000955,1.10575
0.254800000955,1.1995
0.254825000955,1.23075
0.254850000955,1.262
0.254875000955,1.3245
0.254900000955,1.35575
0.254925000955,1.387
0.254950000955,1.387
0.254975000955,1.4495
0.255000000955,1.41825
0.255025000955,1.4495
0.255050000955,1.512
0.255075000955,1.54325
0.255100000955,1.54325
0.255125000955,1.5745
0.255150000955,1.60575
0.255175000955,1.637
0.255200000955,1.637
0.255225000955,1.66825
0.255250000955,1.66825
0.255275000955,1.66825
0.255300000955,1.66825
0.255325000955,1.73075
0.255350000955,1.73075
0.255375000955,1.73075
0.255400000955,1.79325
0.255425000955,1.79325
0.255450000955,1.79325
0.255475000955,1.79325
0.255500000955,1.8245
0.255525000955,1.8245
0.255550000955,1.8245
0.255575000955,1.8245
0.255600000955,1.85575
0.255625000955,1.85575
0.255650000955,1.887
0.255675000955,1.887
0.255700000955,1.887
0.255725000955,1.887
0.255750000955,1.91825
0.255775000955,1.91825
0.255800000955,1.887
0.255825000955,1.91825
0.255850000955,1.9495
0.255875000955,1.91825
0.255900000955,1.9495
0.255925000955,1.98075
0.255950000955,1.9495
0.255975000955,1.98075
0.256000000955,1.9495
0.256025000955,1.9495
0.256050000955,2.012
0.256075000955,2.012
0.256100000955,2.04325
0.256125000955,1.98075
0.256150000955,1.98075
0.256175000955,2.012
0.256200000955,2.04325
0.256225000955,2.012
0.256250000955,2.04325
0.256275000955,2.04325
0.256300000955,2.0745
0.256325000955,2.0745
0.256350000955,2.04325
0.256375000955,2.04325
0.256400000955,2.04325
0.256425000955,2.0745
0.256450000955,2.0745
0.256475000955,2.0745
0.256500000955,2.0745
0.256525000955,2.0745
0.256550000955,2.0745
0.256575000955,2.10575
0.256600000955,2.10575
0.256625000955,2.10575
0.256650000955,2.10575
0.256675000955,2.10575
0.256700000955,2.137
0.256725000955,2.10575
0.256750000955,2.0745
0.256775000955,2.137
0.256800000955,2.10575
0.256825000955,2.137
0.256850000955,2.10575
0.256875000955,2.10575
0.256900000955,2.10575
0.256925000955,2.137
0.256950000955,2.137
0.256975000955,2.137
0.257000000955,2.137
0.257025000955,2.137
0.257050000955,2.137
0.257075000955,2.137
0.257100000955,2.137
0.257125000955,2.137
0.257150000955,2.16825
0.257175000955,2.137
0.257200000955,2.137
0.257225000955,2.137
0.257250000955,2.10575
0.257275000955,2.137
0.257300000955,2.16825
0.257325000955,2.137
0.257350000955,2.137
0.257375000955,2.137
0.257400000955,2.137
0.257425000955,2.137
0.257450000955,2.137
0.257475000955,2.137
0.257500000955,2.10575
0.257525000955,2.137
0.257550000955,2.137
0.257575000955,2.137
0.257600000955,2.137
0.257625000955,2.137
0.257650000955,2.16825
0.257675000955,2.137
0.257700000955,2.137
0.257725000955,2.10575
0.257750000955,2.10575
0.257775000955,2.16825
0.257800000955,2.16825
0.257825000955,2.16825
0.257850000955,2.137
0.257875000955,2.137
0.257900000955,2.137
0.257925000955,2.137
0.257950000955,2.137
0.257975000955,2.10575
0.258000000955,2.137
0.258025000955,2.10575
0.258050000955,2.16825
0.258075000955,2.137
0.258100000955,2.137
0.258125000955,2.1995
0.258150000955,2.137
0.258175000955,2.137
0.258200000955,2.137
0.258225000955,2.137
0.258250000955,2.137
0.258275000955,2.137
0.258300000955,2.137
0.258325000955,2.16825
0.258350000955,2.137
0.258375000955,2.10575
0.258400000955,2.137
0.258425000955,2.137
0.258450000955,2.137
0.258475000955,2.137
0.258500000955,2.16825
0.258525000955,2.137
0.258550000955,2.16825
0.258575000955,2.137
0.258600000955,2.137
0.258625000955,2.137
0.258650000955,2.16825
0.258675000955,2.16825
0.258700000955,2.137
0.258725000955,2.16825
0.258750000955,2.137
0.258775000955,2.137
0.258800000955,2.137
0.258825000955,2.137
0.258850000955,2.137
0.258875000955,2.137
0.258900000955,2.16825
0.258925000955,2.137
0.258950000955,2.10575
0.258975000955,2.10575
0.259000000955,2.16825
0.259025000955,2.137
0.259050000955,2.137
0.259075000955,2.137
0.259100000955,2.10575
0.259125000955,2.137
0.259150000955,2.137
0.259175000955,2.16825
0.259200000955,2.137
0.259225000955,2.137
0.259250000955,2.10575
0.259275000955,2.137
0.259300000955,2.137
0.259325000955,2.137
0.259350000955,2.137
0.259375000955,2.137
0.259400000955,2.137
0.259425000955,2.10575
0.259450000955,2.16825
0.259475000955,2.16825
0.259500000955,2.137
0.259525000955,2.137
0.259550000955,2.16825
0.259575000955,2.137
0.259600000955,2.137
0.259625000955,2.137
0.259650000955,2.16825
0.259675000955,2.16825
0.259700000955,2.137
0.259725000955,2.10575
0.259750000955,2.10575
0.259775000955,2.16825
0.259800000955,2.137
0.259825000955,2.16825
0.259850000955,2.137
0.259875000955,2.137
0.259900000955,2.10575
0.259925000955,2.137
0.259950000955,2.137
0.259975000955,2.137
0.260000000955,2.137
0.260025000955,2.137
0.260050000955,2.137
0.260075000955,2.16825
0.260100000955,2.16825
0.260125000955,2.16825
0.260150000955,2.137
0.260175000955,2.10575
0.260200000955,2.137
0.260225000955,2.16825
0.260250000955,2.137
0.260275000955,2.137
0.260300000955,2.137
0.260325000955,2.10575
0.260350000955,2.137
0.260375000955,2.137
0.260400000955,2.10575
0.260425000955,2.137
0.260450000955,2.137
0.260475000955,2.137
0.260500000955,2.10575
0.260525000955,2.137
0.260550000955,2.137
0.260575000955,2.10575
0.260600000955,2.137
0.260625000955,2.137
0.260650000955,2.137
0.260675000955,2.137
0.260700000955,2.137
0.260725000955,2.16825
0.260750000955,2.137
0.260775000955,2.137
0.260800000955,2.137
0.260825000955,2.137
0.260850000955,2.10575
0.260875000955,2.137
0.260900000955,2.137
0.260925000955,2.137
0.260950000955,2.137
0.260975000955,2.137
0.261000000955,2.137
0.261025000955,2.137
0.261050000955,2.10575
0.261075000955,2.10575
0.261100000955,2.137
0.261125000955,2.137
0.261150000955,2.137
0.261175000955,2.10575
0.261200000955,2.137
0.261225000955,2.16825
0.261250000955,2.10575
0.261275000955,2.137
0.261300000955,2.10575
0.261325000955,2.137
0.261350000955,2.16825
0.261375000955,2.137
0.261400000955,2.137
0.261425000955,2.10575
0.261450000955,2.137
0.261475000955,2.10575
0.261500000955,2.10575
0.261525000955,2.137
0.261550000955,2.137
0.261575000955,2.10575
0.261600000955,2.137
0.261625000955,2.16825
0.261650000955,2.10575
0.261675000955,2.137
0.261700000955,2.137
0.261725000955,2.137
0.261750000955,2.137
0.261775000955,2.137
0.261800000955,2.137
0.261825000955,2.10575
0.261850000955,2.10575
0.261875000955,2.10575
0.261900000955,2.10575
0.261925000955,2.137
0.261950000955,2.137
0.261975000955,2.137
0.262000000955,2.16825
0.262025000955,2.137
0.262050000955,2.10575
0.262075000955,2.137
0.262100000955,2.137
0.262125000955,2.137
0.262150000955,2.137
0.262175000955,2.10575
0.262200000955,2.137
0.262225000955,2.137
0.262250000955,2.137
0.262275000955,2.10575
0.262300000955,2.137
0.262325000955,2.137
0.262350000955,2.137
0.262375000955,2.10575
0.262400000955,2.137
0.262425000955,2.137
0.262450000955,2.137
0.262475000955,2.137
0.262500000955,2.137
0.262525000955,2.10575
0.262550000955,2.137
0.262575000955,2.137
0.262600000955,2.16825
0.262625000955,2.137
0.262650000955,2.137
0.262675000955,2.137
0.262700000955,2.10575
0.262725000955,2.137
0.262750000955,2.10575
0.262775000955,2.137
0.262800000955,2.137
0.262825000955,2.137
0.262850000955,2.137
0.262875000955,2.137
0.262900000955,2.10575
0.262925000955,2.137
0.262950000955,2.0745
0.262975000955,2.10575
0.263000000955,2.137
0.263025000955,2.10575
0.263050000955,2.137
0.263075000955,2.10575
0.263100000955,2.10575
0.263125000955,2.137
0.263150000955,2.10575
0.263175000955,2.10575
0.263200000955,2.137
0.263225000955,2.10575
0.263250000955,2.10575
0.263275000955,2.10575
0.263300000955,2.137
0.263325000955,2.10575
0.263350000955,2.10575
0.263375000955,2.10575
0.263400000955,2.137
0.263425000955,2.10575
0.263450000955,2.0745
0.263475000955,2.10575
0.263500000955,2.10575
0.263525000955,2.137
0.263550000955,2.10575
0.263575000955,2.0745
0.263600000955,2.10575
0.263625000955,2.0745
0.263650000955,2.137
0.263675000955,2.16825
0.263700000955,2.10575
0.263725000955,2.137
0.263750000955,2.10575
0.263775000955,2.10575
0.263800000955,2.10575
0.263825000955,2.137
0.263850000955,2.10575
0.263875000955,2.137
0.263900000955,2.10575
0.263925000955,2.137
0.263950000955,2.137
0.263975000955,2.10575
0.264000000955,2.137
0.264025000955,2.0745
0.264050000955,2.10575
0.264075000955,2.10575
0.264100000955,2.16825
0.264125000955,2.137
0.264150000955,2.10575
0.264175000955,2.10575
0.264200000955,2.137
0.264225000955,2.10575
0.264250000955,2.0745
0.264275000955,2.137
0.264300000955,2.10575
0.264325000955,2.10575
0.264350000955,2.137
0.264375000955,2.137
0.264400000955,2.10575
0.264425000955,2.137
0.264450000955,2.10575
0.264475000955,2.10575
0.264500000955,2.10575
0.264525000955,2.137
0.264550000955,2.10575
0.264575000955,2.10575
0.264600000955,2.10575
0.264625000955,2.10575
0.264650000955,2.137
0.264675000955,2.10575
0.264700000955,2.0745
0.264725000955,2.10575
0.264750000955,2.10575
0.264775000955,2.10575
0.264800000955,2.10575
0.264825000955,2.137
0.264850000955,2.10575
0.264875000955,2.10575
0.264900000955,2.10575
0.264925000955,2.137
0.264950000955,2.10575
0.264975000955,2.10575
0.265000000955,2.137
0.265025000955,2.10575
0.265050000955,2.10575
0.265075000955,2.10575
0.265100000955,2.137
0.265125000955,2.10575
0.265150000955,2.137
0.265175000955,2.10575
0.265200000955,2.0745
0.265225000955,2.0745
0.265250000955,2.137
0.265275000955,2.10575
0.265300000955,2.10575
0.265325000955,2.10575
0.265350000955,2.10575
0.265375000955,2.10575
0.265400000955,2.137
0.265425000955,2.10575
0.265450000955,2.10575
0.265475000955,2.137
0.265500000955,2.137
0.265525000955,2.0745
0.265550000955,2.0745
0.265575000955,2.10575
0.265600000955,2.0745
0.265625000955,2.10575
0.265650000955,2.0745
0.265675000955,2.10575
0.265700000955,2.10575
0.265725000955,2.137
0.265750000955,2.10575
0.265775000955,2.0745
0.265800000955,2.10575
0.265825000955,2.10575
0.265850000955,2.10575
0.265875000955,2.10575
0.265900000955,2.10575
0.265925000955,2.10575
0.265950000955,2.10575
0.265975000955,2.10575
0.266000000955,2.0745
0.266025000955,2.10575
0.266050000955,2.10575
0.266075000955,2.0745
0.266100000955,2.0745
0.266125000955,2.0745
0.266150000955,2.137
0.266175000955,2.10575
0.266200000955,2.10575
0.266225000955,2.10575
0.266250000955,2.137
0.266275000955,2.10575
0.266300000955,2.0745
0.266325000955,2.10575
0.266350000955,2.0745
0.266375000955,2.0745
0.266400000955,2.10575
0.266425000955,2.10575
0.266450000955,2.10575
0.266475000955,2.0745
0.266500000955,2.10575
0.266525000955,2.10575
0.266550000955,2.10575
0.266575000955,2.10575
0.266600000955,2.10575
0.266625000955,2.0745
0.266650000955,2.10575
0.266675000955,2.10575
0.266700000955,2.10575
0.266725000955,2.10575
0.266750000955,2.10575
0.266775000955,2.10575
0.266800000955,2.10575
0.266825000955,2.10575
0.266850000955,2.0745
0.266875000955,2.10575
0.266900000955,2.0745
0.266925000955,2.10575
0.266950000955,2.10575
0.266975000955,2.0745
0.267000000955,2.0745
0.267025000955,2.10575
0.267050000955,2.0745
0.267075000955,2.0745
0.267100000955,2.10575
0.267125000955,2.10575
0.267150000955,2.10575
0.267175000955,2.0745
0.267200000955,2.10575
0.267225000955,2.10575
0.267250000955,2.10575
0.267275000955,2.0745
0.267300000955,2.10575
0.267325000955,2.137
0.267350000955,2.10575
0.267375000955,2.10575
0.267400000955,2.10575
0.267425000955,2.0745
0.267450000955,2.10575
0.267475000955,2.0745
0.267500000955,2.0745
0.267525000955,2.0745
0.267550000955,2.10575
0.267575000955,2.10575
0.267600000955,2.137
0.267625000955,2.10575
0.267650000955,2.10575
0.267675000955,2.10575
0.267700000955,2.10575
0.267725000955,2.0745
0.267750000955,2.0745
0.267775000955,2.10575
0.267800000955,2.0745
0.267825000955,2.0745
0.267850000955,2.0745
0.267875000955,2.10575
0.267900000955,2.0745
0.267925000955,2.10575
0.267950000955,2.0745
0.267975000955,2.0745
0.268000000955,2.0745
0.268025000955,2.137
0.268050000955,2.0745
0.268075000955,2.137
0.268100000955,2.10575
0.268125000955,2.10575
0.268150000955,2.0745
0.268175000955,2.0745
0.268200000955,2.10575
0.268225000955,2.0745
0.268250000955,2.04325
0.268275000955,2.0745
0.268300000955,2.04325
0.268325000955,2.0745
0.268350000955,2.10575
0.268375000955,2.10575
0.268400000955,2.0745
0.268425000955,2.10575
0.268450000955,2.04325
0.268475000955,2.0745
0.268500000955,2.10575
0.268525000955,2.0745
0.268550000955,2.0745
0.268575000955,2.10575
0.268600000955,2.0745
0.268625000955,2.10575
0.268650000955,2.0745
0.268675000955,2.10575
0.268700000955,2.10575
0.268725000955,2.10575
0.268750000955,2.10575
0.268775000955,2.0745
0.268800000955,2.04325
0.268825000955,2.0745
0.268850000955,2.0745
0.268875000955,2.0745
0.268900000955,2.0745
0.268925000955,2.137
0.268950000955,2.0745
0.268975000955,2.0745
0.269000000955,2.10575
0.269025000955,2.10575
0.269050000955,2.04325
0.269075000955,2.0745
0.269100000955,2.10575
0.269125000955,2.04325
0.269150000955,2.0745
0.269175000955,2.04325
0.269200000955,2.0745
0.269225000955,2.0745
0.269250000955,2.0745
0.269275000955,2.0745
0.269300000955,2.0745
0.269325000955,2.0745
0.269350000955,2.0745
0.269375000955,2.0745
0.269400000955,2.0745
0.269425000955,2.0745
0.269450000955,2.10575
0.269475000955,2.0745
0.269500000955,2.04325
0.269525000955,2.04325
0.269550000955,2.0745
0.269575000955,2.04325
0.269600000955,2.0745
0.269625000955,2.04325
0.269650000955,2.10575
0.269675000955,2.10575
0.269700000955,2.0745
0.269725000955,2.04325
0.269750000955,2.0745
0.269775000955,2.0745
0.269800000955,2.0745
0.269825000955,2.0745
0.269850000955,2.0745
0.269875000955,2.10575
0.269900000955,2.10575
0.269925000955,2.0745
0.269950000955,2.0745
0.269975000955,2.0745
0.270000000955,2.0745
0.270025000955,2.0745
0.270050000955,2.0745
0.270075000955,2.0745
0.270100000955,2.04325
0.270125000955,2.0745
0.270150000955,2.04325
0.270175000955,2.04325
0.270200000955,2.0745
0.270225000955,2.0745
0.270250000955,2.0745
0.270275000955,2.0745
0.270300000955,2.0745
0.270325000955,2.10575
0.270350000955,2.0745
0.270375000955,2.0745
0.270400000955,2.0745
0.270425000955,2.0745
0.270450000955,2.04325
0.270475000955,2.0745
0.270500000955,2.0745
0.270525000955,2.0745
0.270550000955,2.0745
0.270575000955,2.0745
0.270600000955,2.0745
0.270625000955,2.0745
0.270650000955,2.0745
0.270675000955,2.10575
0.270700000955,2.04325
0.270725000955,2.0745
0.270750000955,2.0745
0.270775000955,2.0745
0.270800000955,2.04325
0.270825000955,2.137
0.270850000955,2.10575
0.270875000955,2.0745
0.270900000955,2.0745
0.270925000955,2.04325
0.270950000955,2.0745
0.270975000955,2.0745
0.271000000955,2.04325
0.271025000955,2.04325
0.271050000955,2.012
0.271075000955,2.04325
0.271100000955,2.0745
0.271125000955,2.04325
0.271150000955,2.0745
0.271175000955,2.0745
0.271200000955,2.10575
0.271225000955,2.04325
0.271250000955,2.0745
0.271275000955,2.0745
0.271300000955,2.0745
0.271325000955,2.04325
0.271350000955,2.04325
0.271375000955,2.0745
0.271400000955,2.04325
0.271425000955,2.04325
0.271450000955,2.0745
0.271475000955,2.04325
0.271500000955,2.04325
0.271525000955,2.04325
0.271550000955,2.04325
0.271575000955,2.0745
0.271600000955,2.0745
0.271625000955,2.04325
0.271650000955,2.0745
0.271675000955,2.04325
0.271700000955,2.10575
0.271725000955,2.0745
0.271750000955,2.0745
0.271775000955,2.04325
0.271800000955,2.0745
0.271825000955,2.04325
0.271850000955,2.04325
0.271875000955,2.04325
0.271900000955,2.0745
0.271925000955,2.0745
0.271950000955,2.04325
0.271975000955,2.0745
0.272000000955,2.10575
0.272025000955,2.04325
0.272050000955,2.0745
0.272075000955,2.04325
0.272100000955,2.0745
0.272125000955,2.04325
0.272150000955,2.0745
0.272175000955,2.0745
0.272200000955,2.04325
0.272225000955,2.0745
0.272250000955,2.0745
0.272275000955,2.0745
0.272300000955,2.0745
0.272325000955,2.0745
0.272350000955,2.04325
0.272375000955,2.0745
0.272400000955,2.0745
0.272425000955,2.0745
0.272450000955,2.04325
0.272475000955,2.0745
0.272500000955,2.04325
0.272525000955,2.0745
0.272550000955,2.04325
0.272575000955,2.0745
0.272600000955,2.04325
0.272625000955,2.04325
0.272650000955,2.04325
0.272675000955,2.0745
0.272700000955,2.04325
0.272725000955,2.04325
0.272750000955,2.0745
0.272775000955,2.0745
0.272800000955,2.04325
0.272825000955,2.0745
0.272850000955,2.04325
0.272875000955,2.012
0.272900000955,2.04325
0.272925000955,2.0745
0.272950000955,2.04325
0.272975000955,2.0745
0.273000000955,2.04325
0.273025000955,2.012
0.273050000955,2.04325
0.273075000955,2.0745
0.273100000955,2.0745
0.273125000955,2.0745
0.273150000955,2.10575
0.273175000955,2.0745
0.273200000955,2.04325
0.273225000955,2.04325
0.273250000955,2.04325
0.273275000955,2.0745
0.273300000955,2.0745
0.273325000955,2.0745
0.273350000955,2.0745
0.273375000955,2.04325
0.273400000955,2.0745
0.273425000955,2.04325
0.273450000955,2.0745
0.273475000955,2.04325
0.273500000955,2.04325
0.273525000955,2.0745
0.273550000955,2.04325
0.273575000955,2.04325
0.273600000955,2.04325
0.273625000955,2.012
0.273650000955,2.0745
0.273675000955,2.04325
0.273700000955,2.0745
0.273725000955,2.04325
0.273750000955,2.04325
0.273775000955,2.04325
0.273800000955,2.0745
0.273825000955,2.04325
0.273850000955,2.04325
0.273875000955,2.04325
0.273900000955,2.04325
0.273925000955,2.04325
0.273950000955,2.04325
0.273975000955,2.04325
0.274000000955,2.0745
0.274025000955,2.04325
0.274050000955,2.04325
0.274075000955,2.0745
0.274100000955,2.04325
0.274125000955,2.04325
0.274150000955,2.04325
0.274175000955,2.04325
0.274200000955,2.04325
0.274225000955,2.04325
0.274250000955,2.04325
0.274275000955,2.04325
0.274300000955,2.04325
0.274325000955,2.04325
0.274350000955,2.04325
0.274375000955,2.04325
0.274400000955,2.0745
0.274425000955,2.0745
0.274450000955,2.012
0.274475000955,2.04325
0.274500000955,2.04325
0.274525000955,2.04325
0.274550000955,2.0745
0.274575000955,2.04325
0.274600000955,2.0745
0.274625000955,2.0745
0.274650000955,2.04325
0.274675000955,2.04325
0.274700000955,2.04325
0.274725000955,2.04325
0.274750000955,2.04325
0.274775000955,2.0745
0.274800000955,2.04325
0.274825000955,2.0745
0.274850000955,2.04325
0.274875000955,2.04325
0.274900000955,2.04325
0.274925000955,2.04325
0.274950000955,2.0745
0.274975000955,2.04325
0.275000000955,2.04325
0.275025000955,2.04325
0.275050000955,2.04325
0.275075000955,2.04325
0.275100000955,2.04325
0.275125000955,2.0745
0.275150000955,2.04325
0.275175000955,2.04325
0.275200000955,2.04325
0.275225000955,2.0745
0.275250000955,2.04325
0.275275000955,2.012
0.275300000955,2.04325
0.275325000955,2.04325
0.275350000955,2.0745
0.275375000955,2.04325
0.275400000955,2.04325
0.275425000955,2.04325
0.275450000955,2.012
0.275475000955,2.04325
0.275500000955,2.012
0.275525000955,2.04325
0.275550000955,2.04325
0.275575000955,2.012
0.275600000955,2.0745
0.275625000955,2.012
0.275650000955,2.04325
0.275675000955,2.0745
0.275700000955,2.0745
0.275725000955,2.0745
0.275750000955,2.04325
0.275775000955,2.04325
0.275800000955,2.04325
0.275825000955,2.04325
0.275850000955,2.04325
0.275875000955,2.04325
0.275900000955,2.04325
0.275925000955,2.04325
0.275950000955,2.012
0.275975000955,2.04325
0.276000000955,2.04325
0.276025000955,2.04325
0.276050000955,2.04325
0.276075000955,2.04325
0.276100000955,2.0745
0.276125000955,2.012
0.276150000955,2.0745
0.276175000955,2.04325
0.276200000955,2.04325
0.276225000955,2.012
0.276250000955,2.04325
0.276275000955,2.012
0.276300000955,2.04325
0.276325000955,2.04325
0.276350000955,2.04325
0.276375000955,2.04325
0.276400000955,2.04325
0.276425000955,2.04325
0.276450000955,2.04325
0.276475000955,2.012
0.276500000955,2.04325
0.276525000955,2.04325
0.276550000955,2.04325
0.276575000955,2.04325
0.276600000955,2.012
0.276625000955,2.04325
0.276650000955,2.04325
0.276675000955,2.012
0.276700000955,2.04325
0.276725000955,2.04325
0.276750000955,2.04325
0.276775000955,2.012
0.276800000955,2.04325
0.276825000955,2.012
0.276850000955,2.012
0.276875000955,2.0745
0.276900000955,2.012
0.276925000955,2.04325
0.276950000955,2.04325
0.276975000955,2.012
0.277000000955,2.04325
0.277025000955,2.04325
0.277050000955,2.04325
0.277075000955,2.04325
0.277100000955,2.012
0.277125000955,2.04325
0.277150000955,2.012
0.277175000955,2.04325
0.277200000955,2.012
0.277225000955,2.04325
0.277250000955,2.04325
0.277275000955,2.04325
0.277300000955,2.012
0.277325000955,2.04325
0.277350000955,2.04325
0.277375000955,2.04325
0.277400000955,2.012
0.277425000955,2.012
0.277450000955,2.0745
0.277475000955,2.04325
0.277500000955,2.012
0.277525000955,2.04325
0.277550000955,1.98075
0.277575000955,2.04325
0.277600000955,2.012
0.277625000955,2.04325
0.277650000955,2.012
0.277675000955,2.0745
0.277700000955,2.012
0.277725000955,2.04325
0.277750000955,2.04325
0.277775000955,2.04325
0.277800000955,2.012
0.277825000955,2.04325
0.277850000955,2.012
0.277875000955,2.012
0.277900000955,2.012
0.277925000955,2.04325
0.277950000955,2.04325
0.277975000955,2.012
0.278000000955,2.04325
0.278025000955,2.04325
0.278050000955,2.04325
0.278075000955,2.04325
0.278100000955,2.012
0.278125000955,2.04325
0.278150000955,2.04325
0.278175000955,2.012
0.278200000955,2.04325
0.278225000955,2.012
0.278250000955,2.04325
0.278275000955,2.04325
0.278300000955,2.012
0.278325000955,2.012
0.278350000955,2.04325
0.278375000955,2.012
0.278400000955,2.012
0.278425000955,2.04325
0.278450000955,2.04325
0.278475000955,2.012
0.278500000955,2.04325
0.278525000955,2.04325
0.278550000955,2.04325
0.278575000955,2.04325
0.278600000955,2.012
0.278625000955,2.012
0.278650000955,2.04325
0.278675000955,2.012
0.278700000955,2.04325
0.278725000955,2.04325
0.278750000955,2.04325
0.278775000955,2.012
0.278800000955,2.012
0.278825000955,2.04325
0.278850000955,2.04325
0.278875000955,2.04325
0.278900000955,2.012
0.278925000955,2.04325
0.278950000955,2.04325
0.278975000955,1.98075
0.279000000955,2.012
0.279025000955,2.012
0.279050000955,2.012
0.279075000955,2.04325
0.279100000955,2.012
0.279125000955,2.04325
0.279150000955,2.012
0.279175000955,2.04325
0.279200000955,2.012
0.279225000955,2.012
0.279250000955,2.04325
0.279275000955,2.04325
0.279300000955,2.04325
0.279325000955,2.04325
0.279350000955,2.04325
0.279375000955,2.012
0.279400000955,2.04325
0.279425000955,2.012
0.279450000955,2.04325
0.279475000955,2.0745
0.279500000955,2.04325
0.279525000955,2.012
0.279550000955,2.04325
0.279575000955,2.04325
0.279600000955,2.012
0.279625000955,2.012
0.279650000955,2.012
0.279675000955,2.012
0.279700000955,2.04325
0.279725000955,2.012
0.279750000955,2.04325
0.279775000955,2.012
0.279800000955,2.04325
0.279825000955,2.012
0.279850000955,2.012
0.279875000955,2.012
0.279900000955,1.98075
0.279925000955,2.0745
0.279950000955,2.012
0.279975000955,2.012
0.280000000955,2.012
0.280025000955,2.012
0.280050000955,2.012
0.280075000955,2.012
0.280100000955,2.04325
0.280125000955,2.012
0.280150000955,2.012
0.280175000955,2.012
0.280200000955,1.98075
0.280225000955,2.012
0.280250000955,2.012
0.280275000955,1.9495
0.280300000955,2.012
0.280325000955,2.012
0.280350000955,2.04325
0.280375000955,2.012
0.280400000955,2.012
0.280425000955,2.012
0.280450000955,2.012
0.280475000955,1.98075
0.280500000955,2.012
0.280525000955,2.012
0.280550000955,1.98075
0.280575000955,1.9495
0.280600000955,2.012
0.280625000955,1.98075
0.280650000955,1.98075
0.280675000955,2.012
0.280700000955,1.98075
0.280725000955,2.012
0.280750000955,2.012
0.280775000955,1.9495
0.280800000955,1.98075
0.280825000955,2.012
0.280850000955,2.012
0.280875000955,1.98075
0.280900000955,2.012
0.280925000955,1.98075
0.280950000955,2.012
0.280975000955,1.98075
0.281000000955,1.98075
0.281025000955,1.98075
0.281050000955,2.012
0.281075000955,2.012
0.281100000955,2.012
0.281125000955,2.012
0.281150000955,1.98075
0.281175000955,2.012
0.281200000955,2.012
0.281225000955,1.98075
0.281250000955,1.98075
0.281275000955,1.98075
0.281300000955,1.98075
0.281325000955,1.9495
0.281350000955,2.012
0.281375000955,2.012
0.281400000955,2.012
0.281425000955,2.012
0.281450000955,2.012
0.281475000955,2.012
0.281500000955,1.98075
0.281525000955,1.98075
0.281550000955,1.98075
0.281575000955,1.98075
0.281600000955,1.98075
0.281625000955,2.012
0.281650000955,2.012
0.281675000955,2.012
0.281700000955,1.98075
0.281725000955,1.9495
0.281750000955,1.98075
0.281775000955,1.98075
0.281800000955,1.98075
0.281825000955,1.98075
0.281850000955,2.012
0.281875000955,1.98075
0.281900000955,2.012
0.281925000955,1.98075
0.281950000955,1.98075
0.281975000955,1.98075
0.282000000955,1.98075
0.282025000955,1.98075
0.282050000955,2.012
0.282075000955,1.98075
0.282100000955,1.98075
0.282125000955,1.9495
0.282150000955,1.98075
0.282175000955,1.98075
0.282200000955,1.98075
0.282225000955,1.9495
0.282250000955,1.98075
0.282275000955,1.98075
0.282300000955,1.98075
0.282325000955,1.9495
0.282350000955,1.98075
0.282375000955,1.98075
0.282400000955,1.98075
0.282425000955,2.012
0.282450000955,1.9495
0.282475000955,1.98075
0.282500000955,1.9495
0.282525000955,1.98075
0.282550000955,1.9495
0.282575000955,1.98075
0.282600000955,2.012
0.282625000955,1.98075
0.282650000955,1.98075
0.282675000955,1.98075
0.282700000955,1.9495
0.282725000955,1.98075
0.282750000955,1.9495
0.282775000955,1.98075
0.282800000955,1.98075
0.282825000955,1.98075
0.282850000955,1.98075
0.282875000955,1.98075
0.282900000955,1.98075
0.282925000955,1.98075
0.282950000955,1.98075
0.282975000955,1.9495
0.283000000955,1.98075
0.283025000955,1.98075
0.283050000955,1.91825
0.283075000955,1.9495
0.283100000955,1.98075
0.283125000955,1.98075
0.283150000955,1.9495
0.283175000955,1.98075
0.283200000955,1.9495
0.283225000955,1.9495
0.283250000955,1.9495
0.283275000955,1.9495
0.283300000955,1.98075
0.283325000955,1.98075
0.283350000955,1.9495
0.283375000955,1.9495
0.283400000955,1.9495
0.283425000955,1.98075
0.283450000955,2.012
0.283475000955,1.98075
0.283500000955,1.9495
0.283525000955,1.9495
0.283550000955,1.98075
0.283575000955,1.9495
0.283600000955,1.98075
0.283625000955,1.9495
0.283650000955,1.9495
0.283675000955,1.9495
0.283700000955,1.9495
0.283725000955,1.9495
0.283750000955,1.98075
0.283775000955,1.98075
0.283800000955,1.91825
0.283825000955,1.98075
0.283850000955,1.9495
0.283875000955,1.9495
0.283900000955,1.9495
0.283925000955,1.9495
0.283950000955,1.9495
0.283975000955,1.9495
0.284000000955,1.9495
0.284025000955,1.9495
0.284050000955,1.91825
0.284075000955,1.98075
0.284100000955,1.9495
0.284125000955,1.98075
0.284150000955,1.9495
0.284175000955,1.9495
0.284200000955,1.9495
0.284225000955,1.9495
0.284250000955,1.9495
0.284275000955,1.9495
0.284300000955,1.9495
0.284325000955,1.9495
0.284350000955,1.9495
0.284375000955,1.98075
0.284400000955,1.9495
0.284425000955,1.9495
0.284450000955,1.9495
0.284475000955,1.98075
0.284500000955,1.9495
0.284525000955,1.9495
0.284550000955,1.98075
0.284575000955,1.9495
0.284600000955,1.98075
0.284625000955,1.9495
0.284650000955,1.9495
0.284675000955,1.9495
0.284700000955,1.9495
0.284725000955,1.9495
0.284750000955,1.9495
0.284775000955,1.9495
0.284800000955,1.9495
0.284825000955,1.9495
0.284850000955,1.9495
0.284875000955,1.98075
0.284900000955,1.9495
0.284925000955,1.9495
0.284950000955,1.9495
0.284975000955,1.9495
0.285000000955,1.9495
0.285025000955,1.98075
0.285050000955,1.98075
0.285075000955,1.9495
0.285100000955,1.9495
0.285125000955,1.91825
0.285150000955,1.91825
0.285175000955,1.91825
0.285200000955,1.98075
0.285225000955,1.98075
0.285250000955,1.91825
0.285275000955,1.9495
0.285300000955,1.9495
0.285325000955,1.9495
0.285350000955,1.9495
0.285375000955,1.9495
0.285400000955,1.9495
0.285425000955,1.9495
0.285450000955,1.9495
0.285475000955,1.9495
0.285500000955,1.91825
0.285525000955,1.9495
0.285550000955,1.91825
0.285575000955,1.9495
0.285600000955,1.91825
0.285625000955,1.9495
0.285650000955,1.9495
0.285675000955,1.9495
0.285700000955,1.91825
0.285725000955,1.9495
0.285750000955,1.91825
0.285775000955,1.9495
0.285800000955,1.91825
0.285825000955,1.9495
0.285850000955,1.9495
0.285875000955,1.9495
0.285900000955,1.9495
0.285925000955,1.887
0.285950000955,1.91825
0.285975000955,1.9495
0.286000000955,1.91825
0.286025000955,1.9495
0.286050000955,1.91825
0.286075000955,1.9495
0.286100000955,1.91825
0.286125000955,1.9495
0.286150000955,1.91825
0.286175000955,1.9495
0.286200000955,1.91825
0.286225000955,1.9495
0.286250000955,1.91825
0.286275000955,1.9495
0.286300000955,1.887
0.286325000955,1.91825
0.286350000955,1.9495
0.286375000955,1.91825
0.286400000955,1.91825
0.286425000955,1.85575
0.286450000955,1.9495
0.286475000955,1.9495
0.286500000955,1.9495
0.286525000955,1.91825
0.286550000955,1.91825
0.286575000955,1.91825
0.286600000955,1.9495
0.286625000955,1.91825
0.286650000955,1.9495
0.286675000955,1.9495
0.286700000955,1.91825
0.286725000955,1.9495
0.286750000955,1.9495
0.286775000955,1.887
0.286800000955,1.91825
0.286825000955,1.9495
0.286850000955,1.887
0.286875000955,1.91825
0.286900000955,1.91825
0.286925000955,1.9495
0.286950000955,1.9495
0.286975000955,1.91825
0.287000000955,1.91825
0.287025000955,1.91825
0.287050000955,1.91825
0.287075000955,1.91825
0.287100000955,1.91825
0.287125000955,1.91825
0.287150000955,1.9495
0.287175000955,1.91825
0.287200000955,1.91825
0.287225000955,1.91825
0.287250000955,1.887
0.287275000955,1.887
0.287300000955,1.9495
0.287325000955,1.9495
0.287350000955,1.9495
0.287375000955,1.91825
0.287400000955,1.91825
0.287425000955,1.887
0.287450000955,1.9495
0.287475000955,1.91825
0.287500000955,1.91825
0.287525000955,1.91825
0.287550000955,1.91825
0.287575000955,1.91825
0.287600000955,1.91825
0.287625000955,1.91825
0.287650000955,1.9495
0.287675000955,1.887
0.287700000955,1.91825
0.287725000955,1.91825
0.287750000955,1.91825
0.287775000955,1.887
0.287800000955,1.887
0.287825000955,1.91825
0.287850000955,1.887
0.287875000955,1.887
0.287900000955,1.91825
0.287925000955,1.887
0.287950000955,1.887
0.287975000955,1.887
0.288000000955,1.91825
0.288025000955,1.887
0.288050000955,1.91825
0.288075000955,1.887
0.288100000955,1.91825
0.288125000955,1.887
0.288150000955,1.91825
0.288175000955,1.91825
0.288200000955,1.91825
0.288225000955,1.91825
0.288250000955,1.91825
0.288275000955,1.91825
0.288300000955,1.887
0.288325000955,1.91825
0.288350000955,1.91825
0.288375000955,1.91825
0.288400000955,1.85575
0.288425000955,1.887
0.288450000955,1.91825
0.288475000955,1.91825
0.288500000955,1.91825
0.288525000955,1.887
0.288550000955,1.9495
0.288575000955,1.887
0.288600000955,1.887
0.288625000955,1.91825
0.288650000955,1.85575
0.288675000955,1.9495
0.288700000955,1.887
0.288725000955,1.91825
0.288750000955,1.887
0.288775000955,1.887
0.288800000955,1.91825
0.288825000955,1.91825
0.288850000955,1.91825
0.288875000955,1.91825
0.288900000955,1.91825
0.288925000955,1.887
0.288950000955,1.91825
0.288975000955,1.91825
0.289000000955,1.91825
0.289025000955,1.887
0.289050000955,1.91825
0.289075000955,1.887
0.289100000955,1.887
0.289125000955,1.887
0.289150000955,1.887
0.289175000955,1.9495
0.289200000955,1.91825
0.289225000955,1.887
0.289250000955,1.91825
0.289275000955,1.887
0.289300000955,1.887
0.289325000955,1.887
0.289350000955,1.91825
0.289375000955,1.887
0.289400000955,1.91825
0.289425000955,1.887
0.289450000955,1.887
0.289475000955,1.9495
0.289500000955,1.887
0.289525000955,1.9495
0.289550000955,1.91825
0.289575000955,1.887
0.289600000955,1.887
0.289625000955,1.85575
0.289650000955,1.887
0.289675000955,1.91825
0.289700000955,1.887
0.289725000955,1.91825
0.289750000955,1.887
0.289775000955,1.91825
0.289800000955,1.887
0.289825000955,1.887
0.289850000955,1.85575
0.289875000955,1.85575
0.289900000955,1.91825
0.289925000955,1.887
0.289950000955,1.85575
0.289975000955,1.887
0.290000000955,1.887
0.290025000955,1.887
0.290050000955,1.85575
0.290075000955,1.85575
0.290100000955,1.887
0.290125000955,1.887
0.290150000955,1.91825
0.290175000955,1.887
0.290200000955,1.887
0.290225000955,1.887
0.290250000955,1.887
0.290275000955,1.85575
0.290300000955,1.887
0.290325000955,1.887
0.290350000955,1.85575
0.290375000955,1.887
0.290400000955,1.887
0.290425000955,1.887
0.290450000955,1.887
0.290475000955,1.887
0.290500000955,1.887
0.290525000955,1.887
0.290550000955,1.91825
0.290575000955,1.887
0.290600000955,1.887
0.290625000955,1.887
0.290650000955,1.85575
0.290675000955,1.887
0.290700000955,1.91825
0.290725000955,1.887
0.290750000955,1.85575
0.290775000955,1.85575
0.290800000955,1.85575
0.290825000955,1.887
0.290850000955,1.887
0.290875000955,1.887
0.290900000955,1.887
0.290925000955,1.887
0.290950000955,1.91825
0.290975000955,1.887
0.291000000955,1.85575
0.291025000955,1.85575
0.291050000955,1.887
0.291075000955,1.887
0.291100000955,1.85575
0.291125000955,1.887
0.291150000955,1.887
0.291175000955,1.887
0.291200000955,1.85575
0.291225000955,1.85575
0.291250000955,1.91825
0.291275000955,1.887
0.291300000955,1.887
0.291325000955,1.85575
0.291350000955,1.85575
0.291375000955,1.887
0.291400000955,1.887
0.291425000955,1.887
0.291450000955,1.887
0.291475000955,1.887
0.291500000955,1.8245
0.291525000955,1.887
0.291550000955,1.85575
0.291575000955,1.887
0.291600000955,1.85575
0.291625000955,1.887
0.291650000955,1.887
0.291675000955,1.887
0.291700000955,1.85575
0.291725000955,1.85575
0.291750000955,1.85575
0.291775000955,1.85575
0.291800000955,1.887
0.291825000955,1.85575
0.291850000955,1.887
0.291875000955,1.887
0.291900000955,1.85575
0.291925000955,1.85575
0.291950000955,1.887
0.291975000955,1.85575
0.292000000955,1.887
0.292025000955,1.85575
0.292050000955,1.85575
0.292075000955,1.887
0.292100000955,1.85575
0.292125000955,1.887
0.292150000955,1.887
0.292175000955,1.887
0.292200000955,1.85575
0.292225000955,1.887
0.292250000955,1.85575
0.292275000955,1.85575
0.292300000955,1.8245
0.292325000955,1.85575
0.292350000955,1.887
0.292375000955,1.85575
0.292400000955,1.85575
0.292425000955,1.85575
0.292450000955,1.85575
0.292475000955,1.85575
0.292500000955,1.85575
0.292525000955,1.85575
0.292550000955,1.85575
0.292575000955,1.887
0.292600000955,1.887
0.292625000955,1.887
0.292650000955,1.887
0.292675000955,1.85575
0.292700000955,1.85575
0.292725000955,1.85575
0.292750000955,1.85575
0.292775000955,1.85575
0.292800000955,1.8245
0.292825000955,1.85575
0.292850000955,1.887
0.292875000955,1.887
0.292900000955,1.887
0.292925000955,1.85575
0.292950000955,1.85575
0.292975000955,1.85575
0.293000000955,1.85575
0.293025000955,1.85575
0.293050000955,1.85575
0.293075000955,1.85575
0.293100000955,1.85575
0.293125000955,1.85575
0.293150000955,1.85575
0.293175000955,1.887
0.293200000955,1.8245
0.293225000955,1.85575
0.293250000955,1.85575
0.293275000955,1.85575
0.293300000955,1.8245
0.293325000955,1.887
0.293350000955,1.85575
0.293375000955,1.85575
0.293400000955,1.85575
0.293425000955,1.85575
0.293450000955,1.85575
0.293475000955,1.85575
0.293500000955,1.85575
0.293525000955,1.85575
0.293550000955,1.8245
0.293575000955,1.8245
0.293600000955,1.85575
0.293625000955,1.8245
0.293650000955,1.85575
0.293675000955,1.8245
0.293700000955,1.8245
0.293725000955,1.8245
0.293750000955,1.887
0.293775000955,1.8245
0.293800000955,1.85575
0.293825000955,1.85575
0.293850000955,1.8245
0.293875000955,1.85575
0.293900000955,1.8245
0.293925000955,1.85575
0.293950000955,1.8245
0.293975000955,1.8245
0.294000000955,1.85575
0.294025000955,1.85575
0.294050000955,1.85575
0.294075000955,1.85575
0.294100000955,1.85575
0.294125000955,1.8245
0.294150000955,1.8245
0.294175000955,1.8245
0.294200000955,1.85575
0.294225000955,1.8245
0.294250000955,1.85575
0.294275000955,1.8245
0.294300000955,1.8245
0.294325000955,1.85575
0.294350000955,1.85575
0.294375000955,1.85575
0.294400000955,1.8245
0.294425000955,1.8245
0.294450000955,1.8245
0.294475000955,1.85575
0.294500000955,1.8245
0.294525000955,1.8245
0.294550000955,1.85575
0.294575000955,1.8245
0.294600000955,1.79325
0.294625000955,1.8245
0.294650000955,1.85575
0.294675000955,1.8245
0.294700000955,1.85575
0.294725000955,1.85575
0.294750000955,1.85575
0.294775000955,1.8245
0.294800000955,1.85575
0.294825000955,1.8245
0.294850000955,1.8245
0.294875000955,1.8245
0.294900000955,1.85575
0.294925000955,1.887
0.294950000955,1.8245
0.294975000955,1.85575
0.295000000955,1.8245
0.295025000955,1.85575
0.295050000955,1.8245
0.295075000955,1.8245
0.295100000955,1.85575
0.295125000955,1.8245
0.295150000955,1.8245
0.295175000955,1.79325
0.295200000955,1.85575
0.295225000955,1.8245
0.295250000955,1.8245
0.295275000955,1.8245
0.295300000955,1.8245
0.295325000955,1.79325
0.295350000955,1.8245
0.295375000955,1.8245
0.295400000955,1.8245
0.295425000955,1.8245
0.295450000955,1.8245
0.295475000955,1.79325
0.295500000955,1.85575
0.295525000955,1.8245
0.295550000955,1.79325
0.295575000955,1.85575
0.295600000955,1.85575
0.295625000955,1.8245
0.295650000955,1.8245
0.295675000955,1.85575
0.295700000955,1.85575
0.295725000955,1.8245
0.295750000955,1.85575
0.295775000955,1.79325
0.295800000955,1.8245
0.295825000955,1.79325
0.295850000955,1.8245
0.295875000955,1.8245
0.295900000955,1.8245
0.295925000955,1.8245
0.295950000955,1.8245
0.295975000955,1.85575
0.296000000955,1.79325
0.296025000955,1.79325
0.296050000955,1.8245
0.296075000955,1.8245
0.296100000955,1.85575
0.296125000955,1.8245
0.296150000955,1.8245
0.296175000955,1.79325
0.296200000955,1.8245
0.296225000955,1.8245
0.296250000955,1.8245
0.296275000955,1.85575
0.296300000955,1.79325
0.296325000955,1.79325
0.296350000955,1.85575
0.296375000955,1.79325
0.296400000955,1.8245
0.296425000955,1.79325
0.296450000955,1.8245
0.296475000955,1.79325
0.296500000955,1.8245
0.296525000955,1.8245
0.296550000955,1.79325
0.296575000955,1.8245
0.296600000955,1.8245
0.296625000955,1.8245
0.296650000955,1.8245
0.296675000955,1.8245
0.296700000955,1.8245
0.296725000955,1.79325
0.296750000955,1.8245
0.296775000955,1.79325
0.296800000955,1.85575
0.296825000955,1.79325
0.296850000955,1.8245
0.296875000955,1.8245
0.296900000955,1.8245
0.296925000955,1.8245
0.296950000955,1.79325
0.296975000955,1.8245
0.297000000955,1.8245
0.297025000955,1.79325
0.297050000955,1.79325
0.297075000955,1.8245
0.297100000955,1.8245
0.297125000955,1.8245
0.297150000955,1.79325
0.297175000955,1.8245
0.297200000955,1.79325
0.297225000955,1.8245
0.297250000955,1.8245
0.297275000955,1.8245
0.297300000955,1.8245
0.297325000955,1.79325
0.297350000955,1.79325
0.297375000955,1.8245
0.297400000955,1.79325
0.297425000955,1.8245
0.297450000955,1.8245
0.297475000955,1.79325
0.297500000955,1.8245
0.297525000955,1.79325
0.297550000955,1.8245
0.297575000955,1.79325
0.297600000955,1.79325
0.297625000955,1.8245
0.297650000955,1.8245
0.297675000955,1.8245
0.297700000955,1.85575
0.297725000955,1.8245
0.297750000955,1.79325
0.297775000955,1.79325
0.297800000955,1.762
0.297825000955,1.8245
0.297850000955,1.8245
0.297875000955,1.8245
0.297900000955,1.79325
0.297925000955,1.79325
0.297950000955,1.79325
0.297975000955,1.79325
0.298000000955,1.79325
0.298025000955,1.79325
0.298050000955,1.79325
0.298075000955,1.79325
0.298100000955,1.79325
0.298125000955,1.8245
0.298150000955,1.79325
0.298175000955,1.79325
0.298200000955,1.762
0.298225000955,1.79325
0.298250000955,1.79325
0.298275000955,1.79325
0.298300000955,1.79325
0.298325000955,1.762
0.298350000955,1.762
0.298375000955,1.762
0.298400000955,1.762
0.298425000955,1.79325
0.298450000955,1.79325
0.298475000955,1.79325
0.298500000955,1.79325
0.298525000955,1.79325
0.298550000955,1.762
0.298575000955,1.79325
0.298600000955,1.73075
0.298625000955,1.762
0.298650000955,1.79325
0.298675000955,1.79325
0.298700000955,1.762
0.298725000955,1.762
0.298750000955,1.79325
0.298775000955,1.762
0.298800000955,1.79325
0.298825000955,1.79325
0.298850000955,1.79325
0.298875000955,1.79325
0.298900000955,1.79325
0.298925000955,1.79325
0.298950000955,1.79325
0.298975000955,1.8245
0.299000000955,1.79325
0.299025000955,1.79325
0.299050000955,1.79325
0.299075000955,1.79325
0.299100000955,1.762
0.299125000955,1.79325
0.299150000955,1.79325
0.299175000955,1.79325
0.299200000955,1.79325
0.299225000955,1.79325
0.299250000955,1.762
0.299275000955,1.8245
0.299300000955,1.79325
0.299325000955,1.79325
0.299350000955,1.79325
0.299375000955,1.762
0.299400000955,1.8245
0.299425000955,1.79325
0.299450000955,1.79325
0.299475000955,1.79325
0.299500000955,1.762
0.299525000955,1.762
0.299550000955,1.79325
0.299575000955,1.762
0.299600000955,1.762
0.299625000955,1.762
0.299650000955,1.79325
0.299675000955,1.762
0.299700000955,1.762
0.299725000955,1.762
0.299750000955,1.79325
0.299775000955,1.762
0.299800000955,1.79325
0.299825000955,1.79325
0.299850000955,1.762
0.299875000955,1.8245
0.299900000955,1.79325
0.299925000955,1.79325
0.299950000955,1.762
0.299975000955,1.762
0.300000000955,1.79325
0.300025000955,1.79325
0.300050000955,1.79325
0.300075000955,1.79325
0.300100000955,1.762
0.300125000955,1.762
0.300150000955,1.79325
0.300175000955,1.79325
0.300200000955,1.762
0.300225000955,1.762
0.300250000955,1.762
0.300275000955,1.762
0.300300000955,1.762
0.300325000955,1.762
0.300350000955,1.762
0.300375000955,1.79325
0.300400000955,1.73075
0.300425000955,1.762
0.300450000955,1.762
0.300475000955,1.762
0.300500000955,1.762
0.300525000955,1.762
0.300550000955,1.762
0.300575000955,1.79325
0.300600000955,1.762
0.300625000955,1.79325
0.300650000955,1.762
0.300675000955,1.762
0.300700000955,1.762
0.300725000955,1.762
0.300750000955,1.79325
0.300775000955,1.762
0.300800000955,1.79325
0.300825000955,1.79325
0.300850000955,1.79325
0.300875000955,1.762
0.300900000955,1.79325
0.300925000955,1.79325
0.300950000955,1.79325
0.300975000955,1.79325
0.301000000955,1.762
0.301025000955,1.762
0.301050000955,1.762
0.301075000955,1.762
0.301100000955,1.762
0.301125000955,1.762
0.301150000955,1.79325
0.301175000955,1.762
0.301200000955,1.79325
0.301225000955,1.762
0.301250000955,1.762
0.301275000955,1.79325
0.301300000955,1.762
0.301325000955,1.79325
0.301350000955,1.79325
0.301375000955,1.762
0.301400000955,1.762
0.301425000955,1.762
0.301450000955,1.73075
0.301475000955,1.73075
0.301500000955,1.762
0.301525000955,1.762
0.301550000955,1.79325
0.301575000955,1.73075
0.301600000955,1.762
0.301625000955,1.73075
0.301650000955,1.762
0.301675000955,1.762
0.301700000955,1.762
0.301725000955,1.762
0.301750000955,1.762
0.301775000955,1.73075
0.301800000955,1.79325
0.301825000955,1.79325
0.301850000955,1.762
0.301875000955,1.762
0.301900000955,1.79325
0.301925000955,1.73075
0.301950000955,1.762
0.301975000955,1.762
0.302000000955,1.79325
0.302025000955,1.762
0.302050000955,1.79325
0.302075000955,1.762
0.302100000955,1.762
0.302125000955,1.73075
0.302150000955,1.762
0.302175000955,1.762
0.302200000955,1.762
0.302225000955,1.8245
0.302250000955,1.762
0.302275000955,1.762
0.302300000955,1.762
0.302325000955,1.762
0.302350000955,1.762
0.302375000955,1.79325
0.302400000955,1.762
0.302425000955,1.79325
0.302450000955,1.79325
0.302475000955,1.762
0.302500000955,1.762
0.302525000955,1.79325
0.302550000955,1.79325
0.302575000955,1.762
0.302600000955,1.762
0.302625000955,1.762
0.302650000955,1.79325
0.302675000955,1.762
0.302700000955,1.762
0.302725000955,1.762
0.302750000955,1.762
0.302775000955,1.762
0.302800000955,1.73075
0.302825000955,1.762
0.302850000955,1.762
0.302875000955,1.762
0.302900000955,1.762
0.302925000955,1.762
0.302950000955,1.762
0.302975000955,1.79325
0.303000000955,1.762
0.303025000955,1.762
0.303050000955,1.762
0.303075000955,1.762
0.303100000955,1.762
0.303125000955,1.762
0.303150000955,1.762
0.303175000955,1.762
0.303200000955,1.762
0.303225000955,1.762
0.303250000955,1.762
0.303275000955,1.73075
0.303300000955,1.73075
0.303325000955,1.79325
0.303350000955,1.762
0.303375000955,1.762
0.303400000955,1.79325
0.303425000955,1.762
0.303450000955,1.762
0.303475000955,1.73075
0.303500000955,1.73075
0.303525000955,1.762
0.303550000955,1.79325
0.303575000955,1.762
0.303600000955,1.762
0.303625000955,1.762
0.303650000955,1.762
0.303675000955,1.762
0.303700000955,1.762
0.303725000955,1.762
0.303750000955,1.762
0.303775000955,1.762
0.303800000955,1.762
0.303825000955,1.762
0.303850000955,1.73075
0.303875000955,1.762
0.303900000955,1.73075
0.303925000955,1.762
0.303950000955,1.762
0.303975000955,1.762
0.304000000955,1.762
0.304025000955,1.762
0.304050000955,1.762
0.304075000955,1.73075
0.304100000955,1.79325
0.304125000955,1.73075
0.304150000955,1.73075
0.304175000955,1.762
0.304200000955,1.762
0.304225000955,1.73075
0.304250000955,1.73075
0.304275000955,1.73075
0.304300000955,1.762
0.304325000955,1.762
0.304350000955,1.762
0.304375000955,1.762
0.304400000955,1.762
0.304425000955,1.762
0.304450000955,1.762
0.304475000955,1.762
0.304500000955,1.762
0.304525000955,1.73075
0.304550000955,1.762
0.304575000955,1.762
0.304600000955,1.73075
0.304625000955,1.79325
0.304650000955,1.73075
0.304675000955,1.762
0.304700000955,1.762
0.304725000955,1.762
0.304750000955,1.762
0.304775000955,1.762
0.304800000955,1.762
0.304825000955,1.762
0.304850000955,1.762
0.304875000955,1.762
0.304900000955,1.73075
0.304925000955,1.73075
0.304950000955,1.73075
0.304975000955,1.762
0.305000000955,1.73075
0.305025000955,1.73075
0.305050000955,1.762
0.305075000955,1.79325
0.305100000955,1.73075
0.305125000955,1.762
0.305150000955,1.762
0.305175000955,1.73075
0.305200000955,1.73075
0.305225000955,1.73075
0.305250000955,1.762
0.305275000955,1.762
0.305300000955,1.762
0.305325000955,1.73075
0.305350000955,1.73075
0.305375000955,1.762
0.305400000955,1.762
0.305425000955,1.73075
0.305450000955,1.762
0.305475000955,1.73075
0.305500000955,1.762
0.305525000955,1.762
0.305550000955,1.6995
0.305575000955,1.762
0.305600000955,1.762
0.305625000955,1.762
0.305650000955,1.762
0.305675000955,1.79325
0.305700000955,1.73075
0.305725000955,1.762
0.305750000955,1.73075
0.305775000955,1.73075
0.305800000955,1.762
0.305825000955,1.762
0.305850000955,1.73075
0.305875000955,1.762
0.305900000955,1.73075
0.305925000955,1.762
0.305950000955,1.762
0.305975000955,1.73075
0.306000000955,1.73075
0.306025000955,1.73075
0.306050000955,1.73075
0.306075000955,1.762
0.306100000955,1.762
0.306125000955,1.762
0.306150000955,1.762
0.306175000955,1.762
0.306200000955,1.73075
0.306225000955,1.762
0.306250000955,1.73075
0.306275000955,1.762
0.306300000955,1.73075
0.306325000955,1.73075
0.306350000955,1.762
0.306375000955,1.73075
0.306400000955,1.73075
0.306425000955,1.762
0.306450000955,1.762
0.306475000955,1.73075
0.306500000955,1.762
0.306525000955,1.73075
0.306550000955,1.73075
0.306575000955,1.762
0.306600000955,1.762
0.306625000955,1.73075
0.306650000955,1.762
0.306675000955,1.73075
0.306700000955,1.73075
0.306725000955,1.762
0.306750000955,1.73075
0.306775000955,1.762
0.306800000955,1.762
0.306825000955,1.73075
0.306850000955,1.73075
0.306875000955,1.73075
0.306900000955,1.73075
0.306925000955,1.762
0.306950000955,1.762
0.306975000955,1.73075
0.307000000955,1.73075
0.307025000955,1.73075
0.307050000955,1.79325
0.307075000955,1.762
0.307100000955,1.762
0.307125000955,1.762
0.307150000955,1.73075
0.307175000955,1.73075
0.307200000955,1.73075
0.307225000955,1.73075
0.307250000955,1.73075
0.307275000955,1.762
0.307300000955,1.73075
0.307325000955,1.73075
0.307350000955,1.73075
0.307375000955,1.73075
0.307400000955,1.762
0.307425000955,1.73075
0.307450000955,1.73075
0.307475000955,1.762
0.307500000955,1.762
0.307525000955,1.762
0.307550000955,1.73075
0.307575000955,1.73075
0.307600000955,1.762
0.307625000955,1.762
0.307650000955,1.762
0.307675000955,1.6995
0.307700000955,1.73075
0.307725000955,1.73075
0.307750000955,1.762
0.307775000955,1.73075
0.307800000955,1.762
0.307825000955,1.73075
0.307850000955,1.73075
0.307875000955,1.73075
0.307900000955,1.73075
0.307925000955,1.73075
0.307950000955,1.73075
0.307975000955,1.73075
0.308000000955,1.762
0.308025000955,1.762
0.308050000955,1.73075
0.308075000955,1.73075
0.308100000955,1.73075
0.308125000955,1.73075
0.308150000955,1.73075
0.308175000955,1.73075
0.308200000955,1.762
0.308225000955,1.73075
0.308250000955,1.73075
0.308275000955,1.73075
0.308300000955,1.73075
0.308325000955,1.73075
0.308350000955,1.762
0.308375000955,1.73075
0.308400000955,1.73075
0.308425000955,1.762
0.308450000955,1.73075
0.308475000955,1.762
0.308500000955,1.73075
0.308525000955,1.73075
0.308550000955,1.73075
0.308575000955,1.73075
0.308600000955,1.73075
0.308625000955,1.73075
0.308650000955,1.73075
0.308675000955,1.73075
0.308700000955,1.73075
0.308725000955,1.73075
0.308750000955,1.6995
0.308775000955,1.762
0.308800000955,1.73075
0.308825000955,1.73075
0.308850000955,1.73075
0.308875000955,1.73075
0.308900000955,1.762
0.308925000955,1.73075
0.308950000955,1.73075
0.308975000955,1.73075
0.309000000955,1.73075
0.309025000955,1.6995
0.309050000955,1.73075
0.309075000955,1.762
0.309100000955,1.73075
0.309125000955,1.73075
0.309150000955,1.762
0.309175000955,1.73075
0.309200000955,1.762
0.309225000955,1.73075
0.309250000955,1.762
0.309275000955,1.762
0.309300000955,1.73075
0.309325000955,1.73075
0.309350000955,1.73075
0.309375000955,1.73075
0.309400000955,1.6995
0.309425000955,1.73075
0.309450000955,1.73075
0.309475000955,1.73075
0.309500000955,1.73075
0.309525000955,1.73075
0.309550000955,1.762
0.309575000955,1.762
0.309600000955,1.73075
0.309625000955,1.73075
0.309650000955,1.73075
0.309675000955,1.73075
0.309700000955,1.73075
0.309725000955,1.73075
0.309750000955,1.73075
0.309775000955,1.762
0.309800000955,1.73075
0.309825000955,1.73075
0.309850000955,1.73075
0.309875000955,1.73075
0.309900000955,1.73075
0.309925000955,1.73075
0.309950000955,1.73075
0.309975000955,1.73075
0.310000000955,1.73075
0.310025000955,1.6995
0.310050000955,1.6995
0.310075000955,1.762
0.310100000955,1.762
0.310125000955,1.73075
0.310150000955,1.762
0.310175000955,1.73075
0.310200000955,1.73075
0.310225000955,1.73075
0.310250000955,1.73075
0.310275000955,1.73075
0.310300000955,1.73075
0.310325000955,1.73075
0.310350000955,1.73075
0.310375000955,1.762
0.310400000955,1.73075
0.310425000955,1.73075
0.310450000955,1.6995
0.310475000955,1.73075
0.310500000955,1.762
0.310525000955,1.762
0.310550000955,1.73075
0.310575000955,1.762
0.310600000955,1.73075
0.310625000955,1.73075
0.310650000955,1.762
0.310675000955,1.762
0.310700000955,1.73075
0.310725000955,1.73075
0.310750000955,1.762
0.310775000955,1.73075
0.310800000955,1.73075
0.310825000955,1.73075
0.310850000955,1.6995
0.310875000955,1.762
0.310900000955,1.6995
0.310925000955,1.6995
0.310950000955,1.73075
0.310975000955,1.6995
0.311000000955,1.73075
0.311025000955,1.73075
0.311050000955,1.73075
0.311075000955,1.6995
0.311100000955,1.762
0.311125000955,1.6995
0.311150000955,1.73075
0.311175000955,1.73075
0.311200000955,1.762
0.311225000955,1.6995
0.311250000955,1.73075
0.311275000955,1.6995
0.311300000955,1.73075
0.311325000955,1.73075
0.311350000955,1.73075
0.311375000955,1.6995
0.311400000955,1.762
0.311425000955,1.6995
0.311450000955,1.6995
0.311475000955,1.762
0.311500000955,1.73075
0.311525000955,1.73075
0.311550000955,1.73075
0.311575000955,1.73075
0.311600000955,1.6995
0.311625000955,1.73075
0.311650000955,1.73075
0.311675000955,1.73075
0.311700000955,1.73075
0.311725000955,1.73075
0.311750000955,1.762
0.311775000955,1.73075
0.311800000955,1.73075
0.311825000955,1.73075
0.311850000955,1.73075
0.311875000955,1.73075
0.311900000955,1.73075
0.311925000955,1.73075
0.311950000955,1.73075
0.311975000955,1.73075
0.312000000955,1.6995
0.312025000955,1.73075
0.312050000955,1.6995
0.312075000955,1.73075
0.312100000955,1.73075
0.312125000955,1.73075
0.312150000955,1.73075
0.312175000955,1.73075
0.312200000955,1.762
0.312225000955,1.6995
0.312250000955,1.73075
0.312275000955,1.73075
0.312300000955,1.6995
0.312325000955,1.6995
0.312350000955,1.73075
0.312375000955,1.6995
0.312400000955,1.6995
0.312425000955,1.73075
0.312450000955,1.73075
0.312475000955,1.73075
0.312500000955,1.73075
0.312525000955,1.73075
0.312550000955,1.73075
0.312575000955,1.73075
0.312600000955,1.73075
0.312625000955,1.762
0.312650000955,1.73075
0.312675000955,1.73075
0.312700000955,1.6995
0.312725000955,1.73075
0.312750000955,1.73075
0.312775000955,1.6995
0.312800000955,1.6995
0.312825000955,1.762
0.312850000955,1.762
0.312875000955,1.6995
0.312900000955,1.6995
0.312925000955,1.73075
0.312950000955,1.73075
0.312975000955,1.73075
0.313000000955,1.73075
0.313025000955,1.6995
0.313050000955,1.73075
0.313075000955,1.6995
0.313100000955,1.73075
0.313125000955,1.6995
0.313150000955,1.73075
0.313175000955,1.66825
0.313200000955,1.6995
0.313225000955,1.762
0.313250000955,1.73075
0.313275000955,1.6995
0.313300000955,1.73075
0.313325000955,1.73075
0.313350000955,1.6995
0.313375000955,1.6995
0.313400000955,1.73075
0.313425000955,1.73075
0.313450000955,1.762
0.313475000955,1.6995
0.313500000955,1.6995
0.313525000955,1.73075
0.313550000955,1.73075
0.313575000955,1.73075
0.313600000955,1.6995
0.313625000955,1.6995
0.313650000955,1.6995
0.313675000955,1.73075
0.313700000955,1.73075
0.313725000955,1.6995
0.313750000955,1.6995
0.313775000955,1.6995
0.313800000955,1.6995
0.313825000955,1.6995
0.313850000955,1.73075
0.313875000955,1.6995
0.313900000955,1.73075
0.313925000955,1.73075
0.313950000955,1.6995
0.313975000955,1.73075
0.314000000955,1.73075
0.314025000955,1.6995
0.314050000955,1.6995
0.314075000955,1.73075
0.314100000955,1.73075
0.314125000955,1.6995
0.314150000955,1.6995
0.314175000955,1.73075
0.314200000955,1.6995
0.314225000955,1.6995
0.314250000955,1.6995
0.314275000955,1.73075
0.314300000955,1.6995
0.314325000955,1.73075
0.314350000955,1.762
0.314375000955,1.6995
0.314400000955,1.6995
0.314425000955,1.6995
0.314450000955,1.73075
0.314475000955,1.6995
0.314500000955,1.6995
0.314525000955,1.6995
0.314550000955,1.6995
0.314575000955,1.6995
0.314600000955,1.6995
0.314625000955,1.6995
0.314650000955,1.73075
0.314675000955,1.6995
0.314700000955,1.73075
0.314725000955,1.73075
0.314750000955,1.6995
0.314775000955,1.6995
0.314800000955,1.6995
0.314825000955,1.6995
0.314850000955,1.6995
0.314875000955,1.73075
0.314900000955,1.6995
0.314925000955,1.6995
0.314950000955,1.6995
0.314975000955,1.73075
0.315000000955,1.6995
0.315025000955,1.73075
0.315050000955,1.6995
0.315075000955,1.73075
0.315100000955,1.73075
0.315125000955,1.73075
0.315150000955,1.6995
0.315175000955,1.6995
0.315200000955,1.73075
0.315225000955,1.66825
0.315250000955,1.6995
0.315275000955,1.6995
0.315300000955,1.6995
0.315325000955,1.6995
0.315350000955,1.6995
0.315375000955,1.6995
0.315400000955,1.6995
0.315425000955,1.6995
0.315450000955,1.6995
0.315475000955,1.6995
0.315500000955,1.73075
0.315525000955,1.6995
0.315550000955,1.6995
0.315575000955,1.66825
0.315600000955,1.73075
0.315625000955,1.6995
0.315650000955,1.6995
0.315675000955,1.73075
0.315700000955,1.73075
0.315725000955,1.6995
0.315750000955,1.6995
0.315775000955,1.6995
0.315800000955,1.73075
0.315825000955,1.66825
0.315850000955,1.73075
0.315875000955,1.6995
0.315900000955,1.73075
0.315925000955,1.73075
0.315950000955,1.6995
0.315975000955,1.6995
0.316000000955,1.6995
0.316025000955,1.73075
0.316050000955,1.6995
0.316075000955,1.6995
0.316100000955,1.73075
0.316125000955,1.73075
0.316150000955,1.6995
0.316175000955,1.6995
0.316200000955,1.6995
0.316225000955,1.73075
0.316250000955,1.6995
0.316275000955,1.73075
0.316300000955,1.6995
0.316325000955,1.6995
0.316350000955,1.73075
0.316375000955,1.6995
0.316400000955,1.6995
0.316425000955,1.73075
0.316450000955,1.6995
0.316475000955,1.66825
0.316500000955,1.6995
0.316525000955,1.6995
0.316550000955,1.66825
0.316575000955,1.6995
0.316600000955,1.6995
0.316625000955,1.6995
0.316650000955,1.6995
0.316675000955,1.6995
0.316700000955,1.6995
0.316725000955,1.73075
0.316750000955,1.6995
0.316775000955,1.6995
0.316800000955,1.6995
0.316825000955,1.6995
0.316850000955,1.6995
0.316875000955,1.66825
0.316900000955,1.6995
0.316925000955,1.6995
0.316950000955,1.6995
0.316975000955,1.73075
0.317000000955,1.6995
0.317025000955,1.73075
0.317050000955,1.73075
0.317075000955,1.66825
0.317100000955,1.6995
0.317125000955,1.6995
0.317150000955,1.6995
0.317175000955,1.73075
0.317200000955,1.6995
0.317225000955,1.66825
0.317250000955,1.6995
0.317275000955,1.6995
0.317300000955,1.6995
0.317325000955,1.6995
0.317350000955,1.73075
0.317375000955,1.6995
0.317400000955,1.6995
0.317425000955,1.66825
0.317450000955,1.6995
0.317475000955,1.6995
0.317500000955,1.73075
0.317525000955,1.66825
0.317550000955,1.73075
0.317575000955,1.66825
0.317600000955,1.6995
0.317625000955,1.6995
0.317650000955,1.6995
0.317675000955,1.6995
0.317700000955,1.6995
0.317725000955,1.6995
0.317750000955,1.73075
0.317775000955,1.6995
0.317800000955,1.6995
0.317825000955,1.6995
0.317850000955,1.6995
0.317875000955,1.6995
0.317900000955,1.73075
0.317925000955,1.6995
0.317950000955,1.66825
0.317975000955,1.6995
0.318000000955,1.6995
0.318025000955,1.66825
0.318050000955,1.6995
0.318075000955,1.66825
0.318100000955,1.6995
0.318125000955,1.6995
0.318150000955,1.6995
0.318175000955,1.73075
0.318200000955,1.66825
0.318225000955,1.73075
0.318250000955,1.6995
0.318275000955,1.6995
0.318300000955,1.6995
0.318325000955,1.637
0.318350000955,1.637
0.318375000955,1.6995
0.318400000955,1.73075
0.318425000955,1.66825
0.318450000955,1.73075
0.318475000955,1.6995
0.318500000955,1.6995
0.318525000955,1.6995
0.318550000955,1.6995
0.318575000955,1.66825
0.318600000955,1.73075
0.318625000955,1.6995
0.318650000955,1.6995
0.318675000955,1.66825
0.318700000955,1.6995
0.318725000955,1.6995
0.318750000955,1.6995
0.318775000955,1.6995
0.318800000955,1.6995
0.318825000955,1.6995
0.318850000955,1.6995
0.318875000955,1.6995
0.318900000955,1.6995
0.318925000955,1.6995
0.318950000955,1.6995
0.318975000955,1.6995
0.319000000955,1.6995
0.319025000955,1.6995
0.319050000955,1.66825
0.319075000955,1.66825
0.319100000955,1.6995
0.319125000955,1.6995
0.319150000955,1.6995
0.319175000955,1.6995
0.319200000955,1.6995
0.319225000955,1.66825
0.319250000955,1.66825
0.319275000955,1.73075
0.319300000955,1.6995
0.319325000955,1.73075
0.319350000955,1.6995
0.319375000955,1.73075
0.319400000955,1.66825
0.319425000955,1.6995
0.319450000955,1.6995
0.319475000955,1.6995
0.319500000955,1.6995
0.319525000955,1.637
0.319550000955,1.6995
0.319575000955,1.6995
0.319600000955,1.6995
0.319625000955,1.6995
0.319650000955,1.73075
0.319675000955,1.6995
0.319700000955,1.66825
0.319725000955,1.6995
0.319750000955,1.6995
0.319775000955,1.6995
0.319800000955,1.6995
0.319825000955,1.66825
0.319850000955,1.6995
0.319875000955,1.6995
0.319900000955,1.6995
0.319925000955,1.6995
0.319950000955,1.6995
0.319975000955,1.6995
0.320000000955,1.6995
0.320025000955,1.6995
0.320050000955,1.6995
0.320075000955,1.66825
0.320100000955,1.66825
0.320125000955,1.6995
0.320150000955,1.66825
0.320175000955,1.66825
0.320200000955,1.6995
0.320225000955,1.6995
0.320250000955,1.66825
0.320275000955,1.6995
0.320300000955,1.6995
0.320325000955,1.6995
0.320350000955,1.66825
0.320375000955,1.6995
0.320400000955,1.6995
0.320425000955,1.6995
0.320450000955,1.6995
0.320475000955,1.6995
0.320500000955,1.66825
0.320525000955,1.6995
0.320550000955,1.6995
0.320575000955,1.66825
0.320600000955,1.6995
0.320625000955,1.6995
0.320650000955,1.6995
0.320675000955,1.6995
0.320700000955,1.6995
0.320725000955,1.6995
0.320750000955,1.6995
0.320775000955,1.66825
0.320800000955,1.66825
0.320825000955,1.66825
0.320850000955,1.6995
0.320875000955,1.6995
0.320900000955,1.66825
0.320925000955,1.6995
0.320950000955,1.6995
0.320975000955,1.66825
0.321000000955,1.6995
0.321025000955,1.6995
0.321050000955,1.66825
0.321075000955,1.6995
0.321100000955,1.6995
0.321125000955,1.66825
0.321150000955,1.6995
0.321175000955,1.66825
0.321200000955,1.6995
0.321225000955,1.73075
0.321250000955,1.6995
0.321275000955,1.73075
0.321300000955,1.66825
0.321325000955,1.6995
0.321350000955,1.66825
0.321375000955,1.66825
0.321400000955,1.6995
0.321425000955,1.6995
0.321450000955,1.6995
0.321475000955,1.66825
0.321500000955,1.6995
0.321525000955,1.73075
0.321550000955,1.66825
0.321575000955,1.66825
0.321600000955,1.6995
0.321625000955,1.73075
0.321650000955,1.6995
0.321675000955,1.66825
0.321700000955,1.66825
0.321725000955,1.637
0.321750000955,1.73075
0.321775000955,1.6995
0.321800000955,1.66825
0.321825000955,1.6995
0.321850000955,1.6995
0.321875000955,1.6995
0.321900000955,1.6995
0.321925000955,1.6995
0.321950000955,1.66825
0.321975000955,1.6995
0.322000000955,1.66825
0.322025000955,1.6995
0.322050000955,1.6995
0.322075000955,1.66825
0.322100000955,1.66825
0.322125000955,1.66825
0.322150000955,1.6995
0.322175000955,1.66825
0.322200000955,1.6995
0.322225000955,1.6995
0.322250000955,1.73075
0.322275000955,1.66825
0.322300000955,1.66825
0.322325000955,1.66825
0.322350000955,1.6995
0.322375000955,1.6995
0.322400000955,1.66825
0.322425000955,1.6995
0.322450000955,1.66825
0.322475000955,1.66825
0.322500000955,1.66825
0.322525000955,1.66825
0.322550000955,1.6995
0.322575000955,1.66825
0.322600000955,1.6995
0.322625000955,1.66825
0.322650000955,1.6995
0.322675000955,1.6995
0.322700000955,1.66825
0.322725000955,1.66825
0.322750000955,1.66825
0.322775000955,1.66825
0.322800000955,1.66825
0.322825000955,1.66825
0.322850000955,1.66825
0.322875000955,1.6995
0.322900000955,1.6995
0.322925000955,1.66825
0.322950000955,1.6995
0.322975000955,1.66825
0.323000000955,1.66825
0.323025000955,1.6995
0.323050000955,1.66825
0.323075000955,1.6995
0.323100000955,1.66825
0.323125000955,1.6995
0.323150000955,1.6995
0.323175000955,1.66825
0.323200000955,1.6995
0.323225000955,1.6995
0.323250000955,1.66825
0.323275000955,1.6995
0.323300000955,1.6995
0.323325000955,1.6995
0.323350000955,1.6995
0.323375000955,1.6995
0.323400000955,1.6995
0.323425000955,1.73075
0.323450000955,1.66825
0.323475000955,1.6995
0.323500000955,1.6995
0.323525000955,1.6995
0.323550000955,1.6995
0.323575000955,1.66825
0.323600000955,1.66825
0.323625000955,1.66825
0.323650000955,1.66825
0.323675000955,1.66825
0.323700000955,1.6995
0.323725000955,1.6995
0.323750000955,1.66825
0.323775000955,1.66825
0.323800000955,1.6995
0.323825000955,1.66825
0.323850000955,1.637
0.323875000955,1.637
0.323900000955,1.6995
0.323925000955,1.66825
0.323950000955,1.637
0.323975000955,1.66825
0.324000000955,1.66825
0.324025000955,1.6995
0.324050000955,1.637
0.324075000955,1.6995
0.324100000955,1.66825
0.324125000955,1.66825
0.324150000955,1.66825
0.324175000955,1.66825
0.324200000955,1.66825
0.324225000955,1.6995
0.324250000955,1.6995
0.324275000955,1.6995
0.324300000955,1.637
0.324325000955,1.66825
0.324350000955,1.66825
0.324375000955,1.66825
0.324400000955,1.66825
0.324425000955,1.66825
0.324450000955,1.66825
0.324475000955,1.637
0.324500000955,1.6995
0.324525000955,1.637
0.324550000955,1.66825
0.324575000955,1.66825
0.324600000955,1.6995
0.324625000955,1.66825
0.324650000955,1.66825
0.324675000955,1.66825
0.324700000955,1.6995
0.324725000955,1.6995
0.324750000955,1.6995
0.324775000955,1.637
0.324800000955,1.66825
0.324825000955,1.637
0.324850000955,1.637
0.324875000955,1.66825
0.324900000955,1.6995
0.324925000955,1.6995
0.324950000955,1.66825
0.324975000955,1.66825
0.325000000955,1.6995
0.325025000955,1.6995
0.325050000955,1.637
0.325075000955,1.73075
0.325100000955,1.66825
0.325125000955,1.6995
0.325150000955,1.6995
0.325175000955,1.66825
0.325200000955,1.66825
0.325225000955,1.6995
0.325250000955,1.637
0.325275000955,1.66825
0.325300000955,1.6995
0.325325000955,1.66825
0.325350000955,1.66825
0.325375000955,1.66825
0.325400000955,1.66825
0.325425000955,1.66825
0.325450000955,1.66825
0.325475000955,1.66825
0.325500000955,1.66825
0.325525000955,1.66825
0.325550000955,1.66825
0.325575000955,1.66825
0.325600000955,1.66825
0.325625000955,1.66825
0.325650000955,1.66825
0.325675000955,1.66825
0.325700000955,1.66825
0.325725000955,1.6995
0.325750000955,1.66825
0.325775000955,1.66825
0.325800000955,1.66825
0.325825000955,1.66825
0.325850000955,1.66825
0.325875000955,1.66825
0.325900000955,1.66825
0.325925000955,1.66825
0.325950000955,1.637
0.325975000955,1.66825
0.326000000955,1.73075
0.326025000955,1.66825
0.326050000955,1.66825
0.326075000955,1.66825
0.326100000955,1.66825
0.326125000955,1.66825
0.326150000955,1.637
0.326175000955,1.637
0.326200000955,1.66825
0.326225000955,1.66825
0.326250000955,1.6995
0.326275000955,1.637
0.326300000955,1.66825
0.326325000955,1.66825
0.326350000955,1.66825
0.326375000955,1.637
0.326400000955,1.66825
0.326425000955,1.66825
0.326450000955,1.6995
0.326475000955,1.637
0.326500000955,1.66825
0.326525000955,1.66825
0.326550000955,1.637
0.326575000955,1.66825
0.326600000955,1.66825
0.326625000955,1.66825
0.326650000955,1.66825
0.326675000955,1.637
0.326700000955,1.637
0.326725000955,1.66825
0.326750000955,1.66825
0.326775000955,1.66825
0.326800000955,1.66825
0.326825000955,1.637
0.326850000955,1.66825
0.326875000955,1.66825
0.326900000955,1.6995
0.326925000955,1.66825
0.326950000955,1.66825
0.326975000955,1.6995
0.327000000955,1.637
0.327025000955,1.66825
0.327050000955,1.66825
0.327075000955,1.66825
0.327100000955,1.66825
0.327125000955,1.66825
0.327150000955,1.637
0.327175000955,1.637
0.327200000955,1.637
0.327225000955,1.637
0.327250000955,1.66825
0.327275000955,1.66825
0.327300000955,1.6995
0.327325000955,1.66825
0.327350000955,1.66825
0.327375000955,1.6995
0.327400000955,1.60575
0.327425000955,1.66825
0.327450000955,1.66825
0.327475000955,1.66825
0.327500000955,1.66825
0.327525000955,1.637
0.327550000955,1.66825
0.327575000955,1.66825
0.327600000955,1.637
0.327625000955,1.637
0.327650000955,1.66825
0.327675000955,1.637
0.327700000955,1.637
0.327725000955,1.66825
0.327750000955,1.66825
0.327775000955,1.637
0.327800000955,1.637
0.327825000955,1.66825
0.327850000955,1.66825
0.327875000955,1.637
0.327900000955,1.66825
0.327925000955,1.66825
0.327950000955,1.637
0.327975000955,1.66825
0.328000000955,1.637
0.328025000955,1.66825
0.328050000955,1.637
0.328075000955,1.66825
0.328100000955,1.66825
0.328125000955,1.637
0.328150000955,1.637
0.328175000955,1.66825
0.328200000955,1.66825
0.328225000955,1.66825
0.328250000955,1.637
0.328275000955,1.66825
0.328300000955,1.637
0.328325000955,1.637
0.328350000955,1.637
0.328375000955,1.637
0.328400000955,1.66825
0.328425000955,1.637
0.328450000955,1.637
0.328475000955,1.637
0.328500000955,1.66825
0.328525000955,1.637
0.328550000955,1.6995
0.328575000955,1.637
0.328600000955,1.66825
0.328625000955,1.637
0.328650000955,1.637
0.328675000955,1.66825
0.328700000955,1.66825
0.328725000955,1.637
0.328750000955,1.637
0.328775000955,1.66825
0.328800000955,1.637
0.328825000955,1.66825
0.328850000955,1.66825
0.328875000955,1.637
0.328900000955,1.637
0.328925000955,1.637
0.328950000955,1.66825
0.328975000955,1.637
0.329000000955,1.637
0.329025000955,1.637
0.329050000955,1.66825
0.329075000955,1.6995
0.329100000955,1.66825
0.329125000955,1.637
0.329150000955,1.66825
0.329175000955,1.66825
0.329200000955,1.637
0.329225000955,1.66825
0.329250000955,1.66825
0.329275000955,1.66825
0.329300000955,1.66825
0.329325000955,1.637
0.329350000955,1.66825
0.329375000955,1.66825
0.329400000955,1.66825
0.329425000955,1.6995
0.329450000955,1.66825
0.329475000955,1.66825
0.329500000955,1.637
0.329525000955,1.66825
0.329550000955,1.66825
0.329575000955,1.66825
0.329600000955,1.66825
0.329625000955,1.66825
0.329650000955,1.637
0.329675000955,1.637
0.329700000955,1.637
0.329725000955,1.637
0.329750000955,1.637
0.329775000955,1.637
0.329800000955,1.66825
0.329825000955,1.637
0.329850000955,1.6995
0.329875000955,1.66825
0.329900000955,1.637
0.329925000955,1.66825
0.329950000955,1.66825
0.329975000955,1.637
0.330000000955,1.637
0.330025000955,1.66825
0.330050000955,1.637
0.330075000955,1.66825
0.330100000955,1.637
0.330125000955,1.66825
0.330150000955,1.66825
0.330175000955,1.66825
0.330200000955,1.60575
0.330225000955,1.66825
0.330250000955,1.66825
0.330275000955,1.66825
0.330300000955,1.66825
0.330325000955,1.66825
0.330350000955,1.637
0.330375000955,1.60575
0.330400000955,1.637
0.330425000955,1.66825
0.330450000955,1.637
0.330475000955,1.637
0.330500000955,1.637
0.330525000955,1.66825
0.330550000955,1.66825
0.330575000955,1.637
0.330600000955,1.637
0.330625000955,1.637
0.330650000955,1.637
0.330675000955,1.66825
0.330700000955,1.66825
0.330725000955,1.66825
0.330750000955,1.637
0.330775000955,1.637
0.330800000955,1.66825
0.330825000955,1.637
0.330850000955,1.66825
0.330875000955,1.637
0.330900000955,1.637
0.330925000955,1.66825
0.330950000955,1.66825
0.330975000955,1.637
0.331000000955,1.637
0.331025000955,1.66825
0.331050000955,1.66825
0.331075000955,1.637
0.331100000955,1.637
0.331125000955,1.637
0.331150000955,1.637
0.331175000955,1.66825
0.331200000955,1.60575
0.331225000955,1.66825
0.331250000955,1.637
0.331275000955,1.637
0.331300000955,1.66825
0.331325000955,1.637
0.331350000955,1.66825
0.331375000955,1.637
0.331400000955,1.637
0.331425000955,1.66825
0.331450000955,1.60575
0.331475000955,1.637
0.331500000955,1.66825
0.331525000955,1.637
0.331550000955,1.637
0.331575000955,1.637
0.331600000955,1.66825
0.331625000955,1.66825
0.331650000955,1.60575
0.331675000955,1.637
0.331700000955,1.66825
0.331725000955,1.66825
0.331750000955,1.637
0.331775000955,1.637
0.331800000955,1.60575
0.331825000955,1.66825
0.331850000955,1.637
0.331875000955,1.637
0.331900000955,1.66825
0.331925000955,1.637
0.331950000955,1.637
0.331975000955,1.637
0.332000000955,1.637
0.332025000955,1.637
0.332050000955,1.66825
0.332075000955,1.637
0.332100000955,1.637
0.332125000955,1.66825
0.332150000955,1.637
0.332175000955,1.637
0.332200000955,1.637
0.332225000955,1.637
0.332250000955,1.60575
0.332275000955,1.637
0.332300000955,1.66825
0.332325000955,1.66825
0.332350000955,1.637
0.332375000955,1.637
0.332400000955,1.637
0.332425000955,1.637
0.332450000955,1.637
0.332475000955,1.637
0.332500000955,1.637
0.332525000955,1.66825
0.332550000955,1.637
0.332575000955,1.637
0.332600000955,1.637
0.332625000955,1.637
0.332650000955,1.637
0.332675000955,1.60575
0.332700000955,1.637
0.332725000955,1.637
0.332750000955,1.637
0.332775000955,1.637
0.332800000955,1.60575
0.332825000955,1.637
0.332850000955,1.637
0.332875000955,1.637
0.332900000955,1.637
0.332925000955,1.637
0.332950000955,1.66825
0.332975000955,1.637
0.333000000955,1.60575
0.333025000955,1.637
0.333050000955,1.637
0.333075000955,1.66825
0.333100000955,1.66825
0.333125000955,1.66825
0.333150000955,1.637
0.333175000955,1.637
0.333200000955,1.637
0.333225000955,1.637
0.333250000955,1.637
0.333275000955,1.637
0.333300000955,1.66825
0.333325000955,1.66825
0.333350000955,1.637
0.333375000955,1.637
0.333400000955,1.66825
0.333425000955,1.60575
0.333450000955,1.60575
0.333475000955,1.66825
0.333500000955,1.637
0.333525000955,1.637
0.333550000955,1.637
0.333575000955,1.637
0.333600000955,1.637
0.333625000955,1.66825
0.333650000955,1.60575
0.333675000955,1.60575
0.333700000955,1.637
0.333725000955,1.637
0.333750000955,1.637
0.333775000955,1.637
0.333800000955,1.637
0.333825000955,1.637
0.333850000955,1.60575
0.333875000955,1.637
0.333900000955,1.637
0.333925000955,1.66825
0.333950000955,1.637
0.333975000955,1.637
0.334000000955,1.637
0.334025000955,1.60575
0.334050000955,1.637
0.334075000955,1.637
0.334100000955,1.66825
0.334125000955,1.60575
0.334150000955,1.60575
0.334175000955,1.60575
0.334200000955,1.60575
0.334225000955,1.60575
0.334250000955,1.60575
0.334275000955,1.60575
0.334300000955,1.637
0.334325000955,1.637
0.334350000955,1.637
0.334375000955,1.637
0.334400000955,1.66825
0.334425000955,1.637
0.334450000955,1.637
0.334475000955,1.637
0.334500000955,1.637
0.334525000955,1.66825
0.334550000955,1.637
0.334575000955,1.637
0.334600000955,1.637
0.334625000955,1.637
0.334650000955,1.60575
0.334675000955,1.637
0.334700000955,1.637
0.334725000955,1.637
0.334750000955,1.637
0.334775000955,1.66825
0.334800000955,1.60575
0.334825000955,1.60575
0.334850000955,1.637
0.334875000955,1.637
0.334900000955,1.637
0.334925000955,1.60575
0.334950000955,1.637
0.334975000955,1.60575
0.335000000955,1.60575
0.335025000955,1.60575
0.335050000955,1.60575
0.335075000955,1.60575
0.335100000955,1.60575
0.335125000955,1.60575
0.335150000955,1.60575
0.335175000955,1.66825
0.335200000955,1.637
0.335225000955,1.637
0.335250000955,1.637
0.335275000955,1.637
0.335300000955,1.60575
0.335325000955,1.637
0.335350000955,1.60575
0.335375000955,1.637
0.335400000955,1.60575
0.335425000955,1.637
0.335450000955,1.637
0.335475000955,1.60575
0.335500000955,1.637
0.335525000955,1.637
0.335550000955,1.637
0.335575000955,1.66825
0.335600000955,1.637
0.335625000955,1.66825
0.335650000955,1.637
0.335675000955,1.637
0.335700000955,1.60575
0.335725000955,1.60575
0.335750000955,1.66825
0.335775000955,1.637
0.335800000955,1.637
0.335825000955,1.66825
0.335850000955,1.637
0.335875000955,1.637
0.335900000955,1.637
0.335925000955,1.66825
0.335950000955,1.66825
0.335975000955,1.637
0.336000000955,1.66825
0.336025000955,1.637
0.336050000955,1.637
0.336075000955,1.60575
0.336100000955,1.637
0.336125000955,1.66825
0.336150000955,1.60575
0.336175000955,1.60575
0.336200000955,1.60575
0.336225000955,1.637
0.336250000955,1.637
0.336275000955,1.60575
0.336300000955,1.60575
0.336325000955,1.637
0.336350000955,1.60575
0.336375000955,1.637
0.336400000955,1.60575
0.336425000955,1.637
0.336450000955,1.60575
0.336475000955,1.637
0.336500000955,1.637
0.336525000955,1.60575
0.336550000955,1.60575
0.336575000955,1.60575
0.336600000955,1.5745
0.336625000955,1.637
0.336650000955,1.637
0.336675000955,1.60575
0.336700000955,1.60575
0.336725000955,1.637
0.336750000955,1.60575
0.336775000955,1.637
0.336800000955,1.60575
0.336825000955,1.60575
0.336850000955,1.66825
0.336875000955,1.5745
0.336900000955,1.637
0.336925000955,1.637
0.336950000955,1.60575
0.336975000955,1.637
0.337000000955,1.60575
0.337025000955,1.60575
0.337050000955,1.60575
0.337075000955,1.637
0.337100000955,1.60575
0.337125000955,1.60575
0.337150000955,1.637
0.337175000955,1.60575
0.337200000955,1.637
0.337225000955,1.60575
0.337250000955,1.637
0.337275000955,1.60575
0.337300000955,1.637
0.337325000955,1.637
0.337350000955,1.637
0.337375000955,1.637
0.337400000955,1.60575
0.337425000955,1.60575
0.337450000955,1.60575
0.337475000955,1.637
0.337500000955,1.5745
0.337525000955,1.637
0.337550000955,1.60575
0.337575000955,1.60575
0.337600000955,1.637
0.337625000955,1.60575
0.337650000955,1.60575
0.337675000955,1.637
0.337700000955,1.60575
0.337725000955,1.637
0.337750000955,1.60575
0.337775000955,1.60575
0.337800000955,1.637
0.337825000955,1.637
0.337850000955,1.60575
0.337875000955,1.637
0.337900000955,1.637
0.337925000955,1.637
0.337950000955,1.60575
0.337975000955,1.637
0.338000000955,1.60575
0.338025000955,1.60575
0.338050000955,1.60575
0.338075000955,1.60575
0.338100000955,1.60575
0.338125000955,1.60575
0.338150000955,1.60575
0.338175000955,1.5745
0.338200000955,1.60575
0.338225000955,1.60575
0.338250000955,1.66825
0.338275000955,1.60575
0.338300000955,1.637
0.338325000955,1.60575
0.338350000955,1.60575
0.338375000955,1.5745
0.338400000955,1.637
0.338425000955,1.637
0.338450000955,1.60575
0.338475000955,1.60575
0.338500000955,1.66825
0.338525000955,1.60575
0.338550000955,1.60575
0.338575000955,1.637
0.338600000955,1.637
0.338625000955,1.637
0.338650000955,1.60575
0.338675000955,1.60575
0.338700000955,1.637
0.338725000955,1.5745
0.338750000955,1.637
0.338775000955,1.637
0.338800000955,1.637
0.338825000955,1.60575
0.338850000955,1.60575
0.338875000955,1.60575
0.338900000955,1.60575
0.338925000955,1.60575
0.338950000955,1.637
0.338975000955,1.60575
0.339000000955,1.60575
0.339025000955,1.60575
0.339050000955,1.60575
0.339075000955,1.60575
0.339100000955,1.60575
0.339125000955,1.60575
0.339150000955,1.637
0.339175000955,1.637
0.339200000955,1.637
0.339225000955,1.637
0.339250000955,1.60575
0.339275000955,1.60575
0.339300000955,1.5745
0.339325000955,1.60575
0.339350000955,1.60575
0.339375000955,1.60575
0.339400000955,1.60575
0.339425000955,1.637
0.339450000955,1.60575
0.339475000955,1.60575
0.339500000955,1.5745
0.339525000955,1.637
0.339550000955,1.60575
0.339575000955,1.637
0.339600000955,1.60575
0.339625000955,1.60575
0.339650000955,1.60575
0.339675000955,1.60575
0.339700000955,1.637
0.339725000955,1.637
0.339750000955,1.60575
0.339775000955,1.5745
0.339800000955,1.60575
0.339825000955,1.60575
0.339850000955,1.60575
0.339875000955,1.60575
0.339900000955,1.60575
0.339925000955,1.60575
0.339950000955,1.60575
0.339975000955,1.60575
0.340000000955,1.637
0.340025000955,1.60575
0.340050000955,1.60575
0.340075000955,1.60575
0.340100000955,1.60575
0.340125000955,1.637
0.340150000955,1.5745
0.340175000955,1.60575
0.340200000955,1.60575
0.340225000955,1.60575
0.340250000955,1.60575
0.340275000955,1.60575
0.340300000955,1.60575
0.340325000955,1.60575
0.340350000955,1.60575
0.340375000955,1.60575
0.340400000955,1.5745
0.340425000955,1.60575
0.340450000955,1.60575
0.340475000955,1.637
0.340500000955,1.60575
0.340525000955,1.60575
0.340550000955,1.637
0.340575000955,1.60575
0.340600000955,1.60575
0.340625000955,1.60575
0.340650000955,1.637
0.340675000955,1.637
0.340700000955,1.60575
0.340725000955,1.60575
0.340750000955,1.60575
0.340775000955,1.637
0.340800000955,1.60575
0.340825000955,1.60575
0.340850000955,1.60575
0.340875000955,1.637
0.340900000955,1.5745
0.340925000955,1.60575
0.340950000955,1.5745
0.340975000955,1.60575
0.341000000955,1.637
0.341025000955,1.60575
0.341050000955,1.637
0.341075000955,1.60575
0.341100000955,1.637
0.341125000955,1.60575
0.341150000955,1.60575
0.341175000955,1.60575
0.341200000955,1.60575
0.341225000955,1.60575
0.341250000955,1.60575
0.341275000955,1.60575
0.341300000955,1.637
0.341325000955,1.637
0.341350000955,1.60575
0.341375000955,1.60575
0.341400000955,1.60575
0.341425000955,1.60575
0.341450000955,1.60575
0.341475000955,1.637
0.341500000955,1.60575
0.341525000955,1.637
0.341550000955,1.54325
0.341575000955,1.637
0.341600000955,1.60575
0.341625000955,1.5745
0.341650000955,1.60575
0.341675000955,1.60575
0.341700000955,1.60575
0.341725000955,1.60575
0.341750000955,1.60575
0.341775000955,1.60575
0.341800000955,1.637
0.341825000955,1.60575
0.341850000955,1.637
0.341875000955,1.60575
0.341900000955,1.637
0.341925000955,1.60575
0.341950000955,1.60575
0.341975000955,1.60575
0.342000000955,1.60575
0.342025000955,1.5745
0.342050000955,1.60575
0.342075000955,1.60575
0.342100000955,1.60575
0.342125000955,1.60575
0.342150000955,1.60575
0.342175000955,1.60575
0.342200000955,1.60575
0.342225000955,1.60575
0.342250000955,1.60575
0.342275000955,1.60575
0.342300000955,1.60575
0.342325000955,1.60575
0.342350000955,1.60575
0.342375000955,1.60575
0.342400000955,1.637
0.342425000955,1.60575
0.342450000955,1.60575
0.342475000955,1.637
0.342500000955,1.60575
0.342525000955,1.60575
0.342550000955,1.60575
0.342575000955,1.60575
0.342600000955,1.60575
0.342625000955,1.60575
0.342650000955,1.60575
0.342675000955,1.5745
0.342700000955,1.5745
0.342725000955,1.66825
0.342750000955,1.60575
0.342775000955,1.60575
0.342800000955,1.60575
0.342825000955,1.60575
0.342850000955,1.60575
0.342875000955,1.60575
0.342900000955,1.60575
0.342925000955,1.60575
0.342950000955,1.60575
0.342975000955,1.60575
0.343000000955,1.60575
0.343025000955,1.637
0.343050000955,1.60575
0.343075000955,1.5745
0.343100000955,1.60575
0.343125000955,1.60575
0.343150000955,1.5745
0.343175000955,1.5745
0.343200000955,1.637
0.343225000955,1.5745
0.343250000955,1.60575
0.343275000955,1.60575
0.343300000955,1.60575
0.343325000955,1.60575
0.343350000955,1.60575
0.343375000955,1.60575
0.343400000955,1.637
0.343425000955,1.60575
0.343450000955,1.60575
0.343475000955,1.60575
0.343500000955,1.5745
0.343525000955,1.5745
0.343550000955,1.5745
0.343575000955,1.60575
0.343600000955,1.60575
0.343625000955,1.5745
0.343650000955,1.60575
0.343675000955,1.5745
0.343700000955,1.5745
0.343725000955,1.60575
0.343750000955,1.5745
0.343775000955,1.60575
0.343800000955,1.60575
0.343825000955,1.5745
0.343850000955,1.60575
0.343875000955,1.5745
0.343900000955,1.5745
0.343925000955,1.60575
0.343950000955,1.60575
0.343975000955,1.5745
0.344000000955,1.60575
0.344025000955,1.60575
0.344050000955,1.60575
0.344075000955,1.5745
0.344100000955,1.5745
0.344125000955,1.60575
0.344150000955,1.60575
0.344175000955,1.60575
0.344200000955,1.60575
0.344225000955,1.60575
0.344250000955,1.5745
0.344275000955,1.5745
0.344300000955,1.60575
0.344325000955,1.60575
0.344350000955,1.60575
0.344375000955,1.5745
0.344400000955,1.60575
0.344425000955,1.5745
0.344450000955,1.5745
0.344475000955,1.60575
0.344500000955,1.60575
0.344525000955,1.60575
0.344550000955,1.54325
0.344575000955,1.5745
0.344600000955,1.5745
0.344625000955,1.5745
0.344650000955,1.5745
0.344675000955,1.60575
0.344700000955,1.5745
0.344725000955,1.60575
0.344750000955,1.5745
0.344775000955,1.60575
0.344800000955,1.60575
0.344825000955,1.5745
0.344850000955,1.60575
0.344875000955,1.60575
0.344900000955,1.5745
0.344925000955,1.637
0.344950000955,1.60575
0.344975000955,1.5745
0.345000000955,1.60575
0.345025000955,1.5745
0.345050000955,1.60575
0.345075000955,1.5745
0.345100000955,1.60575
0.345125000955,1.5745
0.345150000955,1.60575
0.345175000955,1.60575
0.345200000955,1.60575
0.345225000955,1.5745
0.345250000955,1.5745
0.345275000955,1.5745
0.345300000955,1.60575
0.345325000955,1.5745
0.345350000955,1.5745
0.345375000955,1.60575
0.345400000955,1.60575
0.345425000955,1.60575
0.345450000955,1.60575
0.345475000955,1.60575
0.345500000955,1.60575
0.345525000955,1.5745
0.345550000955,1.60575
0.345575000955,1.60575
0.345600000955,1.60575
0.345625000955,1.5745
0.345650000955,1.60575
0.345675000955,1.5745
0.345700000955,1.5745
0.345725000955,1.5745
0.345750000955,1.54325
0.345775000955,1.60575
0.345800000955,1.5745
0.345825000955,1.60575
0.345850000955,1.60575
0.345875000955,1.5745
0.345900000955,1.60575
0.345925000955,1.60575
0.345950000955,1.5745
0.345975000955,1.60575
0.346000000955,1.637
0.346025000955,1.60575
0.346050000955,1.637
0.346075000955,1.5745
0.346100000955,1.5745
0.346125000955,1.60575
0.346150000955,1.60575
0.346175000955,1.5745
0.346200000955,1.60575
0.346225000955,1.5745
0.346250000955,1.5745
0.346275000955,1.5745
0.346300000955,1.60575
0.346325000955,1.5745
0.346350000955,1.60575
0.346375000955,1.5745
0.346400000955,1.5745
0.346425000955,1.5745
0.346450000955,1.60575
0.346475000955,1.60575
0.346500000955,1.60575
0.346525000955,1.5745
0.346550000955,1.60575
0.346575000955,1.5745
0.346600000955,1.5745
0.346625000955,1.5745
0.346650000955,1.5745
0.346675000955,1.5745
0.346700000955,1.60575
0.346725000955,1.60575
0.346750000955,1.60575
0.346775000955,1.5745
0.346800000955,1.5745
0.346825000955,1.5745
0.346850000955,1.5745
0.346875000955,1.5745
0.346900000955,1.60575
0.346925000955,1.60575
0.346950000955,1.60575
0.346975000955,1.60575
0.347000000955,1.54325
0.347025000955,1.60575
0.347050000955,1.60575
0.347075000955,1.5745
0.347100000955,1.5745
0.347125000955,1.5745
0.347150000955,1.60575
0.347175000955,1.5745
0.347200000955,1.5745
0.347225000955,1.54325
0.347250000955,1.5745
0.347275000955,1.5745
0.347300000955,1.5745
0.347325000955,1.54325
0.347350000955,1.54325
0.347375000955,1.60575
0.347400000955,1.5745
0.347425000955,1.60575
0.347450000955,1.5745
0.347475000955,1.60575
0.347500000955,1.5745
0.347525000955,1.54325
0.347550000955,1.5745
0.347575000955,1.5745
0.347600000955,1.54325
0.347625000955,1.60575
0.347650000955,1.60575
0.347675000955,1.60575
0.347700000955,1.60575
0.347725000955,1.54325
0.347750000955,1.60575
0.347775000955,1.5745
0.347800000955,1.5745
0.347825000955,1.5745
0.347850000955,1.60575
0.347875000955,1.5745
0.347900000955,1.60575
0.347925000955,1.60575
0.347950000955,1.5745
0.347975000955,1.54325
0.348000000955,1.5745
0.348025000955,1.54325
0.348050000955,1.60575
0.348075000955,1.60575
0.348100000955,1.60575
0.348125000955,1.5745
0.348150000955,1.5745
0.348175000955,1.5745
0.348200000955,1.60575
0.348225000955,1.60575
0.348250000955,1.5745
0.348275000955,1.5745
0.348300000955,1.54325
0.348325000955,1.5745
0.348350000955,1.5745
0.348375000955,1.5745
0.348400000955,1.5745
0.348425000955,1.5745
0.348450000955,1.5745
0.348475000955,1.5745
0.348500000955,1.637
0.348525000955,1.60575
0.348550000955,1.60575
0.348575000955,1.5745
0.348600000955,1.5745
0.348625000955,1.54325
0.348650000955,1.54325
0.348675000955,1.60575
0.348700000955,1.5745
0.348725000955,1.60575
0.348750000955,1.60575
0.348775000955,1.5745
0.348800000955,1.5745
0.348825000955,1.54325
0.348850000955,1.5745
0.348875000955,1.5745
0.348900000955,1.5745
0.348925000955,1.5745
0.348950000955,1.54325
0.348975000955,1.60575
0.349000000955,1.5745
0.349025000955,1.60575
0.349050000955,1.60575
0.349075000955,1.5745
0.349100000955,1.5745
0.349125000955,1.5745
0.349150000955,1.5745
0.349175000955,1.5745
0.349200000955,1.5745
0.349225000955,1.5745
0.349250000955,1.5745
0.349275000955,1.54325
0.349300000955,1.54325
0.349325000955,1.5745
0.349350000955,1.54325
0.349375000955,1.5745
0.349400000955,1.5745
0.349425000955,1.5745
0.349450000955,1.60575
0.349475000955,1.5745
0.349500000955,1.5745
0.349525000955,1.5745
0.349550000955,1.54325
0.349575000955,1.5745
0.349600000955,1.60575
0.349625000955,1.5745
0.349650000955,1.5745
0.349675000955,1.54325
0.349700000955,1.5745
0.349725000955,1.5745
0.349750000955,1.5745
0.349775000955,1.60575
0.349800000955,1.54325
0.349825000955,1.54325
0.349850000955,1.5745
0.349875000955,1.5745
0.349900000955,1.5745
0.349925000955,1.54325
0.349950000955,1.54325
0.349975000955,1.5745
0.350000000955,1.5745
0.350025000955,1.5745
0.350050000955,1.5745
0.350075000955,1.54325
0.350100000955,1.5745
0.350125000955,1.5745
0.350150000955,1.5745
0.350175000955,1.54325
0.350200000955,1.5745
0.350225000955,1.60575
0.350250000955,1.5745
0.350275000955,1.5745
0.350300000955,1.60575
0.350325000955,1.54325
0.350350000955,1.54325
0.350375000955,1.5745
0.350400000955,1.5745
0.350425000955,1.54325
0.350450000955,1.54325
0.350475000955,1.54325
0.350500000955,1.54325
0.350525000955,1.54325
0.350550000955,1.5745
0.350575000955,1.5745
0.350600000955,1.60575
0.350625000955,1.54325
0.350650000955,1.5745
0.350675000955,1.54325
0.350700000955,1.5745
0.350725000955,1.54325
0.350750000955,1.5745
0.350775000955,1.54325
0.350800000955,1.5745
0.350825000955,1.5745
0.350850000955,1.60575
0.350875000955,1.5745
0.350900000955,1.54325
0.350925000955,1.60575
0.350950000955,1.5745
0.350975000955,1.54325
0.351000000955,1.5745
0.351025000955,1.5745
0.351050000955,1.54325
0.351075000955,1.5745
0.351100000955,1.5745
0.351125000955,1.5745
0.351150000955,1.5745
0.351175000955,1.5745
0.351200000955,1.5745
0.351225000955,1.54325
0.351250000955,1.54325
0.351275000955,1.5745
0.351300000955,1.5745
0.351325000955,1.54325
0.351350000955,1.54325
0.351375000955,1.5745
0.351400000955,1.5745
0.351425000955,1.5745
0.351450000955,1.60575
0.351475000955,1.54325
0.351500000955,1.5745
0.351525000955,1.5745
0.351550000955,1.5745
0.351575000955,1.54325
0.351600000955,1.54325
0.351625000955,1.5745
0.351650000955,1.54325
0.351675000955,1.54325
0.351700000955,1.54325
0.351725000955,1.5745
0.351750000955,1.54325
0.351775000955,1.5745
0.351800000955,1.5745
0.351825000955,1.512
0.351850000955,1.54325
0.351875000955,1.54325
0.351900000955,1.54325
0.351925000955,1.60575
0.351950000955,1.54325
0.351975000955,1.54325
0.352000000955,1.5745
0.352025000955,1.5745
0.352050000955,1.54325
0.352075000955,1.54325
0.352100000955,1.5745
0.352125000955,1.5745
0.352150000955,1.5745
0.352175000955,1.5745
0.352200000955,1.54325
0.352225000955,1.54325
0.352250000955,1.54325
0.352275000955,1.54325
0.352300000955,1.5745
0.352325000955,1.5745
0.352350000955,1.5745
0.352375000955,1.54325
0.352400000955,1.54325
0.352425000955,1.54325
0.352450000955,1.5745
0.352475000955,1.5745
0.352500000955,1.54325
0.352525000955,1.512
0.352550000955,1.54325
0.352575000955,1.54325
0.352600000955,1.5745
0.352625000955,1.54325
0.352650000955,1.54325
0.352675000955,1.54325
0.352700000955,1.5745
0.352725000955,1.54325
0.352750000955,1.5745
0.352775000955,1.5745
0.352800000955,1.5745
0.352825000955,1.54325
0.352850000955,1.5745
0.352875000955,1.54325
0.352900000955,1.5745
0.352925000955,1.5745
0.352950000955,1.54325
0.352975000955,1.54325
0.353000000955,1.5745
0.353025000955,1.54325
0.353050000955,1.54325
0.353075000955,1.5745
0.353100000955,1.5745
0.353125000955,1.5745
0.353150000955,1.54325
0.353175000955,1.54325
0.353200000955,1.5745
0.353225000955,1.5745
0.353250000955,1.54325
0.353275000955,1.54325
0.353300000955,1.512
0.353325000955,1.54325
0.353350000955,1.54325
0.353375000955,1.5745
0.353400000955,1.54325
0.353425000955,1.54325
0.353450000955,1.54325
0.353475000955,1.5745
0.353500000955,1.54325
0.353525000955,1.5745
0.353550000955,1.5745
0.353575000955,1.5745
0.353600000955,1.54325
0.353625000955,1.54325
0.353650000955,1.54325
0.353675000955,1.54325
0.353700000955,1.512
0.353725000955,1.5745
0.353750000955,1.512
0.353775000955,1.5745
0.353800000955,1.54325
0.353825000955,1.512
0.353850000955,1.54325
0.353875000955,1.54325
0.353900000955,1.54325
0.353925000955,1.5745
0.353950000955,1.5745
0.353975000955,1.5745
0.354000000955,1.54325
0.354025000955,1.54325
0.354050000955,1.5745
0.354075000955,1.54325
0.354100000955,1.5745
0.354125000955,1.54325
0.354150000955,1.54325
0.354175000955,1.5745
0.354200000955,1.54325
0.354225000955,1.54325
0.354250000955,1.54325
0.354275000955,1.5745
0.354300000955,1.54325
0.354325000955,1.54325
0.354350000955,1.54325
0.354375000955,1.54325
0.354400000955,1.54325
0.354425000955,1.5745
0.354450000955,1.5745
0.354475000955,1.512
0.354500000955,1.512
0.354525000955,1.54325
0.354550000955,1.54325
0.354575000955,1.5745
0.354600000955,1.5745
0.354625000955,1.54325
0.354650000955,1.54325
0.354675000955,1.54325
0.354700000955,1.512
0.354725000955,1.512
0.354750000955,1.512
0.354775000955,1.5745
0.354800000955,1.54325
0.354825000955,1.512
0.354850000955,1.54325
0.354875000955,1.54325
0.354900000955,1.54325
0.354925000955,1.60575
0.354950000955,1.5745
0.354975000955,1.54325
0.355000000955,1.54325
0.355025000955,1.5745
0.355050000955,1.5745
0.355075000955,1.54325
0.355100000955,1.54325
0.355125000955,1.54325
0.355150000955,1.5745
0.355175000955,1.5745
0.355200000955,1.512
0.355225000955,1.54325
0.355250000955,1.54325
0.355275000955,1.5745
0.355300000955,1.54325
0.355325000955,1.512
0.355350000955,1.54325
0.355375000955,1.54325
0.355400000955,1.54325
0.355425000955,1.54325
0.355450000955,1.54325
0.355475000955,1.54325
0.355500000955,1.54325
0.355525000955,1.5745
0.355550000955,1.5745
0.355575000955,1.54325
0.355600000955,1.5745
0.355625000955,1.54325
0.355650000955,1.54325
0.355675000955,1.5745
0.355700000955,1.54325
0.355725000955,1.54325
0.355750000955,1.54325
0.355775000955,1.54325
0.355800000955,1.54325
0.355825000955,1.512
0.355850000955,1.54325
0.355875000955,1.54325
0.355900000955,1.54325
0.355925000955,1.54325
0.355950000955,1.512
0.355975000955,1.512
0.356000000955,1.54325
0.356025000955,1.54325
0.356050000955,1.54325
0.356075000955,1.54325
0.356100000955,1.54325
0.356125000955,1.54325
0.356150000955,1.54325
0.356175000955,1.512
0.356200000955,1.512
0.356225000955,1.512
0.356250000955,1.54325
0.356275000955,1.54325
0.356300000955,1.512
0.356325000955,1.54325
0.356350000955,1.54325
0.356375000955,1.512
0.356400000955,1.54325
0.356425000955,1.54325
0.356450000955,1.54325
0.356475000955,1.512
0.356500000955,1.512
0.356525000955,1.512
0.356550000955,1.5745
0.356575000955,1.54325
0.356600000955,1.54325
0.356625000955,1.512
0.356650000955,1.54325
0.356675000955,1.54325
0.356700000955,1.54325
0.356725000955,1.512
0.356750000955,1.5745
0.356775000955,1.512
0.356800000955,1.5745
0.356825000955,1.512
0.356850000955,1.54325
0.356875000955,1.54325
0.356900000955,1.54325
0.356925000955,1.512
0.356950000955,1.512
0.356975000955,1.54325
0.357000000955,1.54325
0.357025000955,1.5745
0.357050000955,1.512
0.357075000955,1.512
0.357100000955,1.54325
0.357125000955,1.54325
0.357150000955,1.54325
0.357175000955,1.512
0.357200000955,1.512
0.357225000955,1.512
0.357250000955,1.54325
0.357275000955,1.5745
0.357300000955,1.512
0.357325000955,1.5745
0.357350000955,1.54325
0.357375000955,1.54325
0.357400000955,1.54325
0.357425000955,1.54325
0.357450000955,1.54325
0.357475000955,1.512
0.357500000955,1.512
0.357525000955,1.5745
0.357550000955,1.54325
0.357575000955,1.512
0.357600000955,1.54325
0.357625000955,1.54325
0.357650000955,1.54325
0.357675000955,1.5745
0.357700000955,1.54325
0.357725000955,1.512
0.357750000955,1.54325
0.357775000955,1.54325
0.357800000955,1.54325
0.357825000955,1.54325
0.357850000955,1.512
0.357875000955,1.512
0.357900000955,1.54325
0.357925000955,1.54325
0.357950000955,1.512
0.357975000955,1.54325
0.358000000955,1.54325
0.358025000955,1.54325
0.358050000955,1.54325
0.358075000955,1.512
0.358100000955,1.54325
0.358125000955,1.54325
0.358150000955,1.54325
0.358175000955,1.54325
0.358200000955,1.54325
0.358225000955,1.54325
0.358250000955,1.512
0.358275000955,1.54325
0.358300000955,1.54325
0.358325000955,1.54325
0.358350000955,1.512
0.358375000955,1.54325
0.358400000955,1.54325
0.358425000955,1.512
0.358450000955,1.512
0.358475000955,1.512
0.358500000955,1.512
0.358525000955,1.54325
0.358550000955,1.512
0.358575000955,1.512
0.358600000955,1.54325
0.358625000955,1.54325
0.358650000955,1.54325
0.358675000955,1.54325
0.358700000955,1.512
0.358725000955,1.512
0.358750000955,1.512
0.358775000955,1.512
0.358800000955,1.512
0.358825000955,1.512
0.358850000955,1.54325
0.358875000955,1.512
0.358900000955,1.54325
0.358925000955,1.54325
0.358950000955,1.512
0.358975000955,1.54325
0.359000000955,1.54325
0.359025000955,1.512
0.359050000955,1.512
0.359075000955,1.54325
0.359100000955,1.54325
0.359125000955,1.512
0.359150000955,1.512
0.359175000955,1.54325
0.359200000955,1.512
0.359225000955,1.512
0.359250000955,1.48075
0.359275000955,1.5745
0.359300000955,1.512
0.359325000955,1.512
0.359350000955,1.54325
0.359375000955,1.512
0.359400000955,1.54325
0.359425000955,1.54325
0.359450000955,1.512
0.359475000955,1.512
0.359500000955,1.54325
0.359525000955,1.54325
0.359550000955,1.512
0.359575000955,1.512
0.359600000955,1.512
0.359625000955,1.54325
0.359650000955,1.512
0.359675000955,1.512
0.359700000955,1.5745
0.359725000955,1.512
0.359750000955,1.48075
0.359775000955,1.512
0.359800000955,1.54325
0.359825000955,1.54325
0.359850000955,1.512
0.359875000955,1.48075
0.359900000955,1.54325
0.359925000955,1.54325
0.359950000955,1.54325
0.359975000955,1.512
0.360000000955,1.512
0.360025000955,1.512
0.360050000955,1.54325
0.360075000955,1.54325
0.360100000955,1.512
0.360125000955,1.48075
0.360150000955,1.54325
0.360175000955,1.54325
0.360200000955,1.512
0.360225000955,1.54325
0.360250000955,1.54325
0.360275000955,1.54325
0.360300000955,1.512
0.360325000955,1.48075
0.360350000955,1.54325
0.360375000955,1.54325
0.360400000955,1.512
0.360425000955,1.512
0.360450000955,1.512
0.360475000955,1.512
0.360500000955,1.54325
0.360525000955,1.512
0.360550000955,1.512
0.360575000955,1.512
0.360600000955,1.512
0.360625000955,1.54325
0.360650000955,1.512
0.360675000955,1.54325
0.360700000955,1.54325
0.360725000955,1.512
0.360750000955,1.512
0.360775000955,1.512
0.360800000955,1.54325
0.360825000955,1.512
0.360850000955,1.512
0.360875000955,1.512
0.360900000955,1.512
0.360925000955,1.512
0.360950000955,1.54325
0.360975000955,1.54325
0.361000000955,1.54325
0.361025000955,1.54325
0.361050000955,1.512
0.361075000955,1.54325
0.361100000955,1.512
0.361125000955,1.512
0.361150000955,1.512
0.361175000955,1.512
0.361200000955,1.54325
0.361225000955,1.512
0.361250000955,1.48075
0.361275000955,1.54325
0.361300000955,1.512
0.361325000955,1.512
0.361350000955,1.54325
0.361375000955,1.512
0.361400000955,1.48075
0.361425000955,1.48075
0.361450000955,1.54325
0.361475000955,1.512
0.361500000955,1.54325
0.361525000955,1.54325
0.361550000955,1.512
0.361575000955,1.48075
0.361600000955,1.512
0.361625000955,1.512
0.361650000955,1.512
0.361675000955,1.54325
0.361700000955,1.48075
0.361725000955,1.512
0.361750000955,1.512
0.361775000955,1.512
0.361800000955,1.54325
0.361825000955,1.512
0.361850000955,1.512
0.361875000955,1.48075
0.361900000955,1.512
0.361925000955,1.512
0.361950000955,1.512
0.361975000955,1.512
0.362000000955,1.54325
0.362025000955,1.512
0.362050000955,1.512
0.362075000955,1.512
0.362100000955,1.54325
0.362125000955,1.54325
0.362150000955,1.512
0.362175000955,1.512
0.362200000955,1.512
0.362225000955,1.512
0.362250000955,1.512
0.362275000955,1.512
0.362300000955,1.54325
0.362325000955,1.54325
0.362350000955,1.54325
0.362375000955,1.512
0.362400000955,1.512
0.362425000955,1.54325
0.362450000955,1.512
0.362475000955,1.512
0.362500000955,1.48075
0.362525000955,1.512
0.362550000955,1.54325
0.362575000955,1.512
0.362600000955,1.48075
0.362625000955,1.512
0.362650000955,1.54325
0.362675000955,1.512
0.362700000955,1.54325
0.362725000955,1.512
0.362750000955,1.512
0.362775000955,1.54325
0.362800000955,1.48075
0.362825000955,1.512
0.362850000955,1.512
0.362875000955,1.512
0.362900000955,1.54325
0.362925000955,1.48075
0.362950000955,1.512
0.362975000955,1.512
0.363000000955,1.54325
0.363025000955,1.48075
0.363050000955,1.54325
0.363075000955,1.512
0.363100000955,1.54325
0.363125000955,1.512
0.363150000955,1.512
0.363175000955,1.512
0.363200000955,1.54325
0.363225000955,1.48075
0.363250000955,1.48075
0.363275000955,1.512
0.363300000955,1.48075
0.363325000955,1.48075
0.363350000955,1.512
0.363375000955,1.512
0.363400000955,1.48075
0.363425000955,1.512
0.363450000955,1.48075
0.363475000955,1.512
0.363500000955,1.54325
0.363525000955,1.512
0.363550000955,1.512
0.363575000955,1.512
0.363600000955,1.512
0.363625000955,1.512
0.363650000955,1.512
0.363675000955,1.512
0.363700000955,1.48075
0.363725000955,1.512
0.363750000955,1.512
0.363775000955,1.512
0.363800000955,1.512
0.363825000955,1.512
0.363850000955,1.48075
0.363875000955,1.512
0.363900000955,1.512
0.363925000955,1.512
0.363950000955,1.512
0.363975000955,1.512
0.364000000955,1.512
0.364025000955,1.512
0.364050000955,1.512
0.364075000955,1.54325
0.364100000955,1.48075
0.364125000955,1.512
0.364150000955,1.512
0.364175000955,1.48075
0.364200000955,1.54325
0.364225000955,1.512
0.364250000955,1.512
0.364275000955,1.48075
0.364300000955,1.48075
0.364325000955,1.512
0.364350000955,1.512
0.364375000955,1.512
0.364400000955,1.512
0.364425000955,1.512
0.364450000955,1.512
0.364475000955,1.512
0.364500000955,1.512
0.364525000955,1.54325
0.364550000955,1.48075
0.364575000955,1.48075
0.364600000955,1.54325
0.364625000955,1.512
0.364650000955,1.512
0.364675000955,1.48075
0.364700000955,1.512
0.364725000955,1.48075
0.364750000955,1.54325
0.364775000955,1.512
0.364800000955,1.54325
0.364825000955,1.512
0.364850000955,1.512
0.364875000955,1.54325
0.364900000955,1.48075
0.364925000955,1.54325
0.364950000955,1.512
0.364975000955,1.48075
0.365000000955,1.512
0.365025000955,1.512
0.365050000955,1.512
0.365075000955,1.512
0.365100000955,1.512
0.365125000955,1.512
0.365150000955,1.54325
0.365175000955,1.54325
0.365200000955,1.512
0.365225000955,1.48075
0.365250000955,1.512
0.365275000955,1.512
0.365300000955,1.512
0.365325000955,1.48075
0.365350000955,1.48075
0.365375000955,1.512
0.365400000955,1.512
0.365425000955,1.54325
0.365450000955,1.512
0.365475000955,1.54325
0.365500000955,1.512
0.365525000955,1.512
0.365550000955,1.512
0.365575000955,1.48075
0.365600000955,1.48075
0.365625000955,1.48075
0.365650000955,1.512
0.365675000955,1.512
0.365700000955,1.48075
0.365725000955,1.4495
0.365750000955,1.512
0.365775000955,1.512
0.365800000955,1.512
0.365825000955,1.512
0.365850000955,1.512
0.365875000955,1.512
0.365900000955,1.48075
0.365925000955,1.48075
0.365950000955,1.54325
0.365975000955,1.512
0.366000000955,1.512
0.366025000955,1.512
0.366050000955,1.512
0.366075000955,1.512
0.366100000955,1.48075
0.366125000955,1.48075
0.366150000955,1.48075
0.366175000955,1.512
0.366200000955,1.512
0.366225000955,1.48075
0.366250000955,1.48075
0.366275000955,1.48075
0.366300000955,1.48075
0.366325000955,1.512
0.366350000955,1.512
0.366375000955,1.512
0.366400000955,1.512
0.366425000955,1.512
0.366450000955,1.48075
0.366475000955,1.512
0.366500000955,1.512
0.366525000955,1.512
0.366550000955,1.512
0.366575000955,1.512
0.366600000955,1.54325
0.366625000955,1.512
0.366650000955,1.48075
0.366675000955,1.512
0.366700000955,1.54325
0.366725000955,1.512
0.366750000955,1.512
0.366775000955,1.512
0.366800000955,1.512
0.366825000955,1.48075
0.366850000955,1.512
0.366875000955,1.48075
0.366900000955,1.512
0.366925000955,1.54325
0.366950000955,1.512
0.366975000955,1.48075
0.367000000955,1.512
0.367025000955,1.512
0.367050000955,1.512
0.367075000955,1.512
0.367100000955,1.512
0.367125000955,1.48075
0.367150000955,1.512
0.367175000955,1.512
0.367200000955,1.512
0.367225000955,1.48075
0.367250000955,1.512
0.367275000955,1.512
0.367300000955,1.48075
0.367325000955,1.512
0.367350000955,1.48075
0.367375000955,1.512
0.367400000955,1.512
0.367425000955,1.512
0.367450000955,1.48075
0.367475000955,1.48075
0.367500000955,1.48075
0.367525000955,1.4495
0.367550000955,1.48075
0.367575000955,1.48075
0.367600000955,1.512
0.367625000955,1.48075
0.367650000955,1.512
0.367675000955,1.512
0.367700000955,1.48075
0.367725000955,1.48075
0.367750000955,1.48075
0.367775000955,1.48075
0.367800000955,1.48075
0.367825000955,1.48075
0.367850000955,1.48075
0.367875000955,1.48075
0.367900000955,1.4495
0.367925000955,1.48075
0.367950000955,1.512
0.367975000955,1.512
0.368000000955,1.48075
0.368025000955,1.48075
0.368050000955,1.48075
0.368075000955,1.48075
0.368100000955,1.4495
0.368125000955,1.512
0.368150000955,1.512
0.368175000955,1.48075
0.368200000955,1.48075
0.368225000955,1.48075
0.368250000955,1.512
0.368275000955,1.48075
0.368300000955,1.4495
0.368325000955,1.48075
0.368350000955,1.48075
0.368375000955,1.512
0.368400000955,1.48075
0.368425000955,1.512
0.368450000955,1.512
0.368475000955,1.48075
0.368500000955,1.512
0.368525000955,1.512
0.368550000955,1.48075
0.368575000955,1.512
0.368600000955,1.512
0.368625000955,1.48075
0.368650000955,1.512
0.368675000955,1.48075
0.368700000955,1.512
0.368725000955,1.48075
0.368750000955,1.48075
0.368775000955,1.4495
0.368800000955,1.48075
0.368825000955,1.48075
0.368850000955,1.512
0.368875000955,1.512
0.368900000955,1.512
0.368925000955,1.512
0.368950000955,1.48075
0.368975000955,1.48075
0.369000000955,1.48075
0.369025000955,1.4495
0.369050000955,1.48075
0.369075000955,1.48075
0.369100000955,1.48075
0.369125000955,1.48075
0.369150000955,1.512
0.369175000955,1.4495
0.369200000955,1.48075
0.369225000955,1.48075
0.369250000955,1.4495
0.369275000955,1.48075
0.369300000955,1.512
0.369325000955,1.48075
0.369350000955,1.48075
0.369375000955,1.512
0.369400000955,1.48075
0.369425000955,1.48075
0.369450000955,1.512
0.369475000955,1.512
0.369500000955,1.48075
0.369525000955,1.48075
0.369550000955,1.48075
0.369575000955,1.48075
0.369600000955,1.512
0.369625000955,1.512
0.369650000955,1.48075
0.369675000955,1.512
0.369700000955,1.48075
0.369725000955,1.48075
0.369750000955,1.48075
0.369775000955,1.48075
0.369800000955,1.48075
0.369825000955,1.48075
0.369850000955,1.48075
0.369875000955,1.48075
0.369900000955,1.48075
0.369925000955,1.48075
0.369950000955,1.48075
0.369975000955,1.4495
0.370000000955,1.48075
0.370025000955,1.512
0.370050000955,1.48075
0.370075000955,1.48075
0.370100000955,1.48075
0.370125000955,1.512
0.370150000955,1.48075
0.370175000955,1.4495
0.370200000955,1.4495
0.370225000955,1.48075
0.370250000955,1.48075
0.370275000955,1.48075
0.370300000955,1.48075
0.370325000955,1.512
0.370350000955,1.48075
0.370375000955,1.48075
0.370400000955,1.4495
0.370425000955,1.48075
0.370450000955,1.48075
0.370475000955,1.48075
0.370500000955,1.48075
0.370525000955,1.512
0.370550000955,1.48075
0.370575000955,1.4495
0.370600000955,1.48075
0.370625000955,1.48075
0.370650000955,1.48075
0.370675000955,1.48075
0.370700000955,1.48075
0.370725000955,1.48075
0.370750000955,1.48075
0.370775000955,1.512
0.370800000955,1.48075
0.370825000955,1.48075
0.370850000955,1.48075
0.370875000955,1.48075
0.370900000955,1.48075
0.370925000955,1.48075
0.370950000955,1.48075
0.370975000955,1.4495
0.371000000955,1.48075
0.371025000955,1.48075
0.371050000955,1.48075
0.371075000955,1.48075
0.371100000955,1.4495
0.371125000955,1.48075
0.371150000955,1.4495
0.371175000955,1.4495
0.371200000955,1.48075
0.371225000955,1.512
0.371250000955,1.48075
0.371275000955,1.48075
0.371300000955,1.512
0.371325000955,1.48075
0.371350000955,1.512
0.371375000955,1.48075
0.371400000955,1.48075
0.371425000955,1.4495
0.371450000955,1.48075
0.371475000955,1.48075
0.371500000955,1.512
0.371525000955,1.4495
0.371550000955,1.512
0.371575000955,1.48075
0.371600000955,1.48075
0.371625000955,1.48075
0.371650000955,1.512
0.371675000955,1.48075
0.371700000955,1.512
0.371725000955,1.48075
0.371750000955,1.48075
0.371775000955,1.4495
0.371800000955,1.48075
0.371825000955,1.48075
0.371850000955,1.48075
0.371875000955,1.48075
0.371900000955,1.48075
0.371925000955,1.48075
0.371950000955,1.4495
0.371975000955,1.48075
0.372000000955,1.48075
0.372025000955,1.48075
0.372050000955,1.48075
0.372075000955,1.48075
0.372100000955,1.4495
0.372125000955,1.48075
0.372150000955,1.48075
0.372175000955,1.512
0.372200000955,1.48075
0.372225000955,1.4495
0.372250000955,1.4495
0.372275000955,1.48075
0.372300000955,1.48075
0.372325000955,1.48075
0.372350000955,1.48075
0.372375000955,1.48075
0.372400000955,1.48075
0.372425000955,1.48075
0.372450000955,1.512
0.372475000955,1.48075
0.372500000955,1.4495
0.372525000955,1.48075
0.372550000955,1.4495
0.372575000955,1.4495
0.372600000955,1.48075
0.372625000955,1.4495
0.372650000955,1.4495
0.372675000955,1.4495
0.372700000955,1.4495
0.372725000955,1.48075
0.372750000955,1.48075
0.372775000955,1.48075
0.372800000955,1.48075
0.372825000955,1.48075
0.372850000955,1.48075
0.372875000955,1.512
0.372900000955,1.48075
0.372925000955,1.48075
0.372950000955,1.48075
0.372975000955,1.48075
0.373000000955,1.4495
0.373025000955,1.512
0.373050000955,1.48075
0.373075000955,1.48075
0.373100000955,1.4495
0.373125000955,1.48075
0.373150000955,1.48075
0.373175000955,1.48075
0.373200000955,1.4495
0.373225000955,1.4495
0.373250000955,1.512
0.373275000955,1.4495
0.373300000955,1.4495
0.373325000955,1.48075
0.373350000955,1.4495
0.373375000955,1.48075
0.373400000955,1.4495
0.373425000955,1.48075
0.373450000955,1.41825
0.373475000955,1.48075
0.373500000955,1.48075
0.373525000955,1.4495
0.373550000955,1.48075
0.373575000955,1.48075
0.373600000955,1.4495
0.373625000955,1.4495
0.373650000955,1.4495
0.373675000955,1.48075
0.373700000955,1.48075
0.373725000955,1.48075
0.373750000955,1.4495
0.373775000955,1.48075
0.373800000955,1.48075
0.373825000955,1.41825
0.373850000955,1.4495
0.373875000955,1.4495
0.373900000955,1.4495
0.373925000955,1.4495
0.373950000955,1.48075
0.373975000955,1.48075
0.374000000955,1.48075
0.374025000955,1.4495
0.374050000955,1.48075
0.374075000955,1.48075
0.374100000955,1.4495
0.374125000955,1.4495
0.374150000955,1.48075
0.374175000955,1.48075
0.374200000955,1.48075
0.374225000955,1.4495
0.374250000955,1.4495
0.374275000955,1.4495
0.374300000955,1.4495
0.374325000955,1.4495
0.374350000955,1.48075
0.374375000955,1.48075
0.374400000955,1.4495
0.374425000955,1.4495
0.374450000955,1.48075
0.374475000955,1.4495
0.374500000955,1.48075
0.374525000955,1.41825
0.374550000955,1.4495
0.374575000955,1.4495
0.374600000955,1.48075
0.374625000955,1.41825
0.374650000955,1.4495
0.374675000955,1.4495
0.374700000955,1.48075
0.374725000955,1.4495
0.374750000955,1.4495
0.374775000955,1.48075
0.374800000955,1.48075
0.374825000955,1.512
0.374850000955,1.4495
0.374875000955,1.48075
0.374900000955,1.48075
0.374925000955,1.48075
0.374950000955,1.48075
0.374975000955,1.4495
0.375000000955,1.48075
0.375025000955,1.4495
0.375050000955,1.48075
0.375075000955,1.4495
0.375100000955,1.48075
0.375125000955,1.48075
0.375150000955,1.4495
0.375175000955,1.48075
0.375200000955,1.48075
0.375225000955,1.4495
0.375250000955,1.48075
0.375275000955,1.48075
0.375300000955,1.48075
0.375325000955,1.4495
0.375350000955,1.4495
0.375375000955,1.48075
0.375400000955,1.48075
0.375425000955,1.4495
0.375450000955,1.48075
0.375475000955,1.4495
0.375500000955,1.512
0.375525000955,1.4495
0.375550000955,1.41825
0.375575000955,1.48075
0.375600000955,1.4495
0.375625000955,1.4495
0.375650000955,1.48075
0.375675000955,1.4495
0.375700000955,1.4495
0.375725000955,1.4495
0.375750000955,1.4495
0.375775000955,1.48075
0.375800000955,1.4495
0.375825000955,1.48075
0.375850000955,1.4495
0.375875000955,1.48075
0.375900000955,1.4495
0.375925000955,1.48075
0.375950000955,1.4495
0.375975000955,1.4495
0.376000000955,1.4495
0.376025000955,1.4495
0.376050000955,1.4495
0.376075000955,1.4495
0.376100000955,1.48075
0.376125000955,1.4495
0.376150000955,1.4495
0.376175000955,1.48075
0.376200000955,1.4495
0.376225000955,1.4495
0.376250000955,1.48075
0.376275000955,1.48075
0.376300000955,1.4495
0.376325000955,1.41825
0.376350000955,1.48075
0.376375000955,1.48075
0.376400000955,1.4495
0.376425000955,1.4495
0.376450000955,1.4495
0.376475000955,1.4495
0.376500000955,1.4495
0.376525000955,1.4495
0.376550000955,1.4495
0.376575000955,1.48075
0.376600000955,1.4495
0.376625000955,1.48075
0.376650000955,1.41825
0.376675000955,1.4495
0.376700000955,1.4495
0.376725000955,1.41825
0.376750000955,1.512
0.376775000955,1.48075
0.376800000955,1.4495
0.376825000955,1.4495
0.376850000955,1.4495
0.376875000955,1.512
0.376900000955,1.48075
0.376925000955,1.48075
0.376950000955,1.41825
0.376975000955,1.4495
0.377000000955,1.4495
0.377025000955,1.41825
0.377050000955,1.4495
0.377075000955,1.48075
0.377100000955,1.48075
0.377125000955,1.4495
0.377150000955,1.4495
0.377175000955,1.4495
0.377200000955,1.48075
0.377225000955,1.4495
0.377250000955,1.48075
0.377275000955,1.41825
0.377300000955,1.4495
0.377325000955,1.41825
0.377350000955,1.48075
0.377375000955,1.4495
0.377400000955,1.4495
0.377425000955,1.4495
0.377450000955,1.48075
0.377475000955,1.4495
0.377500000955,1.48075
0.377525000955,1.4495
0.377550000955,1.48075
0.377575000955,1.4495
0.377600000955,1.48075
0.377625000955,1.4495
0.377650000955,1.4495
0.377675000955,1.4495
0.377700000955,1.4495
0.377725000955,1.4495
0.377750000955,1.4495
0.377775000955,1.4495
0.377800000955,1.4495
0.377825000955,1.4495
0.377850000955,1.4495
0.377875000955,1.48075
0.377900000955,1.4495
0.377925000955,1.4495
0.377950000955,1.4495
0.377975000955,1.41825
0.378000000955,1.4495
0.378025000955,1.4495
0.378050000955,1.41825
0.378075000955,1.48075
0.378100000955,1.4495
0.378125000955,1.4495
0.378150000955,1.4495
0.378175000955,1.4495
0.378200000955,1.4495
0.378225000955,1.4495
0.378250000955,1.4495
0.378275000955,1.41825
0.378300000955,1.48075
0.378325000955,1.4495
0.378350000955,1.4495
0.378375000955,1.4495
0.378400000955,1.4495
0.378425000955,1.48075
0.378450000955,1.48075
0.378475000955,1.4495
0.378500000955,1.4495
0.378525000955,1.41825
0.378550000955,1.4495
0.378575000955,1.41825
0.378600000955,1.4495
0.378625000955,1.4495
0.378650000955,1.41825
0.378675000955,1.4495
0.378700000955,1.48075
0.378725000955,1.4495
0.378750000955,1.4495
0.378775000955,1.4495
0.378800000955,1.4495
0.378825000955,1.4495
0.378850000955,1.4495
0.378875000955,1.48075
0.378900000955,1.4495
0.378925000955,1.4495
0.378950000955,1.4495
0.378975000955,1.4495
0.379000000955,1.4495
0.379025000955,1.41825
0.379050000955,1.48075
0.379075000955,1.4495
0.379100000955,1.48075
0.379125000955,1.4495
0.379150000955,1.4495
0.379175000955,1.4495
0.379200000955,1.48075
0.379225000955,1.4495
0.379250000955,1.4495
0.379275000955,1.4495
0.379300000955,1.4495
0.379325000955,1.41825
0.379350000955,1.41825
0.379375000955,1.4495
0.379400000955,1.4495
0.379425000955,1.48075
0.379450000955,1.4495
0.379475000955,1.4495
0.379500000955,1.4495
0.379525000955,1.4495
0.379550000955,1.48075
0.379575000955,1.48075
0.379600000955,1.48075
0.379625000955,1.4495
0.379650000955,1.4495
0.379675000955,1.4495
0.379700000955,1.4495
0.379725000955,1.41825
0.379750000955,1.4495
0.379775000955,1.4495
0.379800000955,1.41825
0.379825000955,1.41825
0.379850000955,1.4495
0.379875000955,1.48075
0.379900000955,1.48075
0.379925000955,1.48075
0.379950000955,1.41825
0.379975000955,1.4495
0.380000000955,1.41825
0.380025000955,1.4495
0.380050000955,1.4495
0.380075000955,1.4495
0.380100000955,1.4495
0.380125000955,1.4495
0.380150000955,1.387
0.380175000955,1.4495
0.380200000955,1.4495
0.380225000955,1.4495
0.380250000955,1.41825
0.380275000955,1.48075
0.380300000955,1.4495
0.380325000955,1.4495
0.380350000955,1.4495
0.380375000955,1.4495
0.380400000955,1.4495
0.380425000955,1.41825
0.380450000955,1.41825
0.380475000955,1.4495
0.380500000955,1.4495
0.380525000955,1.4495
0.380550000955,1.4495
0.380575000955,1.4495
0.380600000955,1.4495
0.380625000955,1.4495
0.380650000955,1.41825
0.380675000955,1.4495
0.380700000955,1.4495
0.380725000955,1.41825
0.380750000955,1.4495
0.380775000955,1.4495
0.380800000955,1.4495
0.380825000955,1.48075
0.380850000955,1.41825
0.380875000955,1.41825
0.380900000955,1.41825
0.380925000955,1.4495
0.380950000955,1.41825
0.380975000955,1.4495
0.381000000955,1.41825
0.381025000955,1.41825
0.381050000955,1.41825
0.381075000955,1.48075
0.381100000955,1.4495
0.381125000955,1.48075
0.381150000955,1.4495
0.381175000955,1.41825
0.381200000955,1.4495
0.381225000955,1.4495
0.381250000955,1.41825
0.381275000955,1.4495
0.381300000955,1.4495
0.381325000955,1.4495
0.381350000955,1.4495
0.381375000955,1.4495
0.381400000955,1.4495
0.381425000955,1.4495
0.381450000955,1.41825
0.381475000955,1.41825
0.381500000955,1.4495
0.381525000955,1.4495
0.381550000955,1.48075
0.381575000955,1.41825
0.381600000955,1.4495
0.381625000955,1.41825
0.381650000955,1.41825
0.381675000955,1.41825
0.381700000955,1.4495
0.381725000955,1.4495
0.381750000955,1.4495
0.381775000955,1.4495
0.381800000955,1.41825
0.381825000955,1.41825
0.381850000955,1.4495
0.381875000955,1.41825
0.381900000955,1.41825
0.381925000955,1.387
0.381950000955,1.4495
0.381975000955,1.41825
0.382000000955,1.41825
0.382025000955,1.41825
0.382050000955,1.41825
0.382075000955,1.41825
0.382100000955,1.4495
0.382125000955,1.4495
0.382150000955,1.41825
0.382175000955,1.4495
0.382200000955,1.4495
0.382225000955,1.4495
0.382250000955,1.41825
0.382275000955,1.4495
0.382300000955,1.41825
0.382325000955,1.4495
0.382350000955,1.4495
0.382375000955,1.4495
0.382400000955,1.4495
0.382425000955,1.4495
0.382450000955,1.41825
0.382475000955,1.4495
0.382500000955,1.4495
0.382525000955,1.4495
0.382550000955,1.4495
0.382575000955,1.4495
0.382600000955,1.4495
0.382625000955,1.41825
0.382650000955,1.41825
0.382675000955,1.4495
0.382700000955,1.48075
0.382725000955,1.4495
0.382750000955,1.4495
0.382775000955,1.48075
0.382800000955,1.41825
0.382825000955,1.41825
0.382850000955,1.4495
0.382875000955,1.4495
0.382900000955,1.4495
0.382925000955,1.41825
0.382950000955,1.41825
0.382975000955,1.41825
0.383000000955,1.4495
0.383025000955,1.41825
0.383050000955,1.4495
0.383075000955,1.4495
0.383100000955,1.41825
0.383125000955,1.41825
0.383150000955,1.4495
0.383175000955,1.4495
0.383200000955,1.4495
0.383225000955,1.41825
0.383250000955,1.387
0.383275000955,1.41825
0.383300000955,1.41825
0.383325000955,1.4495
0.383350000955,1.41825
0.383375000955,1.4495
0.383400000955,1.41825
0.383425000955,1.4495
0.383450000955,1.41825
0.383475000955,1.41825
0.383500000955,1.41825
0.383525000955,1.41825
0.383550000955,1.4495
0.383575000955,1.41825
0.383600000955,1.4495
0.383625000955,1.41825
0.383650000955,1.4495
0.383675000955,1.41825
0.383700000955,1.4495
0.383725000955,1.4495
0.383750000955,1.4495
0.383775000955,1.41825
0.383800000955,1.41825
0.383825000955,1.41825
0.383850000955,1.4495
0.383875000955,1.41825
0.383900000955,1.41825
0.383925000955,1.41825
0.383950000955,1.4495
0.383975000955,1.41825
0.384000000955,1.41825
0.384025000955,1.41825
0.384050000955,1.41825
0.384075000955,1.41825
0.384100000955,1.41825
0.384125000955,1.387
0.384150000955,1.41825
0.384175000955,1.41825
0.384200000955,1.41825
0.384225000955,1.41825
0.384250000955,1.4495
0.384275000955,1.4495
0.384300000955,1.41825
0.384325000955,1.41825
0.384350000955,1.41825
0.384375000955,1.41825
0.384400000955,1.387
0.384425000955,1.387
0.384450000955,1.41825
0.384475000955,1.41825
0.384500000955,1.41825
0.384525000955,1.41825
0.384550000955,1.387
0.384575000955,1.4495
0.384600000955,1.41825
0.384625000955,1.387
0.384650000955,1.41825
0.384675000955,1.4495
0.384700000955,1.41825
0.384725000955,1.41825
0.384750000955,1.41825
0.384775000955,1.41825
0.384800000955,1.41825
0.384825000955,1.4495
0.384850000955,1.4495
0.384875000955,1.41825
0.384900000955,1.41825
0.384925000955,1.41825
0.384950000955,1.41825
0.384975000955,1.4495
0.385000000955,1.387
0.385025000955,1.41825
0.385050000955,1.41825
0.385075000955,1.41825
0.385100000955,1.41825
0.385125000955,1.387
0.385150000955,1.4495
0.385175000955,1.41825
0.385200000955,1.41825
0.385225000955,1.41825
0.385250000955,1.387
0.385275000955,1.41825
0.385300000955,1.4495
0.385325000955,1.41825
0.385350000955,1.41825
0.385375000955,1.41825
0.385400000955,1.41825
0.385425000955,1.41825
0.385450000955,1.41825
0.385475000955,1.41825
0.385500000955,1.41825
0.385525000955,1.41825
0.385550000955,1.387
0.385575000955,1.4495
0.385600000955,1.41825
0.385625000955,1.41825
0.385650000955,1.4495
0.385675000955,1.41825
0.385700000955,1.41825
0.385725000955,1.387
0.385750000955,1.41825
0.385775000955,1.41825
0.385800000955,1.41825
0.385825000955,1.41825
0.385850000955,1.41825
0.385875000955,1.387
0.385900000955,1.387
0.385925000955,1.41825
0.385950000955,1.41825
0.385975000955,1.387
0.386000000955,1.41825
0.386025000955,1.4495
0.386050000955,1.387
0.386075000955,1.41825
0.386100000955,1.387
0.386125000955,1.41825
0.386150000955,1.41825
0.386175000955,1.41825
0.386200000955,1.387
0.386225000955,1.387
0.386250000955,1.41825
0.386275000955,1.41825
0.386300000955,1.41825
0.386325000955,1.41825
0.386350000955,1.387
0.386375000955,1.41825
0.386400000955,1.4495
0.386425000955,1.41825
0.386450000955,1.41825
0.386475000955,1.41825
0.386500000955,1.387
0.386525000955,1.41825
0.386550000955,1.41825
0.386575000955,1.41825
0.386600000955,1.41825
0.386625000955,1.41825
0.386650000955,1.41825
0.386675000955,1.41825
0.386700000955,1.387
0.386725000955,1.387
0.386750000955,1.387
0.386775000955,1.41825
0.386800000955,1.41825
0.386825000955,1.387
0.386850000955,1.41825
0.386875000955,1.41825
0.386900000955,1.41825
0.386925000955,1.4495
0.386950000955,1.41825
0.386975000955,1.41825
0.387000000955,1.41825
0.387025000955,1.41825
0.387050000955,1.387
0.387075000955,1.41825
0.387100000955,1.41825
0.387125000955,1.41825
0.387150000955,1.387
0.387175000955,1.41825
0.387200000955,1.387
0.387225000955,1.41825
0.387250000955,1.387
0.387275000955,1.387
0.387300000955,1.387
0.387325000955,1.387
0.387350000955,1.41825
0.387375000955,1.41825
0.387400000955,1.41825
0.387425000955,1.387
0.387450000955,1.41825
0.387475000955,1.41825
0.387500000955,1.41825
0.387525000955,1.41825
0.387550000955,1.41825
0.387575000955,1.41825
0.387600000955,1.41825
0.387625000955,1.41825
0.387650000955,1.387
0.387675000955,1.41825
0.387700000955,1.41825
0.387725000955,1.41825
0.387750000955,1.387
0.387775000955,1.41825
0.387800000955,1.387
0.387825000955,1.41825
0.387850000955,1.387
0.387875000955,1.41825
0.387900000955,1.387
0.387925000955,1.387
0.387950000955,1.41825
0.387975000955,1.41825
0.388000000955,1.387
0.388025000955,1.41825
0.388050000955,1.387
0.388075000955,1.41825
0.388100000955,1.41825
0.388125000955,1.387
0.388150000955,1.4495
0.388175000955,1.387
0.388200000955,1.41825
0.388225000955,1.387
0.388250000955,1.41825
0.388275000955,1.387
0.388300000955,1.41825
0.388325000955,1.41825
0.388350000955,1.41825
0.388375000955,1.41825
0.388400000955,1.387
0.388425000955,1.387
0.388450000955,1.41825
0.388475000955,1.387
0.388500000955,1.41825
0.388525000955,1.387
0.388550000955,1.41825
0.388575000955,1.41825
0.388600000955,1.41825
0.388625000955,1.4495
0.388650000955,1.41825
0.388675000955,1.41825
0.388700000955,1.41825
0.388725000955,1.387
0.388750000955,1.387
0.388775000955,1.41825
0.388800000955,1.387
0.388825000955,1.387
0.388850000955,1.387
0.388875000955,1.387
0.388900000955,1.4495
0.388925000955,1.41825
0.388950000955,1.41825
0.388975000955,1.41825
0.389000000955,1.387
0.389025000955,1.387
0.389050000955,1.41825
0.389075000955,1.41825
0.389100000955,1.387
0.389125000955,1.387
0.389150000955,1.41825
0.389175000955,1.387
0.389200000955,1.41825
0.389225000955,1.387
0.389250000955,1.41825
0.389275000955,1.387
0.389300000955,1.41825
0.389325000955,1.387
0.389350000955,1.41825
0.389375000955,1.387
0.389400000955,1.387
0.389425000955,1.41825
0.389450000955,1.41825
0.389475000955,1.387
0.389500000955,1.41825
0.389525000955,1.41825
0.389550000955,1.41825
0.389575000955,1.41825
0.389600000955,1.387
0.389625000955,1.41825
0.389650000955,1.387
0.389675000955,1.387
0.389700000955,1.41825
0.389725000955,1.387
0.389750000955,1.41825
0.389775000955,1.387
0.389800000955,1.387
0.389825000955,1.41825
0.389850000955,1.387
0.389875000955,1.387
0.389900000955,1.41825
0.389925000955,1.41825
0.389950000955,1.387
0.389975000955,1.387
0.390000000955,1.387
0.390025000955,1.41825
0.390050000955,1.41825
0.390075000955,1.41825
0.390100000955,1.41825
0.390125000955,1.41825
0.390150000955,1.4495
0.390175000955,1.387
0.390200000955,1.387
0.390225000955,1.387
0.390250000955,1.387
0.390275000955,1.387
0.390300000955,1.41825
0.390325000955,1.387
0.390350000955,1.41825
0.390375000955,1.387
0.390400000955,1.387
0.390425000955,1.35575
0.390450000955,1.41825
0.390475000955,1.387
0.390500000955,1.387
0.390525000955,1.41825
0.390550000955,1.41825
0.390575000955,1.387
0.390600000955,1.387
0.390625000955,1.41825
0.390650000955,1.387
0.390675000955,1.41825
0.390700000955,1.387
0.390725000955,1.41825
0.390750000955,1.387
0.390775000955,1.387
0.390800000955,1.41825
0.390825000955,1.387
0.390850000955,1.387
0.390875000955,1.41825
0.390900000955,1.387
0.390925000955,1.41825
0.390950000955,1.387
0.390975000955,1.387
0.391000000955,1.387
0.391025000955,1.41825
0.391050000955,1.387
0.391075000955,1.387
0.391100000955,1.387
0.391125000955,1.387
0.391150000955,1.41825
0.391175000955,1.387
0.391200000955,1.387
0.391225000955,1.387
0.391250000955,1.387
0.391275000955,1.387
0.391300000955,1.41825
0.391325000955,1.41825
0.391350000955,1.387
0.391375000955,1.387
0.391400000955,1.387
0.391425000955,1.387
0.391450000955,1.387
0.391475000955,1.387
0.391500000955,1.41825
0.391525000955,1.387
0.391550000955,1.387
0.391575000955,1.387
0.391600000955,1.41825
0.391625000955,1.41825
0.391650000955,1.387
0.391675000955,1.41825
0.391700000955,1.387
0.391725000955,1.387
0.391750000955,1.387
0.391775000955,1.35575
0.391800000955,1.387
0.391825000955,1.35575
0.391850000955,1.41825
0.391875000955,1.41825
0.391900000955,1.387
0.391925000955,1.387
0.391950000955,1.387
0.391975000955,1.387
0.392000000955,1.387
0.392025000955,1.41825
0.392050000955,1.387
0.392075000955,1.387
0.392100000955,1.387
0.392125000955,1.41825
0.392150000955,1.387
0.392175000955,1.387
0.392200000955,1.41825
0.392225000955,1.387
0.392250000955,1.41825
0.392275000955,1.41825
0.392300000955,1.387
0.392325000955,1.387
0.392350000955,1.387
0.392375000955,1.387
0.392400000955,1.387
0.392425000955,1.387
0.392450000955,1.387
0.392475000955,1.387
0.392500000955,1.387
0.392525000955,1.387
0.392550000955,1.387
0.392575000955,1.387
0.392600000955,1.387
0.392625000955,1.41825
0.392650000955,1.387
0.392675000955,1.387
0.392700000955,1.41825
0.392725000955,1.41825
0.392750000955,1.41825
0.392775000955,1.387
0.392800000955,1.41825
0.392825000955,1.41825
0.392850000955,1.41825
0.392875000955,1.387
0.392900000955,1.41825
0.392925000955,1.35575
0.392950000955,1.41825
0.392975000955,1.387
0.393000000955,1.387
0.393025000955,1.387
0.393050000955,1.35575
0.393075000955,1.387
0.393100000955,1.387
0.393125000955,1.387
0.393150000955,1.41825
0.393175000955,1.41825
0.393200000955,1.387
0.393225000955,1.387
0.393250000955,1.387
0.393275000955,1.387
0.393300000955,1.387
0.393325000955,1.387
0.393350000955,1.35575
0.393375000955,1.387
0.393400000955,1.387
0.393425000955,1.35575
0.393450000955,1.387
0.393475000955,1.387
0.393500000955,1.387
0.393525000955,1.41825
0.393550000955,1.387
0.393575000955,1.387
0.393600000955,1.387
0.393625000955,1.41825
0.393650000955,1.387
0.393675000955,1.387
0.393700000955,1.387
0.393725000955,1.387
0.393750000955,1.35575
0.393775000955,1.387
0.393800000955,1.387
0.393825000955,1.41825
0.393850000955,1.41825
0.393875000955,1.387
0.393900000955,1.387
0.393925000955,1.387
0.393950000955,1.387
0.393975000955,1.387
0.394000000955,1.35575
0.394025000955,1.387
0.394050000955,1.35575
0.394075000955,1.387
0.394100000955,1.387
0.394125000955,1.387
0.394150000955,1.387
0.394175000955,1.35575
0.394200000955,1.387
0.394225000955,1.41825
0.394250000955,1.35575
0.394275000955,1.387
0.394300000955,1.387
0.394325000955,1.387
0.394350000955,1.387
0.394375000955,1.387
0.394400000955,1.387
0.394425000955,1.41825
0.394450000955,1.41825
0.394475000955,1.387
0.394500000955,1.387
0.394525000955,1.41825
0.394550000955,1.387
0.394575000955,1.35575
0.394600000955,1.387
0.394625000955,1.387
0.394650000955,1.387
0.394675000955,1.387
0.394700000955,1.35575
0.394725000955,1.35575
0.394750000955,1.35575
0.394775000955,1.41825
0.394800000955,1.387
0.394825000955,1.41825
0.394850000955,1.35575
0.394875000955,1.41825
0.394900000955,1.387
0.394925000955,1.387
0.394950000955,1.387
0.394975000955,1.41825
0.395000000955,1.35575
0.395025000955,1.387
0.395050000955,1.387
0.395075000955,1.387
0.395100000955,1.41825
0.395125000955,1.387
0.395150000955,1.387
0.395175000955,1.387
0.395200000955,1.35575
0.395225000955,1.387
0.395250000955,1.387
0.395275000955,1.387
0.395300000955,1.35575
0.395325000955,1.387
0.395350000955,1.387
0.395375000955,1.387
0.395400000955,1.387
0.395425000955,1.35575
0.395450000955,1.387
0.395475000955,1.387
0.395500000955,1.387
0.395525000955,1.387
0.395550000955,1.387
0.395575000955,1.387
0.395600000955,1.387
0.395625000955,1.387
0.395650000955,1.35575
0.395675000955,1.387
0.395700000955,1.387
0.395725000955,1.387
0.395750000955,1.387
0.395775000955,1.387
0.395800000955,1.387
0.395825000955,1.387
0.395850000955,1.387
0.395875000955,1.35575
0.395900000955,1.387
0.395925000955,1.35575
0.395950000955,1.35575
0.395975000955,1.387
0.396000000955,1.387
0.396025000955,1.387
0.396050000955,1.35575
0.396075000955,1.387
0.396100000955,1.35575
0.396125000955,1.387
0.396150000955,1.387
0.396175000955,1.35575
0.396200000955,1.35575
0.396225000955,1.387
0.396250000955,1.387
0.396275000955,1.41825
0.396300000955,1.387
0.396325000955,1.35575
0.396350000955,1.387
0.396375000955,1.35575
0.396400000955,1.387
0.396425000955,1.387
0.396450000955,1.35575
0.396475000955,1.35575
0.396500000955,1.387
0.396525000955,1.387
0.396550000955,1.387
0.396575000955,1.35575
0.396600000955,1.35575
0.396625000955,1.387
0.396650000955,1.41825
0.396675000955,1.35575
0.396700000955,1.35575
0.396725000955,1.387
0.396750000955,1.35575
0.396775000955,1.387
0.396800000955,1.387
0.396825000955,1.35575
0.396850000955,1.35575
0.396875000955,1.35575
0.396900000955,1.35575
0.396925000955,1.387
0.396950000955,1.387
0.396975000955,1.387
0.397000000955,1.35575
0.397025000955,1.35575
0.397050000955,1.387
0.397075000955,1.35575
0.397100000955,1.35575
0.397125000955,1.35575
0.397150000955,1.35575
0.397175000955,1.41825
0.397200000955,1.41825
0.397225000955,1.387
0.397250000955,1.35575
0.397275000955,1.35575
0.397300000955,1.387
0.397325000955,1.387
0.397350000955,1.387
0.397375000955,1.35575
0.397400000955,1.35575
0.397425000955,1.387
0.397450000955,1.387
0.397475000955,1.35575
0.397500000955,1.3245
0.397525000955,1.387
0.397550000955,1.387
0.397575000955,1.35575
0.397600000955,1.387
0.397625000955,1.35575
0.397650000955,1.35575
0.397675000955,1.35575
0.397700000955,1.41825
0.397725000955,1.387
0.397750000955,1.35575
0.397775000955,1.387
0.397800000955,1.387
0.397825000955,1.387
0.397850000955,1.35575
0.397875000955,1.387
0.397900000955,1.387
0.397925000955,1.387
0.397950000955,1.387
0.397975000955,1.35575
0.398000000955,1.387
0.398025000955,1.35575
0.398050000955,1.387
0.398075000955,1.41825
0.398100000955,1.35575
0.398125000955,1.35575
0.398150000955,1.35575
0.398175000955,1.387
0.398200000955,1.387
0.398225000955,1.387
0.398250000955,1.35575
0.398275000955,1.35575
0.398300000955,1.35575
0.398325000955,1.35575
0.398350000955,1.387
0.398375000955,1.387
0.398400000955,1.35575
0.398425000955,1.387
0.398450000955,1.35575
0.398475000955,1.387
0.398500000955,1.3245
0.398525000955,1.35575
0.398550000955,1.35575
0.398575000955,1.35575
0.398600000955,1.387
0.398625000955,1.3245
0.398650000955,1.387
0.398675000955,1.35575
0.398700000955,1.387
0.398725000955,1.387
0.398750000955,1.387
0.398775000955,1.35575
0.398800000955,1.35575
0.398825000955,1.35575
0.398850000955,1.35575
0.398875000955,1.387
0.398900000955,1.387
0.398925000955,1.35575
0.398950000955,1.35575
0.398975000955,1.387
0.399000000955,1.387
0.399025000955,1.387
0.399050000955,1.35575
0.399075000955,1.35575
0.399100000955,1.387
0.399125000955,1.35575
0.399150000955,1.35575
0.399175000955,1.3245
0.399200000955,1.35575
0.399225000955,1.35575
0.399250000955,1.35575
0.399275000955,1.35575
0.399300000955,1.387
0.399325000955,1.387
0.399350000955,1.387
0.399375000955,1.35575
0.399400000955,1.387
0.399425000955,1.387
0.399450000955,1.35575
0.399475000955,1.387
0.399500000955,1.3245
0.399525000955,1.35575
0.399550000955,1.35575
0.399575000955,1.35575
0.399600000955,1.35575
0.399625000955,1.387
0.399650000955,1.387
0.399675000955,1.41825
0.399700000955,1.35575
0.399725000955,1.35575
0.399750000955,1.387
0.399775000955,1.35575
0.399800000955,1.35575
0.399825000955,1.3245
0.399850000955,1.35575
0.399875000955,1.35575
0.399900000955,1.35575
0.399925000955,1.35575
0.399950000955,1.35575
0.399975000955,1.35575
0.400000000955,1.35575
0.400025000955,1.387
0.400050000955,1.35575
0.400075000955,1.387
0.400100000955,1.387
0.400125000955,1.35575
0.400150000955,1.387
0.400175000955,1.35575
0.400200000955,1.387
0.400225000955,1.35575
0.400250000955,1.387
0.400275000955,1.387
0.400300000955,1.387
0.400325000955,1.35575
0.400350000955,1.387
0.400375000955,1.35575
0.400400000955,1.35575
0.400425000955,1.387
0.400450000955,1.387
0.400475000955,1.387
0.400500000955,1.35575
0.400525000955,1.387
0.400550000955,1.387
0.400575000955,1.387
0.400600000955,1.387
0.400625000955,1.35575
0.400650000955,1.387
0.400675000955,1.35575
0.400700000955,1.35575
0.400725000955,1.387
0.400750000955,1.35575
0.400775000955,1.3245
0.400800000955,1.35575
0.400825000955,1.35575
0.400850000955,1.3245
0.400875000955,1.35575
0.400900000955,1.387
0.400925000955,1.387
0.400950000955,1.387
0.400975000955,1.387
0.401000000955,1.387
0.401025000955,1.35575
0.401050000955,1.387
0.401075000955,1.35575
0.401100000955,1.3245
0.401125000955,1.387
0.401150000955,1.387
0.401175000955,1.35575
0.401200000955,1.35575
0.401225000955,1.35575
0.401250000955,1.35575
0.401275000955,1.387
0.401300000955,1.35575
0.401325000955,1.387
0.401350000955,1.387
0.401375000955,1.35575
0.401400000955,1.3245
0.401425000955,1.35575
0.401450000955,1.35575
0.401475000955,1.387
0.401500000955,1.35575
0.401525000955,1.35575
0.401550000955,1.35575
0.401575000955,1.35575
0.401600000955,1.35575
0.401625000955,1.35575
0.401650000955,1.35575
0.401675000955,1.35575
0.401700000955,1.35575
0.401725000955,1.3245
0.401750000955,1.35575
0.401775000955,1.35575
0.401800000955,1.35575
0.401825000955,1.35575
0.401850000955,1.387
0.401875000955,1.387
0.401900000955,1.35575
0.401925000955,1.3245
0.401950000955,1.387
0.401975000955,1.35575
0.402000000955,1.387
0.402025000955,1.3245
0.402050000955,1.387
0.402075000955,1.3245
0.402100000955,1.35575
0.402125000955,1.35575
0.402150000955,1.35575
0.402175000955,1.3245
0.402200000955,1.35575
0.402225000955,1.35575
0.402250000955,1.35575
0.402275000955,1.35575
0.402300000955,1.35575
0.402325000955,1.35575
0.402350000955,1.387
0.402375000955,1.35575
0.402400000955,1.387
0.402425000955,1.387
0.402450000955,1.35575
0.402475000955,1.35575
0.402500000955,1.35575
0.402525000955,1.35575
0.402550000955,1.3245
0.402575000955,1.35575
0.402600000955,1.35575
0.402625000955,1.35575
0.402650000955,1.3245
0.402675000955,1.3245
0.402700000955,1.3245
0.402725000955,1.35575
0.402750000955,1.35575
0.402775000955,1.387
0.402800000955,1.3245
0.402825000955,1.35575
0.402850000955,1.35575
0.402875000955,1.3245
0.402900000955,1.3245
0.402925000955,1.35575
0.402950000955,1.3245
0.402975000955,1.3245
0.403000000955,1.35575
0.403025000955,1.3245
0.403050000955,1.387
0.403075000955,1.3245
0.403100000955,1.35575
0.403125000955,1.35575
0.403150000955,1.3245
0.403175000955,1.35575
0.403200000955,1.3245
0.403225000955,1.35575
0.403250000955,1.3245
0.403275000955,1.3245
0.403300000955,1.3245
0.403325000955,1.35575
0.403350000955,1.3245
0.403375000955,1.35575
0.403400000955,1.3245
0.403425000955,1.387
0.403450000955,1.3245
0.403475000955,1.3245
0.403500000955,1.3245
0.403525000955,1.35575
0.403550000955,1.35575
0.403575000955,1.35575
0.403600000955,1.35575
0.403625000955,1.29325
0.403650000955,1.35575
0.403675000955,1.3245
0.403700000955,1.35575
0.403725000955,1.3245
0.403750000955,1.35575
0.403775000955,1.3245
0.403800000955,1.35575
0.403825000955,1.35575
0.403850000955,1.3245
0.403875000955,1.387
0.403900000955,1.35575
0.403925000955,1.3245
0.403950000955,1.3245
0.403975000955,1.35575
0.404000000955,1.3245
0.404025000955,1.387
0.404050000955,1.3245
0.404075000955,1.35575
0.404100000955,1.387
0.404125000955,1.3245
0.404150000955,1.35575
0.404175000955,1.35575
0.404200000955,1.3245
0.404225000955,1.3245
0.404250000955,1.3245
0.404275000955,1.35575
0.404300000955,1.35575
0.404325000955,1.35575
0.404350000955,1.35575
0.404375000955,1.3245
0.404400000955,1.35575
0.404425000955,1.35575
0.404450000955,1.35575
0.404475000955,1.387
0.404500000955,1.35575
0.404525000955,1.35575
0.404550000955,1.35575
0.404575000955,1.35575
0.404600000955,1.35575
0.404625000955,1.35575
0.404650000955,1.35575
0.404675000955,1.35575
0.404700000955,1.3245
0.404725000955,1.3245
0.404750000955,1.35575
0.404775000955,1.35575
0.404800000955,1.35575
0.404825000955,1.35575
0.404850000955,1.3245
0.404875000955,1.35575
0.404900000955,1.35575
0.404925000955,1.35575
0.404950000955,1.35575
0.404975000955,1.3245
0.405000000955,1.35575
0.405025000955,1.35575
0.405050000955,1.3245
0.405075000955,1.35575
0.405100000955,1.3245
0.405125000955,1.35575
0.405150000955,1.3245
0.405175000955,1.35575
0.405200000955,1.3245
0.405225000955,1.35575
0.405250000955,1.3245
0.405275000955,1.35575
0.405300000955,1.3245
0.405325000955,1.3245
0.405350000955,1.35575
0.405375000955,1.35575
0.405400000955,1.3245
0.405425000955,1.35575
0.405450000955,1.35575
0.405475000955,1.35575
0.405500000955,1.3245
0.405525000955,1.35575
0.405550000955,1.3245
0.405575000955,1.3245
0.405600000955,1.35575
0.405625000955,1.35575
0.405650000955,1.3245
0.405675000955,1.35575
0.405700000955,1.3245
0.405725000955,1.3245
0.405750000955,1.3245
0.405775000955,1.35575
0.405800000955,1.3245
0.405825000955,1.3245
0.405850000955,1.35575
0.405875000955,1.3245
0.405900000955,1.3245
0.405925000955,1.35575
0.405950000955,1.35575
0.405975000955,1.35575
0.406000000955,1.35575
0.406025000955,1.3245
0.406050000955,1.35575
0.406075000955,1.35575
0.406100000955,1.35575
0.406125000955,1.35575
0.406150000955,1.35575
0.406175000955,1.35575
0.406200000955,1.3245
0.406225000955,1.35575
0.406250000955,1.3245
0.406275000955,1.3245
0.406300000955,1.3245
0.406325000955,1.3245
0.406350000955,1.3245
0.406375000955,1.35575
0.406400000955,1.3245
0.406425000955,1.35575
0.406450000955,1.3245
0.406475000955,1.3245
0.406500000955,1.29325
0.406525000955,1.35575
0.406550000955,1.35575
0.406575000955,1.35575
0.406600000955,1.29325
0.406625000955,1.3245
0.406650000955,1.3245
0.406675000955,1.35575
0.406700000955,1.35575
0.406725000955,1.35575
0.406750000955,1.3245
0.406775000955,1.35575
0.406800000955,1.3245
0.406825000955,1.35575
0.406850000955,1.29325
0.406875000955,1.3245
0.406900000955,1.35575
0.406925000955,1.35575
0.406950000955,1.3245
0.406975000955,1.35575
0.407000000955,1.3245
0.407025000955,1.3245
0.407050000955,1.35575
0.407075000955,1.3245
0.407100000955,1.3245
0.407125000955,1.3245
0.407150000955,1.35575
0.407175000955,1.3245
0.407200000955,1.3245
0.407225000955,1.3245
0.407250000955,1.35575
0.407275000955,1.3245
0.407300000955,1.3245
0.407325000955,1.35575
0.407350000955,1.3245
0.407375000955,1.3245
0.407400000955,1.35575
0.407425000955,1.29325
0.407450000955,1.35575
0.407475000955,1.3245
0.407500000955,1.3245
0.407525000955,1.35575
0.407550000955,1.35575
0.407575000955,1.29325
0.407600000955,1.3245
0.407625000955,1.35575
0.407650000955,1.3245
0.407675000955,1.3245
0.407700000955,1.3245
0.407725000955,1.35575
0.407750000955,1.3245
0.407775000955,1.3245
0.407800000955,1.3245
0.407825000955,1.35575
0.407850000955,1.3245
0.407875000955,1.35575
0.407900000955,1.3245
0.407925000955,1.3245
0.407950000955,1.3245
0.407975000955,1.3245
0.408000000955,1.3245
0.408025000955,1.35575
0.408050000955,1.35575
0.408075000955,1.3245
0.408100000955,1.35575
0.408125000955,1.35575
0.408150000955,1.3245
0.408175000955,1.3245
0.408200000955,1.3245
0.408225000955,1.3245
0.408250000955,1.35575
0.408275000955,1.3245
0.408300000955,1.35575
0.408325000955,1.3245
0.408350000955,1.35575
0.408375000955,1.3245
0.408400000955,1.35575
0.408425000955,1.29325
0.408450000955,1.3245
0.408475000955,1.35575
0.408500000955,1.35575
0.408525000955,1.29325
0.408550000955,1.3245
0.408575000955,1.3245
0.408600000955,1.3245
0.408625000955,1.3245
0.408650000955,1.387
0.408675000955,1.3245
0.408700000955,1.29325
0.408725000955,1.3245
0.408750000955,1.29325
0.408775000955,1.3245
0.408800000955,1.3245
0.408825000955,1.3245
0.408850000955,1.3245
0.408875000955,1.3245
0.408900000955,1.3245
0.408925000955,1.3245
0.408950000955,1.3245
0.408975000955,1.3245
0.409000000955,1.35575
0.409025000955,1.3245
0.409050000955,1.35575
0.409075000955,1.35575
0.409100000955,1.3245
0.409125000955,1.3245
0.409150000955,1.35575
0.409175000955,1.3245
0.409200000955,1.3245
0.409225000955,1.3245
0.409250000955,1.35575
0.409275000955,1.3245
0.409300000955,1.3245
0.409325000955,1.29325
0.409350000955,1.29325
0.409375000955,1.29325
0.409400000955,1.29325
0.409425000955,1.29325
0.409450000955,1.3245
0.409475000955,1.3245
0.409500000955,1.3245
0.409525000955,1.3245
0.409550000955,1.262
0.409575000955,1.3245
0.409600000955,1.3245
0.409625000955,1.29325
0.409650000955,1.262
0.409675000955,1.29325
0.409700000955,1.29325
0.409725000955,1.3245
0.409750000955,1.29325
0.409775000955,1.29325
0.409800000955,1.3245
0.409825000955,1.29325
0.409850000955,1.29325
0.409875000955,1.3245
0.409900000955,1.3245
0.409925000955,1.3245
0.409950000955,1.29325
0.409975000955,1.3245
0.410000000955,1.3245
0.410025000955,1.262
0.410050000955,1.3245
0.410075000955,1.3245
0.410100000955,1.29325
0.410125000955,1.29325
0.410150000955,1.29325
0.410175000955,1.29325
0.410200000955,1.29325
0.410225000955,1.29325
0.410250000955,1.29325
0.410275000955,1.262
0.410300000955,1.29325
0.410325000955,1.3245
0.410350000955,1.29325
0.410375000955,1.29325
0.410400000955,1.29325
0.410425000955,1.29325
0.410450000955,1.262
0.410475000955,1.29325
0.410500000955,1.29325
0.410525000955,1.29325
0.410550000955,1.29325
0.410575000955,1.29325
0.410600000955,1.29325
0.410625000955,1.29325
0.410650000955,1.29325
0.410675000955,1.3245
0.410700000955,1.3245
0.410725000955,1.29325
0.410750000955,1.29325
0.410775000955,1.29325
0.410800000955,1.262
0.410825000955,1.29325
0.410850000955,1.29325
0.410875000955,1.262
0.410900000955,1.3245
0.410925000955,1.29325
0.410950000955,1.262
0.410975000955,1.29325
0.411000000955,1.29325
0.411025000955,1.29325
0.411050000955,1.29325
0.411075000955,1.262
0.411100000955,1.29325
0.411125000955,1.262
0.411150000955,1.29325
0.411175000955,1.262
0.411200000955,1.29325
0.411225000955,1.29325
0.411250000955,1.29325
0.411275000955,1.29325
0.411300000955,1.262
0.411325000955,1.29325
0.411350000955,1.29325
0.411375000955,1.29325
0.411400000955,1.29325
0.411425000955,1.29325
0.411450000955,1.29325
0.411475000955,1.29325
0.411500000955,1.262
0.411525000955,1.29325
0.411550000955,1.29325
0.411575000955,1.29325
0.411600000955,1.29325
0.411625000955,1.3245
0.411650000955,1.29325
0.411675000955,1.29325
0.411700000955,1.29325
0.411725000955,1.3245
0.411750000955,1.262
0.411775000955,1.29325
0.411800000955,1.3245
0.411825000955,1.262
0.411850000955,1.29325
0.411875000955,1.29325
0.411900000955,1.29325
0.411925000955,1.29325
0.411950000955,1.262
0.411975000955,1.3245
0.412000000955,1.29325
0.412025000955,1.262
0.412050000955,1.29325
0.412075000955,1.262
0.412100000955,1.262
0.412125000955,1.29325
0.412150000955,1.262
0.412175000955,1.262
0.412200000955,1.29325
0.412225000955,1.262
0.412250000955,1.29325
0.412275000955,1.29325
0.412300000955,1.29325
0.412325000955,1.29325
0.412350000955,1.29325
0.412375000955,1.29325
0.412400000955,1.29325
0.412425000955,1.29325
0.412450000955,1.29325
0.412475000955,1.29325
0.412500000955,1.29325
0.412525000955,1.29325
0.412550000955,1.262
0.412575000955,1.29325
0.412600000955,1.29325
0.412625000955,1.262
0.412650000955,1.29325
0.412675000955,1.3245
0.412700000955,1.29325
0.412725000955,1.262
0.412750000955,1.29325
0.412775000955,1.29325
0.412800000955,1.29325
0.412825000955,1.29325
0.412850000955,1.3245
0.412875000955,1.29325
0.412900000955,1.29325
0.412925000955,1.29325
0.412950000955,1.29325
0.412975000955,1.262
0.413000000955,1.29325
0.413025000955,1.29325
0.413050000955,1.29325
0.413075000955,1.262
0.413100000955,1.29325
0.413125000955,1.262
0.413150000955,1.29325
0.413175000955,1.262
0.413200000955,1.262
0.413225000955,1.262
0.413250000955,1.3245
0.413275000955,1.29325
0.413300000955,1.262
0.413325000955,1.29325
0.413350000955,1.262
0.413375000955,1.29325
0.413400000955,1.3245
0.413425000955,1.262
0.413450000955,1.29325
0.413475000955,1.262
0.413500000955,1.29325
0.413525000955,1.262
0.413550000955,1.262
0.413575000955,1.29325
0.413600000955,1.23075
0.413625000955,1.262
0.413650000955,1.262
0.413675000955,1.23075
0.413700000955,1.262
0.413725000955,1.262
0.413750000955,1.262
0.413775000955,1.262
0.413800000955,1.262
0.413825000955,1.262
0.413850000955,1.262
0.413875000955,1.262
0.413900000955,1.23075
0.413925000955,1.262
0.413950000955,1.262
0.413975000955,1.262
0.414000000955,1.23075
0.414025000955,1.262
0.414050000955,1.23075
0.414075000955,1.29325
0.414100000955,1.23075
0.414125000955,1.23075
0.414150000955,1.262
0.414175000955,1.262
0.414200000955,1.262
0.414225000955,1.23075
0.414250000955,1.29325
0.414275000955,1.23075
0.414300000955,1.29325
0.414325000955,1.262
0.414350000955,1.262
0.414375000955,1.262
0.414400000955,1.262
0.414425000955,1.29325
0.414450000955,1.262
0.414475000955,1.262
0.414500000955,1.262
0.414525000955,1.23075
0.414550000955,1.262
0.414575000955,1.23075
0.414600000955,1.23075
0.414625000955,1.262
0.414650000955,1.23075
0.414675000955,1.23075
0.414700000955,1.262
0.414725000955,1.262
0.414750000955,1.23075
0.414775000955,1.23075
0.414800000955,1.23075
0.414825000955,1.262
0.414850000955,1.23075
0.414875000955,1.23075
0.414900000955,1.262
0.414925000955,1.23075
0.414950000955,1.262
0.414975000955,1.23075
0.415000000955,1.23075
0.415025000955,1.262
0.415050000955,1.23075
0.415075000955,1.23075
0.415100000955,1.23075
0.415125000955,1.23075
0.415150000955,1.23075
0.415175000955,1.262
0.415200000955,1.23075
0.415225000955,1.23075
0.415250000955,1.262
0.415275000955,1.23075
0.415300000955,1.23075
0.415325000955,1.23075
0.415350000955,1.23075
0.415375000955,1.23075
0.415400000955,1.1995
0.415425000955,1.1995
0.415450000955,1.23075
0.415475000955,1.23075
0.415500000955,1.23075
0.415525000955,1.23075
0.415550000955,1.23075
0.415575000955,1.23075
0.415600000955,1.23075
0.415625000955,1.23075
0.415650000955,1.1995
0.415675000955,1.23075
0.415700000955,1.23075
0.415725000955,1.23075
0.415750000955,1.1995
0.415775000955,1.23075
0.415800000955,1.1995
0.415825000955,1.23075
0.415850000955,1.1995
0.415875000955,1.262
0.415900000955,1.1995
0.415925000955,1.23075
0.415950000955,1.1995
0.415975000955,1.23075
0.416000000955,1.23075
0.416025000955,1.23075
0.416050000955,1.262
0.416075000955,1.23075
0.416100000955,1.23075
0.416125000955,1.1995
0.416150000955,1.1995
0.416175000955,1.23075
0.416200000955,1.23075
0.416225000955,1.1995
0.416250000955,1.23075
0.416275000955,1.1995
0.416300000955,1.23075
0.416325000955,1.23075
0.416350000955,1.1995
0.416375000955,1.1995
0.416400000955,1.23075
0.416425000955,1.1995
0.416450000955,1.1995
0.416475000955,1.23075
0.416500000955,1.23075
0.416525000955,1.23075
0.416550000955,1.1995
0.416575000955,1.23075
0.416600000955,1.1995
0.416625000955,1.16825
0.416650000955,1.23075
0.416675000955,1.1995
0.416700000955,1.23075
0.416725000955,1.1995
0.416750000955,1.1995
0.416775000955,1.1995
0.416800000955,1.1995
0.416825000955,1.1995
0.416850000955,1.23075
0.416875000955,1.23075
0.416900000955,1.23075
0.416925000955,1.23075
0.416950000955,1.1995
0.416975000955,1.1995
0.417000000955,1.16825
0.417025000955,1.1995
0.417050000955,1.23075
0.417075000955,1.16825
0.417100000955,1.23075
0.417125000955,1.1995
0.417150000955,1.1995
0.417175000955,1.1995
0.417200000955,1.1995
0.417225000955,1.1995
0.417250000955,1.23075
0.417275000955,1.1995
0.417300000955,1.16825
0.417325000955,1.1995
0.417350000955,1.1995
0.417375000955,1.1995
0.417400000955,1.1995
0.417425000955,1.23075
0.417450000955,1.1995
0.417475000955,1.16825
0.417500000955,1.1995
0.417525000955,1.1995
0.417550000955,1.16825
0.417575000955,1.1995
0.417600000955,1.1995
0.417625000955,1.1995
0.417650000955,1.1995
0.417675000955,1.16825
0.417700000955,1.16825
0.417725000955,1.1995
0.417750000955,1.1995
0.417775000955,1.23075
0.417800000955,1.1995
0.417825000955,1.1995
0.417850000955,1.1995
0.417875000955,1.1995
0.417900000955,1.16825
0.417925000955,1.16825
0.417950000955,1.16825
0.417975000955,1.23075
0.418000000955,1.1995
0.418025000955,1.16825
0.418050000955,1.16825
0.418075000955,1.1995
0.418100000955,1.16825
0.418125000955,1.1995
0.418150000955,1.16825
0.418175000955,1.23075
0.418200000955,1.137
0.418225000955,1.137
0.418250000955,1.1995
0.418275000955,1.16825
0.418300000955,1.16825
0.418325000955,1.16825
0.418350000955,1.16825
0.418375000955,1.16825
0.418400000955,1.1995
0.418425000955,1.1995
0.418450000955,1.16825
0.418475000955,1.1995
0.418500000955,1.1995
0.418525000955,1.1995
0.418550000955,1.137
0.418575000955,1.16825
0.418600000955,1.23075
0.418625000955,1.1995
0.418650000955,1.1995
0.418675000955,1.16825
0.418700000955,1.16825
0.418725000955,1.16825
0.418750000955,1.16825
0.418775000955,1.1995
0.418800000955,1.1995
0.418825000955,1.16825
0.418850000955,1.23075
0.418875000955,1.16825
0.418900000955,1.16825
0.418925000955,1.16825
0.418950000955,1.16825
0.418975000955,1.16825
0.419000000955,1.16825
0.419025000955,1.16825
0.419050000955,1.1995
0.419075000955,1.16825
0.419100000955,1.16825
0.419125000955,1.16825
0.419150000955,1.16825
0.419175000955,1.16825
0.419200000955,1.16825
0.419225000955,1.1995
0.419250000955,1.16825
0.419275000955,1.1995
0.419300000955,1.16825
0.419325000955,1.16825
0.419350000955,1.137
0.419375000955,1.16825
0.419400000955,1.1995
0.419425000955,1.16825
0.419450000955,1.137
0.419475000955,1.1995
0.419500000955,1.16825
0.419525000955,1.16825
0.419550000955,1.1995
0.419575000955,1.16825
0.419600000955,1.16825
0.419625000955,1.16825
0.419650000955,1.16825
0.419675000955,1.16825
0.419700000955,1.16825
0.419725000955,1.16825
0.419750000955,1.1995
0.419775000955,1.16825
0.419800000955,1.137
0.419825000955,1.16825
0.419850000955,1.137
0.419875000955,1.16825
0.419900000955,1.1995
0.419925000955,1.16825
0.419950000955,1.16825
0.419975000955,1.16825
0.420000000955,1.137
0.420025000955,1.16825
0.420050000955,1.16825
0.420075000955,1.16825
0.420100000955,1.16825
0.420125000955,1.1995
0.420150000955,1.16825
0.420175000955,1.137
0.420200000955,1.137
0.420225000955,1.16825
0.420250000955,1.137
0.420275000955,1.16825
0.420300000955,1.137
0.420325000955,1.16825
0.420350000955,1.137
0.420375000955,1.16825
0.420400000955,1.16825
0.420425000955,1.137
0.420450000955,1.1995
0.420475000955,1.16825
0.420500000955,1.137
0.420525000955,1.16825
0.420550000955,1.16825
0.420575000955,1.16825
0.420600000955,1.16825
0.420625000955,1.16825
0.420650000955,1.137
0.420675000955,1.137
0.420700000955,1.16825
0.420725000955,1.137
0.420750000955,1.137
0.420775000955,1.16825
0.420800000955,1.16825
0.420825000955,1.16825
0.420850000955,1.137
0.420875000955,1.137
0.420900000955,1.137
0.420925000955,1.16825
0.420950000955,1.137
0.420975000955,1.137
0.421000000955,1.137
0.421025000955,1.137
0.421050000955,1.1995
0.421075000955,1.137
0.421100000955,1.16825
0.421125000955,1.137
0.421150000955,1.137
0.421175000955,1.16825
0.421200000955,1.1995
0.421225000955,1.1995
0.421250000955,1.16825
0.421275000955,1.137
0.421300000955,1.16825
0.421325000955,1.137
0.421350000955,1.16825
0.421375000955,1.137
0.421400000955,1.137
0.421425000955,1.16825
0.421450000955,1.16825
0.421475000955,1.137
0.421500000955,1.137
0.421525000955,1.137
0.421550000955,1.16825
0.421575000955,1.16825
0.421600000955,1.16825
0.421625000955,1.16825
0.421650000955,1.137
0.421675000955,1.137
0.421700000955,1.10575
0.421725000955,1.137
0.421750000955,1.137
0.421775000955,1.137
0.421800000955,1.16825
0.421825000955,1.16825
0.421850000955,1.16825
0.421875000955,1.16825
0.421900000955,1.16825
0.421925000955,1.137
0.421950000955,1.137
0.421975000955,1.137
0.422000000955,1.1995
0.422025000955,1.16825
0.422050000955,1.137
0.422075000955,1.137
0.422100000955,1.16825
0.422125000955,1.1995
0.422150000955,1.137
0.422175000955,1.16825
0.422200000955,1.16825
0.422225000955,1.137
0.422250000955,1.137
0.422275000955,1.16825
0.422300000955,1.137
0.422325000955,1.137
0.422350000955,1.16825
0.422375000955,1.137
0.422400000955,1.137
0.422425000955,1.137
0.422450000955,1.137
0.422475000955,1.137
0.422500000955,1.10575
0.422525000955,1.137
0.422550000955,1.137
0.422575000955,1.137
0.422600000955,1.137
0.422625000955,1.137
0.422650000955,1.137
0.422675000955,1.16825
0.422700000955,1.16825
0.422725000955,1.137
0.422750000955,1.137
0.422775000955,1.16825
0.422800000955,1.137
0.422825000955,1.16825
0.422850000955,1.137
0.422875000955,1.137
0.422900000955,1.137
0.422925000955,1.137
0.422950000955,1.137
0.422975000955,1.137
0.423000000955,1.137
0.423025000955,1.16825
0.423050000955,1.137
0.423075000955,1.137
0.423100000955,1.137
0.423125000955,1.137
0.423150000955,1.137
0.423175000955,1.137
0.423200000955,1.137
0.423225000955,1.137
0.423250000955,1.10575
0.423275000955,1.137
0.423300000955,1.137
0.423325000955,1.137
0.423350000955,1.137
0.423375000955,1.137
0.423400000955,1.137
0.423425000955,1.137
0.423450000955,1.137
0.423475000955,1.137
0.423500000955,1.10575
0.423525000955,1.137
0.423550000955,1.137
0.423575000955,1.137
0.423600000955,1.137
0.423625000955,1.10575
0.423650000955,1.16825
0.423675000955,1.137
0.423700000955,1.137
0.423725000955,1.137
0.423750000955,1.10575
0.423775000955,1.137
0.423800000955,1.16825
0.423825000955,1.137
0.423850000955,1.137
0.423875000955,1.137
0.423900000955,1.137
0.423925000955,1.137
0.423950000955,1.137
0.423975000955,1.137
0.424000000955,1.16825
0.424025000955,1.137
0.424050000955,1.137
0.424075000955,1.137
0.424100000955,1.16825
0.424125000955,1.137
0.424150000955,1.137
0.424175000955,1.137
0.424200000955,1.137
0.424225000955,1.137
0.424250000955,1.137
0.424275000955,1.16825
0.424300000955,1.137
0.424325000955,1.10575
0.424350000955,1.10575
0.424375000955,1.10575
0.424400000955,1.16825
0.424425000955,1.137
0.424450000955,1.137
0.424475000955,1.10575
0.424500000955,1.137
0.424525000955,1.16825
0.424550000955,1.137
0.424575000955,1.137
0.424600000955,1.16825
0.424625000955,1.10575
0.424650000955,1.10575
0.424675000955,1.16825
0.424700000955,1.137
0.424725000955,1.10575
0.424750000955,1.137
0.424775000955,1.10575
0.424800000955,1.137
0.424825000955,1.16825
0.424850000955,1.137
0.424875000955,1.137
0.424900000955,1.137
0.424925000955,1.16825
0.424950000955,1.137
0.424975000955,1.137
0.425000000955,1.10575
0.425025000955,1.10575
0.425050000955,1.137
0.425075000955,1.137
0.425100000955,1.137
0.425125000955,1.10575
0.425150000955,1.10575
0.425175000955,1.10575
0.425200000955,1.10575
0.425225000955,1.137
0.425250000955,1.137
0.425275000955,1.137
0.425300000955,1.137
0.425325000955,1.137
0.425350000955,1.137
0.425375000955,1.137
0.425400000955,1.10575
0.425425000955,1.137
0.425450000955,1.10575
0.425475000955,1.137
0.425500000955,1.137
0.425525000955,1.137
0.425550000955,1.137
0.425575000955,1.137
0.425600000955,1.137
0.425625000955,1.137
0.425650000955,1.137
0.425675000955,1.137
0.425700000955,1.10575
0.425725000955,1.10575
0.425750000955,1.137
0.425775000955,1.10575
0.425800000955,1.10575
0.425825000955,1.137
0.425850000955,1.137
0.425875000955,1.137
0.425900000955,1.0745
0.425925000955,1.137
0.425950000955,1.10575
0.425975000955,1.137
0.426000000955,1.137
0.426025000955,1.137
0.426050000955,1.10575
0.426075000955,1.137
0.426100000955,1.137
0.426125000955,1.137
0.426150000955,1.137
0.426175000955,1.10575
0.426200000955,1.137
0.426225000955,1.16825
0.426250000955,1.137
0.426275000955,1.137
0.426300000955,1.0745
0.426325000955,1.10575
0.426350000955,1.10575
0.426375000955,1.137
0.426400000955,1.10575
0.426425000955,1.137
0.426450000955,1.137
0.426475000955,1.10575
0.426500000955,1.137
0.426525000955,1.10575
0.426550000955,1.137
0.426575000955,1.10575
0.426600000955,1.10575
0.426625000955,1.10575
0.426650000955,1.10575
0.426675000955,1.10575
0.426700000955,1.10575
0.426725000955,1.10575
0.426750000955,1.10575
0.426775000955,1.10575
0.426800000955,1.137
0.426825000955,1.137
0.426850000955,1.137
0.426875000955,1.10575
0.426900000955,1.137
0.426925000955,1.10575
0.426950000955,1.10575
0.426975000955,1.10575
0.427000000955,1.137
0.427025000955,1.137
0.427050000955,1.137
0.427075000955,1.137
0.427100000955,1.10575
0.427125000955,1.10575
0.427150000955,1.137
0.427175000955,1.10575
0.427200000955,1.10575
0.427225000955,1.10575
0.427250000955,1.10575
0.427275000955,1.10575
0.427300000955,1.10575
0.427325000955,1.10575
0.427350000955,1.10575
0.427375000955,1.137
0.427400000955,1.10575
0.427425000955,1.10575
0.427450000955,1.10575
0.427475000955,1.10575
0.427500000955,1.137
0.427525000955,1.10575
0.427550000955,1.10575
0.427575000955,1.137
0.427600000955,1.137
0.427625000955,1.10575
0.427650000955,1.137
0.427675000955,1.10575
0.427700000955,1.137
0.427725000955,1.10575
0.427750000955,1.10575
0.427775000955,1.10575
0.427800000955,1.10575
0.427825000955,1.137
0.427850000955,1.10575
0.427875000955,1.137
0.427900000955,1.10575
0.427925000955,1.10575
0.427950000955,1.137
0.427975000955,1.10575
0.428000000955,1.137
0.428025000955,1.10575
0.428050000955,1.137
0.428075000955,1.137
0.428100000955,1.10575
0.428125000955,1.10575
0.428150000955,1.137
0.428175000955,1.137
0.428200000955,1.0745
0.428225000955,1.10575
0.428250000955,1.137
0.428275000955,1.137
0.428300000955,1.10575
0.428325000955,1.10575
0.428350000955,1.137
0.428375000955,1.137
0.428400000955,1.10575
0.428425000955,1.137
0.428450000955,1.137
0.428475000955,1.10575
0.428500000955,1.137
0.428525000955,1.137
0.428550000955,1.137
0.428575000955,1.10575
0.428600000955,1.10575
0.428625000955,1.0745
0.428650000955,1.10575
0.428675000955,1.10575
0.428700000955,1.10575
0.428725000955,1.10575
0.428750000955,1.10575
0.428775000955,1.10575
0.428800000955,1.10575
0.428825000955,1.10575
0.428850000955,1.10575
0.428875000955,1.137
0.428900000955,1.10575
0.428925000955,1.10575
0.428950000955,1.10575
0.428975000955,1.10575
0.429000000955,1.10575
0.429025000955,1.10575
0.429050000955,1.10575
0.429075000955,1.10575
0.429100000955,1.10575
0.429125000955,1.10575
0.429150000955,1.137
0.429175000955,1.137
0.429200000955,1.10575
0.429225000955,1.10575
0.429250000955,1.10575
0.429275000955,1.10575
0.429300000955,1.137
0.429325000955,1.137
0.429350000955,1.137
0.429375000955,1.10575
0.429400000955,1.137
0.429425000955,1.0745
0.429450000955,1.137
0.429475000955,1.10575
0.429500000955,1.10575
0.429525000955,1.10575
0.429550000955,1.10575
0.429575000955,1.137
0.429600000955,1.0745
0.429625000955,1.10575
0.429650000955,1.137
0.429675000955,1.10575
0.429700000955,1.0745
0.429725000955,1.10575
0.429750000955,1.10575
0.429775000955,1.10575
0.429800000955,1.10575
0.429825000955,1.10575
0.429850000955,1.10575
0.429875000955,1.10575
0.429900000955,1.10575
0.429925000955,1.137
0.429950000955,1.10575
0.429975000955,1.10575
0.430000000955,1.10575
0.430025000955,1.10575
0.430050000955,1.0745
0.430075000955,1.0745
0.430100000955,1.10575
0.430125000955,1.10575
0.430150000955,1.10575
0.430175000955,1.137
0.430200000955,1.137
0.430225000955,1.10575
0.430250000955,1.10575
0.430275000955,1.10575
0.430300000955,1.137
0.430325000955,1.10575
0.430350000955,1.10575
0.430375000955,1.137
0.430400000955,1.10575
0.430425000955,1.10575
0.430450000955,1.10575
0.430475000955,1.137
0.430500000955,1.10575
0.430525000955,1.10575
0.430550000955,1.10575
0.430575000955,1.0745
0.430600000955,1.10575
0.430625000955,1.10575
0.430650000955,1.137
0.430675000955,1.0745
0.430700000955,1.10575
0.430725000955,1.10575
0.430750000955,1.10575
0.430775000955,1.137
0.430800000955,1.10575
0.430825000955,1.10575
0.430850000955,1.137
0.430875000955,1.10575
0.430900000955,1.137
0.430925000955,1.10575
0.430950000955,1.10575
0.430975000955,1.0745
0.431000000955,1.10575
0.431025000955,1.10575
0.431050000955,1.10575
0.431075000955,1.10575
0.431100000955,1.10575
0.431125000955,1.137
0.431150000955,1.10575
0.431175000955,1.137
0.431200000955,1.137
0.431225000955,1.10575
0.431250000955,1.10575
0.431275000955,1.10575
0.431300000955,1.10575
0.431325000955,1.10575
0.431350000955,1.10575
0.431375000955,1.137
0.431400000955,1.10575
0.431425000955,1.10575
0.431450000955,1.10575
0.431475000955,1.0745
0.431500000955,1.10575
0.431525000955,1.10575
0.431550000955,1.0745
0.431575000955,1.10575
0.431600000955,1.10575
0.431625000955,1.0745
0.431650000955,1.137
0.431675000955,1.10575
0.431700000955,1.0745
0.431725000955,1.10575
0.431750000955,1.10575
0.431775000955,1.10575
0.431800000955,1.137
0.431825000955,1.10575
0.431850000955,1.10575
0.431875000955,1.0745
0.431900000955,1.0745
0.431925000955,1.10575
0.431950000955,1.10575
0.431975000955,1.0745
0.432000000955,1.0745
0.432025000955,1.137
0.432050000955,1.10575
0.432075000955,1.0745
0.432100000955,1.04325
0.432125000955,1.10575
0.432150000955,1.137
0.432175000955,1.10575
0.432200000955,1.137
0.432225000955,1.0745
0.432250000955,1.0745
0.432275000955,1.0745
0.432300000955,1.10575
0.432325000955,1.137
0.432350000955,1.0745
0.432375000955,1.0745
0.432400000955,1.0745
0.432425000955,1.0745
0.432450000955,1.10575
0.432475000955,1.10575
0.432500000955,1.0745
0.432525000955,1.10575
0.432550000955,1.10575
0.432575000955,1.10575
0.432600000955,1.10575
0.432625000955,1.137
0.432650000955,1.10575
0.432675000955,1.10575
0.432700000955,1.10575
0.432725000955,1.0745
0.432750000955,1.10575
0.432775000955,1.10575
0.432800000955,1.0745
0.432825000955,1.0745
0.432850000955,1.0745
0.432875000955,1.10575
0.432900000955,1.0745
0.432925000955,1.0745
0.432950000955,1.0745
0.432975000955,1.10575
0.433000000955,1.0745
0.433025000955,1.10575
0.433050000955,1.10575
0.433075000955,1.10575
0.433100000955,1.0745
0.433125000955,1.10575
0.433150000955,1.10575
0.433175000955,1.10575
0.433200000955,1.10575
0.433225000955,1.0745
0.433250000955,1.10575
0.433275000955,1.0745
0.433300000955,1.10575
0.433325000955,1.0745
0.433350000955,1.10575
0.433375000955,1.10575
0.433400000955,1.0745
0.433425000955,1.10575
0.433450000955,1.0745
0.433475000955,1.0745
0.433500000955,1.10575
0.433525000955,1.0745
0.433550000955,1.0745
0.433575000955,1.10575
0.433600000955,1.10575
0.433625000955,1.10575
0.433650000955,1.0745
0.433675000955,1.10575
0.433700000955,1.0745
0.433725000955,1.10575
0.433750000955,1.10575
0.433775000955,1.10575
0.433800000955,1.0745
0.433825000955,1.0745
0.433850000955,1.0745
0.433875000955,1.10575
0.433900000955,1.0745
0.433925000955,1.0745
0.433950000955,1.0745
0.433975000955,1.0745
0.434000000955,1.10575
0.434025000955,1.0745
0.434050000955,1.10575
0.434075000955,1.10575
0.434100000955,1.0745
0.434125000955,1.10575
0.434150000955,1.0745
0.434175000955,1.10575
0.434200000955,1.10575
0.434225000955,1.04325
0.434250000955,1.0745
0.434275000955,1.0745
0.434300000955,1.10575
0.434325000955,1.10575
0.434350000955,1.0745
0.434375000955,1.04325
0.434400000955,1.10575
0.434425000955,1.10575
0.434450000955,1.0745
0.434475000955,1.0745
0.434500000955,1.0745
0.434525000955,1.0745
0.434550000955,1.0745
0.434575000955,1.10575
0.434600000955,1.10575
0.434625000955,1.10575
0.434650000955,1.0745
0.434675000955,1.0745
0.434700000955,1.0745
0.434725000955,1.0745
0.434750000955,1.0745
0.434775000955,1.0745
0.434800000955,1.0745
0.434825000955,1.10575
0.434850000955,1.10575
0.434875000955,1.0745
0.434900000955,1.10575
0.434925000955,1.0745
0.434950000955,1.0745
0.434975000955,1.10575
0.435000000955,1.10575
0.435025000955,1.0745
0.435050000955,1.0745
0.435075000955,1.0745
0.435100000955,1.0745
0.435125000955,1.10575
0.435150000955,1.10575
0.435175000955,1.0745
0.435200000955,1.0745
0.435225000955,1.10575
0.435250000955,1.10575
0.435275000955,1.0745
0.435300000955,1.0745
0.435325000955,1.10575
0.435350000955,1.10575
0.435375000955,1.0745
0.435400000955,1.0745
0.435425000955,1.0745
0.435450000955,1.0745
0.435475000955,1.04325
0.435500000955,1.10575
0.435525000955,1.04325
0.435550000955,1.0745
0.435575000955,1.0745
0.435600000955,1.0745
0.435625000955,1.0745
0.435650000955,1.0745
0.435675000955,1.0745
0.435700000955,1.0745
0.435725000955,1.0745
0.435750000955,1.0745
0.435775000955,1.0745
0.435800000955,1.0745
0.435825000955,1.0745
0.435850000955,1.10575
0.435875000955,1.0745
0.435900000955,1.0745
0.435925000955,1.0745
0.435950000955,1.10575
0.435975000955,1.0745
0.436000000955,1.10575
0.436025000955,1.0745
0.436050000955,1.04325
0.436075000955,1.04325
0.436100000955,1.0745
0.436125000955,1.04325
0.436150000955,1.0745
0.436175000955,1.0745
0.436200000955,1.0745
0.436225000955,1.0745
0.436250000955,1.04325
0.436275000955,1.0745
0.436300000955,1.10575
0.436325000955,1.0745
0.436350000955,1.0745
0.436375000955,1.10575
0.436400000955,1.0745
0.436425000955,1.0745
0.436450000955,1.0745
0.436475000955,1.0745
0.436500000955,1.0745
0.436525000955,1.0745
0.436550000955,1.0745
0.436575000955,1.10575
0.436600000955,1.0745
0.436625000955,1.10575
0.436650000955,1.0745
0.436675000955,1.0745
0.436700000955,1.0745
0.436725000955,1.0745
0.436750000955,1.0745
0.436775000955,1.0745
0.436800000955,1.0745
0.436825000955,1.0745
0.436850000955,1.0745
0.436875000955,1.0745
0.436900000955,1.0745
0.436925000955,1.0745
0.436950000955,1.0745
0.436975000955,1.0745
0.437000000955,1.10575
0.437025000955,1.0745
0.437050000955,1.0745
0.437075000955,1.10575
0.437100000955,1.10575
0.437125000955,1.0745
0.437150000955,1.04325
0.437175000955,1.04325
0.437200000955,1.04325
0.437225000955,1.04325
0.437250000955,1.10575
0.437275000955,1.04325
0.437300000955,1.0745
0.437325000955,1.10575
0.437350000955,1.04325
0.437375000955,1.04325
0.437400000955,1.0745
0.437425000955,1.10575
0.437450000955,1.0745
0.437475000955,1.0745
0.437500000955,1.0745
0.437525000955,1.04325
0.437550000955,1.0745
0.437575000955,1.04325
0.437600000955,1.04325
0.437625000955,1.04325
0.437650000955,1.0745
0.437675000955,1.10575
0.437700000955,1.0745
0.437725000955,1.04325
0.437750000955,1.04325
0.437775000955,1.0745
0.437800000955,1.04325
0.437825000955,1.0745
0.437850000955,1.0745
0.437875000955,1.04325
0.437900000955,1.0745
0.437925000955,1.0745
0.437950000955,1.0745
0.437975000955,1.04325
0.438000000955,1.04325
0.438025000955,1.0745
0.438050000955,1.04325
0.438075000955,1.0745
0.438100000955,1.10575
0.438125000955,1.0745
0.438150000955,1.0745
0.438175000955,1.0745
0.438200000955,1.04325
0.438225000955,1.10575
0.438250000955,1.04325
0.438275000955,1.0745
0.438300000955,1.0745
0.438325000955,1.0745
0.438350000955,1.04325
0.438375000955,1.0745
0.438400000955,1.10575
0.438425000955,1.10575
0.438450000955,1.04325
0.438475000955,1.04325
0.438500000955,1.0745
0.438525000955,1.0745
0.438550000955,1.04325
0.438575000955,1.04325
0.438600000955,1.0745
0.438625000955,1.0745
0.438650000955,1.04325
0.438675000955,1.0745
0.438700000955,1.04325
0.438725000955,1.0745
0.438750000955,1.0745
0.438775000955,1.0745
0.438800000955,1.04325
0.438825000955,1.04325
0.438850000955,1.0745
0.438875000955,1.04325
0.438900000955,1.04325
0.438925000955,1.0745
0.438950000955,1.0745
0.438975000955,1.0745
0.439000000955,1.0745
0.439025000955,1.04325
0.439050000955,1.04325
0.439075000955,1.0745
0.439100000955,1.0745
0.439125000955,1.0745
0.439150000955,1.0745
0.439175000955,1.0745
0.439200000955,1.0745
0.439225000955,1.04325
0.439250000955,1.0745
0.439275000955,1.04325
0.439300000955,1.10575
0.439325000955,1.0745
0.439350000955,1.0745
0.439375000955,1.04325
0.439400000955,1.04325
0.439425000955,1.04325
0.439450000955,1.04325
0.439475000955,1.04325
0.439500000955,1.0745
0.439525000955,1.04325
0.439550000955,1.0745
0.439575000955,1.0745
0.439600000955,1.0745
0.439625000955,1.04325
0.439650000955,1.04325
0.439675000955,1.04325
0.439700000955,1.0745
0.439725000955,1.04325
0.439750000955,1.04325
0.439775000955,1.0745
0.439800000955,1.04325
0.439825000955,1.04325
0.439850000955,1.0745
0.439875000955,1.0745
0.439900000955,1.10575
0.439925000955,1.04325
0.439950000955,1.04325
0.439975000955,1.04325
0.440000000955,1.04325
0.440025000955,1.0745
0.440050000955,1.0745
0.440075000955,1.04325
0.440100000955,1.0745
0.440125000955,1.10575
0.440150000955,1.0745
0.440175000955,1.0745
0.440200000955,1.0745
0.440225000955,1.04325
0.440250000955,1.0745
0.440275000955,1.0745
0.440300000955,1.04325
0.440325000955,1.0745
0.440350000955,1.0745
0.440375000955,1.0745
0.440400000955,1.04325
0.440425000955,1.04325
0.440450000955,1.0745
0.440475000955,1.0745
0.440500000955,1.0745
0.440525000955,1.04325
0.440550000955,1.10575
0.440575000955,1.0745
0.440600000955,1.04325
0.440625000955,1.04325
0.440650000955,1.04325
0.440675000955,1.0745
0.440700000955,1.0745
0.440725000955,1.04325
0.440750000955,1.04325
0.440775000955,1.0745
0.440800000955,1.0745
0.440825000955,1.04325
0.440850000955,1.0745
0.440875000955,1.0745
0.440900000955,1.04325
0.440925000955,1.04325
0.440950000955,1.04325
0.440975000955,1.0745
0.441000000955,1.0745
0.441025000955,1.0745
0.441050000955,1.0745
0.441075000955,1.04325
0.441100000955,1.0745
0.441125000955,1.0745
0.441150000955,1.0745
0.441175000955,1.04325
0.441200000955,1.0745
0.441225000955,1.0745
0.441250000955,1.04325
0.441275000955,1.0745
0.441300000955,1.0745
0.441325000955,1.0745
0.441350000955,1.04325
0.441375000955,1.04325
0.441400000955,1.04325
0.441425000955,1.10575
0.441450000955,1.04325
0.441475000955,1.10575
0.441500000955,1.0745
0.441525000955,1.04325
0.441550000955,1.0745
0.441575000955,1.04325
0.441600000955,1.04325
0.441625000955,1.04325
0.441650000955,1.04325
0.441675000955,1.04325
0.441700000955,1.0745
0.441725000955,1.04325
0.441750000955,1.0745
0.441775000955,1.04325
0.441800000955,1.04325
0.441825000955,1.04325
0.441850000955,1.04325
0.441875000955,1.0745
0.441900000955,1.04325
0.441925000955,1.04325
0.441950000955,1.04325
0.441975000955,1.0745
0.442000000955,1.04325
0.442025000955,1.04325
0.442050000955,1.0745
0.442075000955,1.012
0.442100000955,1.0745
0.442125000955,1.0745
0.442150000955,1.0745
0.442175000955,1.04325
0.442200000955,1.04325
0.442225000955,1.0745
0.442250000955,1.04325
0.442275000955,1.04325
0.442300000955,1.04325
0.442325000955,1.04325
0.442350000955,1.04325
0.442375000955,1.0745
0.442400000955,1.0745
0.442425000955,1.04325
0.442450000955,1.0745
0.442475000955,1.04325
0.442500000955,1.04325
0.442525000955,1.04325
0.442550000955,1.04325
0.442575000955,1.04325
0.442600000955,1.04325
0.442625000955,1.0745
0.442650000955,1.04325
0.442675000955,1.04325
0.442700000955,1.0745
0.442725000955,1.0745
0.442750000955,1.04325
0.442775000955,1.04325
0.442800000955,1.04325
0.442825000955,1.0745
0.442850000955,1.0745
0.442875000955,1.04325
0.442900000955,1.0745
0.442925000955,1.04325
0.442950000955,1.04325
0.442975000955,1.04325
0.443000000955,1.04325
0.443025000955,1.0745
0.443050000955,1.04325
0.443075000955,1.04325
0.443100000955,1.04325
0.443125000955,1.0745
0.443150000955,1.04325
0.443175000955,1.0745
0.443200000955,1.04325
0.443225000955,1.04325
0.443250000955,1.04325
0.443275000955,1.0745
0.443300000955,1.0745
0.443325000955,1.04325
0.443350000955,1.0745
0.443375000955,1.04325
0.443400000955,1.0745
0.443425000955,1.04325
0.443450000955,1.04325
0.443475000955,1.04325
0.443500000955,1.04325
0.443525000955,1.04325
0.443550000955,1.04325
0.443575000955,1.04325
0.443600000955,1.04325
0.443625000955,1.0745
0.443650000955,1.04325
0.443675000955,1.04325
0.443700000955,1.012
0.443725000955,1.0745
0.443750000955,1.04325
0.443775000955,1.04325
0.443800000955,1.04325
0.443825000955,1.04325
0.443850000955,1.0745
0.443875000955,1.04325
0.443900000955,1.0745
0.443925000955,1.04325
0.443950000955,1.0745
0.443975000955,1.0745
0.444000000955,1.0745
0.444025000955,1.0745
0.444050000955,1.04325
0.444075000955,1.0745
0.444100000955,1.0745
0.444125000955,1.04325
0.444150000955,1.04325
0.444175000955,1.04325
0.444200000955,1.04325
0.444225000955,1.04325
0.444250000955,1.04325
0.444275000955,1.04325
0.444300000955,1.04325
0.444325000955,1.04325
0.444350000955,1.0745
0.444375000955,1.04325
0.444400000955,1.04325
0.444425000955,1.04325
0.444450000955,1.0745
0.444475000955,1.0745
0.444500000955,1.04325
0.444525000955,1.0745
0.444550000955,1.04325
0.444575000955,1.04325
0.444600000955,1.04325
0.444625000955,1.04325
0.444650000955,1.04325
0.444675000955,1.0745
0.444700000955,1.04325
0.444725000955,1.012
0.444750000955,1.0745
0.444775000955,1.0745
0.444800000955,1.04325
0.444825000955,1.04325
0.444850000955,1.04325
0.444875000955,1.04325
0.444900000955,1.10575
0.444925000955,1.04325
0.444950000955,1.0745
0.444975000955,1.04325
0.445000000955,1.04325
0.445025000955,1.04325
0.445050000955,1.012
0.445075000955,1.04325
0.445100000955,1.04325
0.445125000955,1.04325
0.445150000955,1.04325
0.445175000955,1.04325
0.445200000955,1.04325
0.445225000955,1.0745
0.445250000955,1.04325
0.445275000955,1.04325
0.445300000955,1.04325
0.445325000955,1.04325
0.445350000955,1.04325
0.445375000955,1.012
0.445400000955,1.04325
0.445425000955,1.012
0.445450000955,1.012
0.445475000955,1.04325
0.445500000955,1.0745
0.445525000955,1.012
0.445550000955,1.04325
0.445575000955,1.04325
0.445600000955,1.04325
0.445625000955,1.012
0.445650000955,1.04325
0.445675000955,1.04325
0.445700000955,1.04325
0.445725000955,1.04325
0.445750000955,1.04325
0.445775000955,1.04325
0.445800000955,1.04325
0.445825000955,1.04325
0.445850000955,1.04325
0.445875000955,1.0745
0.445900000955,1.012
0.445925000955,1.04325
0.445950000955,1.04325
0.445975000955,1.04325
0.446000000955,1.04325
0.446025000955,1.012
0.446050000955,1.04325
0.446075000955,1.04325
0.446100000955,1.04325
0.446125000955,1.04325
0.446150000955,1.04325
0.446175000955,1.0745
0.446200000955,1.0745
0.446225000955,1.04325
0.446250000955,1.04325
0.446275000955,1.0745
0.446300000955,1.04325
0.446325000955,1.012
0.446350000955,1.0745
0.446375000955,1.04325
0.446400000955,1.012
0.446425000955,1.04325
0.446450000955,1.04325
0.446475000955,1.0745
0.446500000955,1.04325
0.446525000955,1.04325
0.446550000955,1.04325
0.446575000955,1.0745
0.446600000955,1.012
0.446625000955,1.04325
0.446650000955,1.04325
0.446675000955,1.04325
0.446700000955,1.04325
0.446725000955,1.04325
0.446750000955,1.04325
0.446775000955,1.04325
0.446800000955,1.04325
0.446825000955,1.04325
0.446850000955,1.04325
0.446875000955,1.04325
0.446900000955,1.04325
0.446925000955,1.04325
0.446950000955,1.04325
0.446975000955,1.04325
0.447000000955,1.04325
0.447025000955,1.04325
0.447050000955,1.04325
0.447075000955,1.04325
0.447100000955,1.012
0.447125000955,1.04325
0.447150000955,1.04325
0.447175000955,1.04325
0.447200000955,1.04325
0.447225000955,1.04325
0.447250000955,1.0745
0.447275000955,1.012
0.447300000955,1.04325
0.447325000955,1.012
0.447350000955,1.012
0.447375000955,1.04325
0.447400000955,1.0745
0.447425000955,1.04325
0.447450000955,1.012
0.447475000955,1.0745
0.447500000955,1.04325
0.447525000955,1.012
0.447550000955,1.04325
0.447575000955,1.04325
0.447600000955,1.04325
0.447625000955,1.04325
0.447650000955,1.012
0.447675000955,1.04325
0.447700000955,1.04325
0.447725000955,1.04325
0.447750000955,1.0745
0.447775000955,1.0745
0.447800000955,1.04325
0.447825000955,1.04325
0.447850000955,1.04325
0.447875000955,1.04325
0.447900000955,1.012
0.447925000955,1.04325
0.447950000955,1.04325
0.447975000955,1.012
0.448000000955,1.012
0.448025000955,1.04325
0.448050000955,1.0745
0.448075000955,1.04325
0.448100000955,1.012
0.448125000955,1.04325
0.448150000955,1.012
0.448175000955,1.012
0.448200000955,1.04325
0.448225000955,1.0745
0.448250000955,1.012
0.448275000955,1.04325
0.448300000955,1.04325
0.448325000955,1.012
0.448350000955,1.04325
0.448375000955,1.0745
0.448400000955,1.04325
0.448425000955,1.04325
0.448450000955,1.04325
0.448475000955,1.04325
0.448500000955,1.04325
0.448525000955,1.04325
0.448550000955,1.012
0.448575000955,1.012
0.448600000955,1.0745
0.448625000955,1.04325
0.448650000955,1.04325
0.448675000955,0.98075
0.448700000955,1.04325
0.448725000955,1.04325
0.448750000955,1.04325
0.448775000955,1.04325
0.448800000955,1.012
0.448825000955,1.04325
0.448850000955,1.012
0.448875000955,1.0745
0.448900000955,1.04325
0.448925000955,1.04325
0.448950000955,1.04325
0.448975000955,1.04325
0.449000000955,0.98075
0.449025000955,1.04325
0.449050000955,1.012
0.449075000955,1.04325
0.449100000955,1.0745
0.449125000955,1.012
0.449150000955,1.012
0.449175000955,1.04325
0.449200000955,1.04325
0.449225000955,1.012
0.449250000955,1.04325
0.449275000955,1.04325
0.449300000955,1.04325
0.449325000955,1.012
0.449350000955,1.04325
0.449375000955,1.012
0.449400000955,1.04325
0.449425000955,1.04325
0.449450000955,1.04325
0.449475000955,1.012
0.449500000955,1.012
0.449525000955,1.04325
0.449550000955,1.04325
0.449575000955,1.04325
0.449600000955,1.012
0.449625000955,1.04325
0.449650000955,1.012
0.449675000955,1.012
0.449700000955,1.04325
0.449725000955,1.012
0.449750000955,1.04325
0.449775000955,1.04325
0.449800000955,1.04325
0.449825000955,1.04325
0.449850000955,1.04325
0.449875000955,1.04325
0.449900000955,1.04325
0.449925000955,0.98075
0.449950000955,1.0745
0.449975000955,1.012
0.450000000955,1.04325
0.450025000955,1.04325
0.450050000955,1.04325
0.450075000955,1.012
0.450100000955,1.012
0.450125000955,1.012
0.450150000955,1.012
0.450175000955,1.04325
0.450200000955,1.012
0.450225000955,1.04325
0.450250000955,1.04325
0.450275000955,1.012
0.450300000955,1.04325
0.450325000955,1.012
0.450350000955,1.04325
0.450375000955,1.04325
0.450400000955,1.012
0.450425000955,1.012
0.450450000955,1.012
0.450475000955,1.012
0.450500000955,1.04325
0.450525000955,1.04325
0.450550000955,1.04325
0.450575000955,1.012
0.450600000955,1.04325
0.450625000955,1.04325
0.450650000955,1.012
0.450675000955,1.012
0.450700000955,1.012
0.450725000955,1.04325
0.450750000955,1.04325
0.450775000955,1.04325
0.450800000955,1.04325
0.450825000955,1.012
0.450850000955,1.04325
0.450875000955,1.04325
0.450900000955,1.012
0.450925000955,1.04325
0.450950000955,0.98075
0.450975000955,1.012
0.451000000955,1.012
0.451025000955,1.04325
0.451050000955,1.012
0.451075000955,1.012
0.451100000955,1.04325
0.451125000955,1.012
0.451150000955,1.012
0.451175000955,1.04325
0.451200000955,1.012
0.451225000955,1.04325
0.451250000955,1.04325
0.451275000955,1.04325
0.451300000955,1.012
0.451325000955,1.012
0.451350000955,1.012
0.451375000955,1.0745
0.451400000955,1.04325
0.451425000955,1.04325
0.451450000955,1.012
0.451475000955,1.012
0.451500000955,1.04325
0.451525000955,1.012
0.451550000955,1.04325
0.451575000955,1.012
0.451600000955,1.04325
0.451625000955,1.04325
0.451650000955,1.012
0.451675000955,1.012
0.451700000955,1.012
0.451725000955,1.04325
0.451750000955,1.04325
0.451775000955,1.012
0.451800000955,1.012
0.451825000955,1.04325
0.451850000955,1.04325
0.451875000955,1.04325
0.451900000955,1.04325
0.451925000955,1.012
0.451950000955,1.04325
0.451975000955,1.04325
0.452000000955,1.012
0.452025000955,1.04325
0.452050000955,1.012
0.452075000955,1.012
0.452100000955,1.04325
0.452125000955,0.98075
0.452150000955,1.04325
0.452175000955,1.04325
0.452200000955,1.04325
0.452225000955,1.012
0.452250000955,0.98075
0.452275000955,1.012
0.452300000955,1.012
0.452325000955,1.012
0.452350000955,1.012
0.452375000955,1.012
0.452400000955,1.012
0.452425000955,1.04325
0.452450000955,1.012
0.452475000955,1.04325
0.452500000955,1.04325
0.452525000955,1.012
0.452550000955,1.012
0.452575000955,1.012
0.452600000955,1.012
0.452625000955,0.98075
0.452650000955,1.04325
0.452675000955,1.04325
0.452700000955,1.04325
0.452725000955,1.012
0.452750000955,1.04325
0.452775000955,1.04325
0.452800000955,1.012
0.452825000955,1.012
0.452850000955,1.04325
0.452875000955,1.012
0.452900000955,1.04325
0.452925000955,1.012
0.452950000955,1.012
0.452975000955,1.04325
0.453000000955,1.012
0.453025000955,1.04325
0.453050000955,1.012
0.453075000955,1.04325
0.453100000955,1.012
0.453125000955,1.04325
0.453150000955,1.04325
0.453175000955,1.04325
0.453200000955,1.012
0.453225000955,1.04325
0.453250000955,1.012
0.453275000955,1.012
0.453300000955,1.04325
0.453325000955,1.04325
0.453350000955,1.012
0.453375000955,1.04325
0.453400000955,0.98075
0.453425000955,1.012
0.453450000955,1.04325
0.453475000955,1.012
0.453500000955,1.012
0.453525000955,1.012
0.453550000955,1.012
0.453575000955,1.012
0.453600000955,1.012
0.453625000955,1.04325
0.453650000955,1.04325
0.453675000955,1.012
0.453700000955,1.012
0.453725000955,1.012
0.453750000955,1.04325
0.453775000955,0.98075
0.453800000955,1.012
0.453825000955,1.012
0.453850000955,1.012
0.453875000955,1.012
0.453900000955,1.04325
0.453925000955,1.012
0.453950000955,1.012
0.453975000955,1.012
0.454000000955,1.04325
0.454025000955,1.04325
0.454050000955,1.0745
0.454075000955,1.04325
0.454100000955,1.012
0.454125000955,1.012
0.454150000955,1.04325
0.454175000955,1.04325
0.454200000955,1.04325
0.454225000955,1.012
0.454250000955,1.0745
0.454275000955,1.012
0.454300000955,1.012
0.454325000955,1.012
0.454350000955,1.012
0.454375000955,1.012
0.454400000955,1.04325
0.454425000955,1.04325
0.454450000955,1.012
0.454475000955,1.04325
0.454500000955,1.04325
0.454525000955,1.012
0.454550000955,1.04325
0.454575000955,1.04325
0.454600000955,1.012
0.454625000955,1.012
0.454650000955,1.012
0.454675000955,1.012
0.454700000955,1.04325
0.454725000955,1.04325
0.454750000955,1.012
0.454775000955,1.012
0.454800000955,1.04325
0.454825000955,1.012
0.454850000955,1.012
0.454875000955,1.012
0.454900000955,1.04325
0.454925000955,1.04325
0.454950000955,1.04325
0.454975000955,1.012
0.455000000955,0.98075
0.455025000955,1.04325
0.455050000955,1.012
0.455075000955,1.012
0.455100000955,1.04325
0.455125000955,1.04325
0.455150000955,1.012
0.455175000955,1.012
0.455200000955,1.04325
0.455225000955,1.012
0.455250000955,1.04325
0.455275000955,1.012
0.455300000955,1.012
0.455325000955,1.012
0.455350000955,1.04325
0.455375000955,1.012
0.455400000955,1.04325
0.455425000955,1.012
0.455450000955,1.04325
0.455475000955,1.04325
0.455500000955,1.012
0.455525000955,1.012
0.455550000955,1.012
0.455575000955,1.04325
0.455600000955,1.012
0.455625000955,1.04325
0.455650000955,1.012
0.455675000955,1.04325
0.455700000955,1.04325
0.455725000955,1.012
0.455750000955,1.04325
0.455775000955,1.012
0.455800000955,1.04325
0.455825000955,1.04325
0.455850000955,1.04325
0.455875000955,1.012
0.455900000955,1.012
0.455925000955,1.012
0.455950000955,0.98075
0.455975000955,1.04325
0.456000000955,1.012
0.456025000955,0.98075
0.456050000955,1.012
0.456075000955,1.012
0.456100000955,1.04325
0.456125000955,1.04325
0.456150000955,0.98075
0.456175000955,1.012
0.456200000955,1.012
0.456225000955,1.012
0.456250000955,1.012
0.456275000955,1.012
0.456300000955,1.012
0.456325000955,1.0745
0.456350000955,1.04325
0.456375000955,1.04325
0.456400000955,1.012
0.456425000955,1.04325
0.456450000955,1.012
0.456475000955,1.012
0.456500000955,1.012
0.456525000955,1.04325
0.456550000955,1.012
0.456575000955,1.012
0.456600000955,1.012
0.456625000955,1.012
0.456650000955,1.012
0.456675000955,1.04325
0.456700000955,1.012
0.456725000955,1.04325
0.456750000955,1.012
0.456775000955,1.012
0.456800000955,1.04325
0.456825000955,1.04325
0.456850000955,1.012
0.456875000955,1.04325
0.456900000955,1.04325
0.456925000955,1.012
0.456950000955,1.04325
0.456975000955,1.012
0.457000000955,1.012
0.457025000955,1.012
0.457050000955,0.98075
0.457075000955,0.98075
0.457100000955,1.012
0.457125000955,1.012
0.457150000955,1.04325
0.457175000955,1.012
0.457200000955,1.012
0.457225000955,1.012
0.457250000955,1.012
0.457275000955,1.012
0.457300000955,1.012
0.457325000955,1.012
0.457350000955,1.012
0.457375000955,1.012
0.457400000955,1.04325
0.457425000955,1.04325
0.457450000955,1.04325
0.457475000955,1.012
0.457500000955,1.012
0.457525000955,0.98075
0.457550000955,1.012
0.457575000955,0.98075
0.457600000955,1.012
0.457625000955,1.012
0.457650000955,1.012
0.457675000955,1.012
0.457700000955,1.04325
0.457725000955,1.012
0.457750000955,1.04325
0.457775000955,0.98075
0.457800000955,0.98075
0.457825000955,1.012
0.457850000955,1.012
0.457875000955,1.012
0.457900000955,1.012
0.457925000955,1.04325
0.457950000955,1.012
0.457975000955,1.012
0.458000000955,1.012
0.458025000955,1.012
0.458050000955,1.012
0.458075000955,1.012
0.458100000955,0.98075
0.458125000955,1.04325
0.458150000955,1.012
0.458175000955,1.012
0.458200000955,1.012
0.458225000955,1.012
0.458250000955,1.012
0.458275000955,1.012
0.458300000955,1.012
0.458325000955,1.012
0.458350000955,1.04325
0.458375000955,1.012
0.458400000955,1.012
0.458425000955,1.012
0.458450000955,1.012
0.458475000955,1.012
0.458500000955,1.04325
0.458525000955,1.012
0.458550000955,1.012
0.458575000955,0.98075
0.458600000955,1.012
0.458625000955,1.012
0.458650000955,1.012
0.458675000955,1.012
0.458700000955,1.012
0.458725000955,1.012
0.458750000955,1.04325
0.458775000955,0.98075
0.458800000955,1.012
0.458825000955,1.012
0.458850000955,1.012
0.458875000955,1.012
0.458900000955,0.98075
0.458925000955,1.012
0.458950000955,1.04325
0.458975000955,1.012
0.459000000955,0.98075
0.459025000955,1.012
0.459050000955,1.012
0.459075000955,1.012
0.459100000955,1.012
0.459125000955,1.04325
0.459150000955,1.012
0.459175000955,0.98075
0.459200000955,1.012
0.459225000955,1.012
0.459250000955,1.012
0.459275000955,1.012
0.459300000955,1.012
0.459325000955,1.012
0.459350000955,1.012
0.459375000955,1.04325
0.459400000955,1.012
0.459425000955,0.98075
0.459450000955,0.98075
0.459475000955,1.012
0.459500000955,1.012
0.459525000955,1.012
0.459550000955,0.98075
0.459575000955,1.04325
0.459600000955,1.012
0.459625000955,1.012
0.459650000955,1.012
0.459675000955,1.012
0.459700000955,1.04325
0.459725000955,1.04325
0.459750000955,1.012
0.459775000955,1.04325
0.459800000955,1.012
0.459825000955,1.04325
0.459850000955,1.012
0.459875000955,1.012
0.459900000955,1.04325
0.459925000955,1.04325
0.459950000955,1.012
0.459975000955,1.012
0.460000000955,1.012
0.460025000955,1.012
0.460050000955,1.012
0.460075000955,1.012
0.460100000955,1.012
0.460125000955,1.012
0.460150000955,1.012
0.460175000955,1.012
0.460200000955,1.012
0.460225000955,0.98075
0.460250000955,1.012
0.460275000955,1.012
0.460300000955,1.012
0.460325000955,0.98075
0.460350000955,0.98075
0.460375000955,0.98075
0.460400000955,1.04325
0.460425000955,1.012
0.460450000955,1.012
0.460475000955,1.012
0.460500000955,1.04325
0.460525000955,1.012
0.460550000955,1.04325
0.460575000955,1.04325
0.460600000955,1.012
0.460625000955,0.98075
0.460650000955,0.98075
0.460675000955,1.04325
0.460700000955,1.012
0.460725000955,1.012
0.460750000955,1.04325
0.460775000955,1.04325
0.460800000955,1.012
0.460825000955,1.04325
0.460850000955,1.012
0.460875000955,1.012
0.460900000955,0.98075
0.460925000955,1.012
0.460950000955,1.012
0.460975000955,1.012
0.461000000955,0.98075
0.461025000955,1.012
0.461050000955,1.04325
0.461075000955,1.012
0.461100000955,1.012
0.461125000955,1.04325
0.461150000955,1.012
0.461175000955,1.012
0.461200000955,1.012
0.461225000955,1.012
0.461250000955,1.012
0.461275000955,0.98075
0.461300000955,0.98075
0.461325000955,1.012
0.461350000955,1.012
0.461375000955,1.012
0.461400000955,1.012
0.461425000955,1.012
0.461450000955,1.012
0.461475000955,1.04325
0.461500000955,0.98075
0.461525000955,1.012
0.461550000955,1.012
0.461575000955,1.012
0.461600000955,1.012
0.461625000955,1.04325
0.461650000955,1.012
0.461675000955,0.98075
0.461700000955,1.012
0.461725000955,1.012
0.461750000955,1.012
0.461775000955,1.012
0.461800000955,1.012
0.461825000955,1.012
0.461850000955,1.012
0.461875000955,1.012
0.461900000955,1.012
0.461925000955,1.012
0.461950000955,1.012
0.461975000955,1.012
0.462000000955,0.98075
0.462025000955,1.012
0.462050000955,1.012
0.462075000955,1.012
0.462100000955,1.012
0.462125000955,1.012
0.462150000955,1.012
0.462175000955,1.012
0.462200000955,1.012
0.462225000955,1.012
0.462250000955,1.012
0.462275000955,0.98075
0.462300000955,1.012
0.462325000955,1.012
0.462350000955,1.012
0.462375000955,1.012
0.462400000955,1.04325
0.462425000955,1.012
0.462450000955,1.012
0.462475000955,1.012
0.462500000955,0.98075
0.462525000955,1.04325
0.462550000955,1.012
0.462575000955,0.98075
0.462600000955,1.012
0.462625000955,0.98075
0.462650000955,0.98075
0.462675000955,0.98075
0.462700000955,0.98075
0.462725000955,1.012
0.462750000955,1.012
0.462775000955,1.012
0.462800000955,1.04325
0.462825000955,0.98075
0.462850000955,1.012
0.462875000955,1.04325
0.462900000955,1.012
0.462925000955,1.012
0.462950000955,0.98075
0.462975000955,1.04325
0.463000000955,0.98075
0.463025000955,1.04325
0.463050000955,1.012
0.463075000955,1.012
0.463100000955,1.012
0.463125000955,1.012
0.463150000955,1.04325
0.463175000955,1.012
0.463200000955,1.04325
0.463225000955,0.98075
0.463250000955,1.012
0.463275000955,0.98075
0.463300000955,1.012
0.463325000955,0.98075
0.463350000955,1.012
0.463375000955,1.012
0.463400000955,0.98075
0.463425000955,1.012
0.463450000955,1.04325
0.463475000955,1.012
0.463500000955,1.04325
0.463525000955,1.012
0.463550000955,1.012
0.463575000955,1.012
0.463600000955,0.98075
0.463625000955,1.012
0.463650000955,1.012
0.463675000955,1.04325
0.463700000955,1.04325
0.463725000955,1.012
0.463750000955,1.012
0.463775000955,1.012
0.463800000955,1.012
0.463825000955,1.012
0.463850000955,1.012
0.463875000955,1.012
0.463900000955,1.012
0.463925000955,1.04325
0.463950000955,1.04325
0.463975000955,1.012
0.464000000955,1.012
0.464025000955,1.012
0.464050000955,1.04325
0.464075000955,1.012
0.464100000955,1.012
0.464125000955,1.04325
0.464150000955,0.98075
0.464175000955,1.04325
0.464200000955,1.012
0.464225000955,1.012
0.464250000955,1.012
0.464275000955,1.012
0.464300000955,1.012
0.464325000955,1.04325
0.464350000955,1.012
0.464375000955,1.012
0.464400000955,0.98075
0.464425000955,1.012
0.464450000955,1.012
0.464475000955,1.012
0.464500000955,0.98075
0.464525000955,1.012
0.464550000955,1.012
0.464575000955,1.012
0.464600000955,1.012
0.464625000955,1.012
0.464650000955,0.98075
0.464675000955,1.012
0.464700000955,1.012
0.464725000955,1.012
0.464750000955,0.98075
0.464775000955,1.012
0.464800000955,1.012
0.464825000955,1.012
0.464850000955,1.012
0.464875000955,1.012
0.464900000955,1.012
0.464925000955,0.98075
0.464950000955,0.98075
0.464975000955,0.98075
0.465000000955,1.012
0.465025000955,0.98075
0.465050000955,1.012
0.465075000955,0.98075
0.465100000955,1.012
0.465125000955,1.012
0.465150000955,1.012
0.465175000955,1.012
0.465200000955,0.98075
0.465225000955,1.012
0.465250000955,1.012
0.465275000955,1.012
0.465300000955,1.012
0.465325000955,1.012
0.465350000955,1.012
0.465375000955,0.98075
0.465400000955,1.012
0.465425000955,1.012
0.465450000955,1.012
0.465475000955,1.012
0.465500000955,1.012
0.465525000955,1.012
0.465550000955,0.98075
0.465575000955,0.98075
0.465600000955,1.012
0.465625000955,1.012
0.465650000955,1.012
0.465675000955,1.012
0.465700000955,1.012
0.465725000955,1.012
0.465750000955,0.9495
0.465775000955,0.98075
0.465800000955,1.012
0.465825000955,0.98075
0.465850000955,1.04325
0.465875000955,1.012
0.465900000955,1.012
0.465925000955,1.04325
0.465950000955,0.98075
0.465975000955,0.98075
0.466000000955,1.012
0.466025000955,1.012
0.466050000955,1.012
0.466075000955,1.012
0.466100000955,1.012
0.466125000955,0.98075
0.466150000955,1.012
0.466175000955,1.012
0.466200000955,1.012
0.466225000955,1.012
0.466250000955,1.012
0.466275000955,0.98075
0.466300000955,1.012
0.466325000955,1.012
0.466350000955,1.012
0.466375000955,0.98075
0.466400000955,0.98075
0.466425000955,1.012
0.466450000955,1.012
0.466475000955,1.012
0.466500000955,1.04325
0.466525000955,1.012
0.466550000955,0.98075
0.466575000955,1.012
0.466600000955,0.98075
0.466625000955,1.012
0.466650000955,1.012
0.466675000955,1.012
0.466700000955,1.012
0.466725000955,1.012
0.466750000955,1.04325
0.466775000955,1.012
0.466800000955,0.98075
0.466825000955,0.98075
0.466850000955,1.012
0.466875000955,1.012
0.466900000955,0.98075
0.466925000955,0.98075
0.466950000955,0.98075
0.466975000955,0.98075
0.467000000955,0.98075
0.467025000955,1.012
0.467050000955,1.012
0.467075000955,1.012
0.467100000955,1.012
0.467125000955,1.012
0.467150000955,1.012
0.467175000955,1.012
0.467200000955,1.012
0.467225000955,0.98075
0.467250000955,1.012
0.467275000955,0.98075
0.467300000955,1.012
0.467325000955,1.012
0.467350000955,1.012
0.467375000955,1.012
0.467400000955,0.98075
0.467425000955,1.012
0.467450000955,1.012
0.467475000955,1.012
0.467500000955,0.98075
0.467525000955,1.012
0.467550000955,1.012
0.467575000955,0.98075
0.467600000955,0.98075
0.467625000955,1.012
0.467650000955,1.012
0.467675000955,1.012
0.467700000955,1.012
0.467725000955,0.98075
0.467750000955,1.012
0.467775000955,1.012
0.467800000955,1.012
0.467825000955,1.012
0.467850000955,1.012
0.467875000955,1.012
0.467900000955,0.98075
0.467925000955,1.012
0.467950000955,0.98075
0.467975000955,1.012
0.468000000955,1.012
0.468025000955,0.98075
0.468050000955,1.012
0.468075000955,1.04325
0.468100000955,1.012
0.468125000955,1.012
0.468150000955,1.012
0.468175000955,1.04325
0.468200000955,1.012
0.468225000955,1.012
0.468250000955,0.98075
0.468275000955,1.012
0.468300000955,1.012
0.468325000955,1.012
0.468350000955,0.98075
0.468375000955,0.98075
0.468400000955,1.012
0.468425000955,0.98075
0.468450000955,1.012
0.468475000955,1.012
0.468500000955,0.98075
0.468525000955,0.98075
0.468550000955,1.012
0.468575000955,1.012
0.468600000955,1.012
0.468625000955,0.98075
0.468650000955,1.012
0.468675000955,1.012
0.468700000955,1.012
0.468725000955,1.012
0.468750000955,1.012
0.468775000955,0.98075
0.468800000955,1.012
0.468825000955,0.98075
0.468850000955,0.98075
0.468875000955,1.012
0.468900000955,1.012
0.468925000955,0.98075
0.468950000955,1.012
0.468975000955,0.98075
0.469000000955,0.98075
0.469025000955,1.012
0.469050000955,1.012
0.469075000955,0.98075
0.469100000955,1.012
0.469125000955,1.012
0.469150000955,0.98075
0.469175000955,0.98075
0.469200000955,1.012
0.469225000955,1.012
0.469250000955,1.012
0.469275000955,0.9495
0.469300000955,1.012
0.469325000955,1.04325
0.469350000955,1.012
0.469375000955,0.98075
0.469400000955,1.012
0.469425000955,1.012
0.469450000955,0.98075
0.469475000955,1.012
0.469500000955,0.98075
0.469525000955,0.98075
0.469550000955,0.98075
0.469575000955,1.012
0.469600000955,1.04325
0.469625000955,1.012
0.469650000955,0.98075
0.469675000955,1.012
0.469700000955,0.98075
0.469725000955,0.98075
0.469750000955,0.98075
0.469775000955,1.012
0.469800000955,0.98075
0.469825000955,0.98075
0.469850000955,1.012
0.469875000955,1.012
0.469900000955,1.012
0.469925000955,1.012
0.469950000955,0.9495
0.469975000955,0.98075
0.470000000955,0.98075
0.470025000955,0.98075
0.470050000955,1.012
0.470075000955,1.04325
0.470100000955,0.98075
0.470125000955,1.012
0.470150000955,0.98075
0.470175000955,1.012
0.470200000955,1.012
0.470225000955,1.012
0.470250000955,1.012
0.470275000955,0.98075
0.470300000955,1.012
0.470325000955,1.012
0.470350000955,1.012
0.470375000955,1.012
0.470400000955,1.012
0.470425000955,1.012
0.470450000955,0.98075
0.470475000955,1.012
0.470500000955,1.012
0.470525000955,1.012
0.470550000955,0.98075
0.470575000955,0.98075
0.470600000955,1.012
0.470625000955,1.012
0.470650000955,1.012
0.470675000955,0.98075
0.470700000955,1.012
0.470725000955,1.012
0.470750000955,1.012
0.470775000955,0.98075
0.470800000955,0.98075
0.470825000955,0.98075
0.470850000955,0.98075
0.470875000955,1.012
0.470900000955,0.98075
0.470925000955,0.98075
0.470950000955,0.98075
0.470975000955,0.98075
0.471000000955,1.012
0.471025000955,0.98075
0.471050000955,0.98075
0.471075000955,0.98075
0.471100000955,1.012
0.471125000955,1.012
0.471150000955,1.012
0.471175000955,1.012
0.471200000955,1.012
0.471225000955,1.012
0.471250000955,0.98075
0.471275000955,1.04325
0.471300000955,0.98075
0.471325000955,1.012
0.471350000955,1.012
0.471375000955,1.012
0.471400000955,1.012
0.471425000955,1.012
0.471450000955,1.012
0.471475000955,1.012
0.471500000955,0.98075
0.471525000955,1.012
0.471550000955,1.012
0.471575000955,1.012
0.471600000955,1.012
0.471625000955,1.012
0.471650000955,1.012
0.471675000955,0.98075
0.471700000955,1.012
0.471725000955,0.98075
0.471750000955,0.98075
0.471775000955,1.012
0.471800000955,1.012
0.471825000955,0.98075
0.471850000955,0.98075
0.471875000955,0.9495
0.471900000955,1.012
0.471925000955,1.04325
0.471950000955,1.012
0.471975000955,0.98075
0.472000000955,0.98075
0.472025000955,1.012
0.472050000955,0.98075
0.472075000955,0.98075
0.472100000955,1.012
0.472125000955,0.98075
0.472150000955,1.012
0.472175000955,1.012
0.472200000955,1.012
0.472225000955,1.012
0.472250000955,1.012
0.472275000955,1.012
0.472300000955,1.012
0.472325000955,1.012
0.472350000955,0.98075
0.472375000955,1.012
0.472400000955,1.012
0.472425000955,1.012
0.472450000955,1.04325
0.472475000955,1.012
0.472500000955,1.012
0.472525000955,1.012
0.472550000955,1.012
0.472575000955,0.98075
0.472600000955,1.012
0.472625000955,0.98075
0.472650000955,1.012
0.472675000955,1.012
0.472700000955,1.012
0.472725000955,1.012
0.472750000955,0.98075
0.472775000955,1.012
0.472800000955,0.98075
0.472825000955,0.98075
0.472850000955,0.98075
0.472875000955,1.012
0.472900000955,0.98075
0.472925000955,1.012
0.472950000955,1.012
0.472975000955,1.012
0.473000000955,1.012
0.473025000955,1.012
0.473050000955,0.9495
0.473075000955,1.04325
0.473100000955,0.98075
0.473125000955,1.012
0.473150000955,1.012
0.473175000955,0.9495
0.473200000955,1.012
0.473225000955,1.012
0.473250000955,1.012
0.473275000955,0.98075
0.473300000955,0.98075
0.473325000955,1.012
0.473350000955,1.012
0.473375000955,1.012
0.473400000955,1.012
0.473425000955,0.98075
0.473450000955,1.04325
0.473475000955,1.04325
0.473500000955,0.9495
0.473525000955,1.012
0.473550000955,0.98075
0.473575000955,1.012
0.473600000955,0.98075
0.473625000955,0.98075
0.473650000955,0.98075
0.473675000955,1.012
0.473700000955,1.012
0.473725000955,1.012
0.473750000955,1.012
0.473775000955,0.98075
0.473800000955,0.98075
0.473825000955,1.012
0.473850000955,1.012
0.473875000955,0.98075
0.473900000955,0.98075
0.473925000955,1.012
0.473950000955,1.012
0.473975000955,0.9495
0.474000000955,1.012
0.474025000955,0.98075
0.474050000955,1.012
0.474075000955,1.012
0.474100000955,0.98075
0.474125000955,1.012
0.474150000955,1.012
0.474175000955,1.012
0.474200000955,0.98075
0.474225000955,1.012
0.474250000955,1.012
0.474275000955,1.04325
0.474300000955,0.98075
0.474325000955,1.012
0.474350000955,1.012
0.474375000955,0.98075
0.474400000955,1.012
0.474425000955,1.012
0.474450000955,1.012
0.474475000955,0.98075
0.474500000955,0.98075
0.474525000955,1.012
0.474550000955,1.012
0.474575000955,0.98075
0.474600000955,1.012
0.474625000955,1.012
0.474650000955,1.012
0.474675000955,0.98075
0.474700000955,1.012
0.474725000955,1.012
0.474750000955,1.012
0.474775000955,0.98075
0.474800000955,0.98075
0.474825000955,1.012
0.474850000955,1.012
0.474875000955,0.98075
0.474900000955,0.98075
0.474925000955,1.012
0.474950000955,1.012
0.474975000955,0.98075
0.475000000955,0.98075
0.475025000955,0.98075
0.475050000955,1.012
0.475075000955,0.98075
0.475100000955,1.012
0.475125000955,1.04325
0.475150000955,0.98075
0.475175000955,1.012
0.475200000955,1.012
0.475225000955,1.012
0.475250000955,0.98075
0.475275000955,0.98075
0.475300000955,0.98075
0.475325000955,1.012
0.475350000955,1.012
0.475375000955,1.012
0.475400000955,0.98075
0.475425000955,0.98075
0.475450000955,1.012
0.475475000955,0.98075
0.475500000955,1.012
0.475525000955,0.98075
0.475550000955,0.98075
0.475575000955,1.012
0.475600000955,1.012
0.475625000955,1.012
0.475650000955,0.98075
0.475675000955,1.012
0.475700000955,1.012
0.475725000955,0.98075
0.475750000955,1.012
0.475775000955,0.98075
0.475800000955,1.012
0.475825000955,1.012
0.475850000955,0.98075
0.475875000955,0.98075
0.475900000955,0.9495
0.475925000955,0.98075
0.475950000955,0.98075
0.475975000955,0.98075
0.476000000955,0.98075
0.476025000955,1.012
0.476050000955,1.012
0.476075000955,0.98075
0.476100000955,1.012
0.476125000955,0.9495
0.476150000955,0.98075
0.476175000955,0.98075
0.476200000955,1.04325
0.476225000955,1.012
0.476250000955,0.9495
0.476275000955,1.012
0.476300000955,0.98075
0.476325000955,0.98075
0.476350000955,0.98075
0.476375000955,0.98075
0.476400000955,1.012
0.476425000955,1.012
0.476450000955,0.98075
0.476475000955,0.98075
0.476500000955,0.98075
0.476525000955,0.98075
0.476550000955,0.98075
0.476575000955,0.98075
0.476600000955,0.98075
0.476625000955,1.012
0.476650000955,0.98075
0.476675000955,1.012
0.476700000955,0.98075
0.476725000955,1.012
0.476750000955,0.98075
0.476775000955,1.012
0.476800000955,0.98075
0.476825000955,1.012
0.476850000955,0.98075
0.476875000955,0.98075
0.476900000955,1.04325
0.476925000955,1.012
0.476950000955,1.012
0.476975000955,1.012
0.477000000955,1.012
0.477025000955,1.012
0.477050000955,1.012
0.477075000955,1.012
0.477100000955,0.98075
0.477125000955,1.012
0.477150000955,1.012
0.477175000955,0.98075
0.477200000955,1.012
0.477225000955,1.012
0.477250000955,0.98075
0.477275000955,1.012
0.477300000955,1.012
0.477325000955,0.98075
0.477350000955,0.98075
0.477375000955,0.98075
0.477400000955,1.012
0.477425000955,1.012
0.477450000955,0.98075
0.477475000955,0.98075
0.477500000955,0.98075
0.477525000955,1.012
0.477550000955,0.98075
0.477575000955,0.98075
0.477600000955,1.012
0.477625000955,1.012
0.477650000955,0.9495
0.477675000955,0.98075
0.477700000955,0.98075
0.477725000955,1.012
0.477750000955,0.98075
0.477775000955,1.012
0.477800000955,1.012
0.477825000955,1.012
0.477850000955,0.98075
0.477875000955,1.012
0.477900000955,0.9495
0.477925000955,0.98075
0.477950000955,0.98075
0.477975000955,0.98075
0.478000000955,0.98075
0.478025000955,0.98075
0.478050000955,1.012
0.478075000955,0.98075
0.478100000955,0.98075
0.478125000955,0.98075
0.478150000955,0.98075
0.478175000955,1.012
0.478200000955,1.012
0.478225000955,0.98075
0.478250000955,1.012
0.478275000955,1.012
0.478300000955,1.012
0.478325000955,1.012
0.478350000955,1.012
0.478375000955,1.012
0.478400000955,0.98075
0.478425000955,1.012
0.478450000955,1.012
0.478475000955,1.012
0.478500000955,1.012
0.478525000955,0.98075
0.478550000955,0.98075
0.478575000955,1.012
0.478600000955,1.012
0.478625000955,0.9495
0.478650000955,0.9495
0.478675000955,0.98075
0.478700000955,1.012
0.478725000955,1.012
0.478750000955,1.012
0.478775000955,1.012
0.478800000955,0.98075
0.478825000955,0.98075
0.478850000955,0.98075
0.478875000955,1.012
0.478900000955,1.012
0.478925000955,1.012
0.478950000955,0.98075
0.478975000955,0.98075
0.479000000955,1.04325
0.479025000955,1.012
0.479050000955,1.012
0.479075000955,0.98075
0.479100000955,1.012
0.479125000955,1.012
0.479150000955,1.012
0.479175000955,1.012
0.479200000955,0.98075
0.479225000955,0.98075
0.479250000955,1.012
0.479275000955,0.98075
0.479300000955,0.98075
0.479325000955,0.98075
0.479350000955,0.98075
0.479375000955,0.98075
0.479400000955,1.012
0.479425000955,0.98075
0.479450000955,1.012
0.479475000955,0.98075
0.479500000955,1.012
0.479525000955,0.98075
0.479550000955,0.98075
0.479575000955,0.98075
0.479600000955,0.98075
0.479625000955,1.012
0.479650000955,0.98075
0.479675000955,0.98075
0.479700000955,0.9495
0.479725000955,0.98075
0.479750000955,1.012
0.479775000955,1.012
0.479800000955,0.98075
0.479825000955,1.012
0.479850000955,0.98075
0.479875000955,0.98075
0.479900000955,0.98075
0.479925000955,0.98075
0.479950000955,1.012
0.479975000955,1.012
0.480000000955,1.012
0.480025000955,0.98075
0.480050000955,0.98075
0.480075000955,0.9495
0.480100000955,1.012
0.480125000955,0.98075
0.480150000955,1.012
0.480175000955,1.012
0.480200000955,0.98075
0.480225000955,0.9495
0.480250000955,0.98075
0.480275000955,0.9495
0.480300000955,1.012
0.480325000955,0.98075
0.480350000955,0.98075
0.480375000955,0.98075
0.480400000955,1.012
0.480425000955,0.98075
0.480450000955,0.98075
0.480475000955,1.012
0.480500000955,0.98075
0.480525000955,0.98075
0.480550000955,1.012
0.480575000955,0.98075
0.480600000955,0.9495
0.480625000955,0.98075
0.480650000955,1.012
0.480675000955,0.98075
0.480700000955,1.012
0.480725000955,1.012
0.480750000955,0.98075
0.480775000955,1.012
0.480800000955,1.04325
0.480825000955,0.98075
0.480850000955,0.98075
0.480875000955,0.98075
0.480900000955,0.98075
0.480925000955,0.98075
0.480950000955,0.98075
0.480975000955,1.012
0.481000000955,0.98075
0.481025000955,1.012
0.481050000955,1.012
0.481075000955,0.98075
0.481100000955,1.012
0.481125000955,0.98075
0.481150000955,0.98075
0.481175000955,0.98075
0.481200000955,0.98075
0.481225000955,1.012
0.481250000955,0.98075
0.481275000955,1.012
0.481300000955,0.98075
0.481325000955,1.012
0.481350000955,0.98075
0.481375000955,0.98075
0.481400000955,0.98075
0.481425000955,0.98075
0.481450000955,0.98075
0.481475000955,0.98075
0.481500000955,0.98075
0.481525000955,0.98075
0.481550000955,0.98075
0.481575000955,1.012
0.481600000955,1.012
0.481625000955,1.012
0.481650000955,0.98075
0.481675000955,0.98075
0.481700000955,0.98075
0.481725000955,1.012
0.481750000955,0.98075
0.481775000955,0.98075
0.481800000955,0.98075
0.481825000955,0.98075
0.481850000955,0.98075
0.481875000955,0.98075
0.481900000955,0.98075
0.481925000955,0.98075
0.481950000955,0.98075
0.481975000955,0.98075
0.482000000955,0.98075
0.482025000955,0.98075
0.482050000955,0.98075
0.482075000955,0.98075
0.482100000955,0.9495
0.482125000955,1.012
0.482150000955,0.98075
0.482175000955,0.98075
0.482200000955,0.98075
0.482225000955,1.012
0.482250000955,0.98075
0.482275000955,1.012
0.482300000955,0.98075
0.482325000955,1.012
0.482350000955,0.98075
0.482375000955,0.98075
0.482400000955,1.012
0.482425000955,0.98075
0.482450000955,0.98075
0.482475000955,1.012
0.482500000955,0.9495
0.482525000955,0.98075
0.482550000955,1.04325
0.482575000955,0.98075
0.482600000955,0.98075
0.482625000955,0.98075
0.482650000955,1.012
0.482675000955,0.9495
0.482700000955,0.98075
0.482725000955,0.98075
0.482750000955,1.012
0.482775000955,0.98075
0.482800000955,0.9495
0.482825000955,1.012
0.482850000955,1.012
0.482875000955,0.98075
0.482900000955,1.012
0.482925000955,1.012
0.482950000955,0.98075
0.482975000955,0.98075
0.483000000955,0.98075
0.483025000955,0.98075
0.483050000955,1.012
0.483075000955,0.98075
0.483100000955,0.98075
0.483125000955,1.012
0.483150000955,1.012
0.483175000955,0.98075
0.483200000955,0.98075
0.483225000955,1.012
0.483250000955,0.98075
0.483275000955,0.98075
0.483300000955,0.98075
0.483325000955,0.98075
0.483350000955,1.012
0.483375000955,0.9495
0.483400000955,0.98075
0.483425000955,1.012
0.483450000955,0.98075
0.483475000955,0.98075
0.483500000955,1.04325
0.483525000955,0.9495
0.483550000955,0.98075
0.483575000955,1.012
0.483600000955,0.98075
0.483625000955,0.98075
0.483650000955,0.9495
0.483675000955,1.012
0.483700000955,0.98075
0.483725000955,0.98075
0.483750000955,0.9495
0.483775000955,0.98075
0.483800000955,0.98075
0.483825000955,0.9495
0.483850000955,0.98075
0.483875000955,0.98075
0.483900000955,1.012
0.483925000955,1.012
0.483950000955,0.98075
0.483975000955,0.98075
0.484000000955,0.9495
0.484025000955,0.98075
0.484050000955,0.98075
0.484075000955,0.98075
0.484100000955,0.98075
0.484125000955,0.98075
0.484150000955,0.98075
0.484175000955,1.012
0.484200000955,0.98075
0.484225000955,0.98075
0.484250000955,0.9495
0.484275000955,0.9495
0.484300000955,1.012
0.484325000955,0.98075
0.484350000955,0.9495
0.484375000955,0.98075
0.484400000955,0.98075
0.484425000955,0.98075
0.484450000955,1.012
0.484475000955,0.98075
0.484500000955,1.012
0.484525000955,0.98075
0.484550000955,0.98075
0.484575000955,1.012
0.484600000955,0.98075
0.484625000955,0.9495
0.484650000955,1.012
0.484675000955,1.012
0.484700000955,0.9495
0.484725000955,0.98075
0.484750000955,0.98075
0.484775000955,0.98075
0.484800000955,0.98075
0.484825000955,0.98075
0.484850000955,0.98075
0.484875000955,1.012
0.484900000955,0.98075
0.484925000955,1.012
0.484950000955,1.012
0.484975000955,0.98075
0.485000000955,1.012
0.485025000955,0.98075
0.485050000955,0.98075
0.485075000955,0.98075
0.485100000955,1.012
0.485125000955,0.98075
0.485150000955,0.98075
0.485175000955,0.98075
0.485200000955,0.98075
0.485225000955,0.98075
0.485250000955,0.9495
0.485275000955,1.012
0.485300000955,1.012
0.485325000955,1.012
0.485350000955,0.98075
0.485375000955,1.012
0.485400000955,1.012
0.485425000955,0.98075
0.485450000955,0.9495
0.485475000955,1.012
0.485500000955,0.98075
0.485525000955,1.012
0.485550000955,1.012
0.485575000955,0.9495
0.485600000955,0.98075
0.485625000955,0.98075
0.485650000955,0.98075
0.485675000955,0.9495
0.485700000955,0.98075
0.485725000955,1.012
0.485750000955,0.98075
0.485775000955,0.98075
0.485800000955,1.012
0.485825000955,0.98075
0.485850000955,0.9495
0.485875000955,0.98075
0.485900000955,0.98075
0.485925000955,1.012
0.485950000955,0.98075
0.485975000955,0.9495
0.486000000955,0.98075
0.486025000955,0.98075
0.486050000955,0.9495
0.486075000955,0.9495
0.486100000955,1.012
0.486125000955,0.9495
0.486150000955,0.98075
0.486175000955,0.98075
0.486200000955,0.9495
0.486225000955,0.98075
0.486250000955,0.98075
0.486275000955,0.98075
0.486300000955,0.9495
0.486325000955,0.98075
0.486350000955,0.98075
0.486375000955,0.9495
0.486400000955,0.9495
0.486425000955,1.012
0.486450000955,0.9495
0.486475000955,0.98075
0.486500000955,0.98075
0.486525000955,0.98075
0.486550000955,0.98075
0.486575000955,0.98075
0.486600000955,0.98075
0.486625000955,0.9495
0.486650000955,0.98075
0.486675000955,0.98075
0.486700000955,0.9495
0.486725000955,1.012
0.486750000955,0.9495
0.486775000955,0.98075
0.486800000955,1.012
0.486825000955,1.012
0.486850000955,1.012
0.486875000955,0.98075
0.486900000955,1.012
0.486925000955,1.012
0.486950000955,0.98075
0.486975000955,0.98075
0.487000000955,0.9495
0.487025000955,0.98075
0.487050000955,0.9495
0.487075000955,0.98075
0.487100000955,0.98075
0.487125000955,0.98075
0.487150000955,0.98075
0.487175000955,0.98075
0.487200000955,0.98075
0.487225000955,0.9495
0.487250000955,1.012
0.487275000955,0.98075
0.487300000955,0.98075
0.487325000955,1.012
0.487350000955,0.98075
0.487375000955,0.98075
0.487400000955,0.9495
0.487425000955,0.98075
0.487450000955,1.012
0.487475000955,0.98075
0.487500000955,0.98075
0.487525000955,0.98075
0.487550000955,1.012
0.487575000955,0.98075
0.487600000955,0.98075
0.487625000955,0.98075
0.487650000955,0.98075
0.487675000955,0.98075
0.487700000955,0.98075
0.487725000955,1.012
0.487750000955,0.98075
0.487775000955,1.012
0.487800000955,0.98075
0.487825000955,0.98075
0.487850000955,0.98075
0.487875000955,0.98075
0.487900000955,0.98075
0.487925000955,0.9495
0.487950000955,1.012
0.487975000955,0.98075
0.488000000955,0.98075
0.488025000955,0.9495
0.488050000955,0.98075
0.488075000955,0.98075
0.488100000955,0.98075
0.488125000955,1.012
0.488150000955,1.012
0.488175000955,0.98075
0.488200000955,1.012
0.488225000955,0.9495
0.488250000955,0.98075
0.488275000955,0.98075
0.488300000955,0.98075
0.488325000955,0.98075
0.488350000955,0.98075
0.488375000955,0.98075
0.488400000955,0.98075
0.488425000955,0.98075
0.488450000955,0.98075
0.488475000955,0.98075
0.488500000955,0.9495
0.488525000955,0.98075
0.488550000955,0.98075
0.488575000955,0.98075
0.488600000955,0.98075
0.488625000955,0.9495
0.488650000955,0.98075
0.488675000955,0.9495
0.488700000955,0.98075
0.488725000955,0.98075
0.488750000955,0.98075
0.488775000955,1.012
0.488800000955,0.98075
0.488825000955,0.98075
0.488850000955,0.98075
0.488875000955,0.98075
0.488900000955,0.98075
0.488925000955,1.012
0.488950000955,1.012
0.488975000955,0.9495
0.489000000955,0.98075
0.489025000955,1.012
0.489050000955,0.9495
0.489075000955,0.98075
0.489100000955,0.9495
0.489125000955,0.98075
0.489150000955,0.98075
0.489175000955,0.9495
0.489200000955,1.012
0.489225000955,0.98075
0.489250000955,0.98075
0.489275000955,0.98075
0.489300000955,1.012
0.489325000955,0.9495
0.489350000955,0.98075
0.489375000955,0.98075
0.489400000955,0.98075
0.489425000955,0.98075
0.489450000955,0.9495
0.489475000955,0.98075
0.489500000955,0.98075
0.489525000955,1.012
0.489550000955,0.98075
0.489575000955,0.98075
0.489600000955,0.98075
0.489625000955,0.98075
0.489650000955,0.98075
0.489675000955,1.012
0.489700000955,0.98075
0.489725000955,0.98075
0.489750000955,0.98075
0.489775000955,0.9495
0.489800000955,0.9495
0.489825000955,1.012
0.489850000955,0.9495
0.489875000955,0.9495
0.489900000955,0.98075
0.489925000955,1.012
0.489950000955,0.9495
0.489975000955,0.98075
0.490000000955,0.98075
0.490025000955,1.012
0.490050000955,0.9495
0.490075000955,0.98075
0.490100000955,0.9495
0.490125000955,0.98075
0.490150000955,0.9495
0.490175000955,0.98075
0.490200000955,1.012
0.490225000955,1.012
0.490250000955,1.012
0.490275000955,0.98075
0.490300000955,0.98075
0.490325000955,0.9495
0.490350000955,0.9495
0.490375000955,0.98075
0.490400000955,0.98075
0.490425000955,0.98075
0.490450000955,0.98075
0.490475000955,0.98075
0.490500000955,0.98075
0.490525000955,0.98075
0.490550000955,0.9495
0.490575000955,1.012
0.490600000955,0.9495
0.490625000955,0.9495
0.490650000955,0.98075
0.490675000955,1.012
0.490700000955,0.9495
0.490725000955,1.012
0.490750000955,1.012
0.490775000955,0.98075
0.490800000955,0.98075
0.490825000955,0.98075
0.490850000955,0.98075
0.490875000955,0.98075
0.490900000955,0.98075
0.490925000955,0.98075
0.490950000955,0.9495
0.490975000955,0.9495
0.491000000955,0.98075
0.491025000955,0.9495
0.491050000955,0.98075
0.491075000955,0.9495
0.491100000955,0.98075
0.491125000955,0.9495
0.491150000955,0.9495
0.491175000955,0.9495
0.491200000955,0.9495
0.491225000955,0.98075
0.491250000955,0.98075
0.491275000955,0.98075
0.491300000955,0.98075
0.491325000955,0.98075
0.491350000955,0.9495
0.491375000955,0.9495
0.491400000955,0.98075
0.491425000955,0.98075
0.491450000955,0.98075
0.491475000955,0.98075
0.491500000955,0.98075
0.491525000955,0.9495
0.491550000955,0.98075
0.491575000955,0.98075
0.491600000955,0.98075
0.491625000955,0.98075
0.491650000955,0.98075
0.491675000955,0.98075
0.491700000955,0.9495
0.491725000955,0.9495
0.491750000955,0.98075
0.491775000955,0.9495
0.491800000955,0.9495
0.491825000955,0.9495
0.491850000955,0.9495
0.491875000955,1.012
0.491900000955,0.9495
0.491925000955,0.98075
0.491950000955,0.98075
0.491975000955,1.012