x-axis,1
second,Volt
-0.019999999045,0.0745001
-0.019989999045,0.0432501
-0.019979999045,0.0432501
-0.019969999045,0.0745001
-0.019959999045,0.0745001
-0.019949999045,0.0745001
-0.019939999045,0.0120001
-0.019929999045,0.0120001
-0.019919999045,0.0745001
-0.019909999045,0.0432501
-0.019899999045,0.0745001
-0.019889999045,0.0432501
-0.019879999045,0.0432501
-0.019869999045,0.0432501
-0.019859999045,0.0745001
-0.019849999045,0.0120001
-0.019839999045,0.0432501
-0.019829999045,0.0432501
-0.019819999045,0.0432501
-0.019809999045,0.0432501
-0.019799999045,0.0432501
-0.019789999045,0.0432501
-0.019779999045,0.0432501
-0.019769999045,0.0432501
-0.019759999045,0.0432501
-0.019749999045,0.0745001
-0.019739999045,0.0745001
-0.019729999045,0.0120001
-0.019719999045,0.0745001
-0.019709999045,0.0432501
-0.019699999045,0.0432501
-0.019689999045,0.0745001
-0.019679999045,0.0432501
-0.019669999045,0.0745001
-0.019659999045,0.0120001
-0.019649999045,0.0432501
-0.019639999045,0.0432501
-0.019629999045,0.0745001
-0.019619999045,0.0745001
-0.019609999045,0.0745001
-0.019599999045,0.0745001
-0.019589999045,0.0745001
-0.019579999045,0.0120001
-0.019569999045,0.0745001
-0.019559999045,0.0745001
-0.019549999045,0.0432501
-0.019539999045,0.0432501
-0.019529999045,0.0745001
-0.019519999045,0.0120001
-0.019509999045,0.0432501
-0.019499999045,0.0432501
-0.019489999045,0.0745001
-0.019479999045,0.0432501
-0.019469999045,0.0432501
-0.019459999045,0.0120001
-0.019449999045,0.0432501
-0.019439999045,0.0432501
-0.019429999045,0.0432501
-0.019419999045,0.0432501
-0.019409999045,0.0745001
-0.019399999045,0.0432501
-0.019389999045,0.0432501
-0.019379999045,0.0745001
-0.019369999045,0.0432501
-0.019359999045,0.0432501
-0.019349999045,0.0432501
-0.019339999045,0.0432501
-0.019329999045,0.0432501
-0.019319999045,0.0432501
-0.019309999045,0.0432501
-0.019299999045,0.0432501
-0.019289999045,0.0745001
-0.019279999045,0.0432501
-0.019269999045,0.0745001
-0.019259999045,0.0745001
-0.019249999045,0.0432501
-0.019239999045,0.0432501
-0.019229999045,0.0432501
-0.019219999045,0.0432501
-0.019209999045,0.0432501
-0.019199999045,0.0745001
-0.019189999045,0.0120001
-0.019179999045,0.0745001
-0.019169999045,0.0432501
-0.019159999045,0.0745001
-0.019149999045,0.0745001
-0.019139999045,0.0745001
-0.019129999045,0.0432501
-0.019119999045,0.10575
-0.019109999045,0.0432501
-0.019099999045,0.0432501
-0.019089999045,0.0120001
-0.019079999045,0.0120001
-0.019069999045,0.0432501
-0.019059999045,0.0120001
-0.019049999045,0.0432501
-0.019039999045,0.0432501
-0.019029999045,0.0432501
-0.019019999045,0.0432501
-0.019009999045,0.0432501
-0.018999999045,0.0745001
-0.018989999045,0.0432501
-0.018979999045,0.0432501
-0.018969999045,0.0120001
-0.018959999045,0.0432501
-0.018949999045,0.0745001
-0.018939999045,0.0745001
-0.018929999045,0.0745001
-0.018919999045,0.0745001
-0.018909999045,0.0432501
-0.018899999045,0.0432501
-0.018889999045,0.0432501
-0.018879999045,0.0120001
-0.018869999045,0.0432501
-0.018859999045,0.0120001
-0.018849999045,0.0432501
-0.018839999045,0.0745001
-0.018829999045,0.0432501
-0.018819999045,0.0745001
-0.018809999045,0.0432501
-0.018799999045,0.0432501
-0.018789999045,0.0432501
-0.018779999045,0.0432501
-0.018769999045,0.0120001
-0.018759999045,0.0432501
-0.018749999045,0.0745001
-0.018739999045,0.0432501
-0.018729999045,0.0432501
-0.018719999045,0.0745001
-0.018709999045,0.0745001
-0.018699999045,0.0432501
-0.018689999045,0.0432501
-0.018679999045,0.0432501
-0.018669999045,0.0745001
-0.018659999045,0.0432501
-0.018649999045,0.0432501
-0.018639999045,0.0432501
-0.018629999045,0.0745001
-0.018619999045,0.0745001
-0.018609999045,0.0432501
-0.018599999045,0.0745001
-0.018589999045,0.0120001
-0.018579999045,0.0432501
-0.018569999045,0.0745001
-0.018559999045,0.0432501
-0.018549999045,0.0432501
-0.018539999045,0.0432501
-0.018529999045,0.0432501
-0.018519999045,0.0745001
-0.018509999045,0.0432501
-0.018499999045,0.0432501
-0.018489999045,0.0120001
-0.018479999045,0.0120001
-0.018469999045,0.0745001
-0.018459999045,0.0120001
-0.018449999045,0.0432501
-0.018439999045,0.0745001
-0.018429999045,0.10575
-0.018419999045,0.0745001
-0.018409999045,0.0432501
-0.018399999045,0.0432501
-0.018389999045,0.0432501
-0.018379999045,0.0745001
-0.018369999045,0.0432501
-0.018359999045,0.0432501
-0.018349999045,0.0745001
-0.018339999045,0.0432501
-0.018329999045,0.0745001
-0.018319999045,0.0432501
-0.018309999045,0.0432501
-0.018299999045,0.0120001
-0.018289999045,0.0432501
-0.018279999045,0.0745001
-0.018269999045,0.0745001
-0.018259999045,0.0432501
-0.018249999045,0.0745001
-0.018239999045,0.0432501
-0.018229999045,0.0432501
-0.018219999045,0.0432501
-0.018209999045,0.0745001
-0.018199999045,0.0745001
-0.018189999045,0.0432501
-0.018179999045,0.0432501
-0.018169999045,0.0432501
-0.018159999045,0.0432501
-0.018149999045,0.0432501
-0.018139999045,0.0432501
-0.018129999045,0.0432501
-0.018119999045,0.0432501
-0.018109999045,0.0745001
-0.018099999045,0.0432501
-0.018089999045,0.0432501
-0.018079999045,0.0745001
-0.018069999045,0.0432501
-0.018059999045,0.0432501
-0.018049999045,0.0432501
-0.018039999045,0.0745001
-0.018029999045,0.0432501
-0.018019999045,0.0432501
-0.018009999045,0.0432501
-0.017999999045,0.0745001
-0.017989999045,0.0745001
-0.017979999045,0.0432501
-0.017969999045,0.0120001
-0.017959999045,0.0432501
-0.017949999045,0.0120001
-0.017939999045,0.0432501
-0.017929999045,0.0432501
-0.017919999045,0.0432501
-0.017909999045,0.0120001
-0.017899999045,0.0432501
-0.017889999045,0.0432501
-0.017879999045,0.0432501
-0.017869999045,0.0432501
-0.017859999045,0.0432501
-0.017849999045,0.0432501
-0.017839999045,0.0432501
-0.017829999045,0.0745001
-0.017819999045,0.0432501
-0.017809999045,0.0432501
-0.017799999045,0.0432501
-0.017789999045,0.0432501
-0.017779999045,0.0745001
-0.017769999045,0.0432501
-0.017759999045,0.0745001
-0.017749999045,0.0432501
-0.017739999045,0.0745001
-0.017729999045,0.0432501
-0.017719999045,0.0120001
-0.017709999045,0.0745001
-0.017699999045,0.0745001
-0.017689999045,0.0432501
-0.017679999045,0.0120001
-0.017669999045,0.0120001
-0.017659999045,0.0432501
-0.017649999045,0.0432501
-0.017639999045,0.0432501
-0.017629999045,0.0432501
-0.017619999045,0.0745001
-0.017609999045,0.0432501
-0.017599999045,0.0745001
-0.017589999045,0.0745001
-0.017579999045,0.0745001
-0.017569999045,0.0432501
-0.017559999045,0.0745001
-0.017549999045,0.0745001
-0.017539999045,0.0432501
-0.017529999045,0.0745001
-0.017519999045,0.0432501
-0.017509999045,0.0432501
-0.017499999045,0.0432501
-0.017489999045,0.0432501
-0.017479999045,0.0432501
-0.017469999045,0.0745001
-0.017459999045,0.0745001
-0.017449999045,0.0432501
-0.017439999045,0.0120001
-0.017429999045,0.0745001
-0.017419999045,0.0745001
-0.017409999045,0.0432501
-0.017399999045,0.0432501
-0.017389999045,0.0432501
-0.017379999045,0.0432501
-0.017369999045,0.0120001
-0.017359999045,0.0432501
-0.017349999045,0.0432501
-0.017339999045,0.0432501
-0.017329999045,0.0745001
-0.017319999045,0.0432501
-0.017309999045,0.0432501
-0.017299999045,0.0432501
-0.017289999045,0.0432501
-0.017279999045,0.0432501
-0.017269999045,0.0432501
-0.017259999045,0.0745001
-0.017249999045,0.0432501
-0.017239999045,0.0745001
-0.017229999045,0.0432501
-0.017219999045,0.0432501
-0.017209999045,0.0432501
-0.017199999045,0.0745001
-0.017189999045,0.0432501
-0.017179999045,0.0745001
-0.017169999045,0.0745001
-0.017159999045,0.0120001
-0.017149999045,0.0745001
-0.017139999045,0.0745001
-0.017129999045,0.0745001
-0.017119999045,0.0745001
-0.017109999045,0.0432501
-0.017099999045,0.0745001
-0.017089999045,0.0432501
-0.017079999045,0.0745001
-0.017069999045,0.0432501
-0.017059999045,0.0745001
-0.017049999045,0.0745001
-0.017039999045,0.0432501
-0.017029999045,0.0432501
-0.017019999045,0.0432501
-0.017009999045,0.0745001
-0.016999999045,0.0432501
-0.016989999045,0.0745001
-0.016979999045,0.0432501
-0.016969999045,0.0432501
-0.016959999045,0.0432501
-0.016949999045,0.0745001
-0.016939999045,0.0745001
-0.016929999045,0.0120001
-0.016919999045,0.0120001
-0.016909999045,0.0432501
-0.016899999045,0.0745001
-0.016889999045,0.0745001
-0.016879999045,0.0432501
-0.016869999045,0.0745001
-0.016859999045,0.0432501
-0.016849999045,0.0432501
-0.016839999045,0.0745001
-0.016829999045,0.0745001
-0.016819999045,0.0432501
-0.016809999045,0.0432501
-0.016799999045,0.0745001
-0.016789999045,0.0745001
-0.016779999045,0.0432501
-0.016769999045,0.0432501
-0.016759999045,0.0432501
-0.016749999045,0.0745001
-0.016739999045,0.0745001
-0.016729999045,0.0745001
-0.016719999045,0.0432501
-0.016709999045,0.0432501
-0.016699999045,0.0745001
-0.016689999045,0.0745001
-0.016679999045,0.0745001
-0.016669999045,0.0432501
-0.016659999045,0.0432501
-0.016649999045,0.0745001
-0.016639999045,0.0432501
-0.016629999045,0.0745001
-0.016619999045,0.0745001
-0.016609999045,0.10575
-0.016599999045,0.0745001
-0.016589999045,0.0745001
-0.016579999045,0.0745001
-0.016569999045,0.0745001
-0.016559999045,0.0432501
-0.016549999045,0.0745001
-0.016539999045,0.0120001
-0.016529999045,0.0432501
-0.016519999045,0.0432501
-0.016509999045,0.0432501
-0.016499999045,0.0432501
-0.016489999045,0.0745001
-0.016479999045,0.0432501
-0.016469999045,0.0432501
-0.016459999045,0.0745001
-0.016449999045,0.0745001
-0.016439999045,0.0745001
-0.016429999045,0.0432501
-0.016419999045,0.0432501
-0.016409999045,0.0745001
-0.016399999045,0.0745001
-0.016389999045,0.0432501
-0.016379999045,0.0745001
-0.016369999045,0.0432501
-0.016359999045,0.0745001
-0.016349999045,0.0432501
-0.016339999045,0.0745001
-0.016329999045,0.0432501
-0.016319999045,0.0432501
-0.016309999045,0.0745001
-0.016299999045,0.0432501
-0.016289999045,0.0432501
-0.016279999045,0.0745001
-0.016269999045,0.0432501
-0.016259999045,0.0745001
-0.016249999045,0.0120001
-0.016239999045,0.0745001
-0.016229999045,0.0432501
-0.016219999045,0.0745001
-0.016209999045,0.0745001
-0.016199999045,0.10575
-0.016189999045,0.10575
-0.016179999045,0.0745001
-0.016169999045,0.0745001
-0.016159999045,0.0120001
-0.016149999045,0.0432501
-0.016139999045,0.0120001
-0.016129999045,0.0745001
-0.016119999045,0.0745001
-0.016109999045,0.0432501
-0.016099999045,0.0745001
-0.016089999045,0.0432501
-0.016079999045,0.0432501
-0.016069999045,0.0432501
-0.016059999045,0.0745001
-0.016049999045,0.0745001
-0.016039999045,0.0745001
-0.016029999045,0.0432501
-0.016019999045,0.0432501
-0.016009999045,0.0432501
-0.015999999045,0.0432501
-0.015989999045,0.0432501
-0.015979999045,0.0432501
-0.015969999045,0.0745001
-0.015959999045,0.0432501
-0.015949999045,0.0432501
-0.015939999045,0.0745001
-0.015929999045,0.0745001
-0.015919999045,0.0432501
-0.015909999045,0.0432501
-0.015899999045,0.0432501
-0.015889999045,0.0745001
-0.015879999045,0.0432501
-0.015869999045,0.0432501
-0.015859999045,0.0745001
-0.015849999045,0.0745001
-0.015839999045,0.0432501
-0.015829999045,0.0432501
-0.015819999045,0.0745001
-0.015809999045,0.0432501
-0.015799999045,0.0745001
-0.015789999045,0.0745001
-0.015779999045,0.0432501
-0.015769999045,0.0120001
-0.015759999045,0.0745001
-0.015749999045,0.0432501
-0.015739999045,0.0432501
-0.015729999045,0.0745001
-0.015719999045,0.0745001
-0.015709999045,0.0745001
-0.015699999045,0.0432501
-0.015689999045,0.0745001
-0.015679999045,0.0120001
-0.015669999045,0.0432501
-0.015659999045,0.0745001
-0.015649999045,0.10575
-0.015639999045,0.0745001
-0.015629999045,0.0432501
-0.015619999045,0.0432501
-0.015609999045,0.0745001
-0.015599999045,0.0745001
-0.015589999045,0.0745001
-0.015579999045,0.0745001
-0.015569999045,0.0432501
-0.015559999045,0.0120001
-0.015549999045,0.0120001
-0.015539999045,0.0745001
-0.015529999045,0.0745001
-0.015519999045,0.10575
-0.015509999045,0.0432501
-0.015499999045,0.0432501
-0.015489999045,0.0432501
-0.015479999045,0.0745001
-0.015469999045,0.0432501
-0.015459999045,0.0432501
-0.015449999045,0.0432501
-0.015439999045,0.0432501
-0.015429999045,0.0745001
-0.015419999045,0.0432501
-0.015409999045,0.0745001
-0.015399999045,0.0432501
-0.015389999045,0.0745001
-0.015379999045,0.0120001
-0.015369999045,0.0745001
-0.015359999045,0.0745001
-0.015349999045,0.0745001
-0.015339999045,0.0432501
-0.015329999045,0.0432501
-0.015319999045,0.0745001
-0.015309999045,0.0432501
-0.015299999045,0.0745001
-0.015289999045,0.0432501
-0.015279999045,0.0745001
-0.015269999045,0.0745001
-0.015259999045,0.0745001
-0.015249999045,0.0745001
-0.015239999045,0.0432501
-0.015229999045,0.0745001
-0.015219999045,0.0432501
-0.015209999045,0.0745001
-0.015199999045,0.0745001
-0.015189999045,0.0745001
-0.015179999045,0.0432501
-0.015169999045,0.0745001
-0.015159999045,0.0745001
-0.015149999045,0.0745001
-0.015139999045,0.0432501
-0.015129999045,0.0745001
-0.015119999045,0.0745001
-0.015109999045,0.0745001
-0.015099999045,0.0432501
-0.015089999045,0.0745001
-0.015079999045,0.0745001
-0.015069999045,0.0432501
-0.015059999045,0.0432501
-0.015049999045,0.0432501
-0.015039999045,0.0745001
-0.015029999045,0.0745001
-0.015019999045,0.0745001
-0.015009999045,0.0432501
-0.014999999045,0.0745001
-0.014989999045,0.0120001
-0.014979999045,0.0432501
-0.014969999045,0.0432501
-0.014959999045,0.0745001
-0.014949999045,0.0432501
-0.014939999045,0.0120001
-0.014929999045,0.0432501
-0.014919999045,0.0432501
-0.014909999045,0.0432501
-0.014899999045,0.0432501
-0.014889999045,0.0745001
-0.014879999045,0.0745001
-0.014869999045,0.0432501
-0.014859999045,0.0745001
-0.014849999045,0.0745001
-0.014839999045,0.0745001
-0.014829999045,0.0432501
-0.014819999045,0.0432501
-0.014809999045,0.0432501
-0.014799999045,0.0745001
-0.014789999045,0.0745001
-0.014779999045,0.0432501
-0.014769999045,0.0745001
-0.014759999045,0.0432501
-0.014749999045,0.0745001
-0.014739999045,0.0745001
-0.014729999045,0.0745001
-0.014719999045,0.0432501
-0.014709999045,0.0745001
-0.014699999045,0.0745001
-0.014689999045,0.0745001
-0.014679999045,0.0432501
-0.014669999045,0.0745001
-0.014659999045,0.10575
-0.014649999045,0.0745001
-0.014639999045,0.0432501
-0.014629999045,0.0745001
-0.014619999045,0.0432501
-0.014609999045,0.0432501
-0.014599999045,0.0432501
-0.014589999045,0.0432501
-0.014579999045,0.0745001
-0.014569999045,0.0432501
-0.014559999045,0.0120001
-0.014549999045,0.0745001
-0.014539999045,0.0432501
-0.014529999045,0.0745001
-0.014519999045,0.0745001
-0.014509999045,0.0432501
-0.014499999045,0.0745001
-0.014489999045,0.0745001
-0.014479999045,0.0745001
-0.014469999045,0.10575
-0.014459999045,0.0745001
-0.014449999045,0.0432501
-0.014439999045,0.0432501
-0.014429999045,0.0745001
-0.014419999045,0.0432501
-0.014409999045,0.0432501
-0.014399999045,0.0745001
-0.014389999045,0.0432501
-0.014379999045,0.0745001
-0.014369999045,0.0745001
-0.014359999045,0.0745001
-0.014349999045,0.0745001
-0.014339999045,0.0432501
-0.014329999045,0.0432501
-0.014319999045,0.0432501
-0.014309999045,0.0432501
-0.014299999045,0.0432501
-0.014289999045,0.0432501
-0.014279999045,0.0432501
-0.014269999045,0.0745001
-0.014259999045,0.0432501
-0.014249999045,0.0745001
-0.014239999045,0.0432501
-0.014229999045,0.0432501
-0.014219999045,0.0432501
-0.014209999045,0.0745001
-0.014199999045,0.0432501
-0.014189999045,0.0432501
-0.014179999045,0.0745001
-0.014169999045,0.0432501
-0.014159999045,0.0745001
-0.014149999045,0.0745001
-0.014139999045,0.0745001
-0.014129999045,0.0432501
-0.014119999045,0.0432501
-0.014109999045,0.0745001
-0.014099999045,0.0432501
-0.014089999045,0.0745001
-0.014079999045,0.10575
-0.014069999045,0.0745001
-0.014059999045,0.0432501
-0.014049999045,0.0745001
-0.014039999045,0.0120001
-0.014029999045,0.10575
-0.014019999045,0.0432501
-0.014009999045,0.0745001
-0.013999999045,0.0745001
-0.013989999045,0.0432501
-0.013979999045,0.0745001
-0.013969999045,0.0745001
-0.013959999045,0.0745001
-0.013949999045,0.0120001
-0.013939999045,0.0120001
-0.013929999045,0.10575
-0.013919999045,0.0432501
-0.013909999045,0.0432501
-0.013899999045,0.0432501
-0.013889999045,0.0745001
-0.013879999045,0.0745001
-0.013869999045,0.0745001
-0.013859999045,0.0120001
-0.013849999045,0.0745001
-0.013839999045,0.10575
-0.013829999045,0.0745001
-0.013819999045,0.0432501
-0.013809999045,0.0432501
-0.013799999045,0.0745001
-0.013789999045,0.0745001
-0.013779999045,0.0120001
-0.013769999045,0.0745001
-0.013759999045,0.0745001
-0.013749999045,0.0745001
-0.013739999045,0.0432501
-0.013729999045,0.0745001
-0.013719999045,0.0432501
-0.013709999045,0.0432501
-0.013699999045,0.0745001
-0.013689999045,0.0432501
-0.013679999045,0.10575
-0.013669999045,0.0432501
-0.013659999045,0.0745001
-0.013649999045,0.0432501
-0.013639999045,0.0745001
-0.013629999045,0.0432501
-0.013619999045,0.0745001
-0.013609999045,0.0432501
-0.013599999045,0.0432501
-0.013589999045,0.0432501
-0.013579999045,0.0745001
-0.013569999045,0.0120001
-0.013559999045,0.0432501
-0.013549999045,0.0432501
-0.013539999045,0.0432501
-0.013529999045,0.0745001
-0.013519999045,0.0120001
-0.013509999045,0.0745001
-0.013499999045,0.0432501
-0.013489999045,0.0745001
-0.013479999045,0.0745001
-0.013469999045,0.0432501
-0.013459999045,0.0745001
-0.013449999045,0.0745001
-0.013439999045,0.0120001
-0.013429999045,0.0745001
-0.013419999045,0.0432501
-0.013409999045,0.0745001
-0.013399999045,0.0745001
-0.013389999045,0.0432501
-0.013379999045,0.0432501
-0.013369999045,0.0432501
-0.013359999045,0.0432501
-0.013349999045,0.0432501
-0.013339999045,0.0432501
-0.013329999045,0.0432501
-0.013319999045,0.0120001
-0.013309999045,0.10575
-0.013299999045,0.0745001
-0.013289999045,0.0432501
-0.013279999045,0.0432501
-0.013269999045,0.0432501
-0.013259999045,0.0745001
-0.013249999045,0.0745001
-0.013239999045,0.0432501
-0.013229999045,0.0432501
-0.013219999045,0.0432501
-0.013209999045,0.0745001
-0.013199999045,0.0432501
-0.013189999045,0.0432501
-0.013179999045,0.0745001
-0.013169999045,0.0432501
-0.013159999045,0.0745001
-0.013149999045,0.0432501
-0.013139999045,0.0745001
-0.013129999045,0.0745001
-0.013119999045,0.0432501
-0.013109999045,0.0745001
-0.013099999045,0.0120001
-0.013089999045,0.0432501
-0.013079999045,0.0745001
-0.013069999045,0.0120001
-0.013059999045,0.0432501
-0.013049999045,0.0432501
-0.013039999045,0.0745001
-0.013029999045,0.0432501
-0.013019999045,0.0432501
-0.013009999045,0.0432501
-0.012999999045,0.0432501
-0.012989999045,0.0432501
-0.012979999045,0.0432501
-0.012969999045,0.0432501
-0.012959999045,0.0432501
-0.012949999045,0.0745001
-0.012939999045,0.0745001
-0.012929999045,0.0432501
-0.012919999045,0.0745001
-0.012909999045,0.0432501
-0.012899999045,0.0432501
-0.012889999045,0.0745001
-0.012879999045,0.0432501
-0.012869999045,0.0432501
-0.012859999045,0.0432501
-0.012849999045,0.0745001
-0.012839999045,0.0745001
-0.012829999045,0.0432501
-0.012819999045,0.0745001
-0.012809999045,0.0745001
-0.012799999045,0.0432501
-0.012789999045,0.0432501
-0.012779999045,0.0120001
-0.012769999045,0.0745001
-0.012759999045,0.0432501
-0.012749999045,0.0432501
-0.012739999045,0.0745001
-0.012729999045,0.0120001
-0.012719999045,0.0745001
-0.012709999045,0.0745001
-0.012699999045,0.0432501
-0.012689999045,0.0120001
-0.012679999045,0.0432501
-0.012669999045,0.0745001
-0.012659999045,0.0432501
-0.012649999045,0.0745001
-0.012639999045,0.0432501
-0.012629999045,0.0745001
-0.012619999045,0.0432501
-0.012609999045,0.0432501
-0.012599999045,0.0745001
-0.012589999045,0.0432501
-0.012579999045,0.0432501
-0.012569999045,0.0745001
-0.012559999045,0.0745001
-0.012549999045,0.0432501
-0.012539999045,0.0432501
-0.012529999045,0.0432501
-0.012519999045,0.0120001
-0.012509999045,0.0745001
-0.012499999045,0.0432501
-0.012489999045,0.0120001
-0.012479999045,0.0432501
-0.012469999045,0.0432501
-0.012459999045,0.0745001
-0.012449999045,0.0745001
-0.012439999045,0.0432501
-0.012429999045,0.0432501
-0.012419999045,0.0745001
-0.012409999045,0.0432501
-0.012399999045,0.0432501
-0.012389999045,0.0432501
-0.012379999045,0.0432501
-0.012369999045,0.0120001
-0.012359999045,0.0745001
-0.012349999045,0.0432501
-0.012339999045,0.0432501
-0.012329999045,0.0745001
-0.012319999045,0.0745001
-0.012309999045,0.0432501
-0.012299999045,0.0745001
-0.012289999045,0.0432501
-0.012279999045,0.0432501
-0.012269999045,0.0432501
-0.012259999045,0.0120001
-0.012249999045,0.0432501
-0.012239999045,0.0120001
-0.012229999045,0.0432501
-0.012219999045,0.0745001
-0.012209999045,0.0432501
-0.012199999045,0.0432501
-0.012189999045,0.0745001
-0.012179999045,0.0432501
-0.012169999045,0.0432501
-0.012159999045,0.0120001
-0.012149999045,0.0432501
-0.012139999045,0.0745001
-0.012129999045,0.0432501
-0.012119999045,0.0745001
-0.012109999045,0.0745001
-0.012099999045,0.0432501
-0.012089999045,0.0745001
-0.012079999045,0.0745001
-0.012069999045,0.0432501
-0.012059999045,0.0432501
-0.012049999045,0.0432501
-0.012039999045,0.0745001
-0.012029999045,0.0432501
-0.012019999045,0.0745001
-0.012009999045,0.0120001
-0.011999999045,0.0745001
-0.011989999045,0.0432501
-0.011979999045,0.10575
-0.011969999045,0.0432501
-0.011959999045,0.0745001
-0.011949999045,0.0432501
-0.011939999045,0.0745001
-0.011929999045,0.0745001
-0.011919999045,0.0432501
-0.011909999045,0.0432501
-0.011899999045,0.0745001
-0.011889999045,0.0745001
-0.011879999045,0.0120001
-0.011869999045,0.0432501
-0.011859999045,0.0432501
-0.011849999045,0.0745001
-0.011839999045,0.0745001
-0.011829999045,0.0432501
-0.011819999045,0.0745001
-0.011809999045,0.0432501
-0.011799999045,0.0745001
-0.011789999045,0.0745001
-0.011779999045,0.0745001
-0.011769999045,0.0432501
-0.011759999045,0.0120001
-0.011749999045,0.0745001
-0.011739999045,0.0432501
-0.011729999045,0.0432501
-0.011719999045,0.0745001
-0.011709999045,0.0745001
-0.011699999045,0.0432501
-0.011689999045,0.0745001
-0.011679999045,0.0745001
-0.011669999045,0.0432501
-0.011659999045,0.0120001
-0.011649999045,0.0432501
-0.011639999045,0.0432501
-0.011629999045,0.0745001
-0.011619999045,0.0432501
-0.011609999045,0.0432501
-0.011599999045,0.0432501
-0.011589999045,0.0745001
-0.011579999045,0.0432501
-0.011569999045,0.0745001
-0.011559999045,0.0745001
-0.011549999045,0.0745001
-0.011539999045,0.0432501
-0.011529999045,0.0745001
-0.011519999045,0.0745001
-0.011509999045,0.0745001
-0.011499999045,0.0745001
-0.011489999045,0.0432501
-0.011479999045,0.0432501
-0.011469999045,0.0745001
-0.011459999045,0.0745001
-0.011449999045,0.0432501
-0.011439999045,0.0432501
-0.011429999045,0.0745001
-0.011419999045,0.0745001
-0.011409999045,0.0432501
-0.011399999045,0.0432501
-0.011389999045,0.0745001
-0.011379999045,0.0120001
-0.011369999045,0.0432501
-0.011359999045,0.0745001
-0.011349999045,0.0432501
-0.011339999045,0.0745001
-0.011329999045,0.0745001
-0.011319999045,0.0745001
-0.011309999045,0.0432501
-0.011299999045,0.0432501
-0.011289999045,0.0432501
-0.011279999045,0.0745001
-0.011269999045,0.0432501
-0.011259999045,0.0745001
-0.011249999045,0.0745001
-0.011239999045,0.0432501
-0.011229999045,0.0432501
-0.011219999045,0.0432501
-0.011209999045,0.0432501
-0.011199999045,0.0745001
-0.011189999045,0.0745001
-0.011179999045,0.0432501
-0.011169999045,0.0745001
-0.011159999045,0.0745001
-0.011149999045,0.0745001
-0.011139999045,0.0432501
-0.011129999045,0.0432501
-0.011119999045,0.0432501
-0.011109999045,0.0745001
-0.011099999045,0.0432501
-0.011089999045,0.0745001
-0.011079999045,0.0432501
-0.011069999045,0.10575
-0.011059999045,0.0432501
-0.011049999045,0.0745001
-0.011039999045,0.0745001
-0.011029999045,0.0432501
-0.011019999045,0.0745001
-0.011009999045,0.0432501
-0.010999999045,0.0745001
-0.010989999045,0.0745001
-0.010979999045,0.0432501
-0.010969999045,0.10575
-0.010959999045,0.0745001
-0.010949999045,0.0745001
-0.010939999045,0.0432501
-0.010929999045,0.0432501
-0.010919999045,0.0432501
-0.010909999045,0.0745001
-0.010899999045,0.0745001
-0.010889999045,0.0745001
-0.010879999045,0.0745001
-0.010869999045,0.0745001
-0.010859999045,0.0432501
-0.010849999045,0.0432501
-0.010839999045,0.0432501
-0.010829999045,0.0432501
-0.010819999045,0.0745001
-0.010809999045,0.0432501
-0.010799999045,0.0432501
-0.010789999045,0.0745001
-0.010779999045,0.0432501
-0.010769999045,0.0120001
-0.010759999045,0.0432501
-0.010749999045,0.0432501
-0.010739999045,0.0745001
-0.010729999045,0.0432501
-0.010719999045,0.0432501
-0.010709999045,0.0745001
-0.010699999045,0.0745001
-0.010689999045,0.0432501
-0.010679999045,0.0120001
-0.010669999045,0.0745001
-0.010659999045,0.0120001
-0.010649999045,0.0432501
-0.010639999045,0.0432501
-0.010629999045,0.0745001
-0.010619999045,0.0745001
-0.010609999045,0.0432501
-0.010599999045,0.0432501
-0.010589999045,0.0745001
-0.010579999045,0.0432501
-0.010569999045,0.0432501
-0.010559999045,0.0745001
-0.010549999045,0.0432501
-0.010539999045,0.0432501
-0.010529999045,0.0432501
-0.010519999045,0.0745001
-0.010509999045,0.10575
-0.010499999045,0.0432501
-0.010489999045,0.0745001
-0.010479999045,0.0432501
-0.010469999045,0.0745001
-0.010459999045,0.0120001
-0.010449999045,0.0745001
-0.010439999045,0.0432501
-0.010429999045,0.0432501
-0.010419999045,0.0120001
-0.010409999045,0.0432501
-0.010399999045,0.0432501
-0.010389999045,0.0432501
-0.010379999045,0.0745001
-0.010369999045,0.0745001
-0.010359999045,0.0432501
-0.010349999045,0.0432501
-0.010339999045,0.0745001
-0.010329999045,0.0432501
-0.010319999045,0.0745001
-0.010309999045,0.0745001
-0.010299999045,0.0745001
-0.010289999045,0.0745001
-0.010279999045,0.0745001
-0.010269999045,0.0432501
-0.010259999045,0.0432501
-0.010249999045,0.0120001
-0.010239999045,0.0432501
-0.010229999045,0.0432501
-0.010219999045,0.0432501
-0.010209999045,0.0120001
-0.010199999045,0.0120001
-0.010189999045,0.0745001
-0.010179999045,0.0432501
-0.010169999045,0.0745001
-0.010159999045,0.0745001
-0.010149999045,0.0432501
-0.010139999045,0.0432501
-0.010129999045,0.0432501
-0.010119999045,0.0432501
-0.010109999045,0.0745001
-0.010099999045,0.0120001
-0.010089999045,0.0432501
-0.010079999045,0.0432501
-0.010069999045,0.0745001
-0.010059999045,0.0432501
-0.010049999045,0.0745001
-0.010039999045,0.0745001
-0.010029999045,0.0432501
-0.010019999045,0.0432501
-0.010009999045,0.0745001
-0.009999999045,0.0745001
-0.009989999045,0.0745001
-0.009979999045,0.0745001
-0.009969999045,0.0745001
-0.009959999045,0.0745001
-0.009949999045,0.0745001
-0.009939999045,0.0432501
-0.009929999045,0.0432501
-0.009919999045,0.0745001
-0.009909999045,0.0745001
-0.009899999045,0.0432501
-0.009889999045,0.0432501
-0.009879999045,0.0745001
-0.009869999045,0.0432501
-0.009859999045,0.0432501
-0.009849999045,0.0432501
-0.009839999045,0.0745001
-0.009829999045,0.0432501
-0.009819999045,0.0745001
-0.009809999045,0.0120001
-0.009799999045,0.0120001
-0.009789999045,0.0745001
-0.009779999045,0.0745001
-0.009769999045,0.0432501
-0.009759999045,0.0745001
-0.009749999045,0.0120001
-0.009739999045,0.0745001
-0.009729999045,0.0745001
-0.009719999045,0.0432501
-0.009709999045,0.0432501
-0.009699999045,0.0745001
-0.009689999045,0.0745001
-0.009679999045,0.0745001
-0.009669999045,0.0432501
-0.009659999045,0.0432501
-0.009649999045,0.0432501
-0.009639999045,0.0432501
-0.009629999045,0.0432501
-0.009619999045,0.0432501
-0.009609999045,0.0432501
-0.009599999045,0.0120001
-0.009589999045,0.0432501
-0.009579999045,0.0432501
-0.009569999045,0.0745001
-0.009559999045,0.0745001
-0.009549999045,0.0432501
-0.009539999045,0.0745001
-0.009529999045,0.0432501
-0.009519999045,0.0432501
-0.009509999045,0.0432501
-0.009499999045,0.0432501
-0.009489999045,0.0120001
-0.009479999045,0.0745001
-0.009469999045,0.0432501
-0.009459999045,0.0432501
-0.009449999045,0.0432501
-0.009439999045,0.0432501
-0.009429999045,0.0745001
-0.009419999045,0.0745001
-0.009409999045,0.0432501
-0.009399999045,0.0745001
-0.009389999045,0.0432501
-0.009379999045,0.0745001
-0.009369999045,0.0432501
-0.009359999045,0.0432501
-0.009349999045,0.0745001
-0.009339999045,0.0745001
-0.009329999045,0.0432501
-0.009319999045,0.0432501
-0.009309999045,0.0745001
-0.009299999045,0.0745001
-0.009289999045,0.0120001
-0.009279999045,0.0745001
-0.009269999045,0.0432501
-0.009259999045,0.0432501
-0.009249999045,0.0432501
-0.009239999045,0.0745001
-0.009229999045,0.10575
-0.009219999045,0.0745001
-0.009209999045,0.0432501
-0.009199999045,0.0745001
-0.009189999045,0.0745001
-0.009179999045,0.0432501
-0.009169999045,0.0745001
-0.009159999045,0.0432501
-0.009149999045,0.0745001
-0.009139999045,0.0745001
-0.009129999045,0.0432501
-0.009119999045,0.0745001
-0.009109999045,0.0745001
-0.009099999045,0.0432501
-0.009089999045,0.0120001
-0.009079999045,0.0432501
-0.009069999045,0.0432501
-0.009059999045,0.0745001
-0.009049999045,0.0745001
-0.009039999045,0.0745001
-0.009029999045,0.0745001
-0.009019999045,0.0432501
-0.009009999045,0.0432501
-0.008999999045,0.0120001
-0.008989999045,0.0120001
-0.008979999045,0.0745001
-0.008969999045,0.0745001
-0.008959999045,0.10575
-0.008949999045,0.0745001
-0.008939999045,0.0745001
-0.008929999045,0.0432501
-0.008919999045,0.0745001
-0.008909999045,0.0432501
-0.008899999045,0.0745001
-0.008889999045,0.0432501
-0.008879999045,0.0745001
-0.008869999045,0.0432501
-0.008859999045,0.0432501
-0.008849999045,0.0745001
-0.008839999045,0.0745001
-0.008829999045,0.10575
-0.008819999045,0.10575
-0.008809999045,0.0745001
-0.008799999045,0.0432501
-0.008789999045,0.0432501
-0.008779999045,0.0432501
-0.008769999045,0.0432501
-0.008759999045,0.0745001
-0.008749999045,0.0745001
-0.008739999045,0.0745001
-0.008729999045,0.0745001
-0.008719999045,0.0432501
-0.008709999045,0.0745001
-0.008699999045,0.0432501
-0.008689999045,0.0745001
-0.008679999045,0.0745001
-0.008669999045,0.0745001
-0.008659999045,0.0432501
-0.008649999045,0.0432501
-0.008639999045,0.0745001
-0.008629999045,0.0432501
-0.008619999045,0.0745001
-0.008609999045,0.10575
-0.008599999045,0.0745001
-0.008589999045,0.0745001
-0.008579999045,0.0432501
-0.008569999045,0.0745001
-0.008559999045,0.0745001
-0.008549999045,0.0745001
-0.008539999045,0.0432501
-0.008529999045,0.0745001
-0.008519999045,0.0745001
-0.008509999045,0.0745001
-0.008499999045,0.0432501
-0.008489999045,0.0745001
-0.008479999045,0.0432501
-0.008469999045,0.10575
-0.008459999045,0.10575
-0.008449999045,0.0745001
-0.008439999045,0.0432501
-0.008429999045,0.0432501
-0.008419999045,0.0745001
-0.008409999045,0.0745001
-0.008399999045,0.0745001
-0.008389999045,0.0745001
-0.008379999045,0.0432501
-0.008369999045,0.0745001
-0.008359999045,0.0745001
-0.008349999045,0.0745001
-0.008339999045,0.0432501
-0.008329999045,0.0745001
-0.008319999045,0.0745001
-0.008309999045,0.0745001
-0.008299999045,0.10575
-0.008289999045,0.0432501
-0.008279999045,0.0745001
-0.008269999045,0.0432501
-0.008259999045,0.10575
-0.008249999045,0.0432501
-0.008239999045,0.0432501
-0.008229999045,0.0745001
-0.008219999045,0.0745001
-0.008209999045,0.0745001
-0.008199999045,0.0432501
-0.008189999045,0.0432501
-0.008179999045,0.10575
-0.008169999045,0.0432501
-0.008159999045,0.0745001
-0.008149999045,0.0432501
-0.008139999045,0.0745001
-0.008129999045,0.0432501
-0.008119999045,0.0745001
-0.008109999045,0.0745001
-0.008099999045,0.0745001
-0.008089999045,0.0745001
-0.008079999045,0.0745001
-0.008069999045,0.10575
-0.008059999045,0.0745001
-0.008049999045,0.10575
-0.008039999045,0.0745001
-0.008029999045,0.0745001
-0.008019999045,0.0745001
-0.008009999045,0.0745001
-0.007999999045,0.10575
-0.007989999045,0.0745001
-0.007979999045,0.0745001
-0.007969999045,0.10575
-0.007959999045,0.0432501
-0.007949999045,0.0745001
-0.007939999045,0.0745001
-0.007929999045,0.0745001
-0.007919999045,0.0745001
-0.007909999045,0.0120001
-0.007899999045,0.0432501
-0.007889999045,0.0745001
-0.007879999045,0.0432501
-0.007869999045,0.0745001
-0.007859999045,0.0432501
-0.007849999045,0.0745001
-0.007839999045,0.0432501
-0.007829999045,0.0432501
-0.007819999045,0.0745001
-0.007809999045,0.0745001
-0.007799999045,0.0745001
-0.007789999045,0.0745001
-0.007779999045,0.0745001
-0.007769999045,0.0745001
-0.007759999045,0.0432501
-0.007749999045,0.0745001
-0.007739999045,0.0745001
-0.007729999045,0.10575
-0.007719999045,0.0432501
-0.007709999045,0.0432501
-0.007699999045,0.0432501
-0.007689999045,0.0745001
-0.007679999045,0.0120001
-0.007669999045,0.0745001
-0.007659999045,0.0745001
-0.007649999045,0.0120001
-0.007639999045,0.0745001
-0.007629999045,0.0432501
-0.007619999045,0.10575
-0.007609999045,0.0432501
-0.007599999045,0.0432501
-0.007589999045,0.10575
-0.007579999045,0.0432501
-0.007569999045,0.0745001
-0.007559999045,0.0432501
-0.007549999045,0.0745001
-0.007539999045,0.0745001
-0.007529999045,0.0432501
-0.007519999045,0.0745001
-0.007509999045,0.0745001
-0.007499999045,0.0745001
-0.007489999045,0.0745001
-0.007479999045,0.0745001
-0.007469999045,0.0745001
-0.007459999045,0.0745001
-0.007449999045,0.10575
-0.007439999045,0.10575
-0.007429999045,0.10575
-0.007419999045,0.0432501
-0.007409999045,0.0745001
-0.007399999045,0.0432501
-0.007389999045,0.0432501
-0.007379999045,0.0745001
-0.007369999045,0.0432501
-0.007359999045,0.0745001
-0.007349999045,0.0745001
-0.007339999045,0.0745001
-0.007329999045,0.0745001
-0.007319999045,0.0745001
-0.007309999045,0.10575
-0.007299999045,0.0745001
-0.007289999045,0.0745001
-0.007279999045,0.0432501
-0.007269999045,0.0745001
-0.007259999045,0.0432501
-0.007249999045,0.0745001
-0.007239999045,0.10575
-0.007229999045,0.0745001
-0.007219999045,0.0432501
-0.007209999045,0.0432501
-0.007199999045,0.0432501
-0.007189999045,0.0745001
-0.007179999045,0.0745001
-0.007169999045,0.0432501
-0.007159999045,0.0432501
-0.007149999045,0.0745001
-0.007139999045,0.0745001
-0.007129999045,0.0432501
-0.007119999045,0.0745001
-0.007109999045,0.0432501
-0.007099999045,0.0745001
-0.007089999045,0.0432501
-0.007079999045,0.0745001
-0.007069999045,0.0745001
-0.007059999045,0.10575
-0.007049999045,0.0745001
-0.007039999045,0.0432501
-0.007029999045,0.0745001
-0.007019999045,0.0432501
-0.007009999045,0.0432501
-0.006999999045,0.0745001
-0.006989999045,0.0432501
-0.006979999045,0.0745001
-0.006969999045,0.0120001
-0.006959999045,0.0745001
-0.006949999045,0.0745001
-0.006939999045,0.0745001
-0.006929999045,0.10575
-0.006919999045,0.0745001
-0.006909999045,0.0745001
-0.006899999045,0.0745001
-0.006889999045,0.0745001
-0.006879999045,0.0745001
-0.006869999045,0.0432501
-0.006859999045,0.0745001
-0.006849999045,0.0745001
-0.006839999045,0.0432501
-0.006829999045,0.0745001
-0.006819999045,0.0745001
-0.006809999045,0.10575
-0.006799999045,0.0432501
-0.006789999045,0.0432501
-0.006779999045,0.0432501
-0.006769999045,0.10575
-0.006759999045,0.0745001
-0.006749999045,0.0432501
-0.006739999045,0.0745001
-0.006729999045,0.0432501
-0.006719999045,0.0745001
-0.006709999045,0.0432501
-0.006699999045,0.0432501
-0.006689999045,0.0745001
-0.006679999045,0.0745001
-0.006669999045,0.0745001
-0.006659999045,0.0432501
-0.006649999045,0.0745001
-0.006639999045,0.0745001
-0.006629999045,0.0745001
-0.006619999045,0.0432501
-0.006609999045,0.0745001
-0.006599999045,0.0745001
-0.006589999045,0.0745001
-0.006579999045,0.0745001
-0.006569999045,0.10575
-0.006559999045,0.0745001
-0.006549999045,0.0745001
-0.006539999045,0.10575
-0.006529999045,0.0432501
-0.006519999045,0.0745001
-0.006509999045,0.0432501
-0.006499999045,0.0745001
-0.006489999045,0.10575
-0.006479999045,0.0432501
-0.006469999045,0.0745001
-0.006459999045,0.0432501
-0.006449999045,0.10575
-0.006439999045,0.0432501
-0.006429999045,0.0432501
-0.006419999045,0.0432501
-0.006409999045,0.0745001
-0.006399999045,0.0745001
-0.006389999045,0.0120001
-0.006379999045,0.0745001
-0.006369999045,0.0432501
-0.006359999045,0.0745001
-0.006349999045,0.10575
-0.006339999045,0.0745001
-0.006329999045,0.0745001
-0.006319999045,0.0432501
-0.006309999045,0.0745001
-0.006299999045,0.0745001
-0.006289999045,0.0745001
-0.006279999045,0.0745001
-0.006269999045,0.0745001
-0.006259999045,0.0745001
-0.006249999045,0.0745001
-0.006239999045,0.0745001
-0.006229999045,0.0745001
-0.006219999045,0.0745001
-0.006209999045,0.0745001
-0.006199999045,0.0745001
-0.006189999045,0.0745001
-0.006179999045,0.0432501
-0.006169999045,0.0745001
-0.006159999045,0.0432501
-0.006149999045,0.0432501
-0.006139999045,0.0745001
-0.006129999045,0.0745001
-0.006119999045,0.0432501
-0.006109999045,0.0745001
-0.006099999045,0.0745001
-0.006089999045,0.10575
-0.006079999045,0.10575
-0.006069999045,0.10575
-0.006059999045,0.0745001
-0.006049999045,0.0745001
-0.006039999045,0.137
-0.006029999045,0.0745001
-0.006019999045,0.0745001
-0.006009999045,0.0432501
-0.005999999045,0.0745001
-0.005989999045,0.0432501
-0.005979999045,0.0745001
-0.005969999045,0.0745001
-0.005959999045,0.0745001
-0.005949999045,0.0745001
-0.005939999045,0.10575
-0.005929999045,0.0745001
-0.005919999045,0.0745001
-0.005909999045,0.0745001
-0.005899999045,0.0745001
-0.005889999045,0.0745001
-0.005879999045,0.0745001
-0.005869999045,0.0745001
-0.005859999045,0.0432501
-0.005849999045,0.0745001
-0.005839999045,0.0432501
-0.005829999045,0.0745001
-0.005819999045,0.0432501
-0.005809999045,0.0432501
-0.005799999045,0.0745001
-0.005789999045,0.10575
-0.005779999045,0.0745001
-0.005769999045,0.0745001
-0.005759999045,0.0745001
-0.005749999045,0.0745001
-0.005739999045,0.0745001
-0.005729999045,0.10575
-0.005719999045,0.0745001
-0.005709999045,0.0432501
-0.005699999045,0.0745001
-0.005689999045,0.0745001
-0.005679999045,0.0745001
-0.005669999045,0.0745001
-0.005659999045,0.0432501
-0.005649999045,0.0745001
-0.005639999045,0.0745001
-0.005629999045,0.0745001
-0.005619999045,0.0432501
-0.005609999045,0.0432501
-0.005599999045,0.0432501
-0.005589999045,0.0432501
-0.005579999045,0.0432501
-0.005569999045,0.10575
-0.005559999045,0.0432501
-0.005549999045,0.0745001
-0.005539999045,0.0745001
-0.005529999045,0.0745001
-0.005519999045,0.0745001
-0.005509999045,0.0432501
-0.005499999045,0.0432501
-0.005489999045,0.10575
-0.005479999045,0.0745001
-0.005469999045,0.0745001
-0.005459999045,0.10575
-0.005449999045,0.0432501
-0.005439999045,0.0432501
-0.005429999045,0.0745001
-0.005419999045,0.0745001
-0.005409999045,0.0745001
-0.005399999045,0.0432501
-0.005389999045,0.0745001
-0.005379999045,0.0745001
-0.005369999045,0.10575
-0.005359999045,0.0745001
-0.005349999045,0.0432501
-0.005339999045,0.0745001
-0.005329999045,0.0432501
-0.005319999045,0.0745001
-0.005309999045,0.0745001
-0.005299999045,0.0432501
-0.005289999045,0.0745001
-0.005279999045,0.0745001
-0.005269999045,0.0432501
-0.005259999045,0.0745001
-0.005249999045,0.10575
-0.005239999045,0.0745001
-0.005229999045,0.0432501
-0.005219999045,0.0432501
-0.005209999045,0.10575
-0.005199999045,0.0745001
-0.005189999045,0.0745001
-0.005179999045,0.0745001
-0.005169999045,0.0745001
-0.005159999045,0.0745001
-0.005149999045,0.0745001
-0.005139999045,0.10575
-0.005129999045,0.0745001
-0.005119999045,0.0745001
-0.005109999045,0.10575
-0.005099999045,0.0745001
-0.005089999045,0.0745001
-0.005079999045,0.0745001
-0.005069999045,0.0745001
-0.005059999045,0.10575
-0.005049999045,0.0745001
-0.005039999045,0.10575
-0.005029999045,0.0745001
-0.005019999045,0.0745001
-0.005009999045,0.0745001
-0.004999999045,0.0745001
-0.004989999045,0.0432501
-0.004979999045,0.0745001
-0.004969999045,0.0745001
-0.004959999045,0.0745001
-0.004949999045,0.0745001
-0.004939999045,0.0745001
-0.004929999045,0.0432501
-0.004919999045,0.0432501
-0.004909999045,0.0432501
-0.004899999045,0.0745001
-0.004889999045,0.0745001
-0.004879999045,0.10575
-0.004869999045,0.0120001
-0.004859999045,0.0745001
-0.004849999045,0.0745001
-0.004839999045,0.0745001
-0.004829999045,0.0745001
-0.004819999045,0.0120001
-0.004809999045,0.0745001
-0.004799999045,0.0745001
-0.004789999045,0.0745001
-0.004779999045,0.0745001
-0.004769999045,0.0745001
-0.004759999045,0.0745001
-0.004749999045,0.10575
-0.004739999045,0.0745001
-0.004729999045,0.0745001
-0.004719999045,0.0745001
-0.004709999045,0.0432501
-0.004699999045,0.10575
-0.004689999045,0.10575
-0.004679999045,0.10575
-0.004669999045,0.0432501
-0.004659999045,0.0432501
-0.004649999045,0.10575
-0.004639999045,0.0432501
-0.004629999045,0.0432501
-0.004619999045,0.10575
-0.004609999045,0.10575
-0.004599999045,0.0745001
-0.004589999045,0.0745001
-0.004579999045,0.0745001
-0.004569999045,0.0745001
-0.004559999045,0.0745001
-0.004549999045,0.0745001
-0.004539999045,0.0745001
-0.004529999045,0.0432501
-0.004519999045,0.10575
-0.004509999045,0.0432501
-0.004499999045,0.0745001
-0.004489999045,0.0432501
-0.004479999045,0.0745001
-0.004469999045,0.0745001
-0.004459999045,0.0745001
-0.004449999045,0.10575
-0.004439999045,0.0745001
-0.004429999045,0.0745001
-0.004419999045,0.0432501
-0.004409999045,0.10575
-0.004399999045,0.0745001
-0.004389999045,0.0745001
-0.004379999045,0.0745001
-0.004369999045,0.0745001
-0.004359999045,0.0432501
-0.004349999045,0.0745001
-0.004339999045,0.0432501
-0.004329999045,0.0745001
-0.004319999045,0.0745001
-0.004309999045,0.0745001
-0.004299999045,0.0432501
-0.004289999045,0.0745001
-0.004279999045,0.10575
-0.004269999045,0.10575
-0.004259999045,0.0745001
-0.004249999045,0.0432501
-0.004239999045,0.10575
-0.004229999045,0.0745001
-0.004219999045,0.0745001
-0.004209999045,0.0432501
-0.004199999045,0.0745001
-0.004189999045,0.0745001
-0.004179999045,0.0745001
-0.004169999045,0.0432501
-0.004159999045,0.0432501
-0.004149999045,0.0745001
-0.004139999045,0.0745001
-0.004129999045,0.0745001
-0.004119999045,0.0745001
-0.004109999045,0.0745001
-0.004099999045,0.0745001
-0.004089999045,0.0432501
-0.004079999045,0.0745001
-0.004069999045,0.0745001
-0.004059999045,0.10575
-0.004049999045,0.0745001
-0.004039999045,0.0432501
-0.004029999045,0.0745001
-0.004019999045,0.10575
-0.004009999045,0.0745001
-0.003999999045,0.0745001
-0.003989999045,0.0745001
-0.003979999045,0.0745001
-0.003969999045,0.0432501
-0.003959999045,0.0745001
-0.003949999045,0.0745001
-0.003939999045,0.0745001
-0.003929999045,0.0745001
-0.003919999045,0.10575
-0.003909999045,0.10575
-0.003899999045,0.0745001
-0.003889999045,0.10575
-0.003879999045,0.10575
-0.003869999045,0.0745001
-0.003859999045,0.0745001
-0.003849999045,0.0432501
-0.003839999045,0.10575
-0.003829999045,0.0120001
-0.003819999045,0.0432501
-0.003809999045,0.0432501
-0.003799999045,0.10575
-0.003789999045,0.0745001
-0.003779999045,0.0745001
-0.003769999045,0.0745001
-0.003759999045,0.0432501
-0.003749999045,0.0745001
-0.003739999045,0.0745001
-0.003729999045,0.0745001
-0.003719999045,0.0745001
-0.003709999045,0.0745001
-0.003699999045,0.0745001
-0.003689999045,0.0432501
-0.003679999045,0.10575
-0.003669999045,0.0745001
-0.003659999045,0.0745001
-0.003649999045,0.0745001
-0.003639999045,0.0745001
-0.003629999045,0.0745001
-0.003619999045,0.10575
-0.003609999045,0.0745001
-0.003599999045,0.0745001
-0.003589999045,0.10575
-0.003579999045,0.10575
-0.003569999045,0.0745001
-0.003559999045,0.0745001
-0.003549999045,0.0432501
-0.003539999045,0.10575
-0.003529999045,0.0432501
-0.003519999045,0.0745001
-0.003509999045,0.10575
-0.003499999045,0.0745001
-0.003489999045,0.10575
-0.003479999045,0.0745001
-0.003469999045,0.0432501
-0.003459999045,0.0745001
-0.003449999045,0.0745001
-0.003439999045,0.0745001
-0.003429999045,0.0745001
-0.003419999045,0.10575
-0.003409999045,0.0745001
-0.003399999045,0.0745001
-0.003389999045,0.0745001
-0.003379999045,0.0745001
-0.003369999045,0.10575
-0.003359999045,0.0432501
-0.003349999045,0.0745001
-0.003339999045,0.0745001
-0.003329999045,0.0745001
-0.003319999045,0.10575
-0.003309999045,0.10575
-0.003299999045,0.10575
-0.003289999045,0.0745001
-0.003279999045,0.10575
-0.003269999045,0.10575
-0.003259999045,0.0432501
-0.003249999045,0.10575
-0.003239999045,0.0745001
-0.003229999045,0.0745001
-0.003219999045,0.0745001
-0.003209999045,0.0745001
-0.003199999045,0.0745001
-0.003189999045,0.0745001
-0.003179999045,0.0432501
-0.003169999045,0.0745001
-0.003159999045,0.0745001
-0.003149999045,0.0745001
-0.003139999045,0.0432501
-0.003129999045,0.0745001
-0.003119999045,0.0745001
-0.003109999045,0.0745001
-0.003099999045,0.0745001
-0.003089999045,0.137
-0.003079999045,0.0745001
-0.003069999045,0.0745001
-0.003059999045,0.0745001
-0.003049999045,0.0745001
-0.003039999045,0.0745001
-0.003029999045,0.0745001
-0.003019999045,0.0745001
-0.003009999045,0.0745001
-0.002999999045,0.0745001
-0.002989999045,0.0432501
-0.002979999045,0.0432501
-0.002969999045,0.0745001
-0.002959999045,0.0745001
-0.002949999045,0.0745001
-0.002939999045,0.0745001
-0.002929999045,0.10575
-0.002919999045,0.10575
-0.002909999045,0.0432501
-0.002899999045,0.0745001
-0.002889999045,0.0745001
-0.002879999045,0.0432501
-0.002869999045,0.0745001
-0.002859999045,0.0432501
-0.002849999045,0.0745001
-0.002839999045,0.0745001
-0.002829999045,0.10575
-0.002819999045,0.0745001
-0.002809999045,0.0745001
-0.002799999045,0.0745001
-0.002789999045,0.137
-0.002779999045,0.0432501
-0.002769999045,0.0745001
-0.002759999045,0.0745001
-0.002749999045,0.0745001
-0.002739999045,0.0432501
-0.002729999045,0.0745001
-0.002719999045,0.10575
-0.002709999045,0.0745001
-0.002699999045,0.10575
-0.002689999045,0.137
-0.002679999045,0.0432501
-0.002669999045,0.10575
-0.002659999045,0.0745001
-0.002649999045,0.10575
-0.002639999045,0.0745001
-0.002629999045,0.0745001
-0.002619999045,0.10575
-0.002609999045,0.0745001
-0.002599999045,0.0745001
-0.002589999045,0.0745001
-0.002579999045,0.0745001
-0.002569999045,0.0432501
-0.002559999045,0.0745001
-0.002549999045,0.10575
-0.002539999045,0.0745001
-0.002529999045,0.0745001
-0.002519999045,0.10575
-0.002509999045,0.0745001
-0.002499999045,0.0745001
-0.002489999045,0.0745001
-0.002479999045,0.0432501
-0.002469999045,0.10575
-0.002459999045,0.0745001
-0.002449999045,0.0745001
-0.002439999045,0.10575
-0.002429999045,0.10575
-0.002419999045,0.0432501
-0.002409999045,0.0745001
-0.002399999045,0.0745001
-0.002389999045,0.10575
-0.002379999045,0.0745001
-0.002369999045,0.0745001
-0.002359999045,0.0745001
-0.002349999045,0.0745001
-0.002339999045,0.0745001
-0.002329999045,0.0120001
-0.002319999045,0.0745001
-0.002309999045,0.0745001
-0.002299999045,0.0745001
-0.002289999045,0.0745001
-0.002279999045,0.0745001
-0.002269999045,0.0432501
-0.002259999045,0.0745001
-0.002249999045,0.0745001
-0.002239999045,0.0745001
-0.002229999045,0.0745001
-0.002219999045,0.0745001
-0.002209999045,0.10575
-0.002199999045,0.0745001
-0.002189999045,0.0745001
-0.002179999045,0.0745001
-0.002169999045,0.0745001
-0.002159999045,0.0745001
-0.002149999045,0.0745001
-0.002139999045,0.0745001
-0.002129999045,0.0432501
-0.002119999045,0.0745001
-0.002109999045,0.0432501
-0.002099999045,0.10575
-0.002089999045,0.0432501
-0.002079999045,0.0745001
-0.002069999045,0.10575
-0.002059999045,0.0432501
-0.002049999045,0.0432501
-0.002039999045,0.0432501
-0.002029999045,0.0745001
-0.002019999045,0.0745001
-0.002009999045,0.0745001
-0.001999999045,0.0432501
-0.001989999045,0.0745001
-0.001979999045,0.0432501
-0.001969999045,0.10575
-0.001959999045,0.0745001
-0.001949999045,0.0745001
-0.001939999045,0.10575
-0.001929999045,0.0432501
-0.001919999045,0.0745001
-0.001909999045,0.0745001
-0.001899999045,0.10575
-0.001889999045,0.0432501
-0.001879999045,0.0745001
-0.001869999045,0.10575
-0.001859999045,0.0745001
-0.001849999045,0.0745001
-0.001839999045,0.0745001
-0.001829999045,0.0432501
-0.001819999045,0.0745001
-0.001809999045,0.0745001
-0.001799999045,0.0745001
-0.001789999045,0.0432501
-0.001779999045,0.0745001
-0.001769999045,0.0745001
-0.001759999045,0.0745001
-0.001749999045,0.0745001
-0.001739999045,0.10575
-0.001729999045,0.0745001
-0.001719999045,0.0745001
-0.001709999045,0.0745001
-0.001699999045,0.0432501
-0.001689999045,0.0745001
-0.001679999045,0.0745001
-0.001669999045,0.0745001
-0.001659999045,0.10575
-0.001649999045,0.10575
-0.001639999045,0.0745001
-0.001629999045,0.0745001
-0.001619999045,0.0432501
-0.001609999045,0.0432501
-0.001599999045,0.0432501
-0.001589999045,0.0745001
-0.001579999045,0.0745001
-0.001569999045,0.0745001
-0.001559999045,0.0745001
-0.001549999045,0.0745001
-0.001539999045,0.0745001
-0.001529999045,0.10575
-0.001519999045,0.10575
-0.001509999045,0.0745001
-0.001499999045,0.0745001
-0.001489999045,0.0745001
-0.001479999045,0.0745001
-0.001469999045,0.10575
-0.001459999045,0.0745001
-0.001449999045,0.10575
-0.001439999045,0.0745001
-0.001429999045,0.0745001
-0.001419999045,0.0432501
-0.001409999045,0.0432501
-0.001399999045,0.0745001
-0.001389999045,0.10575
-0.001379999045,0.0745001
-0.001369999045,0.0432501
-0.001359999045,0.0745001
-0.001349999045,0.0745001
-0.001339999045,0.0745001
-0.001329999045,0.0745001
-0.001319999045,0.0432501
-0.001309999045,0.10575
-0.001299999045,0.10575
-0.001289999045,0.10575
-0.001279999045,0.0745001
-0.001269999045,0.0745001
-0.001259999045,0.0745001
-0.001249999045,0.0745001
-0.001239999045,0.0432501
-0.001229999045,0.0745001
-0.001219999045,0.0745001
-0.001209999045,0.0745001
-0.001199999045,0.0745001
-0.001189999045,0.0745001
-0.001179999045,0.10575
-0.001169999045,0.0745001
-0.001159999045,0.0745001
-0.001149999045,0.0745001
-0.001139999045,0.0745001
-0.001129999045,0.0745001
-0.001119999045,0.0745001
-0.001109999045,0.137
-0.001099999045,0.10575
-0.001089999045,0.137
-0.001079999045,0.137
-0.001069999045,0.137
-0.001059999045,0.16825
-0.001049999045,0.16825
-0.001039999045,0.16825
-0.001029999045,0.137
-0.001019999045,0.137
-0.001009999045,0.137
-0.000999999045,0.16825
-0.000989999045,0.16825
-0.000979999045,0.137
-0.000969999045,0.41825
-0.000959999045,0.35575
-0.000949999045,0.29325
-0.000939999045,0.23075
-0.000929999045,0.137
-0.000919999045,0.10575
-0.000909999045,0.10575
-0.000899999045,0.10575
-0.000889999045,0.0120001
-0.000879999045,0.0432501
-0.000869999045,0.0432501
-0.000859999045,0.0120001
-0.000849999045,0.0432501
-0.000839999045,0.0432501
-0.000829999045,0.0120001
-0.000819999045,-0.0192499
-0.000809999045,-0.0192499
-0.000799999045,-0.0192499
-0.000789999045,-0.0192499
-0.000779999045,-0.0192499
-0.000769999045,-0.0192499
-0.000759999045,0.0120001
-0.000749999045,-0.0192499
-0.000739999045,0.0120001
-0.000729999045,-0.0192499
-0.000719999045,0.0120001
-0.000709999045,-0.0192499
-0.000699999045,0.0120001
-0.000689999045,0.0120001
-0.000679999045,0.0120001
-0.000669999045,-0.0192499
-0.000659999045,0.0120001
-0.000649999045,-0.0192499
-0.000639999045,-0.0192499
-0.000629999045,-0.0192499
-0.000619999045,0.0120001
-0.000609999045,0.0120001
-0.000599999045,0.0120001
-0.000589999045,-0.0504999
-0.000579999045,-0.0192499
-0.000569999045,0.0120001
-0.000559999045,-0.0504999
-0.000549999045,0.0120001
-0.000539999045,0.0120001
-0.000529999045,0.0120001
-0.000519999045,-0.0192499
-0.000509999045,0.0120001
-0.000499999045,0.0120001
-0.000489999045,-0.0192499
-0.000479999045,-0.0192499
-0.000469999045,0.0432501
-0.000459999045,0.0120001
-0.000449999045,-0.0192499
-0.000439999045,-0.0192499
-0.000429999045,0.0120001
-0.000419999045,-0.0192499
-0.000409999045,0.0120001
-0.000399999045,-0.0192499
-0.000389999045,-0.0192499
-0.000379999045,-0.0192499
-0.000369999045,-0.0192499
-0.000359999045,0.0120001
-0.000349999045,-0.0192499
-0.000339999045,0.0120001
-0.000329999045,0.0120001
-0.000319999045,-0.0192499
-0.000309999045,-0.0192499
-0.000299999045,-0.0192499
-0.000289999045,0.0120001
-0.000279999045,-0.0192499
-0.000269999045,-0.0192499
-0.000259999045,-0.0504999
-0.000249999045,0.0120001
-0.000239999045,-0.0192499
-0.000229999045,-0.0192499
-0.000219999045,-0.0192499
-0.000209999045,0.0432501
-0.000199999045,-0.0192499
-0.000189999045,0.0120001
-0.000179999045,0.0120001
-0.000169999045,0.0120001
-0.000159999045,-0.0504999
-0.000149999045,-0.0192499
-0.000139999045,0.0432501
-0.000129999045,0.0120001
-0.000119999045,-0.0192499
-0.000109999045,-0.0192499
-9.9999045e-05,-0.0192499
-8.9999045e-05,-0.0192499
-7.9999045e-05,-0.0192499
-6.9999045e-05,0.0120001
-5.9999045e-05,-0.0192499
-4.9999045e-05,0.0120001
-3.9999045e-05,-0.0192499
-2.9999045e-05,-0.0504999
-1.9999045e-05,0.0120001
-9.999045e-06,-0.0192499
9.5499999922e-10,-0.0192499
1.0000955e-05,-0.0192499
2.0000955e-05,0.0120001
3.0000955e-05,-0.0504999
4.0000955e-05,-0.0192499
5.0000955e-05,0.0120001
6.0000955e-05,-0.0192499
7.0000955e-05,-0.0504999
8.0000955e-05,-0.0192499
9.0000955e-05,-0.0192499
0.000100000955,-0.0192499
0.000110000955,-0.0192499
0.000120000955,-0.0504999
0.000130000955,-0.0192499
0.000140000955,-0.0192499
0.000150000955,-0.0192499
0.000160000955,-0.0192499
0.000170000955,-0.0192499
0.000180000955,-0.0192499
0.000190000955,-0.0192499
0.000200000955,-0.0192499
0.000210000955,-0.0192499
0.000220000955,-0.0192499
0.000230000955,0.0120001
0.000240000955,-0.0192499
0.000250000955,-0.0192499
0.000260000955,-0.0192499
0.000270000955,-0.0192499
0.000280000955,-0.0504999
0.000290000955,0.0120001
0.000300000955,-0.0192499
0.000310000955,-0.0504999
0.000320000955,0.0120001
0.000330000955,-0.0192499
0.000340000955,-0.0504999
0.000350000955,0.0120001
0.000360000955,-0.0192499
0.000370000955,0.0120001
0.000380000955,-0.0504999
0.000390000955,-0.0192499
0.000400000955,0.0120001
0.000410000955,-0.0192499
0.000420000955,-0.0192499
0.000430000955,-0.0192499
0.000440000955,-0.0192499
0.000450000955,-0.0504999
0.000460000955,-0.0192499
0.000470000955,-0.0192499
0.000480000955,-0.0192499
0.000490000955,-0.0192499
0.000500000955,0.0120001
0.000510000955,0.0120001
0.000520000955,-0.0504999
0.000530000955,-0.0192499
0.000540000955,-0.0192499
0.000550000955,-0.0192499
0.000560000955,0.0120001
0.000570000955,-0.0192499
0.000580000955,-0.0192499
0.000590000955,-0.0504999
0.000600000955,0.0120001
0.000610000955,0.0120001
0.000620000955,-0.0192499
0.000630000955,-0.0192499
0.000640000955,-0.0192499
0.000650000955,0.0120001
0.000660000955,-0.0504999
0.000670000955,-0.0192499
0.000680000955,0.0120001
0.000690000955,-0.0192499
0.000700000955,0.0120001
0.000710000955,-0.0192499
0.000720000955,-0.0192499
0.000730000955,-0.0504999
0.000740000955,0.0120001
0.000750000955,0.0120001
0.000760000955,0.0120001
0.000770000955,-0.0192499
0.000780000955,-0.0192499
0.000790000955,-0.0504999
0.000800000955,-0.0192499
0.000810000955,-0.0192499
0.000820000955,-0.0192499
0.000830000955,0.0120001
0.000840000955,-0.0192499
0.000850000955,0.0120001
0.000860000955,-0.0192499
0.000870000955,-0.0192499
0.000880000955,-0.0192499
0.000890000955,-0.0192499
0.000900000955,-0.0192499
0.000910000955,-0.0192499
0.000920000955,-0.0192499
0.000930000955,0.0120001
0.000940000955,-0.0192499
0.000950000955,-0.0192499
0.000960000955,0.0120001
0.000970000955,-0.0192499
0.000980000955,0.0120001
0.000990000955,-0.0504999
0.001000000955,-0.0192499
0.001010000955,-0.0192499
0.001020000955,-0.0504999
0.001030000955,-0.0192499
0.001040000955,-0.0192499
0.001050000955,-0.0192499
0.001060000955,0.0120001
0.001070000955,-0.0192499
0.001080000955,0.0120001
0.001090000955,-0.0504999
0.001100000955,-0.0192499
0.001110000955,0.0120001
0.001120000955,0.0120001
0.001130000955,0.0120001
0.001140000955,-0.0192499
0.001150000955,-0.0192499
0.001160000955,-0.0192499
0.001170000955,-0.0192499
0.001180000955,-0.0192499
0.001190000955,-0.0192499
0.001200000955,-0.0192499
0.001210000955,-0.0504999
0.001220000955,-0.0192499
0.001230000955,-0.0192499
0.001240000955,-0.0192499
0.001250000955,-0.0504999
0.001260000955,-0.0192499
0.001270000955,-0.0504999
0.001280000955,-0.0192499
0.001290000955,-0.0192499
0.001300000955,-0.0192499
0.001310000955,-0.0192499
0.001320000955,-0.0192499
0.001330000955,0.0120001
0.001340000955,-0.0192499
0.001350000955,-0.0504999
0.001360000955,-0.0192499
0.001370000955,-0.0504999
0.001380000955,0.0120001
0.001390000955,0.0120001
0.001400000955,-0.0504999
0.001410000955,0.0120001
0.001420000955,-0.0192499
0.001430000955,-0.0192499
0.001440000955,-0.0504999
0.001450000955,-0.0192499
0.001460000955,-0.0192499
0.001470000955,-0.0192499
0.001480000955,-0.0192499
0.001490000955,-0.0504999
0.001500000955,-0.0192499
0.001510000955,-0.0192499
0.001520000955,0.0120001
0.001530000955,-0.0504999
0.001540000955,-0.0504999
0.001550000955,-0.0192499
0.001560000955,0.0120001
0.001570000955,-0.0192499
0.001580000955,-0.0192499
0.001590000955,-0.0192499
0.001600000955,-0.0504999
0.001610000955,-0.0192499
0.001620000955,-0.0192499
0.001630000955,-0.0192499
0.001640000955,-0.0192499
0.001650000955,-0.0192499
0.001660000955,-0.0192499
0.001670000955,-0.0192499
0.001680000955,-0.0192499
0.001690000955,-0.0192499
0.001700000955,-0.0192499
0.001710000955,-0.0192499
0.001720000955,-0.0192499
0.001730000955,0.0120001
0.001740000955,-0.0192499
0.001750000955,-0.0504999
0.001760000955,-0.0192499
0.001770000955,-0.0504999
0.001780000955,-0.0192499
0.001790000955,-0.0192499
0.001800000955,0.0120001
0.001810000955,-0.0192499
0.001820000955,-0.0192499
0.001830000955,-0.0192499
0.001840000955,-0.0504999
0.001850000955,-0.0192499
0.001860000955,-0.0192499
0.001870000955,-0.0192499
0.001880000955,-0.0192499
0.001890000955,-0.0192499
0.001900000955,-0.0192499
0.001910000955,0.0120001
0.001920000955,0.0432501
0.001930000955,-0.0192499
0.001940000955,0.0120001
0.001950000955,-0.0504999
0.001960000955,-0.0504999
0.001970000955,-0.0192499
0.001980000955,-0.0192499
0.001990000955,-0.0504999
0.002000000955,-0.0192499
0.002010000955,-0.0504999
0.002020000955,-0.0192499
0.002030000955,-0.0504999
0.002040000955,-0.0504999
0.002050000955,-0.0504999
0.002060000955,-0.0504999
0.002070000955,0.0120001
0.002080000955,-0.0192499
0.002090000955,0.0120001
0.002100000955,-0.0192499
0.002110000955,-0.0192499
0.002120000955,-0.0504999
0.002130000955,0.0120001
0.002140000955,-0.0192499
0.002150000955,-0.0192499
0.002160000955,0.0120001
0.002170000955,-0.0192499
0.002180000955,0.0120001
0.002190000955,-0.0192499
0.002200000955,-0.0192499
0.002210000955,-0.0192499
0.002220000955,-0.0192499
0.002230000955,-0.0504999
0.002240000955,0.0120001
0.002250000955,-0.0192499
0.002260000955,-0.0192499
0.002270000955,-0.0504999
0.002280000955,0.0120001
0.002290000955,-0.0192499
0.002300000955,0.0120001
0.002310000955,-0.0504999
0.002320000955,0.0120001
0.002330000955,-0.0192499
0.002340000955,0.0120001
0.002350000955,-0.0192499
0.002360000955,-0.0192499
0.002370000955,0.0120001
0.002380000955,-0.0192499
0.002390000955,-0.0192499
0.002400000955,-0.0504999
0.002410000955,-0.0504999
0.002420000955,-0.0192499
0.002430000955,0.0120001
0.002440000955,-0.0192499
0.002450000955,-0.0192499
0.002460000955,0.0120001
0.002470000955,-0.0192499
0.002480000955,-0.0192499
0.002490000955,-0.0504999
0.002500000955,-0.0192499
0.002510000955,-0.0192499
0.002520000955,-0.0192499
0.002530000955,-0.0192499
0.002540000955,-0.0504999
0.002550000955,-0.0192499
0.002560000955,0.0120001
0.002570000955,-0.0192499
0.002580000955,-0.0192499
0.002590000955,0.0120001
0.002600000955,0.0120001
0.002610000955,-0.0504999
0.002620000955,-0.0192499
0.002630000955,-0.0192499
0.002640000955,-0.0504999
0.002650000955,-0.0504999
0.002660000955,-0.0192499
0.002670000955,-0.0192499
0.002680000955,0.0120001
0.002690000955,0.0120001
0.002700000955,0.0120001
0.002710000955,0.0432501
0.002720000955,-0.0192499
0.002730000955,-0.0192499
0.002740000955,-0.0192499
0.002750000955,-0.0192499
0.002760000955,0.0120001
0.002770000955,-0.0192499
0.002780000955,0.0120001
0.002790000955,-0.0192499
0.002800000955,0.0120001
0.002810000955,0.0120001
0.002820000955,-0.0192499
0.002830000955,0.0120001
0.002840000955,-0.0192499
0.002850000955,-0.0192499
0.002860000955,0.0120001
0.002870000955,-0.0504999
0.002880000955,-0.0504999
0.002890000955,-0.0192499
0.002900000955,-0.0192499
0.002910000955,-0.0192499
0.002920000955,0.0120001
0.002930000955,0.0120001
0.002940000955,-0.0504999
0.002950000955,-0.0192499
0.002960000955,0.0120001
0.002970000955,-0.0192499
0.002980000955,-0.0192499
0.002990000955,0.0120001
0.003000000955,-0.0504999
0.003010000955,-0.0504999
0.003020000955,-0.0192499
0.003030000955,-0.0192499
0.003040000955,-0.0192499
0.003050000955,-0.0192499
0.003060000955,-0.0192499
0.003070000955,-0.0192499
0.003080000955,-0.0192499
0.003090000955,-0.0192499
0.003100000955,-0.0192499
0.003110000955,0.0120001
0.003120000955,-0.0504999
0.003130000955,-0.0192499
0.003140000955,-0.0192499
0.003150000955,0.0120001
0.003160000955,-0.0192499
0.003170000955,-0.0192499
0.003180000955,-0.0192499
0.003190000955,-0.0192499
0.003200000955,-0.0192499
0.003210000955,-0.0192499
0.003220000955,0.0120001
0.003230000955,-0.0504999
0.003240000955,-0.0192499
0.003250000955,-0.0192499
0.003260000955,-0.0504999
0.003270000955,-0.0192499
0.003280000955,0.0120001
0.003290000955,0.0120001
0.003300000955,-0.0504999
0.003310000955,-0.0504999
0.003320000955,0.0120001
0.003330000955,-0.0192499
0.003340000955,-0.0192499
0.003350000955,-0.0192499
0.003360000955,0.0120001
0.003370000955,-0.0192499
0.003380000955,-0.0504999
0.003390000955,-0.0504999
0.003400000955,-0.0504999
0.003410000955,0.0120001
0.003420000955,0.0120001
0.003430000955,-0.0192499
0.003440000955,-0.0192499
0.003450000955,-0.0192499
0.003460000955,-0.0192499
0.003470000955,0.0120001
0.003480000955,0.0120001
0.003490000955,-0.0192499
0.003500000955,-0.0192499
0.003510000955,-0.0192499
0.003520000955,-0.0504999
0.003530000955,-0.0192499
0.003540000955,-0.0192499
0.003550000955,-0.0192499
0.003560000955,-0.0192499
0.003570000955,-0.0192499
0.003580000955,-0.0192499
0.003590000955,0.0120001
0.003600000955,0.0120001
0.003610000955,-0.0504999
0.003620000955,-0.0192499
0.003630000955,-0.0192499
0.003640000955,-0.0192499
0.003650000955,-0.0192499
0.003660000955,-0.0192499
0.003670000955,-0.0504999
0.003680000955,-0.0504999
0.003690000955,1.887
0.003700000955,2.04325
0.003710000955,2.10575
0.003720000955,2.137
0.003730000955,2.10575
0.003740000955,2.10575
0.003750000955,2.0745
0.003760000955,2.10575
0.003770000955,2.0745
0.003780000955,2.10575
0.003790000955,2.10575
0.003800000955,2.0745
0.003810000955,2.10575
0.003820000955,2.0745
0.003830000955,2.0745
0.003840000955,2.0745
0.003850000955,2.10575
0.003860000955,2.0745
0.003870000955,2.10575
0.003880000955,2.10575
0.003890000955,2.10575
0.003900000955,2.0745
0.003910000955,2.10575
0.003920000955,2.0745
0.003930000955,2.0745
0.003940000955,2.0745
0.003950000955,2.0745
0.003960000955,2.10575
0.003970000955,2.0745
0.003980000955,2.137
0.003990000955,2.0745
0.004000000955,2.10575
0.004010000955,2.137
0.004020000955,2.0745
0.004030000955,2.10575
0.004040000955,2.0745
0.004050000955,2.0745
0.004060000955,2.137
0.004070000955,2.0745
0.004080000955,2.10575
0.004090000955,2.10575
0.004100000955,2.10575
0.004110000955,2.0745
0.004120000955,2.0745
0.004130000955,2.10575
0.004140000955,2.0745
0.004150000955,2.10575
0.004160000955,2.0745
0.004170000955,2.137
0.004180000955,2.137
0.004190000955,2.137
0.004200000955,2.10575
0.004210000955,2.04325
0.004220000955,2.0745
0.004230000955,2.10575
0.004240000955,2.10575
0.004250000955,2.0745
0.004260000955,2.10575
0.004270000955,2.10575
0.004280000955,2.10575
0.004290000955,2.137
0.004300000955,2.10575
0.004310000955,2.10575
0.004320000955,2.137
0.004330000955,2.16825
0.004340000955,2.10575
0.004350000955,2.137
0.004360000955,2.0745
0.004370000955,2.10575
0.004380000955,2.10575
0.004390000955,2.04325
0.004400000955,2.10575
0.004410000955,2.0745
0.004420000955,2.137
0.004430000955,2.10575
0.004440000955,2.0745
0.004450000955,2.10575
0.004460000955,2.0745
0.004470000955,2.0745
0.004480000955,2.0745
0.004490000955,2.10575
0.004500000955,2.0745
0.004510000955,2.10575
0.004520000955,2.0745
0.004530000955,2.10575
0.004540000955,2.0745
0.004550000955,2.0745
0.004560000955,2.0745
0.004570000955,2.10575
0.004580000955,2.0745
0.004590000955,2.0745
0.004600000955,2.10575
0.004610000955,2.0745
0.004620000955,2.0745
0.004630000955,2.10575
0.004640000955,2.0745
0.004650000955,2.10575
0.004660000955,2.0745
0.004670000955,2.10575
0.004680000955,2.10575
0.004690000955,2.0745
0.004700000955,2.0745
0.004710000955,2.0745
0.004720000955,2.10575
0.004730000955,2.0745
0.004740000955,2.0745
0.004750000955,2.10575
0.004760000955,2.10575
0.004770000955,2.0745
0.004780000955,2.0745
0.004790000955,2.10575
0.004800000955,2.10575
0.004810000955,2.10575
0.004820000955,2.10575
0.004830000955,2.10575
0.004840000955,2.0745
0.004850000955,2.10575
0.004860000955,2.0745
0.004870000955,2.10575
0.004880000955,2.04325
0.004890000955,2.0745
0.004900000955,2.0745
0.004910000955,2.0745
0.004920000955,2.10575
0.004930000955,2.0745
0.004940000955,2.0745
0.004950000955,2.0745
0.004960000955,2.0745
0.004970000955,2.0745
0.004980000955,2.0745
0.004990000955,2.10575
0.005000000955,2.0745
0.005010000955,2.0745
0.005020000955,2.0745
0.005030000955,2.10575
0.005040000955,2.10575
0.005050000955,2.10575
0.005060000955,2.10575
0.005070000955,2.0745
0.005080000955,2.10575
0.005090000955,2.0745
0.005100000955,2.0745
0.005110000955,2.0745
0.005120000955,2.0745
0.005130000955,2.10575
0.005140000955,2.10575
0.005150000955,2.10575
0.005160000955,2.0745
0.005170000955,2.0745
0.005180000955,2.10575
0.005190000955,2.0745
0.005200000955,2.10575
0.005210000955,2.10575
0.005220000955,2.10575
0.005230000955,2.10575
0.005240000955,2.10575
0.005250000955,2.10575
0.005260000955,2.0745
0.005270000955,2.10575
0.005280000955,2.10575
0.005290000955,2.0745
0.005300000955,2.10575
0.005310000955,2.10575
0.005320000955,2.10575
0.005330000955,2.0745
0.005340000955,2.137
0.005350000955,2.137
0.005360000955,2.0745
0.005370000955,2.10575
0.005380000955,2.10575
0.005390000955,2.10575
0.005400000955,2.0745
0.005410000955,2.10575
0.005420000955,2.137
0.005430000955,2.10575
0.005440000955,2.0745
0.005450000955,2.0745
0.005460000955,2.0745
0.005470000955,2.10575
0.005480000955,2.137
0.005490000955,2.10575
0.005500000955,2.10575
0.005510000955,2.10575
0.005520000955,2.0745
0.005530000955,2.0745
0.005540000955,2.0745
0.005550000955,2.10575
0.005560000955,2.137
0.005570000955,2.0745
0.005580000955,2.0745
0.005590000955,2.0745
0.005600000955,2.137
0.005610000955,2.0745
0.005620000955,2.0745
0.005630000955,2.0745
0.005640000955,2.0745
0.005650000955,2.0745
0.005660000955,2.0745
0.005670000955,2.10575
0.005680000955,2.0745
0.005690000955,2.04325
0.005700000955,2.0745
0.005710000955,2.0745
0.005720000955,2.10575
0.005730000955,2.0745
0.005740000955,2.0745
0.005750000955,2.10575
0.005760000955,2.10575
0.005770000955,2.0745
0.005780000955,2.0745
0.005790000955,2.10575
0.005800000955,2.10575
0.005810000955,2.0745
0.005820000955,2.10575
0.005830000955,2.10575
0.005840000955,2.10575
0.005850000955,2.0745
0.005860000955,2.10575
0.005870000955,2.10575
0.005880000955,2.0745
0.005890000955,2.10575
0.005900000955,2.10575
0.005910000955,2.10575
0.005920000955,2.0745
0.005930000955,2.0745
0.005940000955,2.0745
0.005950000955,2.10575
0.005960000955,2.0745
0.005970000955,2.10575
0.005980000955,2.137
0.005990000955,2.0745
0.006000000955,2.10575
0.006010000955,2.10575
0.006020000955,2.0745
0.006030000955,2.0745
0.006040000955,2.10575
0.006050000955,2.137
0.006060000955,2.0745
0.006070000955,2.10575
0.006080000955,2.10575
0.006090000955,2.10575
0.006100000955,2.10575
0.006110000955,2.10575
0.006120000955,2.0745
0.006130000955,2.0745
0.006140000955,2.137
0.006150000955,2.0745
0.006160000955,2.0745
0.006170000955,2.10575
0.006180000955,2.0745
0.006190000955,2.137
0.006200000955,2.10575
0.006210000955,2.10575
0.006220000955,2.0745
0.006230000955,2.0745
0.006240000955,2.10575
0.006250000955,2.10575
0.006260000955,2.137
0.006270000955,2.0745
0.006280000955,2.0745
0.006290000955,2.0745
0.006300000955,2.0745
0.006310000955,2.10575
0.006320000955,2.0745
0.006330000955,2.10575
0.006340000955,2.0745
0.006350000955,2.10575
0.006360000955,2.0745
0.006370000955,2.0745
0.006380000955,2.10575
0.006390000955,2.0745
0.006400000955,2.10575
0.006410000955,2.0745
0.006420000955,2.10575
0.006430000955,2.10575
0.006440000955,2.0745
0.006450000955,2.0745
0.006460000955,2.137
0.006470000955,2.137
0.006480000955,2.10575
0.006490000955,2.10575
0.006500000955,2.10575
0.006510000955,2.0745
0.006520000955,2.0745
0.006530000955,2.10575
0.006540000955,2.10575
0.006550000955,2.10575
0.006560000955,2.10575
0.006570000955,2.10575
0.006580000955,2.0745
0.006590000955,2.0745
0.006600000955,2.137
0.006610000955,2.137
0.006620000955,2.10575
0.006630000955,2.10575
0.006640000955,2.0745
0.006650000955,2.10575
0.006660000955,2.137
0.006670000955,2.10575
0.006680000955,2.10575
0.006690000955,2.10575
0.006700000955,2.0745
0.006710000955,2.0745
0.006720000955,2.10575
0.006730000955,2.0745
0.006740000955,2.0745
0.006750000955,2.0745
0.006760000955,2.10575
0.006770000955,2.0745
0.006780000955,2.0745
0.006790000955,2.10575
0.006800000955,2.10575
0.006810000955,2.0745
0.006820000955,2.0745
0.006830000955,2.10575
0.006840000955,2.0745
0.006850000955,2.0745
0.006860000955,2.10575
0.006870000955,2.0745
0.006880000955,2.10575
0.006890000955,2.0745
0.006900000955,2.10575
0.006910000955,2.0745
0.006920000955,2.0745
0.006930000955,2.10575
0.006940000955,2.10575
0.006950000955,2.10575
0.006960000955,2.0745
0.006970000955,2.0745
0.006980000955,2.10575
0.006990000955,2.10575
0.007000000955,2.10575
0.007010000955,2.0745
0.007020000955,2.10575
0.007030000955,2.10575
0.007040000955,2.0745
0.007050000955,2.0745
0.007060000955,2.0745
0.007070000955,2.10575
0.007080000955,2.10575
0.007090000955,2.0745
0.007100000955,2.04325
0.007110000955,2.0745
0.007120000955,2.10575
0.007130000955,2.0745
0.007140000955,2.10575
0.007150000955,2.137
0.007160000955,2.10575
0.007170000955,2.0745
0.007180000955,2.0745
0.007190000955,2.0745
0.007200000955,2.10575
0.007210000955,2.0745
0.007220000955,2.10575
0.007230000955,2.10575
0.007240000955,2.10575
0.007250000955,2.137
0.007260000955,2.0745
0.007270000955,2.10575
0.007280000955,2.10575
0.007290000955,2.10575
0.007300000955,2.10575
0.007310000955,2.10575
0.007320000955,2.0745
0.007330000955,2.10575
0.007340000955,2.10575
0.007350000955,2.10575
0.007360000955,2.10575
0.007370000955,2.137
0.007380000955,2.10575
0.007390000955,2.137
0.007400000955,2.10575
0.007410000955,2.10575
0.007420000955,2.0745
0.007430000955,2.0745
0.007440000955,2.10575
0.007450000955,2.0745
0.007460000955,2.0745
0.007470000955,2.0745
0.007480000955,2.04325
0.007490000955,2.10575
0.007500000955,2.0745
0.007510000955,2.10575
0.007520000955,2.10575
0.007530000955,2.04325
0.007540000955,2.0745
0.007550000955,2.10575
0.007560000955,2.137
0.007570000955,2.0745
0.007580000955,2.10575
0.007590000955,2.0745
0.007600000955,2.10575
0.007610000955,2.10575
0.007620000955,2.0745
0.007630000955,2.10575
0.007640000955,2.10575
0.007650000955,2.10575
0.007660000955,2.10575
0.007670000955,2.10575
0.007680000955,2.10575
0.007690000955,2.0745
0.007700000955,2.10575
0.007710000955,2.137
0.007720000955,2.10575
0.007730000955,2.0745
0.007740000955,2.10575
0.007750000955,2.10575
0.007760000955,2.10575
0.007770000955,2.10575
0.007780000955,2.0745
0.007790000955,2.0745
0.007800000955,2.0745
0.007810000955,2.0745
0.007820000955,2.10575
0.007830000955,2.10575
0.007840000955,2.0745
0.007850000955,2.10575
0.007860000955,2.0745
0.007870000955,2.137
0.007880000955,2.0745
0.007890000955,2.10575
0.007900000955,2.0745
0.007910000955,2.10575
0.007920000955,2.10575
0.007930000955,2.10575
0.007940000955,2.0745
0.007950000955,2.10575
0.007960000955,2.10575
0.007970000955,2.137
0.007980000955,2.0745
0.007990000955,2.0745
0.008000000955,2.0745
0.008010000955,2.0745
0.008020000955,2.10575
0.008030000955,2.10575
0.008040000955,2.10575
0.008050000955,2.10575
0.008060000955,2.10575
0.008070000955,2.137
0.008080000955,2.0745
0.008090000955,2.10575
0.008100000955,2.0745
0.008110000955,2.0745
0.008120000955,2.0745
0.008130000955,2.137
0.008140000955,2.0745
0.008150000955,2.10575
0.008160000955,2.10575
0.008170000955,2.137
0.008180000955,2.137
0.008190000955,2.0745
0.008200000955,2.0745
0.008210000955,2.10575
0.008220000955,2.10575
0.008230000955,2.10575
0.008240000955,2.0745
0.008250000955,2.10575
0.008260000955,2.137
0.008270000955,2.137
0.008280000955,2.137
0.008290000955,2.04325
0.008300000955,2.0745
0.008310000955,2.0745
0.008320000955,2.0745
0.008330000955,2.10575
0.008340000955,2.0745
0.008350000955,2.137
0.008360000955,2.10575
0.008370000955,2.10575
0.008380000955,2.0745
0.008390000955,2.10575
0.008400000955,2.10575
0.008410000955,2.10575
0.008420000955,2.10575
0.008430000955,2.137
0.008440000955,2.0745
0.008450000955,2.137
0.008460000955,2.137
0.008470000955,2.10575
0.008480000955,2.0745
0.008490000955,2.10575
0.008500000955,2.10575
0.008510000955,2.137
0.008520000955,2.0745
0.008530000955,2.0745
0.008540000955,2.0745
0.008550000955,2.10575
0.008560000955,2.0745
0.008570000955,2.10575
0.008580000955,2.137
0.008590000955,2.0745
0.008600000955,2.10575
0.008610000955,2.10575
0.008620000955,2.10575
0.008630000955,2.0745
0.008640000955,2.137
0.008650000955,2.0745
0.008660000955,2.10575
0.008670000955,2.10575
0.008680000955,2.10575
0.008690000955,2.10575
0.008700000955,2.10575
0.008710000955,2.10575
0.008720000955,2.0745
0.008730000955,2.10575
0.008740000955,2.137
0.008750000955,2.10575
0.008760000955,2.10575
0.008770000955,2.137
0.008780000955,2.10575
0.008790000955,2.10575
0.008800000955,2.10575
0.008810000955,2.10575
0.008820000955,2.10575
0.008830000955,2.10575
0.008840000955,2.10575
0.008850000955,2.137
0.008860000955,2.10575
0.008870000955,2.10575
0.008880000955,2.10575
0.008890000955,2.137
0.008900000955,2.0745
0.008910000955,2.10575
0.008920000955,2.137
0.008930000955,2.0745
0.008940000955,2.10575
0.008950000955,2.0745
0.008960000955,2.10575
0.008970000955,2.10575
0.008980000955,2.0745
0.008990000955,2.10575
0.009000000955,2.0745
0.009010000955,2.0745
0.009020000955,2.137
0.009030000955,2.10575
0.009040000955,2.10575
0.009050000955,2.10575
0.009060000955,2.10575
0.009070000955,2.10575
0.009080000955,2.10575
0.009090000955,2.10575
0.009100000955,2.10575
0.009110000955,2.10575
0.009120000955,2.0745
0.009130000955,2.137
0.009140000955,2.10575
0.009150000955,2.10575
0.009160000955,2.137
0.009170000955,2.10575
0.009180000955,2.0745
0.009190000955,2.10575
0.009200000955,2.0745
0.009210000955,2.10575
0.009220000955,2.10575
0.009230000955,2.10575
0.009240000955,2.10575
0.009250000955,2.10575
0.009260000955,2.0745
0.009270000955,2.10575
0.009280000955,2.10575
0.009290000955,2.10575
0.009300000955,2.10575
0.009310000955,2.137
0.009320000955,2.10575
0.009330000955,2.10575
0.009340000955,2.0745
0.009350000955,2.0745
0.009360000955,2.10575
0.009370000955,2.10575
0.009380000955,2.10575
0.009390000955,2.0745
0.009400000955,2.10575
0.009410000955,2.10575
0.009420000955,2.10575
0.009430000955,2.10575
0.009440000955,2.10575
0.009450000955,2.10575
0.009460000955,2.0745
0.009470000955,2.10575
0.009480000955,2.137
0.009490000955,2.0745
0.009500000955,2.10575
0.009510000955,2.10575
0.009520000955,2.10575
0.009530000955,2.10575
0.009540000955,2.10575
0.009550000955,2.10575
0.009560000955,2.10575
0.009570000955,2.137
0.009580000955,2.10575
0.009590000955,2.10575
0.009600000955,2.0745
0.009610000955,2.137
0.009620000955,2.10575
0.009630000955,2.10575
0.009640000955,2.10575
0.009650000955,2.10575
0.009660000955,2.10575
0.009670000955,2.10575
0.009680000955,2.10575
0.009690000955,2.0745
0.009700000955,2.10575
0.009710000955,2.10575
0.009720000955,2.10575
0.009730000955,2.10575
0.009740000955,2.10575
0.009750000955,2.10575
0.009760000955,2.0745
0.009770000955,2.0745
0.009780000955,2.137
0.009790000955,2.10575
0.009800000955,2.10575
0.009810000955,2.10575
0.009820000955,2.137
0.009830000955,2.10575
0.009840000955,2.10575
0.009850000955,2.10575
0.009860000955,2.10575
0.009870000955,2.137
0.009880000955,2.10575
0.009890000955,2.10575
0.009900000955,2.0745
0.009910000955,2.10575
0.009920000955,2.10575
0.009930000955,2.137
0.009940000955,2.10575
0.009950000955,2.10575
0.009960000955,2.16825
0.009970000955,2.10575
0.009980000955,2.10575
0.009990000955,2.137
0.010000000955,2.0745
0.010010000955,2.0745
0.010020000955,2.0745
0.010030000955,2.10575
0.010040000955,2.0745
0.010050000955,2.10575
0.010060000955,2.0745
0.010070000955,2.10575
0.010080000955,2.10575
0.010090000955,2.10575
0.010100000955,2.137
0.010110000955,2.10575
0.010120000955,2.10575
0.010130000955,2.0745
0.010140000955,2.10575
0.010150000955,2.10575
0.010160000955,2.10575
0.010170000955,2.10575
0.010180000955,2.10575
0.010190000955,2.10575
0.010200000955,2.137
0.010210000955,2.10575
0.010220000955,2.10575
0.010230000955,2.10575
0.010240000955,2.10575
0.010250000955,2.10575
0.010260000955,2.10575
0.010270000955,2.10575
0.010280000955,2.0745
0.010290000955,2.10575
0.010300000955,2.10575
0.010310000955,2.137
0.010320000955,2.10575
0.010330000955,2.10575
0.010340000955,2.10575
0.010350000955,2.10575
0.010360000955,2.10575
0.010370000955,2.10575
0.010380000955,2.10575
0.010390000955,2.10575
0.010400000955,2.10575
0.010410000955,2.10575
0.010420000955,2.10575
0.010430000955,2.10575
0.010440000955,2.10575
0.010450000955,2.137
0.010460000955,2.10575
0.010470000955,2.10575
0.010480000955,2.04325
0.010490000955,2.10575
0.010500000955,2.10575
0.010510000955,2.0745
0.010520000955,2.0745
0.010530000955,2.10575
0.010540000955,2.10575
0.010550000955,2.0745
0.010560000955,2.10575
0.010570000955,2.0745
0.010580000955,2.0745
0.010590000955,2.10575
0.010600000955,2.10575
0.010610000955,2.10575
0.010620000955,2.10575
0.010630000955,2.137
0.010640000955,2.10575
0.010650000955,2.10575
0.010660000955,2.0745
0.010670000955,2.10575
0.010680000955,2.0745
0.010690000955,2.10575
0.010700000955,2.10575
0.010710000955,2.0745
0.010720000955,2.0745
0.010730000955,2.0745
0.010740000955,2.10575
0.010750000955,2.10575
0.010760000955,2.10575
0.010770000955,2.10575
0.010780000955,2.0745
0.010790000955,2.10575
0.010800000955,2.0745
0.010810000955,2.10575
0.010820000955,2.10575
0.010830000955,2.04325
0.010840000955,2.10575
0.010850000955,2.10575
0.010860000955,2.10575
0.010870000955,2.10575
0.010880000955,2.10575
0.010890000955,2.0745
0.010900000955,2.137
0.010910000955,2.0745
0.010920000955,2.10575
0.010930000955,2.0745
0.010940000955,2.0745
0.010950000955,2.10575
0.010960000955,2.10575
0.010970000955,2.0745
0.010980000955,2.10575
0.010990000955,2.10575
0.011000000955,2.10575
0.011010000955,2.0745
0.011020000955,2.10575
0.011030000955,2.0745
0.011040000955,2.10575
0.011050000955,2.0745
0.011060000955,2.0745
0.011070000955,2.137
0.011080000955,2.10575
0.011090000955,2.10575
0.011100000955,2.10575
0.011110000955,2.0745
0.011120000955,2.0745
0.011130000955,2.0745
0.011140000955,2.0745
0.011150000955,2.10575
0.011160000955,2.0745
0.011170000955,2.10575
0.011180000955,2.137
0.011190000955,2.0745
0.011200000955,2.10575
0.011210000955,2.10575
0.011220000955,2.10575
0.011230000955,2.10575
0.011240000955,2.10575
0.011250000955,2.10575
0.011260000955,2.10575
0.011270000955,2.0745
0.011280000955,2.0745
0.011290000955,2.10575
0.011300000955,2.10575
0.011310000955,2.0745
0.011320000955,2.10575
0.011330000955,2.10575
0.011340000955,2.137
0.011350000955,2.137
0.011360000955,2.10575
0.011370000955,2.10575
0.011380000955,2.10575
0.011390000955,2.0745
0.011400000955,2.0745
0.011410000955,2.0745
0.011420000955,2.10575
0.011430000955,2.10575
0.011440000955,2.10575
0.011450000955,2.10575
0.011460000955,2.0745
0.011470000955,2.10575
0.011480000955,2.10575
0.011490000955,2.10575
0.011500000955,2.10575
0.011510000955,2.137
0.011520000955,2.0745
0.011530000955,2.10575
0.011540000955,2.0745
0.011550000955,2.0745
0.011560000955,2.10575
0.011570000955,2.10575
0.011580000955,2.10575
0.011590000955,2.0745
0.011600000955,2.0745
0.011610000955,2.137
0.011620000955,2.0745
0.011630000955,2.10575
0.011640000955,2.0745
0.011650000955,2.10575
0.011660000955,2.10575
0.011670000955,2.10575
0.011680000955,2.0745
0.011690000955,2.04325
0.011700000955,2.0745
0.011710000955,2.10575
0.011720000955,2.0745
0.011730000955,2.10575
0.011740000955,2.10575
0.011750000955,2.137
0.011760000955,2.10575
0.011770000955,2.10575
0.011780000955,2.10575
0.011790000955,2.10575
0.011800000955,2.0745
0.011810000955,2.10575
0.011820000955,2.10575
0.011830000955,2.0745
0.011840000955,2.10575
0.011850000955,2.10575
0.011860000955,2.0745
0.011870000955,2.10575
0.011880000955,2.10575
0.011890000955,2.0745
0.011900000955,2.10575
0.011910000955,2.10575
0.011920000955,2.10575
0.011930000955,2.0745
0.011940000955,2.10575
0.011950000955,2.0745
0.011960000955,2.10575
0.011970000955,2.10575
0.011980000955,2.10575
0.011990000955,2.0745
0.012000000955,2.10575
0.012010000955,2.10575
0.012020000955,2.04325
0.012030000955,2.10575
0.012040000955,2.0745
0.012050000955,2.0745
0.012060000955,2.10575
0.012070000955,2.0745
0.012080000955,2.0745
0.012090000955,2.10575
0.012100000955,2.0745
0.012110000955,2.0745
0.012120000955,2.10575
0.012130000955,2.10575
0.012140000955,2.0745
0.012150000955,2.10575
0.012160000955,2.0745
0.012170000955,2.0745
0.012180000955,2.0745
0.012190000955,2.137
0.012200000955,2.0745
0.012210000955,2.10575
0.012220000955,2.0745
0.012230000955,2.10575
0.012240000955,2.10575
0.012250000955,2.10575
0.012260000955,2.0745
0.012270000955,2.137
0.012280000955,2.137
0.012290000955,2.10575
0.012300000955,2.0745
0.012310000955,2.10575
0.012320000955,2.10575
0.012330000955,2.10575
0.012340000955,2.10575
0.012350000955,2.0745
0.012360000955,2.10575
0.012370000955,2.10575
0.012380000955,2.10575
0.012390000955,2.10575
0.012400000955,2.10575
0.012410000955,2.0745
0.012420000955,2.10575
0.012430000955,2.10575
0.012440000955,2.0745
0.012450000955,2.0745
0.012460000955,2.0745
0.012470000955,2.0745
0.012480000955,2.0745
0.012490000955,2.0745
0.012500000955,2.0745
0.012510000955,2.10575
0.012520000955,2.0745
0.012530000955,2.0745
0.012540000955,2.10575
0.012550000955,2.10575
0.012560000955,2.10575
0.012570000955,2.10575
0.012580000955,2.0745
0.012590000955,2.0745
0.012600000955,2.10575
0.012610000955,2.10575
0.012620000955,2.10575
0.012630000955,2.0745
0.012640000955,2.10575
0.012650000955,2.137
0.012660000955,2.0745
0.012670000955,2.137
0.012680000955,2.04325
0.012690000955,2.0745
0.012700000955,2.0745
0.012710000955,2.0745
0.012720000955,2.0745
0.012730000955,2.10575
0.012740000955,2.137
0.012750000955,2.0745
0.012760000955,2.0745
0.012770000955,2.10575
0.012780000955,2.0745
0.012790000955,2.10575
0.012800000955,2.10575
0.012810000955,2.0745
0.012820000955,2.0745
0.012830000955,2.0745
0.012840000955,2.0745
0.012850000955,2.0745
0.012860000955,2.0745
0.012870000955,2.10575
0.012880000955,2.0745
0.012890000955,2.10575
0.012900000955,2.10575
0.012910000955,2.0745
0.012920000955,2.10575
0.012930000955,2.10575
0.012940000955,2.0745
0.012950000955,2.0745
0.012960000955,2.0745
0.012970000955,2.0745
0.012980000955,2.0745
0.012990000955,2.04325
0.013000000955,2.10575
0.013010000955,2.0745
0.013020000955,2.04325
0.013030000955,2.0745
0.013040000955,2.10575
0.013050000955,2.10575
0.013060000955,2.10575
0.013070000955,2.0745
0.013080000955,2.10575
0.013090000955,2.0745
0.013100000955,2.10575
0.013110000955,2.0745
0.013120000955,2.10575
0.013130000955,2.0745
0.013140000955,2.10575
0.013150000955,2.0745
0.013160000955,2.0745
0.013170000955,2.10575
0.013180000955,2.10575
0.013190000955,2.10575
0.013200000955,2.0745
0.013210000955,2.10575
0.013220000955,2.0745
0.013230000955,2.0745
0.013240000955,2.0745
0.013250000955,2.10575
0.013260000955,2.0745
0.013270000955,2.0745
0.013280000955,2.0745
0.013290000955,2.04325
0.013300000955,2.10575
0.013310000955,2.04325
0.013320000955,2.0745
0.013330000955,2.0745
0.013340000955,2.137
0.013350000955,2.0745
0.013360000955,2.10575
0.013370000955,2.10575
0.013380000955,2.10575
0.013390000955,2.0745
0.013400000955,2.0745
0.013410000955,2.0745
0.013420000955,2.04325
0.013430000955,2.04325
0.013440000955,2.04325
0.013450000955,2.0745
0.013460000955,2.0745
0.013470000955,2.0745
0.013480000955,2.10575
0.013490000955,2.0745
0.013500000955,2.04325
0.013510000955,2.0745
0.013520000955,2.0745
0.013530000955,2.04325
0.013540000955,2.0745
0.013550000955,2.0745
0.013560000955,2.0745
0.013570000955,2.10575
0.013580000955,2.10575
0.013590000955,2.137
0.013600000955,2.10575
0.013610000955,2.04325
0.013620000955,2.0745
0.013630000955,2.10575
0.013640000955,2.0745
0.013650000955,2.0745
0.013660000955,2.10575
0.013670000955,2.137
0.013680000955,2.0745
0.013690000955,2.0745
0.013700000955,2.0745
0.013710000955,2.0745
0.013720000955,2.0745
0.013730000955,2.10575
0.013740000955,2.10575
0.013750000955,2.137
0.013760000955,2.10575
0.013770000955,2.0745
0.013780000955,2.0745
0.013790000955,2.0745
0.013800000955,2.0745
0.013810000955,2.0745
0.013820000955,2.10575
0.013830000955,2.10575
0.013840000955,2.0745
0.013850000955,2.10575
0.013860000955,2.0745
0.013870000955,2.0745
0.013880000955,2.0745
0.013890000955,2.10575
0.013900000955,2.0745
0.013910000955,2.10575
0.013920000955,2.10575
0.013930000955,2.0745
0.013940000955,2.0745
0.013950000955,2.04325
0.013960000955,2.0745
0.013970000955,2.10575
0.013980000955,2.0745
0.013990000955,2.0745
0.014000000955,2.10575
0.014010000955,2.10575
0.014020000955,2.0745
0.014030000955,2.0745
0.014040000955,2.0745
0.014050000955,2.10575
0.014060000955,2.0745
0.014070000955,2.0745
0.014080000955,2.0745
0.014090000955,2.0745
0.014100000955,2.10575
0.014110000955,2.0745
0.014120000955,2.0745
0.014130000955,2.0745
0.014140000955,2.0745
0.014150000955,2.10575
0.014160000955,2.10575
0.014170000955,2.0745
0.014180000955,2.0745
0.014190000955,2.0745
0.014200000955,2.10575
0.014210000955,2.10575
0.014220000955,2.0745
0.014230000955,2.0745
0.014240000955,2.0745
0.014250000955,2.10575
0.014260000955,2.0745
0.014270000955,2.10575
0.014280000955,2.04325
0.014290000955,2.10575
0.014300000955,2.0745
0.014310000955,2.10575
0.014320000955,2.0745
0.014330000955,2.0745
0.014340000955,2.0745
0.014350000955,2.04325
0.014360000955,2.0745
0.014370000955,2.0745
0.014380000955,2.10575
0.014390000955,2.0745
0.014400000955,2.0745
0.014410000955,2.0745
0.014420000955,2.0745
0.014430000955,2.0745
0.014440000955,2.0745
0.014450000955,2.0745
0.014460000955,2.10575
0.014470000955,2.0745
0.014480000955,2.0745
0.014490000955,2.10575
0.014500000955,2.04325
0.014510000955,2.0745
0.014520000955,2.10575
0.014530000955,2.10575
0.014540000955,2.0745
0.014550000955,2.10575
0.014560000955,2.10575
0.014570000955,2.0745
0.014580000955,2.0745
0.014590000955,2.0745
0.014600000955,2.10575
0.014610000955,2.0745
0.014620000955,2.0745
0.014630000955,2.10575
0.014640000955,2.10575
0.014650000955,2.10575
0.014660000955,2.0745
0.014670000955,2.0745
0.014680000955,2.0745
0.014690000955,2.0745
0.014700000955,2.0745
0.014710000955,2.10575
0.014720000955,2.0745
0.014730000955,2.10575
0.014740000955,2.0745
0.014750000955,2.10575
0.014760000955,2.0745
0.014770000955,2.0745
0.014780000955,2.0745
0.014790000955,2.10575
0.014800000955,2.10575
0.014810000955,2.04325
0.014820000955,2.0745
0.014830000955,2.0745
0.014840000955,2.0745
0.014850000955,2.0745
0.014860000955,2.04325
0.014870000955,2.10575
0.014880000955,2.0745
0.014890000955,2.0745
0.014900000955,2.137
0.014910000955,2.0745
0.014920000955,2.10575
0.014930000955,2.10575
0.014940000955,2.10575
0.014950000955,2.0745
0.014960000955,2.0745
0.014970000955,2.10575
0.014980000955,2.0745
0.014990000955,2.0745
0.015000000955,2.10575
0.015010000955,2.10575
0.015020000955,2.0745
0.015030000955,2.04325
0.015040000955,2.10575
0.015050000955,2.10575
0.015060000955,2.10575
0.015070000955,2.0745
0.015080000955,2.10575
0.015090000955,2.0745
0.015100000955,2.10575
0.015110000955,2.0745
0.015120000955,2.0745
0.015130000955,2.10575
0.015140000955,2.0745
0.015150000955,2.0745
0.015160000955,2.04325
0.015170000955,2.0745
0.015180000955,2.0745
0.015190000955,2.0745
0.015200000955,2.0745
0.015210000955,2.10575
0.015220000955,2.0745
0.015230000955,2.0745
0.015240000955,2.0745
0.015250000955,2.10575
0.015260000955,2.0745
0.015270000955,2.0745
0.015280000955,2.10575
0.015290000955,2.10575
0.015300000955,2.10575
0.015310000955,2.0745
0.015320000955,2.10575
0.015330000955,2.04325
0.015340000955,2.0745
0.015350000955,2.0745
0.015360000955,2.0745
0.015370000955,2.0745
0.015380000955,2.04325
0.015390000955,2.10575
0.015400000955,2.10575
0.015410000955,2.10575
0.015420000955,2.0745
0.015430000955,2.04325
0.015440000955,2.0745
0.015450000955,2.10575
0.015460000955,2.0745
0.015470000955,2.0745
0.015480000955,2.10575
0.015490000955,2.04325
0.015500000955,2.0745
0.015510000955,2.10575
0.015520000955,2.04325
0.015530000955,2.0745
0.015540000955,2.10575
0.015550000955,2.04325
0.015560000955,2.0745
0.015570000955,2.0745
0.015580000955,2.10575
0.015590000955,2.0745
0.015600000955,2.0745
0.015610000955,2.0745
0.015620000955,2.10575
0.015630000955,2.0745
0.015640000955,2.0745
0.015650000955,2.10575
0.015660000955,2.10575
0.015670000955,2.0745
0.015680000955,2.0745
0.015690000955,2.10575
0.015700000955,2.137
0.015710000955,2.137
0.015720000955,2.0745
0.015730000955,2.0745
0.015740000955,2.0745
0.015750000955,2.10575
0.015760000955,2.0745
0.015770000955,2.0745
0.015780000955,2.0745
0.015790000955,2.10575
0.015800000955,2.10575
0.015810000955,2.10575
0.015820000955,2.0745
0.015830000955,2.10575
0.015840000955,2.10575
0.015850000955,2.0745
0.015860000955,2.0745
0.015870000955,2.10575
0.015880000955,2.0745
0.015890000955,2.10575
0.015900000955,2.10575
0.015910000955,2.0745
0.015920000955,2.0745
0.015930000955,2.0745
0.015940000955,2.10575
0.015950000955,2.0745
0.015960000955,2.10575
0.015970000955,2.10575
0.015980000955,2.0745
0.015990000955,2.0745
0.016000000955,2.0745
0.016010000955,2.10575
0.016020000955,2.10575
0.016030000955,2.0745
0.016040000955,2.10575
0.016050000955,2.137
0.016060000955,2.0745
0.016070000955,2.0745
0.016080000955,2.0745
0.016090000955,2.10575
0.016100000955,2.0745
0.016110000955,2.10575
0.016120000955,2.0745
0.016130000955,2.10575
0.016140000955,2.10575
0.016150000955,2.04325
0.016160000955,2.10575
0.016170000955,2.10575
0.016180000955,2.0745
0.016190000955,2.10575
0.016200000955,2.10575
0.016210000955,2.10575
0.016220000955,2.0745
0.016230000955,2.0745
0.016240000955,2.0745
0.016250000955,2.0745
0.016260000955,2.10575
0.016270000955,2.0745
0.016280000955,2.0745
0.016290000955,2.137
0.016300000955,2.0745
0.016310000955,2.10575
0.016320000955,2.0745
0.016330000955,2.0745
0.016340000955,2.10575
0.016350000955,2.10575
0.016360000955,2.0745
0.016370000955,2.0745
0.016380000955,2.10575
0.016390000955,2.10575
0.016400000955,2.0745
0.016410000955,2.0745
0.016420000955,2.0745
0.016430000955,2.10575
0.016440000955,2.0745
0.016450000955,2.0745
0.016460000955,2.10575
0.016470000955,2.0745
0.016480000955,2.0745
0.016490000955,2.0745
0.016500000955,2.10575
0.016510000955,2.10575
0.016520000955,2.10575
0.016530000955,2.0745
0.016540000955,2.10575
0.016550000955,2.0745
0.016560000955,2.0745
0.016570000955,2.10575
0.016580000955,2.10575
0.016590000955,2.0745
0.016600000955,2.10575
0.016610000955,2.10575
0.016620000955,2.0745
0.016630000955,2.0745
0.016640000955,2.10575
0.016650000955,2.10575
0.016660000955,2.0745
0.016670000955,2.04325
0.016680000955,2.04325
0.016690000955,2.10575
0.016700000955,2.10575
0.016710000955,2.10575
0.016720000955,2.10575
0.016730000955,2.0745
0.016740000955,2.10575
0.016750000955,2.10575
0.016760000955,2.10575
0.016770000955,2.0745
0.016780000955,2.0745
0.016790000955,2.10575
0.016800000955,2.10575
0.016810000955,2.04325
0.016820000955,2.0745
0.016830000955,2.0745
0.016840000955,2.0745
0.016850000955,2.0745
0.016860000955,2.10575
0.016870000955,2.10575
0.016880000955,2.0745
0.016890000955,2.10575
0.016900000955,2.10575
0.016910000955,2.04325
0.016920000955,2.10575
0.016930000955,2.0745
0.016940000955,2.10575
0.016950000955,2.0745
0.016960000955,2.0745
0.016970000955,2.04325
0.016980000955,2.0745
0.016990000955,2.10575
0.017000000955,2.10575
0.017010000955,2.0745
0.017020000955,2.0745
0.017030000955,2.10575
0.017040000955,2.10575
0.017050000955,2.10575
0.017060000955,2.10575
0.017070000955,2.0745
0.017080000955,2.10575
0.017090000955,2.10575
0.017100000955,2.10575
0.017110000955,2.0745
0.017120000955,2.10575
0.017130000955,2.10575
0.017140000955,2.10575
0.017150000955,2.0745
0.017160000955,2.0745
0.017170000955,2.137
0.017180000955,2.10575
0.017190000955,2.10575
0.017200000955,2.10575
0.017210000955,2.04325
0.017220000955,2.10575
0.017230000955,2.0745
0.017240000955,2.10575
0.017250000955,2.0745
0.017260000955,2.10575
0.017270000955,2.0745
0.017280000955,2.0745
0.017290000955,2.0745
0.017300000955,2.0745
0.017310000955,2.0745
0.017320000955,2.0745
0.017330000955,2.0745
0.017340000955,2.0745
0.017350000955,2.137
0.017360000955,2.0745
0.017370000955,2.04325
0.017380000955,2.10575
0.017390000955,2.10575
0.017400000955,2.10575
0.017410000955,2.0745
0.017420000955,2.137
0.017430000955,2.0745
0.017440000955,2.0745
0.017450000955,2.10575
0.017460000955,2.10575
0.017470000955,2.10575
0.017480000955,2.10575
0.017490000955,2.10575
0.017500000955,2.0745
0.017510000955,2.0745
0.017520000955,2.10575
0.017530000955,2.0745
0.017540000955,2.10575
0.017550000955,2.0745
0.017560000955,2.10575
0.017570000955,2.0745
0.017580000955,2.10575
0.017590000955,2.10575
0.017600000955,2.0745
0.017610000955,2.0745
0.017620000955,2.10575
0.017630000955,2.10575
0.017640000955,2.0745
0.017650000955,2.10575
0.017660000955,2.0745
0.017670000955,2.10575
0.017680000955,2.137
0.017690000955,2.0745
0.017700000955,2.137
0.017710000955,2.0745
0.017720000955,2.0745
0.017730000955,2.0745
0.017740000955,2.0745
0.017750000955,2.04325
0.017760000955,2.10575
0.017770000955,2.04325
0.017780000955,2.0745
0.017790000955,2.0745
0.017800000955,2.0745
0.017810000955,2.04325
0.017820000955,2.10575
0.017830000955,2.10575
0.017840000955,2.137
0.017850000955,2.10575
0.017860000955,2.0745
0.017870000955,2.10575
0.017880000955,2.0745
0.017890000955,2.0745
0.017900000955,2.10575
0.017910000955,2.10575
0.017920000955,2.0745
0.017930000955,2.0745
0.017940000955,2.10575
0.017950000955,2.10575
0.017960000955,2.04325
0.017970000955,2.0745
0.017980000955,2.0745
0.017990000955,2.0745
0.018000000955,2.10575
0.018010000955,2.0745
0.018020000955,2.10575
0.018030000955,2.10575
0.018040000955,2.0745
0.018050000955,2.0745
0.018060000955,2.0745
0.018070000955,2.10575
0.018080000955,2.0745
0.018090000955,2.10575
0.018100000955,2.0745
0.018110000955,2.137
0.018120000955,2.10575
0.018130000955,2.0745
0.018140000955,2.10575
0.018150000955,2.10575
0.018160000955,2.10575
0.018170000955,2.0745
0.018180000955,2.10575
0.018190000955,2.137
0.018200000955,2.0745
0.018210000955,2.10575
0.018220000955,2.0745
0.018230000955,2.10575
0.018240000955,2.0745
0.018250000955,2.10575
0.018260000955,2.10575
0.018270000955,2.10575
0.018280000955,2.10575
0.018290000955,2.10575
0.018300000955,2.0745
0.018310000955,2.0745
0.018320000955,2.10575
0.018330000955,2.0745
0.018340000955,2.10575
0.018350000955,2.0745
0.018360000955,2.0745
0.018370000955,2.10575
0.018380000955,2.0745
0.018390000955,2.10575
0.018400000955,2.10575
0.018410000955,2.0745
0.018420000955,2.10575
0.018430000955,2.10575
0.018440000955,2.0745
0.018450000955,2.137
0.018460000955,2.10575
0.018470000955,2.10575
0.018480000955,2.0745
0.018490000955,2.10575
0.018500000955,2.04325
0.018510000955,2.10575
0.018520000955,2.137
0.018530000955,2.0745
0.018540000955,2.10575
0.018550000955,2.0745
0.018560000955,2.137
0.018570000955,2.0745
0.018580000955,2.10575
0.018590000955,2.0745
0.018600000955,2.10575
0.018610000955,2.10575
0.018620000955,2.10575
0.018630000955,2.10575
0.018640000955,2.0745
0.018650000955,2.137
0.018660000955,2.0745
0.018670000955,2.0745
0.018680000955,2.10575
0.018690000955,2.10575
0.018700000955,2.137
0.018710000955,2.0745
0.018720000955,2.137
0.018730000955,2.10575
0.018740000955,2.10575
0.018750000955,2.137
0.018760000955,2.10575
0.018770000955,2.0745
0.018780000955,2.10575
0.018790000955,2.0745
0.018800000955,2.10575
0.018810000955,2.137
0.018820000955,2.0745
0.018830000955,2.10575
0.018840000955,2.137
0.018850000955,2.10575
0.018860000955,2.0745
0.018870000955,2.0745
0.018880000955,2.10575
0.018890000955,2.10575
0.018900000955,2.10575
0.018910000955,2.0745
0.018920000955,2.0745
0.018930000955,2.10575
0.018940000955,2.0745
0.018950000955,2.0745
0.018960000955,2.0745
0.018970000955,2.10575
0.018980000955,2.0745
0.018990000955,2.0745
0.019000000955,2.10575
0.019010000955,2.0745
0.019020000955,2.10575
0.019030000955,2.0745
0.019040000955,2.10575
0.019050000955,2.137
0.019060000955,2.10575
0.019070000955,2.0745
0.019080000955,2.0745
0.019090000955,2.0745
0.019100000955,2.0745
0.019110000955,2.0745
0.019120000955,2.0745
0.019130000955,2.10575
0.019140000955,2.10575
0.019150000955,2.10575
0.019160000955,2.0745
0.019170000955,2.10575
0.019180000955,2.137
0.019190000955,2.10575
0.019200000955,2.0745
0.019210000955,2.10575
0.019220000955,2.0745
0.019230000955,2.0745
0.019240000955,2.04325
0.019250000955,2.0745
0.019260000955,2.0745
0.019270000955,2.0745
0.019280000955,2.137
0.019290000955,2.10575
0.019300000955,2.10575
0.019310000955,2.137
0.019320000955,2.0745
0.019330000955,2.0745
0.019340000955,2.0745
0.019350000955,2.0745
0.019360000955,2.0745
0.019370000955,2.10575
0.019380000955,2.0745
0.019390000955,2.10575
0.019400000955,2.0745
0.019410000955,2.0745
0.019420000955,2.0745
0.019430000955,2.10575
0.019440000955,2.10575
0.019450000955,2.10575
0.019460000955,2.10575
0.019470000955,2.10575
0.019480000955,2.10575
0.019490000955,2.10575
0.019500000955,2.04325
0.019510000955,2.137
0.019520000955,2.0745
0.019530000955,2.10575
0.019540000955,2.0745
0.019550000955,2.137
0.019560000955,2.0745
0.019570000955,2.0745
0.019580000955,2.10575
0.019590000955,2.137
0.019600000955,2.0745
0.019610000955,2.0745
0.019620000955,2.137
0.019630000955,2.10575
0.019640000955,2.0745
0.019650000955,2.10575
0.019660000955,2.10575
0.019670000955,2.10575
0.019680000955,2.10575
0.019690000955,2.0745
0.019700000955,2.10575
0.019710000955,2.10575
0.019720000955,2.0745
0.019730000955,2.0745
0.019740000955,2.10575
0.019750000955,2.0745
0.019760000955,2.10575
0.019770000955,2.10575
0.019780000955,2.10575
0.019790000955,2.04325
0.019800000955,2.04325
0.019810000955,2.0745
0.019820000955,2.0745
0.019830000955,2.10575
0.019840000955,2.0745
0.019850000955,2.0745
0.019860000955,2.10575
0.019870000955,2.0745
0.019880000955,2.0745
0.019890000955,2.0745
0.019900000955,2.0745
0.019910000955,2.0745
0.019920000955,2.10575
0.019930000955,2.0745
0.019940000955,2.10575
0.019950000955,2.10575
0.019960000955,2.10575
0.019970000955,2.0745
0.019980000955,2.0745
0.019990000955,2.0745
0.020000000955,2.137
0.020010000955,2.10575
0.020020000955,2.10575
0.020030000955,2.0745
0.020040000955,2.10575
0.020050000955,2.04325
0.020060000955,2.10575
0.020070000955,2.0745
0.020080000955,2.0745
0.020090000955,2.0745
0.020100000955,2.0745
0.020110000955,2.16825
0.020120000955,2.0745
0.020130000955,2.0745
0.020140000955,2.10575
0.020150000955,2.10575
0.020160000955,2.137
0.020170000955,2.10575
0.020180000955,2.0745
0.020190000955,2.0745
0.020200000955,2.10575
0.020210000955,2.04325
0.020220000955,2.0745
0.020230000955,2.0745
0.020240000955,2.10575
0.020250000955,2.0745
0.020260000955,2.10575
0.020270000955,2.0745
0.020280000955,2.10575
0.020290000955,2.137
0.020300000955,2.10575
0.020310000955,2.10575
0.020320000955,2.0745
0.020330000955,2.10575
0.020340000955,2.10575
0.020350000955,2.0745
0.020360000955,2.10575
0.020370000955,2.0745
0.020380000955,2.137
0.020390000955,2.0745
0.020400000955,2.04325
0.020410000955,2.0745
0.020420000955,2.0745
0.020430000955,2.10575
0.020440000955,2.0745
0.020450000955,2.10575
0.020460000955,2.0745
0.020470000955,2.0745
0.020480000955,2.0745
0.020490000955,2.0745
0.020500000955,2.137
0.020510000955,2.10575
0.020520000955,2.10575
0.020530000955,2.10575
0.020540000955,2.137
0.020550000955,2.10575
0.020560000955,2.0745
0.020570000955,2.10575
0.020580000955,2.10575
0.020590000955,2.10575
0.020600000955,2.0745
0.020610000955,2.10575
0.020620000955,2.0745
0.020630000955,2.0745
0.020640000955,2.10575
0.020650000955,2.137
0.020660000955,2.0745
0.020670000955,2.10575
0.020680000955,2.10575
0.020690000955,2.10575
0.020700000955,2.10575
0.020710000955,2.10575
0.020720000955,2.0745
0.020730000955,2.0745
0.020740000955,2.0745
0.020750000955,2.137
0.020760000955,2.10575
0.020770000955,2.0745
0.020780000955,2.10575
0.020790000955,2.10575
0.020800000955,2.0745
0.020810000955,2.10575
0.020820000955,2.10575
0.020830000955,2.10575
0.020840000955,2.137
0.020850000955,2.0745
0.020860000955,2.10575
0.020870000955,2.137
0.020880000955,2.137
0.020890000955,2.10575
0.020900000955,2.137
0.020910000955,2.137
0.020920000955,2.10575
0.020930000955,2.137
0.020940000955,2.10575
0.020950000955,2.10575
0.020960000955,2.0745
0.020970000955,2.10575
0.020980000955,2.0745
0.020990000955,2.10575
0.021000000955,2.137
0.021010000955,2.10575
0.021020000955,2.137
0.021030000955,2.10575
0.021040000955,2.137
0.021050000955,2.10575
0.021060000955,2.10575
0.021070000955,2.10575
0.021080000955,2.10575
0.021090000955,2.10575
0.021100000955,2.137
0.021110000955,2.10575
0.021120000955,2.10575
0.021130000955,2.10575
0.021140000955,2.10575
0.021150000955,2.10575
0.021160000955,2.10575
0.021170000955,2.10575
0.021180000955,2.137
0.021190000955,2.0745
0.021200000955,2.0745
0.021210000955,2.0745
0.021220000955,2.10575
0.021230000955,2.10575
0.021240000955,2.10575
0.021250000955,2.10575
0.021260000955,2.0745
0.021270000955,2.0745
0.021280000955,2.0745
0.021290000955,2.0745
0.021300000955,2.10575
0.021310000955,2.10575
0.021320000955,2.10575
0.021330000955,2.10575
0.021340000955,2.10575
0.021350000955,2.0745
0.021360000955,2.10575
0.021370000955,2.10575
0.021380000955,2.10575
0.021390000955,2.0745
0.021400000955,2.10575
0.021410000955,2.10575
0.021420000955,2.10575
0.021430000955,2.0745
0.021440000955,2.0745
0.021450000955,2.10575
0.021460000955,2.0745
0.021470000955,2.137
0.021480000955,2.10575
0.021490000955,2.0745
0.021500000955,2.10575
0.021510000955,2.10575
0.021520000955,2.10575
0.021530000955,2.10575
0.021540000955,2.10575
0.021550000955,2.04325
0.021560000955,2.0745
0.021570000955,2.0745
0.021580000955,2.137
0.021590000955,2.10575
0.021600000955,2.10575
0.021610000955,2.137
0.021620000955,2.10575
0.021630000955,2.0745
0.021640000955,2.10575
0.021650000955,2.0745
0.021660000955,2.10575
0.021670000955,2.10575
0.021680000955,2.10575
0.021690000955,2.137
0.021700000955,2.10575
0.021710000955,2.10575
0.021720000955,2.0745
0.021730000955,2.10575
0.021740000955,2.10575
0.021750000955,2.10575
0.021760000955,2.0745
0.021770000955,2.0745
0.021780000955,2.10575
0.021790000955,2.0745
0.021800000955,2.10575
0.021810000955,2.10575
0.021820000955,2.10575
0.021830000955,2.10575
0.021840000955,2.10575
0.021850000955,2.10575
0.021860000955,2.10575
0.021870000955,2.10575
0.021880000955,2.0745
0.021890000955,2.0745
0.021900000955,2.10575
0.021910000955,2.10575
0.021920000955,2.0745
0.021930000955,2.0745
0.021940000955,2.137
0.021950000955,2.0745
0.021960000955,2.137
0.021970000955,2.0745
0.021980000955,2.10575
0.021990000955,2.0745
0.022000000955,2.10575
0.022010000955,2.10575
0.022020000955,2.10575
0.022030000955,2.10575
0.022040000955,2.10575
0.022050000955,2.10575
0.022060000955,2.137
0.022070000955,2.10575
0.022080000955,2.137
0.022090000955,2.10575
0.022100000955,2.10575
0.022110000955,2.10575
0.022120000955,2.10575
0.022130000955,2.10575
0.022140000955,2.0745
0.022150000955,2.0745
0.022160000955,2.10575
0.022170000955,2.10575
0.022180000955,2.10575
0.022190000955,2.10575
0.022200000955,2.137
0.022210000955,2.10575
0.022220000955,2.10575
0.022230000955,2.10575
0.022240000955,2.10575
0.022250000955,2.0745
0.022260000955,2.0745
0.022270000955,2.10575
0.022280000955,2.0745
0.022290000955,2.10575
0.022300000955,2.10575
0.022310000955,2.10575
0.022320000955,2.10575
0.022330000955,2.10575
0.022340000955,2.0745
0.022350000955,2.10575
0.022360000955,2.10575
0.022370000955,2.0745
0.022380000955,2.137
0.022390000955,2.10575
0.022400000955,2.0745
0.022410000955,2.137
0.022420000955,2.10575
0.022430000955,2.10575
0.022440000955,2.10575
0.022450000955,2.10575
0.022460000955,2.10575
0.022470000955,2.0745
0.022480000955,2.10575
0.022490000955,2.10575
0.022500000955,2.10575
0.022510000955,2.10575
0.022520000955,2.0745
0.022530000955,2.10575
0.022540000955,2.0745
0.022550000955,2.137
0.022560000955,2.137
0.022570000955,2.10575
0.022580000955,2.10575
0.022590000955,2.10575
0.022600000955,2.0745
0.022610000955,2.10575
0.022620000955,2.10575
0.022630000955,2.10575
0.022640000955,2.10575
0.022650000955,2.0745
0.022660000955,2.10575
0.022670000955,2.10575
0.022680000955,2.0745
0.022690000955,2.10575
0.022700000955,2.10575
0.022710000955,2.0745
0.022720000955,2.0745
0.022730000955,2.10575
0.022740000955,2.0745
0.022750000955,2.10575
0.022760000955,2.10575
0.022770000955,2.10575
0.022780000955,2.0745
0.022790000955,2.0745
0.022800000955,2.10575
0.022810000955,2.10575
0.022820000955,2.0745
0.022830000955,2.0745
0.022840000955,2.0745
0.022850000955,2.10575
0.022860000955,2.10575
0.022870000955,2.10575
0.022880000955,2.0745
0.022890000955,2.137
0.022900000955,2.10575
0.022910000955,2.0745
0.022920000955,2.10575
0.022930000955,2.0745
0.022940000955,2.0745
0.022950000955,2.10575
0.022960000955,2.10575
0.022970000955,2.10575
0.022980000955,2.137
0.022990000955,2.10575
0.023000000955,2.10575
0.023010000955,2.10575
0.023020000955,2.0745
0.023030000955,2.0745
0.023040000955,2.10575
0.023050000955,2.137
0.023060000955,2.10575
0.023070000955,2.10575
0.023080000955,2.10575
0.023090000955,2.0745
0.023100000955,2.10575
0.023110000955,2.0745
0.023120000955,2.0745
0.023130000955,2.0745
0.023140000955,2.0745
0.023150000955,2.10575
0.023160000955,2.0745
0.023170000955,2.137
0.023180000955,2.04325
0.023190000955,2.10575
0.023200000955,2.10575
0.023210000955,2.10575
0.023220000955,2.10575
0.023230000955,2.10575
0.023240000955,2.10575
0.023250000955,2.10575
0.023260000955,2.10575
0.023270000955,2.10575
0.023280000955,2.10575
0.023290000955,2.10575
0.023300000955,2.10575
0.023310000955,2.04325
0.023320000955,2.137
0.023330000955,2.137
0.023340000955,2.10575
0.023350000955,2.10575
0.023360000955,2.10575
0.023370000955,2.0745
0.023380000955,2.0745
0.023390000955,2.137
0.023400000955,2.10575
0.023410000955,2.10575
0.023420000955,2.10575
0.023430000955,2.0745
0.023440000955,2.0745
0.023450000955,2.0745
0.023460000955,2.137
0.023470000955,2.10575
0.023480000955,2.10575
0.023490000955,2.137
0.023500000955,2.10575
0.023510000955,2.04325
0.023520000955,2.137
0.023530000955,2.10575
0.023540000955,2.10575
0.023550000955,2.0745
0.023560000955,2.137
0.023570000955,2.0745
0.023580000955,2.10575
0.023590000955,2.0745
0.023600000955,2.10575
0.023610000955,2.10575
0.023620000955,2.137
0.023630000955,2.0745
0.023640000955,2.137
0.023650000955,2.0745
0.023660000955,2.137
0.023670000955,2.10575
0.023680000955,2.10575
0.023690000955,2.10575
0.023700000955,2.10575
0.023710000955,2.10575
0.023720000955,2.10575
0.023730000955,2.10575
0.023740000955,2.10575
0.023750000955,2.0745
0.023760000955,2.0745
0.023770000955,2.0745
0.023780000955,2.10575
0.023790000955,2.0745
0.023800000955,2.10575
0.023810000955,2.10575
0.023820000955,2.0745
0.023830000955,2.137
0.023840000955,2.137
0.023850000955,2.10575
0.023860000955,2.10575
0.023870000955,2.0745
0.023880000955,2.0745
0.023890000955,2.10575
0.023900000955,2.0745
0.023910000955,2.0745
0.023920000955,2.10575
0.023930000955,2.10575
0.023940000955,2.10575
0.023950000955,2.10575
0.023960000955,2.10575
0.023970000955,2.10575
0.023980000955,2.10575
0.023990000955,2.10575
0.024000000955,2.10575
0.024010000955,2.137
0.024020000955,2.10575
0.024030000955,2.10575
0.024040000955,2.10575
0.024050000955,2.0745
0.024060000955,2.10575
0.024070000955,2.10575
0.024080000955,2.10575
0.024090000955,2.10575
0.024100000955,2.10575
0.024110000955,2.10575
0.024120000955,2.10575
0.024130000955,2.137
0.024140000955,2.10575
0.024150000955,2.137
0.024160000955,2.137
0.024170000955,2.10575
0.024180000955,2.137
0.024190000955,2.0745
0.024200000955,2.10575
0.024210000955,2.10575
0.024220000955,2.0745
0.024230000955,2.0745
0.024240000955,2.10575
0.024250000955,2.10575
0.024260000955,2.10575
0.024270000955,2.137
0.024280000955,2.10575
0.024290000955,2.0745
0.024300000955,2.10575
0.024310000955,2.137
0.024320000955,2.0745
0.024330000955,2.10575
0.024340000955,2.0745
0.024350000955,2.10575
0.024360000955,2.10575
0.024370000955,2.10575
0.024380000955,2.10575
0.024390000955,2.137
0.024400000955,2.10575
0.024410000955,2.10575
0.024420000955,2.0745
0.024430000955,2.0745
0.024440000955,2.10575
0.024450000955,2.04325
0.024460000955,2.0745
0.024470000955,2.10575
0.024480000955,2.137
0.024490000955,2.137
0.024500000955,2.137
0.024510000955,2.10575
0.024520000955,2.10575
0.024530000955,2.10575
0.024540000955,2.10575
0.024550000955,2.0745
0.024560000955,2.10575
0.024570000955,2.137
0.024580000955,2.137
0.024590000955,2.0745
0.024600000955,2.137
0.024610000955,2.10575
0.024620000955,2.10575
0.024630000955,2.0745
0.024640000955,2.10575
0.024650000955,2.10575
0.024660000955,2.10575
0.024670000955,2.10575
0.024680000955,2.137
0.024690000955,2.10575
0.024700000955,2.10575
0.024710000955,2.0745
0.024720000955,2.10575
0.024730000955,2.137
0.024740000955,2.10575
0.024750000955,2.10575
0.024760000955,2.10575
0.024770000955,2.137
0.024780000955,2.10575
0.024790000955,2.10575
0.024800000955,2.10575
0.024810000955,2.0745
0.024820000955,2.0745
0.024830000955,2.0745
0.024840000955,2.10575
0.024850000955,2.10575
0.024860000955,2.10575
0.024870000955,2.137
0.024880000955,2.10575
0.024890000955,2.10575
0.024900000955,2.137
0.024910000955,2.10575
0.024920000955,2.0745
0.024930000955,2.10575
0.024940000955,2.10575
0.024950000955,2.10575
0.024960000955,2.0745
0.024970000955,2.137
0.024980000955,2.137
0.024990000955,2.10575
0.025000000955,2.137
0.025010000955,2.10575
0.025020000955,2.10575
0.025030000955,2.10575
0.025040000955,2.10575
0.025050000955,2.10575
0.025060000955,2.10575
0.025070000955,2.10575
0.025080000955,2.10575
0.025090000955,2.10575
0.025100000955,2.137
0.025110000955,2.10575
0.025120000955,2.0745
0.025130000955,2.10575
0.025140000955,2.10575
0.025150000955,2.0745
0.025160000955,2.0745
0.025170000955,2.137
0.025180000955,2.0745
0.025190000955,2.137
0.025200000955,2.10575
0.025210000955,2.0745
0.025220000955,2.137
0.025230000955,2.04325
0.025240000955,2.0745
0.025250000955,2.10575
0.025260000955,2.0745
0.025270000955,2.137
0.025280000955,2.10575
0.025290000955,2.137
0.025300000955,2.137
0.025310000955,2.0745
0.025320000955,2.0745
0.025330000955,2.10575
0.025340000955,2.10575
0.025350000955,2.0745
0.025360000955,2.10575
0.025370000955,2.137
0.025380000955,2.10575
0.025390000955,2.0745
0.025400000955,2.10575
0.025410000955,2.0745
0.025420000955,2.10575
0.025430000955,2.0745
0.025440000955,2.10575
0.025450000955,2.10575
0.025460000955,2.0745
0.025470000955,2.137
0.025480000955,2.10575
0.025490000955,2.10575
0.025500000955,2.10575
0.025510000955,2.0745
0.025520000955,2.137
0.025530000955,2.10575
0.025540000955,2.10575
0.025550000955,2.10575
0.025560000955,2.0745
0.025570000955,2.10575
0.025580000955,2.0745
0.025590000955,2.10575
0.025600000955,2.10575
0.025610000955,2.137
0.025620000955,2.10575
0.025630000955,2.137
0.025640000955,2.137
0.025650000955,2.0745
0.025660000955,2.10575
0.025670000955,2.0745
0.025680000955,2.137
0.025690000955,2.137
0.025700000955,2.137
0.025710000955,2.10575
0.025720000955,2.10575
0.025730000955,2.137
0.025740000955,2.10575
0.025750000955,2.10575
0.025760000955,2.10575
0.025770000955,2.10575
0.025780000955,2.137
0.025790000955,2.10575
0.025800000955,2.10575
0.025810000955,2.137
0.025820000955,2.137
0.025830000955,2.10575
0.025840000955,2.10575
0.025850000955,2.137
0.025860000955,2.10575
0.025870000955,2.10575
0.025880000955,2.137
0.025890000955,2.10575
0.025900000955,2.10575
0.025910000955,2.137
0.025920000955,2.137
0.025930000955,2.0745
0.025940000955,2.137
0.025950000955,2.137
0.025960000955,2.137
0.025970000955,2.137
0.025980000955,2.10575
0.025990000955,2.0745
0.026000000955,2.10575
0.026010000955,2.137
0.026020000955,2.10575
0.026030000955,2.0745
0.026040000955,2.10575
0.026050000955,2.10575
0.026060000955,2.10575
0.026070000955,2.137
0.026080000955,2.10575
0.026090000955,2.0745
0.026100000955,2.10575
0.026110000955,2.10575
0.026120000955,2.10575
0.026130000955,2.10575
0.026140000955,2.0745
0.026150000955,2.10575
0.026160000955,2.10575
0.026170000955,2.10575
0.026180000955,2.10575
0.026190000955,2.137
0.026200000955,2.10575
0.026210000955,2.10575
0.026220000955,2.10575
0.026230000955,2.10575
0.026240000955,2.10575
0.026250000955,2.10575
0.026260000955,2.10575
0.026270000955,2.10575
0.026280000955,2.10575
0.026290000955,2.10575
0.026300000955,2.10575
0.026310000955,2.10575
0.026320000955,2.137
0.026330000955,2.0745
0.026340000955,2.137
0.026350000955,2.10575
0.026360000955,2.10575
0.026370000955,2.10575
0.026380000955,2.10575
0.026390000955,2.137
0.026400000955,2.137
0.026410000955,2.137
0.026420000955,2.10575
0.026430000955,2.10575
0.026440000955,2.10575
0.026450000955,2.10575
0.026460000955,2.0745
0.026470000955,2.0745
0.026480000955,2.10575
0.026490000955,2.137
0.026500000955,2.0745
0.026510000955,2.10575
0.026520000955,2.10575
0.026530000955,2.137
0.026540000955,2.137
0.026550000955,2.10575
0.026560000955,2.10575
0.026570000955,2.10575
0.026580000955,2.137
0.026590000955,2.137
0.026600000955,2.10575
0.026610000955,2.10575
0.026620000955,2.10575
0.026630000955,2.10575
0.026640000955,2.0745
0.026650000955,2.10575
0.026660000955,2.10575
0.026670000955,2.10575
0.026680000955,2.10575
0.026690000955,2.0745
0.026700000955,2.0745
0.026710000955,2.0745
0.026720000955,2.10575
0.026730000955,2.10575
0.026740000955,2.137
0.026750000955,2.0745
0.026760000955,2.10575
0.026770000955,2.0745
0.026780000955,2.10575
0.026790000955,2.137
0.026800000955,2.137
0.026810000955,2.10575
0.026820000955,2.137
0.026830000955,2.10575
0.026840000955,2.137
0.026850000955,2.137
0.026860000955,2.137
0.026870000955,2.10575
0.026880000955,2.137
0.026890000955,2.0745
0.026900000955,2.137
0.026910000955,2.10575
0.026920000955,2.10575
0.026930000955,2.137
0.026940000955,2.137
0.026950000955,2.10575
0.026960000955,2.0745
0.026970000955,2.137
0.026980000955,2.10575
0.026990000955,2.10575
0.027000000955,2.10575
0.027010000955,2.10575
0.027020000955,2.10575
0.027030000955,2.137
0.027040000955,2.137
0.027050000955,2.10575
0.027060000955,2.0745
0.027070000955,2.10575
0.027080000955,2.137
0.027090000955,2.10575
0.027100000955,2.0745
0.027110000955,2.137
0.027120000955,2.137
0.027130000955,2.0745
0.027140000955,2.137
0.027150000955,2.137
0.027160000955,2.137
0.027170000955,2.16825
0.027180000955,2.137
0.027190000955,2.0745
0.027200000955,2.10575
0.027210000955,2.10575
0.027220000955,2.10575
0.027230000955,2.137
0.027240000955,2.10575
0.027250000955,2.10575
0.027260000955,2.137
0.027270000955,2.04325
0.027280000955,2.10575
0.027290000955,2.10575
0.027300000955,2.10575
0.027310000955,2.10575
0.027320000955,2.10575
0.027330000955,2.10575
0.027340000955,2.137
0.027350000955,2.10575
0.027360000955,2.0745
0.027370000955,2.10575
0.027380000955,2.137
0.027390000955,2.0745
0.027400000955,2.10575
0.027410000955,2.10575
0.027420000955,2.10575
0.027430000955,2.10575
0.027440000955,2.10575
0.027450000955,2.10575
0.027460000955,2.10575
0.027470000955,2.137
0.027480000955,2.10575
0.027490000955,2.10575
0.027500000955,2.137
0.027510000955,2.10575
0.027520000955,2.10575
0.027530000955,2.10575
0.027540000955,2.10575
0.027550000955,2.10575
0.027560000955,2.10575
0.027570000955,2.10575
0.027580000955,2.137
0.027590000955,2.10575
0.027600000955,2.137
0.027610000955,2.10575
0.027620000955,2.10575
0.027630000955,2.10575
0.027640000955,2.0745
0.027650000955,2.10575
0.027660000955,2.10575
0.027670000955,2.10575
0.027680000955,2.10575
0.027690000955,2.0745
0.027700000955,2.137
0.027710000955,2.10575
0.027720000955,2.10575
0.027730000955,2.10575
0.027740000955,2.10575
0.027750000955,2.10575
0.027760000955,2.10575
0.027770000955,2.10575
0.027780000955,2.10575
0.027790000955,2.10575
0.027800000955,2.10575
0.027810000955,2.137
0.027820000955,2.10575
0.027830000955,2.137
0.027840000955,2.10575
0.027850000955,2.137
0.027860000955,2.137
0.027870000955,2.10575
0.027880000955,2.10575
0.027890000955,2.10575
0.027900000955,2.0745
0.027910000955,2.10575
0.027920000955,2.0745
0.027930000955,2.10575
0.027940000955,2.10575
0.027950000955,2.137
0.027960000955,2.0745
0.027970000955,2.10575
0.027980000955,2.10575
0.027990000955,2.137
0.028000000955,2.10575
0.028010000955,2.0745
0.028020000955,2.10575
0.028030000955,2.10575
0.028040000955,2.10575
0.028050000955,2.0745
0.028060000955,2.0745
0.028070000955,2.137
0.028080000955,2.10575
0.028090000955,2.137
0.028100000955,2.137
0.028110000955,2.137
0.028120000955,2.16825
0.028130000955,2.137
0.028140000955,2.10575
0.028150000955,2.10575
0.028160000955,2.10575
0.028170000955,2.10575
0.028180000955,2.137
0.028190000955,2.10575
0.028200000955,2.10575
0.028210000955,2.10575
0.028220000955,2.0745
0.028230000955,2.10575
0.028240000955,2.10575
0.028250000955,2.10575
0.028260000955,2.10575
0.028270000955,2.10575
0.028280000955,2.10575
0.028290000955,2.10575
0.028300000955,2.137
0.028310000955,2.10575
0.028320000955,2.10575
0.028330000955,2.10575
0.028340000955,2.16825
0.028350000955,2.04325
0.028360000955,2.10575
0.028370000955,2.137
0.028380000955,2.10575
0.028390000955,2.10575
0.028400000955,2.0745
0.028410000955,2.10575
0.028420000955,2.10575
0.028430000955,2.137
0.028440000955,2.10575
0.028450000955,2.10575
0.028460000955,2.137
0.028470000955,2.10575
0.028480000955,2.10575
0.028490000955,2.137
0.028500000955,2.137
0.028510000955,2.10575
0.028520000955,2.10575
0.028530000955,2.10575
0.028540000955,2.10575
0.028550000955,2.137
0.028560000955,2.10575
0.028570000955,2.10575
0.028580000955,2.10575
0.028590000955,2.10575
0.028600000955,2.10575
0.028610000955,2.10575
0.028620000955,2.10575
0.028630000955,2.10575
0.028640000955,2.137
0.028650000955,2.16825
0.028660000955,2.10575
0.028670000955,2.10575
0.028680000955,2.10575
0.028690000955,2.10575
0.028700000955,2.137
0.028710000955,2.10575
0.028720000955,2.10575
0.028730000955,2.10575
0.028740000955,2.137
0.028750000955,2.16825
0.028760000955,2.10575
0.028770000955,2.0745
0.028780000955,2.137
0.028790000955,2.137
0.028800000955,2.137
0.028810000955,2.10575
0.028820000955,2.10575
0.028830000955,2.10575
0.028840000955,2.137
0.028850000955,2.0745
0.028860000955,2.10575
0.028870000955,2.10575
0.028880000955,2.10575
0.028890000955,2.10575
0.028900000955,2.10575
0.028910000955,2.10575
0.028920000955,2.10575
0.028930000955,2.10575
0.028940000955,2.10575
0.028950000955,2.137
0.028960000955,2.0745
0.028970000955,2.10575
0.028980000955,2.10575
0.028990000955,2.137
0.029000000955,2.10575
0.029010000955,2.10575
0.029020000955,2.10575
0.029030000955,2.10575
0.029040000955,2.10575
0.029050000955,2.137
0.029060000955,2.10575
0.029070000955,2.16825
0.029080000955,2.10575
0.029090000955,2.137
0.029100000955,2.10575
0.029110000955,2.10575
0.029120000955,2.137
0.029130000955,2.0745
0.029140000955,2.137
0.029150000955,2.0745
0.029160000955,2.0745
0.029170000955,2.10575
0.029180000955,2.137
0.029190000955,2.10575
0.029200000955,2.10575
0.029210000955,2.10575
0.029220000955,2.137
0.029230000955,2.137
0.029240000955,2.10575
0.029250000955,2.10575
0.029260000955,2.10575
0.029270000955,2.10575
0.029280000955,2.10575
0.029290000955,2.137
0.029300000955,2.137
0.029310000955,2.10575
0.029320000955,2.10575
0.029330000955,2.137
0.029340000955,2.137
0.029350000955,2.10575
0.029360000955,2.10575
0.029370000955,2.10575
0.029380000955,2.0745
0.029390000955,2.10575
0.029400000955,2.0745
0.029410000955,2.10575
0.029420000955,2.137
0.029430000955,2.10575
0.029440000955,2.10575
0.029450000955,2.10575
0.029460000955,2.10575
0.029470000955,2.10575
0.029480000955,2.137
0.029490000955,2.10575
0.029500000955,2.10575
0.029510000955,2.10575
0.029520000955,2.0745
0.029530000955,2.10575
0.029540000955,2.137
0.029550000955,2.10575
0.029560000955,2.10575
0.029570000955,2.10575
0.029580000955,2.10575
0.029590000955,2.137
0.029600000955,2.0745
0.029610000955,2.10575
0.029620000955,2.0745
0.029630000955,2.137
0.029640000955,2.137
0.029650000955,2.10575
0.029660000955,2.10575
0.029670000955,2.10575
0.029680000955,2.10575
0.029690000955,2.0745
0.029700000955,2.10575
0.029710000955,2.137
0.029720000955,2.10575
0.029730000955,2.10575
0.029740000955,2.10575
0.029750000955,2.10575
0.029760000955,2.137
0.029770000955,2.10575
0.029780000955,2.10575
0.029790000955,2.137
0.029800000955,2.137
0.029810000955,2.0745
0.029820000955,2.10575
0.029830000955,2.10575
0.029840000955,2.10575
0.029850000955,2.137
0.029860000955,2.137
0.029870000955,2.137
0.029880000955,2.10575
0.029890000955,2.10575
0.029900000955,2.10575
0.029910000955,2.0745
0.029920000955,2.10575
0.029930000955,2.0745
0.029940000955,2.10575
0.029950000955,2.10575
0.029960000955,2.137
0.029970000955,2.137
0.029980000955,2.10575
0.029990000955,2.0745
0.030000000955,2.10575
0.030010000955,2.137
0.030020000955,2.10575
0.030030000955,2.137
0.030040000955,2.0745
0.030050000955,2.10575
0.030060000955,2.137
0.030070000955,2.10575
0.030080000955,2.10575
0.030090000955,2.10575
0.030100000955,2.10575
0.030110000955,2.10575
0.030120000955,2.10575
0.030130000955,2.10575
0.030140000955,2.137
0.030150000955,2.137
0.030160000955,2.10575
0.030170000955,2.137
0.030180000955,2.10575
0.030190000955,2.137
0.030200000955,2.10575
0.030210000955,2.0745
0.030220000955,2.10575
0.030230000955,2.10575
0.030240000955,2.10575
0.030250000955,2.10575
0.030260000955,2.10575
0.030270000955,2.10575
0.030280000955,2.137
0.030290000955,2.10575
0.030300000955,2.137
0.030310000955,2.10575
0.030320000955,2.10575
0.030330000955,2.137
0.030340000955,2.137
0.030350000955,2.10575
0.030360000955,2.10575
0.030370000955,2.10575
0.030380000955,2.0745
0.030390000955,2.0745
0.030400000955,2.10575
0.030410000955,2.10575
0.030420000955,2.10575
0.030430000955,2.10575
0.030440000955,2.137
0.030450000955,2.0745
0.030460000955,2.10575
0.030470000955,2.10575
0.030480000955,2.10575
0.030490000955,2.10575
0.030500000955,2.137
0.030510000955,2.10575
0.030520000955,2.137
0.030530000955,2.10575
0.030540000955,2.10575
0.030550000955,2.10575
0.030560000955,2.10575
0.030570000955,2.0745
0.030580000955,2.10575
0.030590000955,2.0745
0.030600000955,2.10575
0.030610000955,2.10575
0.030620000955,2.10575
0.030630000955,2.137
0.030640000955,2.10575
0.030650000955,2.10575
0.030660000955,2.10575
0.030670000955,2.137
0.030680000955,2.137
0.030690000955,2.137
0.030700000955,2.0745
0.030710000955,2.0745
0.030720000955,2.10575
0.030730000955,2.10575
0.030740000955,2.10575
0.030750000955,2.137
0.030760000955,2.10575
0.030770000955,2.10575
0.030780000955,2.10575
0.030790000955,2.10575
0.030800000955,2.137
0.030810000955,2.0745
0.030820000955,2.10575
0.030830000955,2.137
0.030840000955,2.137
0.030850000955,2.0745
0.030860000955,2.10575
0.030870000955,2.10575
0.030880000955,2.10575
0.030890000955,2.10575
0.030900000955,2.137
0.030910000955,2.0745
0.030920000955,2.10575
0.030930000955,2.137
0.030940000955,2.137
0.030950000955,2.10575
0.030960000955,2.10575
0.030970000955,2.10575
0.030980000955,2.137
0.030990000955,2.10575
0.031000000955,2.10575
0.031010000955,2.0745
0.031020000955,2.10575
0.031030000955,2.10575
0.031040000955,2.137
0.031050000955,2.10575
0.031060000955,2.10575
0.031070000955,2.10575
0.031080000955,2.10575
0.031090000955,2.10575
0.031100000955,2.137
0.031110000955,2.10575
0.031120000955,2.137
0.031130000955,2.137
0.031140000955,2.10575
0.031150000955,2.137
0.031160000955,2.10575
0.031170000955,2.137
0.031180000955,2.137
0.031190000955,2.10575
0.031200000955,2.137
0.031210000955,2.137
0.031220000955,2.137
0.031230000955,2.16825
0.031240000955,2.10575
0.031250000955,2.10575
0.031260000955,2.10575
0.031270000955,2.137
0.031280000955,2.137
0.031290000955,2.10575
0.031300000955,2.137
0.031310000955,2.10575
0.031320000955,2.137
0.031330000955,2.137
0.031340000955,2.137
0.031350000955,2.10575
0.031360000955,2.10575
0.031370000955,2.10575
0.031380000955,2.10575
0.031390000955,2.0745
0.031400000955,2.10575
0.031410000955,2.10575
0.031420000955,2.10575
0.031430000955,2.10575
0.031440000955,2.10575
0.031450000955,2.137
0.031460000955,2.137
0.031470000955,2.137
0.031480000955,2.10575
0.031490000955,2.10575
0.031500000955,2.137
0.031510000955,2.10575
0.031520000955,2.10575
0.031530000955,2.10575
0.031540000955,2.137
0.031550000955,2.10575
0.031560000955,2.10575
0.031570000955,2.10575
0.031580000955,2.10575
0.031590000955,2.10575
0.031600000955,2.137
0.031610000955,2.137
0.031620000955,2.137
0.031630000955,2.137
0.031640000955,2.137
0.031650000955,2.10575
0.031660000955,2.137
0.031670000955,2.137
0.031680000955,2.10575
0.031690000955,2.137
0.031700000955,2.10575
0.031710000955,2.16825
0.031720000955,2.137
0.031730000955,2.10575
0.031740000955,2.137
0.031750000955,2.137
0.031760000955,2.137
0.031770000955,2.137
0.031780000955,2.10575
0.031790000955,2.10575
0.031800000955,2.137
0.031810000955,2.10575
0.031820000955,2.137
0.031830000955,2.10575
0.031840000955,2.10575
0.031850000955,2.10575
0.031860000955,2.137
0.031870000955,2.137
0.031880000955,2.10575
0.031890000955,2.0745
0.031900000955,2.10575
0.031910000955,2.16825
0.031920000955,2.10575
0.031930000955,2.10575
0.031940000955,2.10575
0.031950000955,2.10575
0.031960000955,2.137
0.031970000955,2.137
0.031980000955,2.137
0.031990000955,2.0745
0.032000000955,2.137
0.032010000955,2.10575
0.032020000955,2.137
0.032030000955,2.10575
0.032040000955,2.137
0.032050000955,2.10575
0.032060000955,2.10575
0.032070000955,2.0745
0.032080000955,2.137
0.032090000955,2.10575
0.032100000955,2.10575
0.032110000955,2.10575
0.032120000955,2.137
0.032130000955,2.137
0.032140000955,2.10575
0.032150000955,2.10575
0.032160000955,2.10575
0.032170000955,2.10575
0.032180000955,2.10575
0.032190000955,2.10575
0.032200000955,2.10575
0.032210000955,2.10575
0.032220000955,2.137
0.032230000955,2.10575
0.032240000955,2.137
0.032250000955,2.137
0.032260000955,2.137
0.032270000955,2.10575
0.032280000955,2.16825
0.032290000955,2.137
0.032300000955,2.10575
0.032310000955,2.10575
0.032320000955,2.10575
0.032330000955,2.0745
0.032340000955,2.10575
0.032350000955,2.137
0.032360000955,2.137
0.032370000955,2.137
0.032380000955,2.137
0.032390000955,2.137
0.032400000955,2.10575
0.032410000955,2.137
0.032420000955,2.0745
0.032430000955,2.0745
0.032440000955,2.0745
0.032450000955,2.137
0.032460000955,2.137
0.032470000955,2.10575
0.032480000955,2.137
0.032490000955,2.0745
0.032500000955,2.10575
0.032510000955,2.10575
0.032520000955,2.137
0.032530000955,2.10575
0.032540000955,2.10575
0.032550000955,2.10575
0.032560000955,2.137
0.032570000955,2.137
0.032580000955,2.10575
0.032590000955,2.0745
0.032600000955,2.137
0.032610000955,2.10575
0.032620000955,2.10575
0.032630000955,2.10575
0.032640000955,2.10575
0.032650000955,2.137
0.032660000955,2.137
0.032670000955,2.10575
0.032680000955,2.137
0.032690000955,2.137
0.032700000955,2.10575
0.032710000955,2.10575
0.032720000955,2.10575
0.032730000955,2.137
0.032740000955,2.10575
0.032750000955,2.10575
0.032760000955,2.137
0.032770000955,2.10575
0.032780000955,2.10575
0.032790000955,2.10575
0.032800000955,2.137
0.032810000955,2.0745
0.032820000955,2.137
0.032830000955,2.10575
0.032840000955,2.10575
0.032850000955,2.10575
0.032860000955,2.137
0.032870000955,2.137
0.032880000955,2.10575
0.032890000955,2.0745
0.032900000955,2.137
0.032910000955,2.137
0.032920000955,2.10575
0.032930000955,2.10575
0.032940000955,2.137
0.032950000955,2.137
0.032960000955,2.0745
0.032970000955,2.10575
0.032980000955,2.137
0.032990000955,2.10575
0.033000000955,2.16825
0.033010000955,2.0745
0.033020000955,2.10575
0.033030000955,2.10575
0.033040000955,2.137
0.033050000955,2.16825
0.033060000955,2.137
0.033070000955,2.10575
0.033080000955,2.10575
0.033090000955,2.0745
0.033100000955,2.10575
0.033110000955,2.137
0.033120000955,2.10575
0.033130000955,2.137
0.033140000955,2.137
0.033150000955,2.137
0.033160000955,2.137
0.033170000955,2.10575
0.033180000955,2.10575
0.033190000955,2.10575
0.033200000955,2.137
0.033210000955,2.0745
0.033220000955,2.10575
0.033230000955,2.10575
0.033240000955,2.10575
0.033250000955,2.10575
0.033260000955,2.137
0.033270000955,2.0745
0.033280000955,2.137
0.033290000955,2.10575
0.033300000955,2.10575
0.033310000955,2.10575
0.033320000955,2.137
0.033330000955,2.10575
0.033340000955,2.137
0.033350000955,2.10575
0.033360000955,2.10575
0.033370000955,2.137
0.033380000955,2.10575
0.033390000955,2.10575
0.033400000955,2.10575
0.033410000955,2.10575
0.033420000955,2.0745
0.033430000955,2.10575
0.033440000955,2.137
0.033450000955,2.137
0.033460000955,2.137
0.033470000955,2.0745
0.033480000955,2.10575
0.033490000955,2.10575
0.033500000955,2.04325
0.033510000955,2.10575
0.033520000955,2.10575
0.033530000955,2.10575
0.033540000955,2.137
0.033550000955,2.137
0.033560000955,2.137
0.033570000955,2.10575
0.033580000955,2.137
0.033590000955,2.137
0.033600000955,2.137
0.033610000955,2.10575
0.033620000955,2.10575
0.033630000955,2.137
0.033640000955,2.10575
0.033650000955,2.137
0.033660000955,2.137
0.033670000955,2.10575
0.033680000955,2.137
0.033690000955,2.10575
0.033700000955,2.10575
0.033710000955,2.137
0.033720000955,2.16825
0.033730000955,2.137
0.033740000955,2.10575
0.033750000955,2.0745
0.033760000955,2.10575
0.033770000955,2.137
0.033780000955,2.16825
0.033790000955,2.10575
0.033800000955,2.10575
0.033810000955,2.10575
0.033820000955,2.137
0.033830000955,2.137
0.033840000955,2.0745
0.033850000955,2.137
0.033860000955,2.10575
0.033870000955,2.10575
0.033880000955,2.10575
0.033890000955,2.10575
0.033900000955,2.137
0.033910000955,2.137
0.033920000955,2.10575
0.033930000955,2.137
0.033940000955,2.137
0.033950000955,2.137
0.033960000955,2.10575
0.033970000955,2.10575
0.033980000955,2.137
0.033990000955,2.0745
0.034000000955,2.10575
0.034010000955,2.10575
0.034020000955,2.137
0.034030000955,2.10575
0.034040000955,2.137
0.034050000955,2.0745
0.034060000955,2.0745
0.034070000955,2.10575
0.034080000955,2.137
0.034090000955,2.137
0.034100000955,2.0745
0.034110000955,2.10575
0.034120000955,2.137
0.034130000955,2.10575
0.034140000955,2.137
0.034150000955,2.10575
0.034160000955,2.137
0.034170000955,2.0745
0.034180000955,2.137
0.034190000955,2.10575
0.034200000955,2.137
0.034210000955,2.10575
0.034220000955,2.137
0.034230000955,2.10575
0.034240000955,2.10575
0.034250000955,2.10575
0.034260000955,2.10575
0.034270000955,2.137
0.034280000955,2.10575
0.034290000955,2.10575
0.034300000955,2.10575
0.034310000955,2.137
0.034320000955,2.137
0.034330000955,2.137
0.034340000955,2.10575
0.034350000955,2.137
0.034360000955,2.137
0.034370000955,2.137
0.034380000955,2.10575
0.034390000955,2.10575
0.034400000955,2.137
0.034410000955,2.137
0.034420000955,2.137
0.034430000955,2.137
0.034440000955,2.137
0.034450000955,2.0745
0.034460000955,2.10575
0.034470000955,2.137
0.034480000955,2.137
0.034490000955,2.0745
0.034500000955,2.10575
0.034510000955,2.137
0.034520000955,2.10575
0.034530000955,2.10575
0.034540000955,2.10575
0.034550000955,2.10575
0.034560000955,2.137
0.034570000955,2.137
0.034580000955,2.10575
0.034590000955,2.137
0.034600000955,2.137
0.034610000955,2.10575
0.034620000955,2.10575
0.034630000955,2.137
0.034640000955,2.10575
0.034650000955,2.137
0.034660000955,2.10575
0.034670000955,2.10575
0.034680000955,2.10575
0.034690000955,2.16825
0.034700000955,2.137
0.034710000955,2.137
0.034720000955,2.137
0.034730000955,2.10575
0.034740000955,2.10575
0.034750000955,2.137
0.034760000955,2.137
0.034770000955,2.10575
0.034780000955,2.137
0.034790000955,2.10575
0.034800000955,2.10575
0.034810000955,2.10575
0.034820000955,2.10575
0.034830000955,2.137
0.034840000955,2.137
0.034850000955,2.137
0.034860000955,2.137
0.034870000955,2.0745
0.034880000955,2.137
0.034890000955,2.0745
0.034900000955,2.10575
0.034910000955,2.10575
0.034920000955,2.10575
0.034930000955,2.10575
0.034940000955,2.10575
0.034950000955,2.0745
0.034960000955,2.10575
0.034970000955,2.137
0.034980000955,2.10575
0.034990000955,2.10575
0.035000000955,2.10575
0.035010000955,2.10575
0.035020000955,2.10575
0.035030000955,2.137
0.035040000955,2.137
0.035050000955,2.137
0.035060000955,2.10575
0.035070000955,2.10575
0.035080000955,2.137
0.035090000955,2.137
0.035100000955,2.137
0.035110000955,2.10575
0.035120000955,2.137
0.035130000955,2.137
0.035140000955,2.1995
0.035150000955,2.137
0.035160000955,2.10575
0.035170000955,2.10575
0.035180000955,2.10575
0.035190000955,2.0745
0.035200000955,2.10575
0.035210000955,2.137
0.035220000955,2.10575
0.035230000955,2.137
0.035240000955,2.10575
0.035250000955,2.137
0.035260000955,2.10575
0.035270000955,2.10575
0.035280000955,2.10575
0.035290000955,2.10575
0.035300000955,2.0745
0.035310000955,2.16825
0.035320000955,2.10575
0.035330000955,2.10575
0.035340000955,2.0745
0.035350000955,2.10575
0.035360000955,2.10575
0.035370000955,2.137
0.035380000955,2.137
0.035390000955,2.137
0.035400000955,2.137
0.035410000955,2.137
0.035420000955,2.137
0.035430000955,2.10575
0.035440000955,2.137
0.035450000955,2.10575
0.035460000955,2.137
0.035470000955,2.10575
0.035480000955,2.137
0.035490000955,2.137
0.035500000955,2.137
0.035510000955,2.137
0.035520000955,2.137
0.035530000955,2.137
0.035540000955,2.137
0.035550000955,2.10575
0.035560000955,2.16825
0.035570000955,2.137
0.035580000955,2.137
0.035590000955,2.137
0.035600000955,2.10575
0.035610000955,2.10575
0.035620000955,2.10575
0.035630000955,2.137
0.035640000955,2.10575
0.035650000955,2.10575
0.035660000955,2.10575
0.035670000955,2.10575
0.035680000955,2.10575
0.035690000955,2.10575
0.035700000955,2.10575
0.035710000955,2.137
0.035720000955,2.10575
0.035730000955,2.137
0.035740000955,2.10575
0.035750000955,2.10575
0.035760000955,2.137
0.035770000955,2.10575
0.035780000955,2.137
0.035790000955,2.10575
0.035800000955,2.137
0.035810000955,2.137
0.035820000955,2.10575
0.035830000955,2.137
0.035840000955,2.137
0.035850000955,2.10575
0.035860000955,2.137
0.035870000955,2.10575
0.035880000955,2.10575
0.035890000955,2.137
0.035900000955,2.10575
0.035910000955,2.10575
0.035920000955,2.137
0.035930000955,2.10575
0.035940000955,2.137
0.035950000955,2.10575
0.035960000955,2.10575
0.035970000955,2.137
0.035980000955,2.10575
0.035990000955,2.10575
0.036000000955,2.10575
0.036010000955,2.137
0.036020000955,2.137
0.036030000955,2.10575
0.036040000955,2.10575
0.036050000955,2.137
0.036060000955,2.0745
0.036070000955,2.10575
0.036080000955,2.10575
0.036090000955,2.0745
0.036100000955,2.137
0.036110000955,2.137
0.036120000955,2.10575
0.036130000955,2.10575
0.036140000955,2.137
0.036150000955,2.137
0.036160000955,2.16825
0.036170000955,2.10575
0.036180000955,2.10575
0.036190000955,2.10575
0.036200000955,2.10575
0.036210000955,2.10575
0.036220000955,2.10575
0.036230000955,2.10575
0.036240000955,2.10575
0.036250000955,2.10575
0.036260000955,2.0745
0.036270000955,2.137
0.036280000955,2.137
0.036290000955,2.137
0.036300000955,2.137
0.036310000955,2.137
0.036320000955,2.137
0.036330000955,2.10575
0.036340000955,2.137
0.036350000955,2.137
0.036360000955,2.10575
0.036370000955,2.137
0.036380000955,2.10575
0.036390000955,2.137
0.036400000955,2.137
0.036410000955,2.137
0.036420000955,2.137
0.036430000955,2.137
0.036440000955,2.137
0.036450000955,2.137
0.036460000955,2.10575
0.036470000955,2.137
0.036480000955,2.137
0.036490000955,2.10575
0.036500000955,2.10575
0.036510000955,2.137
0.036520000955,2.137
0.036530000955,2.10575
0.036540000955,2.137
0.036550000955,2.137
0.036560000955,2.10575
0.036570000955,2.137
0.036580000955,2.137
0.036590000955,2.10575
0.036600000955,2.137
0.036610000955,2.137
0.036620000955,2.137
0.036630000955,2.16825
0.036640000955,2.10575
0.036650000955,2.10575
0.036660000955,2.10575
0.036670000955,2.10575
0.036680000955,2.10575
0.036690000955,2.10575
0.036700000955,2.10575
0.036710000955,2.10575
0.036720000955,2.137
0.036730000955,2.10575
0.036740000955,2.0745
0.036750000955,2.137
0.036760000955,2.137
0.036770000955,2.10575
0.036780000955,2.137
0.036790000955,2.137
0.036800000955,2.137
0.036810000955,2.10575
0.036820000955,2.137
0.036830000955,2.0745
0.036840000955,2.137
0.036850000955,2.10575
0.036860000955,2.10575
0.036870000955,2.10575
0.036880000955,2.10575
0.036890000955,2.137
0.036900000955,2.10575
0.036910000955,2.137
0.036920000955,2.10575
0.036930000955,2.04325
0.036940000955,2.10575
0.036950000955,2.137
0.036960000955,2.137
0.036970000955,2.137
0.036980000955,2.137
0.036990000955,2.10575
0.037000000955,2.137
0.037010000955,2.10575
0.037020000955,2.10575
0.037030000955,2.137
0.037040000955,2.137
0.037050000955,2.137
0.037060000955,2.0745
0.037070000955,2.16825
0.037080000955,2.10575
0.037090000955,2.0745
0.037100000955,2.10575
0.037110000955,2.10575
0.037120000955,2.10575
0.037130000955,2.137
0.037140000955,2.137
0.037150000955,2.137
0.037160000955,2.137
0.037170000955,2.16825
0.037180000955,2.10575
0.037190000955,2.0745
0.037200000955,2.10575
0.037210000955,2.10575
0.037220000955,2.137
0.037230000955,2.137
0.037240000955,2.137
0.037250000955,2.137
0.037260000955,2.10575
0.037270000955,2.137
0.037280000955,2.10575
0.037290000955,2.10575
0.037300000955,2.10575
0.037310000955,2.10575
0.037320000955,2.10575
0.037330000955,2.137
0.037340000955,2.10575
0.037350000955,2.10575
0.037360000955,2.137
0.037370000955,2.10575
0.037380000955,2.16825
0.037390000955,2.10575
0.037400000955,2.10575
0.037410000955,2.10575
0.037420000955,2.10575
0.037430000955,2.10575
0.037440000955,2.10575
0.037450000955,2.10575
0.037460000955,2.137
0.037470000955,2.137
0.037480000955,2.137
0.037490000955,2.137
0.037500000955,2.137
0.037510000955,2.10575
0.037520000955,2.10575
0.037530000955,2.10575
0.037540000955,2.10575
0.037550000955,2.10575
0.037560000955,2.137
0.037570000955,2.137
0.037580000955,2.137
0.037590000955,2.10575
0.037600000955,2.137
0.037610000955,2.137
0.037620000955,2.137
0.037630000955,2.137
0.037640000955,2.10575
0.037650000955,2.10575
0.037660000955,2.137
0.037670000955,2.137
0.037680000955,2.10575
0.037690000955,2.137
0.037700000955,2.137
0.037710000955,2.137
0.037720000955,2.137
0.037730000955,2.10575
0.037740000955,2.137
0.037750000955,2.10575
0.037760000955,2.10575
0.037770000955,2.10575
0.037780000955,2.16825
0.037790000955,2.10575
0.037800000955,2.137
0.037810000955,2.10575
0.037820000955,2.10575
0.037830000955,2.10575
0.037840000955,2.137
0.037850000955,2.10575
0.037860000955,2.137
0.037870000955,2.137
0.037880000955,2.137
0.037890000955,2.137
0.037900000955,2.137
0.037910000955,2.137
0.037920000955,2.10575
0.037930000955,2.137
0.037940000955,2.10575
0.037950000955,2.10575
0.037960000955,2.10575
0.037970000955,2.137
0.037980000955,2.137
0.037990000955,2.137
0.038000000955,2.137
0.038010000955,2.10575
0.038020000955,2.137
0.038030000955,2.137
0.038040000955,2.10575
0.038050000955,2.137
0.038060000955,2.10575
0.038070000955,2.10575
0.038080000955,2.137
0.038090000955,2.16825
0.038100000955,2.137
0.038110000955,2.10575
0.038120000955,2.10575
0.038130000955,2.137
0.038140000955,2.137
0.038150000955,2.0745
0.038160000955,2.16825
0.038170000955,2.10575
0.038180000955,2.137
0.038190000955,2.137
0.038200000955,2.10575
0.038210000955,2.10575
0.038220000955,2.10575
0.038230000955,2.137
0.038240000955,2.10575
0.038250000955,2.137
0.038260000955,2.10575
0.038270000955,2.137
0.038280000955,2.10575
0.038290000955,2.10575
0.038300000955,2.10575
0.038310000955,2.10575
0.038320000955,2.10575
0.038330000955,2.137
0.038340000955,2.137
0.038350000955,2.137
0.038360000955,2.10575
0.038370000955,2.10575
0.038380000955,2.10575
0.038390000955,2.137
0.038400000955,2.10575
0.038410000955,2.137
0.038420000955,2.137
0.038430000955,2.137
0.038440000955,2.137
0.038450000955,2.137
0.038460000955,2.137
0.038470000955,2.137
0.038480000955,2.10575
0.038490000955,2.137
0.038500000955,2.16825
0.038510000955,2.10575
0.038520000955,2.10575
0.038530000955,2.137
0.038540000955,2.10575
0.038550000955,2.16825
0.038560000955,2.137
0.038570000955,2.10575
0.038580000955,2.10575
0.038590000955,2.10575
0.038600000955,2.10575
0.038610000955,2.10575
0.038620000955,2.10575
0.038630000955,2.10575
0.038640000955,2.0745
0.038650000955,2.137
0.038660000955,2.10575
0.038670000955,2.137
0.038680000955,2.10575
0.038690000955,2.10575
0.038700000955,2.10575
0.038710000955,2.137
0.038720000955,2.137
0.038730000955,2.10575
0.038740000955,2.137
0.038750000955,2.10575
0.038760000955,2.137
0.038770000955,2.10575
0.038780000955,2.16825
0.038790000955,2.137
0.038800000955,2.10575
0.038810000955,2.137
0.038820000955,2.10575
0.038830000955,2.10575
0.038840000955,2.137
0.038850000955,2.137
0.038860000955,2.10575
0.038870000955,2.137
0.038880000955,2.10575
0.038890000955,2.10575
0.038900000955,2.137
0.038910000955,2.16825
0.038920000955,2.10575
0.038930000955,2.137
0.038940000955,2.137
0.038950000955,2.10575
0.038960000955,2.10575
0.038970000955,2.137
0.038980000955,2.10575
0.038990000955,2.137
0.039000000955,2.10575
0.039010000955,2.10575
0.039020000955,2.10575
0.039030000955,2.137
0.039040000955,2.137
0.039050000955,2.137
0.039060000955,2.10575
0.039070000955,2.137
0.039080000955,2.10575
0.039090000955,2.10575
0.039100000955,2.10575
0.039110000955,2.10575
0.039120000955,2.137
0.039130000955,2.16825
0.039140000955,2.137
0.039150000955,2.137
0.039160000955,2.10575
0.039170000955,2.137
0.039180000955,2.10575
0.039190000955,2.137
0.039200000955,2.137
0.039210000955,2.10575
0.039220000955,2.10575
0.039230000955,2.10575
0.039240000955,2.137
0.039250000955,2.0745
0.039260000955,2.137
0.039270000955,2.10575
0.039280000955,2.137
0.039290000955,2.10575
0.039300000955,2.10575
0.039310000955,2.10575
0.039320000955,2.137
0.039330000955,2.137
0.039340000955,2.137
0.039350000955,2.10575
0.039360000955,2.137
0.039370000955,2.137
0.039380000955,2.10575
0.039390000955,2.10575
0.039400000955,2.10575
0.039410000955,2.137
0.039420000955,2.16825
0.039430000955,2.0745
0.039440000955,2.10575
0.039450000955,2.10575
0.039460000955,2.137
0.039470000955,2.137
0.039480000955,2.137
0.039490000955,2.0745
0.039500000955,2.10575
0.039510000955,2.10575
0.039520000955,2.0745
0.039530000955,2.10575
0.039540000955,2.10575
0.039550000955,2.10575
0.039560000955,2.137
0.039570000955,2.137
0.039580000955,2.10575
0.039590000955,2.137
0.039600000955,2.137
0.039610000955,2.16825
0.039620000955,2.137
0.039630000955,2.10575
0.039640000955,2.10575
0.039650000955,2.137
0.039660000955,2.16825
0.039670000955,2.137
0.039680000955,2.137
0.039690000955,2.0745
0.039700000955,2.10575
0.039710000955,2.10575
0.039720000955,2.16825
0.039730000955,2.137
0.039740000955,2.137
0.039750000955,2.137
0.039760000955,2.16825
0.039770000955,2.10575
0.039780000955,2.137
0.039790000955,2.137
0.039800000955,2.137
0.039810000955,2.10575
0.039820000955,2.137
0.039830000955,2.10575
0.039840000955,2.137
0.039850000955,2.10575
0.039860000955,2.137
0.039870000955,2.137
0.039880000955,2.10575
0.039890000955,2.137
0.039900000955,2.137
0.039910000955,2.16825
0.039920000955,2.137
0.039930000955,2.10575
0.039940000955,2.137
0.039950000955,2.137
0.039960000955,2.10575
0.039970000955,2.10575
0.039980000955,2.10575
0.039990000955,2.16825
0.040000000955,2.10575
0.040010000955,2.137
0.040020000955,2.137
0.040030000955,2.137
0.040040000955,2.10575
0.040050000955,2.16825
0.040060000955,2.137
0.040070000955,2.137
0.040080000955,2.137
0.040090000955,2.137
0.040100000955,2.10575
0.040110000955,2.10575
0.040120000955,2.137
0.040130000955,2.10575
0.040140000955,2.10575
0.040150000955,2.137
0.040160000955,2.137
0.040170000955,2.10575
0.040180000955,2.10575
0.040190000955,2.137
0.040200000955,2.0745
0.040210000955,2.137
0.040220000955,2.137
0.040230000955,2.137
0.040240000955,2.137
0.040250000955,2.10575
0.040260000955,2.10575
0.040270000955,2.10575
0.040280000955,2.137
0.040290000955,2.10575
0.040300000955,2.10575
0.040310000955,2.137
0.040320000955,2.137
0.040330000955,2.137
0.040340000955,2.10575
0.040350000955,2.10575
0.040360000955,2.137
0.040370000955,2.137
0.040380000955,2.10575
0.040390000955,2.10575
0.040400000955,2.137
0.040410000955,2.137
0.040420000955,2.10575
0.040430000955,2.10575
0.040440000955,2.10575
0.040450000955,2.10575
0.040460000955,2.137
0.040470000955,2.10575
0.040480000955,2.10575
0.040490000955,2.137
0.040500000955,2.10575
0.040510000955,2.137
0.040520000955,2.137
0.040530000955,2.10575
0.040540000955,2.137
0.040550000955,2.137
0.040560000955,2.137
0.040570000955,2.137
0.040580000955,2.10575
0.040590000955,2.137
0.040600000955,2.10575
0.040610000955,2.10575
0.040620000955,2.10575
0.040630000955,2.137
0.040640000955,2.10575
0.040650000955,2.16825
0.040660000955,2.10575
0.040670000955,2.10575
0.040680000955,2.10575
0.040690000955,2.137
0.040700000955,2.10575
0.040710000955,2.10575
0.040720000955,2.16825
0.040730000955,2.137
0.040740000955,2.10575
0.040750000955,2.10575
0.040760000955,2.10575
0.040770000955,2.137
0.040780000955,2.10575
0.040790000955,2.137
0.040800000955,2.10575
0.040810000955,2.137
0.040820000955,2.10575
0.040830000955,2.10575
0.040840000955,2.16825
0.040850000955,2.10575
0.040860000955,2.10575
0.040870000955,2.0745
0.040880000955,2.10575
0.040890000955,2.137
0.040900000955,2.16825
0.040910000955,2.137
0.040920000955,2.137
0.040930000955,2.137
0.040940000955,2.10575
0.040950000955,2.137
0.040960000955,2.10575
0.040970000955,2.137
0.040980000955,2.137
0.040990000955,2.10575
0.041000000955,2.137
0.041010000955,2.10575
0.041020000955,2.137
0.041030000955,2.16825
0.041040000955,2.137
0.041050000955,2.10575
0.041060000955,2.137
0.041070000955,2.10575
0.041080000955,2.137
0.041090000955,2.137
0.041100000955,2.10575
0.041110000955,2.137
0.041120000955,2.137
0.041130000955,2.16825
0.041140000955,2.137
0.041150000955,2.10575
0.041160000955,2.137
0.041170000955,2.10575
0.041180000955,2.10575
0.041190000955,2.137
0.041200000955,2.137
0.041210000955,2.137
0.041220000955,2.137
0.041230000955,2.10575
0.041240000955,2.137
0.041250000955,2.137
0.041260000955,2.10575
0.041270000955,2.10575
0.041280000955,2.137
0.041290000955,2.137
0.041300000955,2.137
0.041310000955,2.10575
0.041320000955,2.137
0.041330000955,2.10575
0.041340000955,2.10575
0.041350000955,2.10575
0.041360000955,2.137
0.041370000955,2.10575
0.041380000955,2.10575
0.041390000955,2.137
0.041400000955,2.137
0.041410000955,2.10575
0.041420000955,2.137
0.041430000955,2.137
0.041440000955,2.137
0.041450000955,2.10575
0.041460000955,2.137
0.041470000955,2.10575
0.041480000955,2.137
0.041490000955,2.137
0.041500000955,2.0745
0.041510000955,2.10575
0.041520000955,2.137
0.041530000955,2.16825
0.041540000955,2.137
0.041550000955,2.137
0.041560000955,2.137
0.041570000955,2.16825
0.041580000955,2.137
0.041590000955,2.10575
0.041600000955,2.10575
0.041610000955,2.10575
0.041620000955,2.137
0.041630000955,2.137
0.041640000955,2.10575
0.041650000955,2.137
0.041660000955,2.10575
0.041670000955,2.10575
0.041680000955,2.10575
0.041690000955,2.10575
0.041700000955,2.137
0.041710000955,2.10575
0.041720000955,2.10575
0.041730000955,2.16825
0.041740000955,2.10575
0.041750000955,2.137
0.041760000955,2.137
0.041770000955,2.10575
0.041780000955,2.137
0.041790000955,2.137
0.041800000955,2.137
0.041810000955,2.10575
0.041820000955,2.137
0.041830000955,2.10575
0.041840000955,2.10575
0.041850000955,2.137
0.041860000955,2.137
0.041870000955,2.16825
0.041880000955,2.137
0.041890000955,2.137
0.041900000955,2.10575
0.041910000955,2.137
0.041920000955,2.10575
0.041930000955,2.16825
0.041940000955,2.16825
0.041950000955,2.137
0.041960000955,2.137
0.041970000955,2.137
0.041980000955,2.137
0.041990000955,2.137
0.042000000955,2.10575
0.042010000955,2.137
0.042020000955,2.10575
0.042030000955,2.16825
0.042040000955,2.10575
0.042050000955,2.10575
0.042060000955,2.10575
0.042070000955,2.137
0.042080000955,2.10575
0.042090000955,2.10575
0.042100000955,2.137
0.042110000955,2.137
0.042120000955,2.137
0.042130000955,2.10575
0.042140000955,2.10575
0.042150000955,2.137
0.042160000955,2.137
0.042170000955,2.137
0.042180000955,2.137
0.042190000955,2.137
0.042200000955,2.10575
0.042210000955,2.10575
0.042220000955,2.10575
0.042230000955,2.10575
0.042240000955,2.10575
0.042250000955,2.10575
0.042260000955,2.10575
0.042270000955,2.10575
0.042280000955,2.137
0.042290000955,2.10575
0.042300000955,2.137
0.042310000955,2.10575
0.042320000955,2.137
0.042330000955,2.10575
0.042340000955,2.137
0.042350000955,2.10575
0.042360000955,2.137
0.042370000955,2.137
0.042380000955,2.137
0.042390000955,2.10575
0.042400000955,2.10575
0.042410000955,2.10575
0.042420000955,2.10575
0.042430000955,2.10575
0.042440000955,2.137
0.042450000955,2.10575
0.042460000955,2.137
0.042470000955,2.16825
0.042480000955,2.137
0.042490000955,2.10575
0.042500000955,2.10575
0.042510000955,2.137
0.042520000955,2.10575
0.042530000955,2.10575
0.042540000955,2.137
0.042550000955,2.10575
0.042560000955,2.10575
0.042570000955,2.10575
0.042580000955,2.10575
0.042590000955,2.10575
0.042600000955,2.10575
0.042610000955,2.16825
0.042620000955,2.137
0.042630000955,2.10575
0.042640000955,2.137
0.042650000955,2.137
0.042660000955,2.137
0.042670000955,2.10575
0.042680000955,2.16825
0.042690000955,2.137
0.042700000955,2.0745
0.042710000955,2.137
0.042720000955,2.0745
0.042730000955,2.137
0.042740000955,2.10575
0.042750000955,2.10575
0.042760000955,2.10575
0.042770000955,2.137
0.042780000955,2.10575
0.042790000955,2.137
0.042800000955,2.137
0.042810000955,2.137
0.042820000955,2.137
0.042830000955,2.137
0.042840000955,2.10575
0.042850000955,2.10575
0.042860000955,2.10575
0.042870000955,2.10575
0.042880000955,2.10575
0.042890000955,2.137
0.042900000955,2.10575
0.042910000955,2.137
0.042920000955,2.10575
0.042930000955,2.137
0.042940000955,2.137
0.042950000955,2.137
0.042960000955,2.137
0.042970000955,2.137
0.042980000955,2.137
0.042990000955,2.10575
0.043000000955,2.10575
0.043010000955,2.10575
0.043020000955,2.137
0.043030000955,2.137
0.043040000955,2.10575
0.043050000955,2.10575
0.043060000955,2.137
0.043070000955,2.137
0.043080000955,2.137
0.043090000955,2.10575
0.043100000955,2.137
0.043110000955,2.10575
0.043120000955,2.137
0.043130000955,2.137
0.043140000955,2.137
0.043150000955,2.16825
0.043160000955,2.10575
0.043170000955,2.10575
0.043180000955,2.16825
0.043190000955,2.137
0.043200000955,2.137
0.043210000955,2.137
0.043220000955,2.10575
0.043230000955,2.16825
0.043240000955,2.10575
0.043250000955,2.10575
0.043260000955,2.10575
0.043270000955,2.137
0.043280000955,2.10575
0.043290000955,2.137
0.043300000955,2.137
0.043310000955,2.137
0.043320000955,2.10575
0.043330000955,2.137
0.043340000955,2.137
0.043350000955,2.10575
0.043360000955,2.10575
0.043370000955,2.137
0.043380000955,2.137
0.043390000955,2.0745
0.043400000955,2.16825
0.043410000955,2.137
0.043420000955,2.10575
0.043430000955,2.10575
0.043440000955,2.10575
0.043450000955,2.137
0.043460000955,2.137
0.043470000955,2.137
0.043480000955,2.0745
0.043490000955,2.10575
0.043500000955,2.10575
0.043510000955,2.137
0.043520000955,2.10575
0.043530000955,2.10575
0.043540000955,2.137
0.043550000955,2.137
0.043560000955,2.10575
0.043570000955,2.137
0.043580000955,2.137
0.043590000955,2.16825
0.043600000955,2.137
0.043610000955,2.137
0.043620000955,2.10575
0.043630000955,2.10575
0.043640000955,2.10575
0.043650000955,2.10575
0.043660000955,2.137
0.043670000955,2.137
0.043680000955,2.137
0.043690000955,2.137
0.043700000955,2.10575
0.043710000955,2.10575
0.043720000955,2.137
0.043730000955,2.137
0.043740000955,2.137
0.043750000955,2.137
0.043760000955,2.137
0.043770000955,2.10575
0.043780000955,2.10575
0.043790000955,2.10575
0.043800000955,2.137
0.043810000955,2.137
0.043820000955,2.137
0.043830000955,2.16825
0.043840000955,2.137
0.043850000955,2.137
0.043860000955,2.137
0.043870000955,2.137
0.043880000955,2.10575
0.043890000955,2.10575
0.043900000955,2.10575
0.043910000955,2.137
0.043920000955,2.137
0.043930000955,2.10575
0.043940000955,2.137
0.043950000955,2.137
0.043960000955,2.10575
0.043970000955,2.137
0.043980000955,2.137
0.043990000955,2.10575
0.044000000955,2.137
0.044010000955,2.137
0.044020000955,2.10575
0.044030000955,2.16825
0.044040000955,2.10575
0.044050000955,2.137
0.044060000955,2.10575
0.044070000955,2.10575
0.044080000955,2.10575
0.044090000955,2.10575
0.044100000955,2.137
0.044110000955,2.137
0.044120000955,2.10575
0.044130000955,2.16825
0.044140000955,2.10575
0.044150000955,2.10575
0.044160000955,2.16825
0.044170000955,2.137
0.044180000955,2.10575
0.044190000955,2.10575
0.044200000955,2.10575
0.044210000955,2.10575
0.044220000955,2.10575
0.044230000955,2.137
0.044240000955,2.10575
0.044250000955,2.10575
0.044260000955,2.10575
0.044270000955,2.10575
0.044280000955,2.10575
0.044290000955,2.137
0.044300000955,2.10575
0.044310000955,2.10575
0.044320000955,2.10575
0.044330000955,2.10575
0.044340000955,2.137
0.044350000955,2.137
0.044360000955,2.137
0.044370000955,2.10575
0.044380000955,2.137
0.044390000955,2.137
0.044400000955,2.137
0.044410000955,2.10575
0.044420000955,2.10575
0.044430000955,2.10575
0.044440000955,2.137
0.044450000955,2.0745
0.044460000955,2.10575
0.044470000955,2.137
0.044480000955,2.137
0.044490000955,2.137
0.044500000955,2.10575
0.044510000955,2.137
0.044520000955,2.10575
0.044530000955,2.10575
0.044540000955,2.10575
0.044550000955,2.137
0.044560000955,2.10575
0.044570000955,2.10575
0.044580000955,2.137
0.044590000955,2.137
0.044600000955,2.10575
0.044610000955,2.10575
0.044620000955,2.10575
0.044630000955,2.10575
0.044640000955,2.0745
0.044650000955,2.137
0.044660000955,2.137
0.044670000955,2.137
0.044680000955,2.10575
0.044690000955,2.10575
0.044700000955,2.10575
0.044710000955,2.137
0.044720000955,2.137
0.044730000955,2.10575
0.044740000955,2.137
0.044750000955,2.10575
0.044760000955,2.10575
0.044770000955,2.137
0.044780000955,2.10575
0.044790000955,2.137
0.044800000955,2.10575
0.044810000955,2.10575
0.044820000955,2.137
0.044830000955,2.137
0.044840000955,2.16825
0.044850000955,2.0745
0.044860000955,2.10575
0.044870000955,2.10575
0.044880000955,2.10575
0.044890000955,2.0745
0.044900000955,2.10575
0.044910000955,2.10575
0.044920000955,2.10575
0.044930000955,2.10575
0.044940000955,2.10575
0.044950000955,2.10575
0.044960000955,2.10575
0.044970000955,2.137
0.044980000955,2.137
0.044990000955,2.137
0.045000000955,2.137
0.045010000955,2.10575
0.045020000955,2.10575
0.045030000955,2.10575
0.045040000955,2.10575
0.045050000955,2.10575
0.045060000955,2.10575
0.045070000955,2.10575
0.045080000955,2.10575
0.045090000955,2.137
0.045100000955,2.10575
0.045110000955,2.10575
0.045120000955,2.0745
0.045130000955,2.10575
0.045140000955,2.137
0.045150000955,2.10575
0.045160000955,2.10575
0.045170000955,2.0745
0.045180000955,2.10575
0.045190000955,2.0745
0.045200000955,2.10575
0.045210000955,2.0745
0.045220000955,2.10575
0.045230000955,2.137
0.045240000955,2.10575
0.045250000955,2.137
0.045260000955,2.10575
0.045270000955,2.10575
0.045280000955,2.137
0.045290000955,2.137
0.045300000955,2.10575
0.045310000955,2.137
0.045320000955,2.10575
0.045330000955,2.137
0.045340000955,2.10575
0.045350000955,2.10575
0.045360000955,2.137
0.045370000955,2.0745
0.045380000955,2.10575
0.045390000955,2.137
0.045400000955,2.10575
0.045410000955,2.137
0.045420000955,2.137
0.045430000955,2.137
0.045440000955,2.137
0.045450000955,2.10575
0.045460000955,2.137
0.045470000955,2.137
0.045480000955,2.137
0.045490000955,2.10575
0.045500000955,2.10575
0.045510000955,2.137
0.045520000955,2.10575
0.045530000955,2.137
0.045540000955,2.16825
0.045550000955,2.137
0.045560000955,2.10575
0.045570000955,2.10575
0.045580000955,2.10575
0.045590000955,2.10575
0.045600000955,2.0745
0.045610000955,2.10575
0.045620000955,2.0745
0.045630000955,2.16825
0.045640000955,2.10575
0.045650000955,2.10575
0.045660000955,2.10575
0.045670000955,2.10575
0.045680000955,2.0745
0.045690000955,2.10575
0.045700000955,2.0745
0.045710000955,2.10575
0.045720000955,2.137
0.045730000955,2.10575
0.045740000955,2.10575
0.045750000955,2.137
0.045760000955,2.0745
0.045770000955,2.0745
0.045780000955,2.0745
0.045790000955,2.10575
0.045800000955,2.137
0.045810000955,2.0745
0.045820000955,2.10575
0.045830000955,2.137
0.045840000955,2.137
0.045850000955,2.137
0.045860000955,2.10575
0.045870000955,2.10575
0.045880000955,2.10575
0.045890000955,2.137
0.045900000955,2.10575
0.045910000955,2.10575
0.045920000955,2.137
0.045930000955,2.10575
0.045940000955,2.137
0.045950000955,2.10575
0.045960000955,2.137
0.045970000955,2.137
0.045980000955,2.10575
0.045990000955,2.0745
0.046000000955,2.10575
0.046010000955,2.10575
0.046020000955,2.0745
0.046030000955,2.10575
0.046040000955,2.0745
0.046050000955,2.137
0.046060000955,2.137
0.046070000955,2.10575
0.046080000955,2.10575
0.046090000955,2.10575
0.046100000955,2.10575
0.046110000955,2.137
0.046120000955,2.10575
0.046130000955,2.10575
0.046140000955,2.10575
0.046150000955,2.10575
0.046160000955,2.10575
0.046170000955,2.10575
0.046180000955,2.10575
0.046190000955,2.0745
0.046200000955,2.10575
0.046210000955,2.10575
0.046220000955,2.137
0.046230000955,2.10575
0.046240000955,2.0745
0.046250000955,2.10575
0.046260000955,2.137
0.046270000955,2.10575
0.046280000955,2.10575
0.046290000955,2.0745
0.046300000955,2.10575
0.046310000955,2.137
0.046320000955,2.137
0.046330000955,2.10575
0.046340000955,2.137
0.046350000955,2.10575
0.046360000955,2.137
0.046370000955,2.0745
0.046380000955,2.10575
0.046390000955,2.137
0.046400000955,2.0745
0.046410000955,2.10575
0.046420000955,2.10575
0.046430000955,2.137
0.046440000955,2.10575
0.046450000955,2.137
0.046460000955,2.10575
0.046470000955,2.16825
0.046480000955,2.10575
0.046490000955,2.137
0.046500000955,2.137
0.046510000955,2.137
0.046520000955,2.10575
0.046530000955,2.10575
0.046540000955,2.0745
0.046550000955,2.10575
0.046560000955,2.137
0.046570000955,2.137
0.046580000955,2.10575
0.046590000955,2.10575
0.046600000955,2.10575
0.046610000955,2.10575
0.046620000955,2.10575
0.046630000955,2.10575
0.046640000955,2.0745
0.046650000955,2.10575
0.046660000955,2.10575
0.046670000955,2.0745
0.046680000955,2.0745
0.046690000955,2.0745
0.046700000955,2.0745
0.046710000955,2.0745
0.046720000955,2.10575
0.046730000955,2.10575
0.046740000955,2.10575
0.046750000955,2.10575
0.046760000955,2.10575
0.046770000955,2.137
0.046780000955,2.0745
0.046790000955,2.137
0.046800000955,2.0745
0.046810000955,2.10575
0.046820000955,2.10575
0.046830000955,2.137
0.046840000955,2.10575
0.046850000955,2.10575
0.046860000955,2.0745
0.046870000955,2.10575
0.046880000955,2.10575
0.046890000955,2.0745
0.046900000955,2.10575
0.046910000955,2.10575
0.046920000955,2.137
0.046930000955,2.10575
0.046940000955,2.10575
0.046950000955,2.0745
0.046960000955,2.137
0.046970000955,2.137
0.046980000955,2.137
0.046990000955,2.10575
0.047000000955,2.137
0.047010000955,2.10575
0.047020000955,2.10575
0.047030000955,2.10575
0.047040000955,2.0745
0.047050000955,2.10575
0.047060000955,2.137
0.047070000955,2.10575
0.047080000955,2.10575
0.047090000955,2.137
0.047100000955,2.10575
0.047110000955,2.137
0.047120000955,2.0745
0.047130000955,2.10575
0.047140000955,2.10575
0.047150000955,2.10575
0.047160000955,2.10575
0.047170000955,2.10575
0.047180000955,2.10575
0.047190000955,2.10575
0.047200000955,2.0745
0.047210000955,2.10575
0.047220000955,2.10575
0.047230000955,2.10575
0.047240000955,2.0745
0.047250000955,2.10575
0.047260000955,2.10575
0.047270000955,2.10575
0.047280000955,2.10575
0.047290000955,2.10575
0.047300000955,2.0745
0.047310000955,2.10575
0.047320000955,2.10575
0.047330000955,2.10575
0.047340000955,2.10575
0.047350000955,2.0745
0.047360000955,2.0745
0.047370000955,2.10575
0.047380000955,2.10575
0.047390000955,2.10575
0.047400000955,2.10575
0.047410000955,2.10575
0.047420000955,2.10575
0.047430000955,2.10575
0.047440000955,2.10575
0.047450000955,2.10575
0.047460000955,2.10575
0.047470000955,2.10575
0.047480000955,2.10575
0.047490000955,2.137
0.047500000955,2.10575
0.047510000955,2.0745
0.047520000955,2.10575
0.047530000955,2.10575
0.047540000955,2.0745
0.047550000955,2.137
0.047560000955,2.0745
0.047570000955,2.10575
0.047580000955,2.10575
0.047590000955,2.10575
0.047600000955,2.0745
0.047610000955,2.10575
0.047620000955,2.10575
0.047630000955,2.137
0.047640000955,2.04325
0.047650000955,2.0745
0.047660000955,2.10575
0.047670000955,2.137
0.047680000955,2.137
0.047690000955,2.10575
0.047700000955,2.10575
0.047710000955,2.0745
0.047720000955,2.137
0.047730000955,2.0745
0.047740000955,2.0745
0.047750000955,2.10575
0.047760000955,2.0745
0.047770000955,2.137
0.047780000955,2.04325
0.047790000955,2.10575
0.047800000955,2.10575
0.047810000955,2.0745
0.047820000955,2.10575
0.047830000955,2.0745
0.047840000955,2.10575
0.047850000955,2.10575
0.047860000955,2.10575
0.047870000955,2.10575
0.047880000955,2.0745
0.047890000955,2.0745
0.047900000955,2.16825
0.047910000955,2.10575
0.047920000955,2.0745
0.047930000955,2.0745
0.047940000955,2.10575
0.047950000955,2.10575
0.047960000955,2.10575
0.047970000955,2.0745
0.047980000955,2.10575
0.047990000955,2.10575
0.048000000955,2.0745
0.048010000955,2.10575
0.048020000955,2.10575
0.048030000955,2.137
0.048040000955,2.10575
0.048050000955,2.10575
0.048060000955,2.137
0.048070000955,2.10575
0.048080000955,2.0745
0.048090000955,2.10575
0.048100000955,2.0745
0.048110000955,2.10575
0.048120000955,2.10575
0.048130000955,2.10575
0.048140000955,2.0745
0.048150000955,2.137
0.048160000955,2.10575
0.048170000955,2.10575
0.048180000955,2.10575
0.048190000955,2.0745
0.048200000955,2.10575
0.048210000955,2.10575
0.048220000955,2.10575
0.048230000955,2.137
0.048240000955,2.0745
0.048250000955,2.0745
0.048260000955,2.10575
0.048270000955,2.0745
0.048280000955,2.0745
0.048290000955,2.10575
0.048300000955,2.10575
0.048310000955,2.0745
0.048320000955,2.10575
0.048330000955,2.10575
0.048340000955,2.10575
0.048350000955,2.10575
0.048360000955,2.0745
0.048370000955,2.10575
0.048380000955,2.10575
0.048390000955,2.0745
0.048400000955,2.0745
0.048410000955,2.0745
0.048420000955,2.10575
0.048430000955,2.0745
0.048440000955,2.10575
0.048450000955,2.0745
0.048460000955,2.10575
0.048470000955,2.0745
0.048480000955,2.0745
0.048490000955,2.10575
0.048500000955,2.10575
0.048510000955,2.10575
0.048520000955,2.10575
0.048530000955,2.10575
0.048540000955,2.0745
0.048550000955,2.10575
0.048560000955,2.137
0.048570000955,2.137
0.048580000955,2.10575
0.048590000955,2.10575
0.048600000955,2.137
0.048610000955,2.0745
0.048620000955,2.137
0.048630000955,2.137
0.048640000955,2.0745
0.048650000955,2.10575
0.048660000955,2.10575
0.048670000955,2.10575
0.048680000955,2.137
0.048690000955,2.10575
0.048700000955,2.10575
0.048710000955,2.10575
0.048720000955,2.10575
0.048730000955,2.137
0.048740000955,2.0745
0.048750000955,2.10575
0.048760000955,2.137
0.048770000955,2.137
0.048780000955,2.137
0.048790000955,2.10575
0.048800000955,2.10575
0.048810000955,2.10575
0.048820000955,2.137
0.048830000955,2.137
0.048840000955,2.10575
0.048850000955,2.10575
0.048860000955,2.137
0.048870000955,2.0745
0.048880000955,2.0745
0.048890000955,2.10575
0.048900000955,2.137
0.048910000955,2.0745
0.048920000955,2.10575
0.048930000955,2.0745
0.048940000955,2.0745
0.048950000955,2.0745
0.048960000955,2.0745
0.048970000955,2.10575
0.048980000955,2.10575
0.048990000955,2.10575
0.049000000955,2.137
0.049010000955,2.0745
0.049020000955,2.10575
0.049030000955,2.137
0.049040000955,2.137
0.049050000955,2.0745
0.049060000955,2.10575
0.049070000955,2.0745
0.049080000955,2.137
0.049090000955,2.10575
0.049100000955,2.10575
0.049110000955,2.10575
0.049120000955,2.10575
0.049130000955,2.137
0.049140000955,2.0745
0.049150000955,2.10575
0.049160000955,2.10575
0.049170000955,2.10575
0.049180000955,2.10575
0.049190000955,2.137
0.049200000955,2.10575
0.049210000955,2.137
0.049220000955,2.10575
0.049230000955,2.10575
0.049240000955,2.10575
0.049250000955,2.10575
0.049260000955,2.137
0.049270000955,2.0745
0.049280000955,2.10575
0.049290000955,2.10575
0.049300000955,2.137
0.049310000955,2.10575
0.049320000955,2.10575
0.049330000955,2.10575
0.049340000955,2.10575
0.049350000955,2.0745
0.049360000955,2.10575
0.049370000955,2.0745
0.049380000955,2.137
0.049390000955,2.137
0.049400000955,2.10575
0.049410000955,2.10575
0.049420000955,2.10575
0.049430000955,2.10575
0.049440000955,2.10575
0.049450000955,2.10575
0.049460000955,2.137
0.049470000955,2.10575
0.049480000955,2.10575
0.049490000955,2.10575
0.049500000955,2.10575
0.049510000955,2.10575
0.049520000955,2.10575
0.049530000955,2.10575
0.049540000955,2.10575
0.049550000955,2.10575
0.049560000955,2.10575
0.049570000955,2.137
0.049580000955,2.0745
0.049590000955,2.10575
0.049600000955,2.137
0.049610000955,2.10575
0.049620000955,2.137
0.049630000955,2.0745
0.049640000955,2.10575
0.049650000955,2.10575
0.049660000955,2.10575
0.049670000955,2.0745
0.049680000955,2.10575
0.049690000955,2.10575
0.049700000955,2.0745
0.049710000955,2.10575
0.049720000955,2.10575
0.049730000955,2.10575
0.049740000955,2.04325
0.049750000955,2.10575
0.049760000955,2.10575
0.049770000955,2.10575
0.049780000955,2.10575
0.049790000955,2.137
0.049800000955,2.10575
0.049810000955,2.10575
0.049820000955,2.10575
0.049830000955,2.137
0.049840000955,2.10575
0.049850000955,2.10575
0.049860000955,2.10575
0.049870000955,2.137
0.049880000955,2.137
0.049890000955,2.10575
0.049900000955,2.10575
0.049910000955,2.0745
0.049920000955,2.0745
0.049930000955,2.137
0.049940000955,2.10575
0.049950000955,2.10575
0.049960000955,2.10575
0.049970000955,2.10575
0.049980000955,2.10575
0.049990000955,2.10575
0.050000000955,2.10575
0.050010000955,2.0745
0.050020000955,2.10575
0.050030000955,2.10575
0.050040000955,2.137
0.050050000955,2.137
0.050060000955,2.0745
0.050070000955,2.137
0.050080000955,2.10575
0.050090000955,2.137
0.050100000955,2.10575
0.050110000955,2.10575
0.050120000955,2.10575
0.050130000955,2.10575
0.050140000955,2.137
0.050150000955,2.137
0.050160000955,2.137
0.050170000955,2.137
0.050180000955,2.0745
0.050190000955,2.10575
0.050200000955,2.10575
0.050210000955,2.0745
0.050220000955,2.137
0.050230000955,2.0745
0.050240000955,2.10575
0.050250000955,2.0745
0.050260000955,2.10575
0.050270000955,2.0745
0.050280000955,2.10575
0.050290000955,2.0745
0.050300000955,2.0745
0.050310000955,2.10575
0.050320000955,2.10575
0.050330000955,2.10575
0.050340000955,2.10575
0.050350000955,2.10575
0.050360000955,2.0745
0.050370000955,2.137
0.050380000955,2.10575
0.050390000955,2.0745
0.050400000955,2.10575
0.050410000955,2.10575
0.050420000955,2.0745
0.050430000955,2.10575
0.050440000955,2.0745
0.050450000955,2.137
0.050460000955,2.10575
0.050470000955,2.10575
0.050480000955,2.137
0.050490000955,2.0745
0.050500000955,2.10575
0.050510000955,2.10575
0.050520000955,2.10575
0.050530000955,2.137
0.050540000955,2.137
0.050550000955,2.137
0.050560000955,2.137
0.050570000955,2.10575
0.050580000955,2.137
0.050590000955,2.10575
0.050600000955,2.137
0.050610000955,2.0745
0.050620000955,2.10575
0.050630000955,2.10575
0.050640000955,2.0745
0.050650000955,2.137
0.050660000955,2.10575
0.050670000955,2.16825
0.050680000955,2.137
0.050690000955,2.10575
0.050700000955,2.10575
0.050710000955,2.0745
0.050720000955,2.10575
0.050730000955,2.10575
0.050740000955,2.0745
0.050750000955,2.0745
0.050760000955,2.10575
0.050770000955,2.10575
0.050780000955,2.137
0.050790000955,2.10575
0.050800000955,2.137
0.050810000955,2.10575
0.050820000955,2.137
0.050830000955,2.0745
0.050840000955,2.10575
0.050850000955,2.0745
0.050860000955,2.10575
0.050870000955,2.137
0.050880000955,2.10575
0.050890000955,2.10575
0.050900000955,2.10575
0.050910000955,2.0745
0.050920000955,2.10575
0.050930000955,2.137
0.050940000955,2.10575
0.050950000955,2.10575
0.050960000955,2.10575
0.050970000955,2.10575
0.050980000955,2.10575
0.050990000955,2.10575
0.051000000955,2.10575
0.051010000955,2.0745
0.051020000955,2.10575
0.051030000955,2.10575
0.051040000955,2.10575
0.051050000955,2.10575
0.051060000955,2.10575
0.051070000955,2.10575
0.051080000955,2.10575
0.051090000955,2.0745
0.051100000955,2.0745
0.051110000955,2.10575
0.051120000955,2.10575
0.051130000955,2.10575
0.051140000955,2.10575
0.051150000955,2.137
0.051160000955,2.10575
0.051170000955,2.10575
0.051180000955,2.10575
0.051190000955,2.10575
0.051200000955,2.10575
0.051210000955,2.10575
0.051220000955,2.10575
0.051230000955,2.10575
0.051240000955,2.10575
0.051250000955,2.10575
0.051260000955,2.137
0.051270000955,2.10575
0.051280000955,2.10575
0.051290000955,2.10575
0.051300000955,2.10575
0.051310000955,2.10575
0.051320000955,2.10575
0.051330000955,2.10575
0.051340000955,2.10575
0.051350000955,2.10575
0.051360000955,2.0745
0.051370000955,2.137
0.051380000955,2.10575
0.051390000955,2.10575
0.051400000955,2.137
0.051410000955,2.10575
0.051420000955,2.10575
0.051430000955,2.10575
0.051440000955,2.10575
0.051450000955,2.10575
0.051460000955,2.137
0.051470000955,2.0745
0.051480000955,2.10575
0.051490000955,2.10575
0.051500000955,2.10575
0.051510000955,2.10575
0.051520000955,2.10575
0.051530000955,2.10575
0.051540000955,2.10575
0.051550000955,2.0745
0.051560000955,2.0745
0.051570000955,2.10575
0.051580000955,2.137
0.051590000955,2.10575
0.051600000955,2.10575
0.051610000955,2.0745
0.051620000955,2.10575
0.051630000955,2.10575
0.051640000955,2.10575
0.051650000955,2.0745
0.051660000955,2.137
0.051670000955,2.10575
0.051680000955,2.10575
0.051690000955,2.10575
0.051700000955,2.137
0.051710000955,2.16825
0.051720000955,2.0745
0.051730000955,2.10575
0.051740000955,2.10575
0.051750000955,2.0745
0.051760000955,2.137
0.051770000955,2.10575
0.051780000955,2.10575
0.051790000955,2.10575
0.051800000955,2.10575
0.051810000955,2.10575
0.051820000955,2.137
0.051830000955,2.10575
0.051840000955,2.0745
0.051850000955,2.137
0.051860000955,2.10575
0.051870000955,2.137
0.051880000955,2.137
0.051890000955,2.10575
0.051900000955,2.137
0.051910000955,2.10575
0.051920000955,2.10575
0.051930000955,2.10575
0.051940000955,2.10575
0.051950000955,2.137
0.051960000955,2.137
0.051970000955,2.10575
0.051980000955,2.0745
0.051990000955,2.10575
0.052000000955,2.0745
0.052010000955,2.10575
0.052020000955,2.10575
0.052030000955,2.10575
0.052040000955,2.10575
0.052050000955,2.137
0.052060000955,2.16825
0.052070000955,2.0745
0.052080000955,2.10575
0.052090000955,2.10575
0.052100000955,2.0745
0.052110000955,2.137
0.052120000955,2.10575
0.052130000955,2.0745
0.052140000955,2.137
0.052150000955,2.10575
0.052160000955,2.10575
0.052170000955,2.0745
0.052180000955,2.137
0.052190000955,2.10575
0.052200000955,2.137
0.052210000955,2.137
0.052220000955,2.137
0.052230000955,2.10575
0.052240000955,2.0745
0.052250000955,2.10575
0.052260000955,2.10575
0.052270000955,2.137
0.052280000955,2.10575
0.052290000955,2.10575
0.052300000955,2.10575
0.052310000955,2.10575
0.052320000955,2.10575
0.052330000955,2.10575
0.052340000955,2.10575
0.052350000955,2.10575
0.052360000955,2.10575
0.052370000955,2.10575
0.052380000955,2.137
0.052390000955,2.10575
0.052400000955,2.0745
0.052410000955,2.10575
0.052420000955,2.10575
0.052430000955,2.0745
0.052440000955,2.10575
0.052450000955,2.10575
0.052460000955,2.10575
0.052470000955,2.0745
0.052480000955,2.10575
0.052490000955,2.10575
0.052500000955,2.10575
0.052510000955,2.10575
0.052520000955,2.137
0.052530000955,2.10575
0.052540000955,2.10575
0.052550000955,2.10575
0.052560000955,2.0745
0.052570000955,2.10575
0.052580000955,2.0745
0.052590000955,2.10575
0.052600000955,2.10575
0.052610000955,2.10575
0.052620000955,2.10575
0.052630000955,2.137
0.052640000955,2.10575
0.052650000955,2.137
0.052660000955,2.10575
0.052670000955,2.10575
0.052680000955,2.0745
0.052690000955,2.10575
0.052700000955,2.137
0.052710000955,2.137
0.052720000955,2.137
0.052730000955,2.10575
0.052740000955,2.10575
0.052750000955,2.10575
0.052760000955,2.10575
0.052770000955,2.10575
0.052780000955,2.10575
0.052790000955,2.10575
0.052800000955,2.16825
0.052810000955,2.10575
0.052820000955,2.10575
0.052830000955,2.10575
0.052840000955,2.10575
0.052850000955,2.0745
0.052860000955,2.10575
0.052870000955,2.10575
0.052880000955,2.137
0.052890000955,2.0745
0.052900000955,2.10575
0.052910000955,2.137
0.052920000955,2.137
0.052930000955,2.10575
0.052940000955,2.10575
0.052950000955,2.10575
0.052960000955,2.137
0.052970000955,2.10575
0.052980000955,2.137
0.052990000955,2.137
0.053000000955,2.10575
0.053010000955,2.0745
0.053020000955,2.10575
0.053030000955,2.10575
0.053040000955,2.10575
0.053050000955,2.10575
0.053060000955,2.137
0.053070000955,2.10575
0.053080000955,2.10575
0.053090000955,2.10575
0.053100000955,2.10575
0.053110000955,2.0745
0.053120000955,2.10575
0.053130000955,2.0745
0.053140000955,2.10575
0.053150000955,2.137
0.053160000955,2.137
0.053170000955,2.137
0.053180000955,2.10575
0.053190000955,2.10575
0.053200000955,2.10575
0.053210000955,2.0745
0.053220000955,2.0745
0.053230000955,2.10575
0.053240000955,2.137
0.053250000955,2.137
0.053260000955,2.10575
0.053270000955,2.137
0.053280000955,2.10575
0.053290000955,2.0745
0.053300000955,2.137
0.053310000955,2.137
0.053320000955,2.10575
0.053330000955,2.137
0.053340000955,2.10575
0.053350000955,2.16825
0.053360000955,2.137
0.053370000955,2.137
0.053380000955,2.137
0.053390000955,2.10575
0.053400000955,2.137
0.053410000955,2.137
0.053420000955,2.10575
0.053430000955,2.137
0.053440000955,2.10575
0.053450000955,2.10575
0.053460000955,2.137
0.053470000955,2.137
0.053480000955,2.137
0.053490000955,2.10575
0.053500000955,2.10575
0.053510000955,2.10575
0.053520000955,2.137
0.053530000955,2.10575
0.053540000955,2.137
0.053550000955,2.137
0.053560000955,2.0745
0.053570000955,2.10575
0.053580000955,2.10575
0.053590000955,2.10575
0.053600000955,2.10575
0.053610000955,2.10575
0.053620000955,2.10575
0.053630000955,2.137
0.053640000955,2.137
0.053650000955,2.10575
0.053660000955,2.10575
0.053670000955,2.137
0.053680000955,2.10575
0.053690000955,2.10575
0.053700000955,2.16825
0.053710000955,2.0745
0.053720000955,2.10575
0.053730000955,2.10575
0.053740000955,2.16825
0.053750000955,2.10575
0.053760000955,2.137
0.053770000955,2.10575
0.053780000955,2.10575
0.053790000955,2.0745
0.053800000955,2.16825
0.053810000955,2.137
0.053820000955,2.137
0.053830000955,2.0745
0.053840000955,2.137
0.053850000955,2.10575
0.053860000955,2.16825
0.053870000955,2.137
0.053880000955,2.10575
0.053890000955,2.10575
0.053900000955,2.0745
0.053910000955,2.137
0.053920000955,2.137
0.053930000955,2.10575
0.053940000955,2.10575
0.053950000955,2.10575
0.053960000955,2.10575
0.053970000955,2.137
0.053980000955,2.10575
0.053990000955,2.137
0.054000000955,2.10575
0.054010000955,2.0745
0.054020000955,2.137
0.054030000955,2.10575
0.054040000955,2.137
0.054050000955,2.10575
0.054060000955,2.10575
0.054070000955,2.0745
0.054080000955,2.10575
0.054090000955,2.137
0.054100000955,2.137
0.054110000955,2.137
0.054120000955,2.137
0.054130000955,2.0745
0.054140000955,2.10575
0.054150000955,2.137
0.054160000955,2.10575
0.054170000955,2.137
0.054180000955,2.137
0.054190000955,2.10575
0.054200000955,2.137
0.054210000955,2.137
0.054220000955,2.10575
0.054230000955,2.10575
0.054240000955,2.137
0.054250000955,2.10575
0.054260000955,2.10575
0.054270000955,2.137
0.054280000955,2.10575
0.054290000955,2.10575
0.054300000955,2.10575
0.054310000955,2.137
0.054320000955,2.10575
0.054330000955,2.10575
0.054340000955,2.137
0.054350000955,2.10575
0.054360000955,2.137
0.054370000955,2.137
0.054380000955,2.10575
0.054390000955,2.0745
0.054400000955,2.137
0.054410000955,2.10575
0.054420000955,2.10575
0.054430000955,2.137
0.054440000955,2.10575
0.054450000955,2.10575
0.054460000955,2.10575
0.054470000955,2.10575
0.054480000955,2.0745
0.054490000955,2.10575
0.054500000955,2.137
0.054510000955,2.0745
0.054520000955,2.10575
0.054530000955,2.137
0.054540000955,2.10575
0.054550000955,2.137
0.054560000955,2.0745
0.054570000955,2.10575
0.054580000955,2.0745
0.054590000955,2.137
0.054600000955,2.16825
0.054610000955,2.137
0.054620000955,2.10575
0.054630000955,2.10575
0.054640000955,2.10575
0.054650000955,2.137
0.054660000955,2.10575
0.054670000955,2.10575
0.054680000955,2.10575
0.054690000955,2.10575
0.054700000955,2.10575
0.054710000955,2.137
0.054720000955,2.10575
0.054730000955,2.10575
0.054740000955,2.10575
0.054750000955,2.0745
0.054760000955,2.137
0.054770000955,2.10575
0.054780000955,2.10575
0.054790000955,2.10575
0.054800000955,2.137
0.054810000955,2.137
0.054820000955,2.10575
0.054830000955,2.137
0.054840000955,2.10575
0.054850000955,2.10575
0.054860000955,2.10575
0.054870000955,2.0745
0.054880000955,2.10575
0.054890000955,2.0745
0.054900000955,2.137
0.054910000955,2.0745
0.054920000955,2.10575
0.054930000955,2.10575
0.054940000955,2.137
0.054950000955,2.10575
0.054960000955,2.137
0.054970000955,2.137
0.054980000955,2.0745
0.054990000955,2.10575
0.055000000955,2.10575
0.055010000955,2.10575
0.055020000955,2.10575
0.055030000955,2.10575
0.055040000955,2.10575
0.055050000955,2.137
0.055060000955,2.137
0.055070000955,2.10575
0.055080000955,2.10575
0.055090000955,2.137
0.055100000955,2.10575
0.055110000955,2.10575
0.055120000955,2.10575
0.055130000955,2.137
0.055140000955,2.10575
0.055150000955,2.10575
0.055160000955,2.137
0.055170000955,2.10575
0.055180000955,2.10575
0.055190000955,2.137
0.055200000955,2.10575
0.055210000955,2.137
0.055220000955,2.137
0.055230000955,2.137
0.055240000955,2.10575
0.055250000955,2.137
0.055260000955,2.137
0.055270000955,2.137
0.055280000955,2.10575
0.055290000955,2.137
0.055300000955,2.137
0.055310000955,2.10575
0.055320000955,2.10575
0.055330000955,2.10575
0.055340000955,2.10575
0.055350000955,2.137
0.055360000955,2.137
0.055370000955,2.16825
0.055380000955,2.10575
0.055390000955,2.137
0.055400000955,2.16825
0.055410000955,2.10575
0.055420000955,2.10575
0.055430000955,2.0745
0.055440000955,2.137
0.055450000955,2.10575
0.055460000955,2.137
0.055470000955,2.0745
0.055480000955,2.137
0.055490000955,2.10575
0.055500000955,2.137
0.055510000955,2.10575
0.055520000955,2.10575
0.055530000955,2.10575
0.055540000955,2.10575
0.055550000955,2.10575
0.055560000955,2.10575
0.055570000955,2.10575
0.055580000955,2.10575
0.055590000955,2.10575
0.055600000955,2.137
0.055610000955,2.10575
0.055620000955,2.10575
0.055630000955,2.137
0.055640000955,2.10575
0.055650000955,2.137
0.055660000955,2.137
0.055670000955,2.10575
0.055680000955,2.137
0.055690000955,2.10575
0.055700000955,2.10575
0.055710000955,2.10575
0.055720000955,2.137
0.055730000955,2.137
0.055740000955,2.10575
0.055750000955,2.137
0.055760000955,2.0745
0.055770000955,2.10575
0.055780000955,2.0745
0.055790000955,2.137
0.055800000955,2.10575
0.055810000955,2.10575
0.055820000955,2.137
0.055830000955,2.137
0.055840000955,2.10575
0.055850000955,2.137
0.055860000955,2.137
0.055870000955,2.10575
0.055880000955,2.137
0.055890000955,2.10575
0.055900000955,2.10575
0.055910000955,2.10575
0.055920000955,2.0745
0.055930000955,2.10575
0.055940000955,2.0745
0.055950000955,2.10575
0.055960000955,2.137
0.055970000955,2.10575
0.055980000955,2.137
0.055990000955,2.10575
0.056000000955,2.10575
0.056010000955,2.10575
0.056020000955,2.10575
0.056030000955,2.137
0.056040000955,2.10575
0.056050000955,2.10575
0.056060000955,2.0745
0.056070000955,2.137
0.056080000955,2.10575
0.056090000955,2.10575
0.056100000955,2.10575
0.056110000955,2.0745
0.056120000955,2.137
0.056130000955,2.10575
0.056140000955,2.137
0.056150000955,2.10575
0.056160000955,2.137
0.056170000955,2.137
0.056180000955,2.137
0.056190000955,2.137
0.056200000955,2.10575
0.056210000955,2.137
0.056220000955,2.10575
0.056230000955,2.10575
0.056240000955,2.137
0.056250000955,2.10575
0.056260000955,2.10575
0.056270000955,2.0745
0.056280000955,2.137
0.056290000955,2.137
0.056300000955,2.137
0.056310000955,2.10575
0.056320000955,2.137
0.056330000955,2.137
0.056340000955,2.137
0.056350000955,2.10575
0.056360000955,2.137
0.056370000955,2.10575
0.056380000955,2.10575
0.056390000955,2.10575
0.056400000955,2.10575
0.056410000955,2.137
0.056420000955,2.137
0.056430000955,2.137
0.056440000955,2.10575
0.056450000955,2.137
0.056460000955,2.10575
0.056470000955,2.10575
0.056480000955,2.10575
0.056490000955,2.10575
0.056500000955,2.10575
0.056510000955,2.10575
0.056520000955,2.10575
0.056530000955,2.10575
0.056540000955,2.137
0.056550000955,2.137
0.056560000955,2.10575
0.056570000955,2.10575
0.056580000955,2.10575
0.056590000955,2.137
0.056600000955,2.137
0.056610000955,2.10575
0.056620000955,2.10575
0.056630000955,2.137
0.056640000955,2.10575
0.056650000955,2.10575
0.056660000955,2.10575
0.056670000955,2.137
0.056680000955,2.10575
0.056690000955,2.137
0.056700000955,2.137
0.056710000955,2.137
0.056720000955,2.0745
0.056730000955,2.137
0.056740000955,2.10575
0.056750000955,2.137
0.056760000955,2.10575
0.056770000955,2.137
0.056780000955,2.137
0.056790000955,2.137
0.056800000955,2.10575
0.056810000955,2.10575
0.056820000955,2.137
0.056830000955,2.137
0.056840000955,2.137
0.056850000955,2.137
0.056860000955,2.137
0.056870000955,2.0745
0.056880000955,2.137
0.056890000955,2.10575
0.056900000955,2.137
0.056910000955,2.10575
0.056920000955,2.137
0.056930000955,2.137
0.056940000955,2.0745
0.056950000955,2.10575
0.056960000955,2.137
0.056970000955,2.10575
0.056980000955,2.137
0.056990000955,2.10575
0.057000000955,2.10575
0.057010000955,2.137
0.057020000955,2.137
0.057030000955,2.10575
0.057040000955,2.10575
0.057050000955,2.10575
0.057060000955,2.10575
0.057070000955,2.10575
0.057080000955,2.10575
0.057090000955,2.10575
0.057100000955,2.10575
0.057110000955,2.10575
0.057120000955,2.10575
0.057130000955,2.10575
0.057140000955,2.10575
0.057150000955,2.10575
0.057160000955,2.137
0.057170000955,2.10575
0.057180000955,2.137
0.057190000955,2.10575
0.057200000955,2.10575
0.057210000955,2.10575
0.057220000955,2.137
0.057230000955,2.10575
0.057240000955,2.137
0.057250000955,2.10575
0.057260000955,2.137
0.057270000955,2.137
0.057280000955,2.10575
0.057290000955,2.137
0.057300000955,2.137
0.057310000955,2.137
0.057320000955,2.137
0.057330000955,2.137
0.057340000955,2.137
0.057350000955,2.10575
0.057360000955,2.137
0.057370000955,2.137
0.057380000955,2.10575
0.057390000955,2.10575
0.057400000955,2.10575
0.057410000955,2.137
0.057420000955,2.10575
0.057430000955,2.137
0.057440000955,2.10575
0.057450000955,2.137
0.057460000955,2.10575
0.057470000955,2.10575
0.057480000955,2.137
0.057490000955,2.10575
0.057500000955,2.137
0.057510000955,2.10575
0.057520000955,2.10575
0.057530000955,2.137
0.057540000955,2.10575
0.057550000955,2.137
0.057560000955,2.10575
0.057570000955,2.137
0.057580000955,2.10575
0.057590000955,2.10575
0.057600000955,2.137
0.057610000955,2.137
0.057620000955,2.137
0.057630000955,2.0745
0.057640000955,2.10575
0.057650000955,2.10575
0.057660000955,2.0745
0.057670000955,2.137
0.057680000955,2.10575
0.057690000955,2.137
0.057700000955,2.137
0.057710000955,2.137
0.057720000955,2.137
0.057730000955,2.10575
0.057740000955,2.0745
0.057750000955,2.137
0.057760000955,2.137
0.057770000955,2.10575
0.057780000955,2.137
0.057790000955,2.0745
0.057800000955,2.137
0.057810000955,2.137
0.057820000955,2.10575
0.057830000955,2.10575
0.057840000955,2.137
0.057850000955,2.137
0.057860000955,2.137
0.057870000955,2.137
0.057880000955,2.10575
0.057890000955,2.10575
0.057900000955,2.10575
0.057910000955,2.137
0.057920000955,2.16825
0.057930000955,2.137
0.057940000955,2.137
0.057950000955,2.137
0.057960000955,2.137
0.057970000955,2.10575
0.057980000955,2.137
0.057990000955,2.10575
0.058000000955,2.10575
0.058010000955,2.137
0.058020000955,2.10575
0.058030000955,2.137
0.058040000955,2.137
0.058050000955,2.0745
0.058060000955,2.10575
0.058070000955,2.0745
0.058080000955,2.137
0.058090000955,2.137
0.058100000955,2.10575
0.058110000955,2.16825
0.058120000955,2.137
0.058130000955,2.137
0.058140000955,2.137
0.058150000955,2.10575
0.058160000955,2.10575
0.058170000955,2.10575
0.058180000955,2.137
0.058190000955,2.10575
0.058200000955,2.10575
0.058210000955,2.137
0.058220000955,2.137
0.058230000955,2.10575
0.058240000955,2.10575
0.058250000955,2.10575
0.058260000955,2.10575
0.058270000955,2.10575
0.058280000955,2.137
0.058290000955,2.16825
0.058300000955,2.137
0.058310000955,2.137
0.058320000955,2.137
0.058330000955,2.10575
0.058340000955,2.0745
0.058350000955,2.137
0.058360000955,2.10575
0.058370000955,2.137
0.058380000955,2.10575
0.058390000955,2.10575
0.058400000955,2.137
0.058410000955,2.137
0.058420000955,2.10575
0.058430000955,2.137
0.058440000955,2.10575
0.058450000955,2.137
0.058460000955,2.10575
0.058470000955,2.137
0.058480000955,2.10575
0.058490000955,2.10575
0.058500000955,2.137
0.058510000955,2.16825
0.058520000955,2.10575
0.058530000955,2.10575
0.058540000955,2.16825
0.058550000955,2.0745
0.058560000955,2.10575
0.058570000955,2.137
0.058580000955,2.10575
0.058590000955,2.137
0.058600000955,2.10575
0.058610000955,2.10575
0.058620000955,2.10575
0.058630000955,2.10575
0.058640000955,2.10575
0.058650000955,2.10575
0.058660000955,2.10575
0.058670000955,2.10575
0.058680000955,2.137
0.058690000955,2.137
0.058700000955,2.10575
0.058710000955,2.137
0.058720000955,2.137
0.058730000955,2.137
0.058740000955,2.137
0.058750000955,2.137
0.058760000955,2.137
0.058770000955,2.137
0.058780000955,2.10575
0.058790000955,2.137
0.058800000955,2.10575
0.058810000955,2.10575
0.058820000955,2.10575
0.058830000955,2.137
0.058840000955,2.10575
0.058850000955,2.10575
0.058860000955,2.10575
0.058870000955,2.137
0.058880000955,2.137
0.058890000955,2.137
0.058900000955,2.137
0.058910000955,2.10575
0.058920000955,2.10575
0.058930000955,2.10575
0.058940000955,2.10575
0.058950000955,2.137
0.058960000955,2.10575
0.058970000955,2.10575
0.058980000955,2.10575
0.058990000955,2.137
0.059000000955,2.10575
0.059010000955,2.137
0.059020000955,2.10575
0.059030000955,2.137
0.059040000955,2.10575
0.059050000955,2.0745
0.059060000955,2.10575
0.059070000955,2.0745
0.059080000955,2.137
0.059090000955,2.16825
0.059100000955,2.137
0.059110000955,2.0745
0.059120000955,2.16825
0.059130000955,2.10575
0.059140000955,2.16825
0.059150000955,2.10575
0.059160000955,2.10575
0.059170000955,2.10575
0.059180000955,2.10575
0.059190000955,2.10575
0.059200000955,2.10575
0.059210000955,2.137
0.059220000955,2.10575
0.059230000955,2.0745
0.059240000955,2.137
0.059250000955,2.10575
0.059260000955,2.10575
0.059270000955,2.10575
0.059280000955,2.137
0.059290000955,2.137
0.059300000955,2.137
0.059310000955,2.137
0.059320000955,2.10575
0.059330000955,2.16825
0.059340000955,2.10575
0.059350000955,2.10575
0.059360000955,2.137
0.059370000955,2.10575
0.059380000955,2.16825
0.059390000955,2.137
0.059400000955,2.10575
0.059410000955,2.137
0.059420000955,2.10575
0.059430000955,2.137
0.059440000955,2.137
0.059450000955,2.10575
0.059460000955,2.10575
0.059470000955,2.10575
0.059480000955,2.0745
0.059490000955,2.16825
0.059500000955,2.137
0.059510000955,2.10575
0.059520000955,2.10575
0.059530000955,2.10575
0.059540000955,2.10575
0.059550000955,2.10575
0.059560000955,2.16825
0.059570000955,2.137
0.059580000955,2.137
0.059590000955,2.10575
0.059600000955,2.10575
0.059610000955,2.137
0.059620000955,2.0745
0.059630000955,2.10575
0.059640000955,2.10575
0.059650000955,2.10575
0.059660000955,2.137
0.059670000955,2.137
0.059680000955,2.10575
0.059690000955,2.10575
0.059700000955,2.0745
0.059710000955,2.137
0.059720000955,2.10575
0.059730000955,2.10575
0.059740000955,2.10575
0.059750000955,2.16825
0.059760000955,2.137
0.059770000955,2.137
0.059780000955,2.10575
0.059790000955,2.10575
0.059800000955,2.10575
0.059810000955,2.137
0.059820000955,2.137
0.059830000955,2.10575
0.059840000955,2.10575
0.059850000955,2.137
0.059860000955,2.10575
0.059870000955,2.137
0.059880000955,2.10575
0.059890000955,2.137
0.059900000955,2.10575
0.059910000955,2.137
0.059920000955,2.137
0.059930000955,2.137
0.059940000955,2.10575
0.059950000955,2.137
0.059960000955,2.16825
0.059970000955,2.10575
0.059980000955,2.137
0.059990000955,2.10575
0.060000000955,2.137
0.060010000955,2.16825
0.060020000955,2.0745
0.060030000955,2.10575
0.060040000955,2.10575
0.060050000955,2.10575
0.060060000955,2.10575
0.060070000955,2.10575
0.060080000955,2.137
0.060090000955,2.10575
0.060100000955,2.137
0.060110000955,2.137
0.060120000955,2.137
0.060130000955,2.137
0.060140000955,2.10575
0.060150000955,2.137
0.060160000955,2.137
0.060170000955,2.137
0.060180000955,2.137
0.060190000955,2.137
0.060200000955,2.10575
0.060210000955,2.16825
0.060220000955,2.16825
0.060230000955,2.10575
0.060240000955,2.137
0.060250000955,2.10575
0.060260000955,2.137
0.060270000955,2.137
0.060280000955,2.137
0.060290000955,2.10575
0.060300000955,2.10575
0.060310000955,2.137
0.060320000955,2.0745
0.060330000955,2.10575
0.060340000955,2.137
0.060350000955,2.10575
0.060360000955,2.137
0.060370000955,2.137
0.060380000955,2.10575
0.060390000955,2.10575
0.060400000955,2.10575
0.060410000955,2.10575
0.060420000955,2.137
0.060430000955,2.10575
0.060440000955,2.10575
0.060450000955,2.137
0.060460000955,2.10575
0.060470000955,2.10575
0.060480000955,2.10575
0.060490000955,2.10575
0.060500000955,2.10575
0.060510000955,2.10575
0.060520000955,2.137
0.060530000955,2.10575
0.060540000955,2.10575
0.060550000955,2.10575
0.060560000955,2.10575
0.060570000955,2.10575
0.060580000955,2.10575
0.060590000955,2.10575
0.060600000955,2.16825
0.060610000955,2.10575
0.060620000955,2.137
0.060630000955,2.137
0.060640000955,2.10575
0.060650000955,2.10575
0.060660000955,2.137
0.060670000955,2.10575
0.060680000955,2.137
0.060690000955,2.10575
0.060700000955,2.10575
0.060710000955,2.10575
0.060720000955,2.137
0.060730000955,2.137
0.060740000955,2.137
0.060750000955,2.10575
0.060760000955,2.10575
0.060770000955,2.10575
0.060780000955,2.10575
0.060790000955,2.10575
0.060800000955,2.137
0.060810000955,2.10575
0.060820000955,2.10575
0.060830000955,2.10575
0.060840000955,2.137
0.060850000955,2.10575
0.060860000955,2.137
0.060870000955,2.137
0.060880000955,2.137
0.060890000955,2.137
0.060900000955,2.10575
0.060910000955,2.10575
0.060920000955,2.10575
0.060930000955,2.137
0.060940000955,2.10575
0.060950000955,2.137
0.060960000955,2.10575
0.060970000955,2.10575
0.060980000955,2.10575
0.060990000955,2.137
0.061000000955,2.10575
0.061010000955,2.137
0.061020000955,2.10575
0.061030000955,2.137
0.061040000955,2.137
0.061050000955,2.137
0.061060000955,2.137
0.061070000955,2.10575
0.061080000955,2.10575
0.061090000955,2.0745
0.061100000955,2.137
0.061110000955,2.10575
0.061120000955,2.10575
0.061130000955,2.137
0.061140000955,2.137
0.061150000955,2.10575
0.061160000955,2.137
0.061170000955,2.10575
0.061180000955,2.137
0.061190000955,2.137
0.061200000955,2.10575
0.061210000955,2.10575
0.061220000955,2.137
0.061230000955,2.137
0.061240000955,2.137
0.061250000955,2.137
0.061260000955,2.10575
0.061270000955,2.0745
0.061280000955,2.137
0.061290000955,2.137
0.061300000955,2.10575
0.061310000955,2.10575
0.061320000955,2.137
0.061330000955,2.137
0.061340000955,2.10575
0.061350000955,2.10575
0.061360000955,2.137
0.061370000955,2.137
0.061380000955,2.0745
0.061390000955,2.10575
0.061400000955,2.10575
0.061410000955,2.137
0.061420000955,2.16825
0.061430000955,2.16825
0.061440000955,2.137
0.061450000955,2.137
0.061460000955,2.10575
0.061470000955,2.10575
0.061480000955,2.137
0.061490000955,2.16825
0.061500000955,2.137
0.061510000955,2.137
0.061520000955,2.137
0.061530000955,2.10575
0.061540000955,2.137
0.061550000955,2.10575
0.061560000955,2.10575
0.061570000955,2.0745
0.061580000955,2.137
0.061590000955,2.137
0.061600000955,2.10575
0.061610000955,2.10575
0.061620000955,2.137
0.061630000955,2.10575
0.061640000955,2.137
0.061650000955,2.137
0.061660000955,2.137
0.061670000955,2.10575
0.061680000955,2.137
0.061690000955,2.10575
0.061700000955,2.137
0.061710000955,2.137
0.061720000955,2.137
0.061730000955,2.16825
0.061740000955,2.137
0.061750000955,2.10575
0.061760000955,2.137
0.061770000955,2.10575
0.061780000955,2.137
0.061790000955,2.137
0.061800000955,2.137
0.061810000955,2.137
0.061820000955,2.10575
0.061830000955,2.137
0.061840000955,2.137
0.061850000955,2.137
0.061860000955,2.10575
0.061870000955,2.137
0.061880000955,2.10575
0.061890000955,2.16825
0.061900000955,2.10575
0.061910000955,2.10575
0.061920000955,2.137
0.061930000955,2.137
0.061940000955,2.10575
0.061950000955,2.10575
0.061960000955,2.10575
0.061970000955,2.10575
0.061980000955,2.16825
0.061990000955,2.16825
0.062000000955,2.137
0.062010000955,2.10575
0.062020000955,2.137
0.062030000955,2.10575
0.062040000955,2.137
0.062050000955,2.10575
0.062060000955,2.137
0.062070000955,2.10575
0.062080000955,2.10575
0.062090000955,2.10575
0.062100000955,2.10575
0.062110000955,2.10575
0.062120000955,2.10575
0.062130000955,2.137
0.062140000955,2.10575
0.062150000955,2.10575
0.062160000955,2.137
0.062170000955,2.137
0.062180000955,2.137
0.062190000955,2.10575
0.062200000955,2.16825
0.062210000955,2.137
0.062220000955,2.10575
0.062230000955,2.10575
0.062240000955,2.137
0.062250000955,2.10575
0.062260000955,2.137
0.062270000955,2.10575
0.062280000955,2.137
0.062290000955,2.137
0.062300000955,2.137
0.062310000955,2.10575
0.062320000955,2.137
0.062330000955,2.137
0.062340000955,2.137
0.062350000955,2.10575
0.062360000955,2.10575
0.062370000955,2.137
0.062380000955,2.10575
0.062390000955,2.137
0.062400000955,2.0745
0.062410000955,2.10575
0.062420000955,2.137
0.062430000955,2.137
0.062440000955,2.137
0.062450000955,2.137
0.062460000955,2.137
0.062470000955,2.0745
0.062480000955,2.137
0.062490000955,2.137
0.062500000955,2.137
0.062510000955,2.137
0.062520000955,2.137
0.062530000955,2.137
0.062540000955,2.137
0.062550000955,2.137
0.062560000955,2.137
0.062570000955,2.137
0.062580000955,2.137
0.062590000955,2.10575
0.062600000955,2.10575
0.062610000955,2.137
0.062620000955,2.16825
0.062630000955,2.137
0.062640000955,2.10575
0.062650000955,2.137
0.062660000955,2.137
0.062670000955,2.137
0.062680000955,2.137
0.062690000955,2.137
0.062700000955,2.10575
0.062710000955,2.137
0.062720000955,2.10575
0.062730000955,2.16825
0.062740000955,2.10575
0.062750000955,2.10575
0.062760000955,2.10575
0.062770000955,2.10575
0.062780000955,2.137
0.062790000955,2.10575
0.062800000955,2.10575
0.062810000955,2.10575
0.062820000955,2.137
0.062830000955,2.16825
0.062840000955,2.10575
0.062850000955,2.137
0.062860000955,2.137
0.062870000955,2.137
0.062880000955,2.16825
0.062890000955,2.10575
0.062900000955,2.137
0.062910000955,2.137
0.062920000955,2.16825
0.062930000955,2.137
0.062940000955,2.137
0.062950000955,2.10575
0.062960000955,2.137
0.062970000955,2.137
0.062980000955,2.137
0.062990000955,2.10575
0.063000000955,2.137
0.063010000955,2.137
0.063020000955,2.16825
0.063030000955,2.10575
0.063040000955,2.10575
0.063050000955,2.137
0.063060000955,2.137
0.063070000955,2.10575
0.063080000955,2.10575
0.063090000955,2.10575
0.063100000955,2.137
0.063110000955,2.10575
0.063120000955,2.137
0.063130000955,2.16825
0.063140000955,2.16825
0.063150000955,2.137
0.063160000955,2.137
0.063170000955,2.137
0.063180000955,2.16825
0.063190000955,2.137
0.063200000955,2.10575
0.063210000955,2.10575
0.063220000955,2.10575
0.063230000955,2.137
0.063240000955,2.137
0.063250000955,2.10575
0.063260000955,2.137
0.063270000955,2.10575
0.063280000955,2.137
0.063290000955,2.137
0.063300000955,2.137
0.063310000955,2.10575
0.063320000955,2.16825
0.063330000955,2.10575
0.063340000955,2.137
0.063350000955,2.10575
0.063360000955,2.16825
0.063370000955,2.137
0.063380000955,2.10575
0.063390000955,2.137
0.063400000955,2.10575
0.063410000955,2.10575
0.063420000955,2.137
0.063430000955,2.137
0.063440000955,2.10575
0.063450000955,2.137
0.063460000955,2.137
0.063470000955,2.137
0.063480000955,2.137
0.063490000955,2.137
0.063500000955,2.10575
0.063510000955,2.10575
0.063520000955,2.10575
0.063530000955,2.10575
0.063540000955,2.10575
0.063550000955,2.10575
0.063560000955,2.10575
0.063570000955,2.137
0.063580000955,2.10575
0.063590000955,2.137
0.063600000955,2.10575
0.063610000955,2.10575
0.063620000955,2.10575
0.063630000955,2.10575
0.063640000955,2.10575
0.063650000955,2.137
0.063660000955,2.137
0.063670000955,2.137
0.063680000955,2.10575
0.063690000955,2.137
0.063700000955,2.10575
0.063710000955,2.137
0.063720000955,2.0745
0.063730000955,2.137
0.063740000955,2.10575
0.063750000955,2.137
0.063760000955,2.10575
0.063770000955,2.10575
0.063780000955,2.137
0.063790000955,2.137
0.063800000955,2.137
0.063810000955,2.137
0.063820000955,2.137
0.063830000955,2.137
0.063840000955,2.10575
0.063850000955,2.10575
0.063860000955,2.137
0.063870000955,2.137
0.063880000955,2.10575
0.063890000955,2.16825
0.063900000955,2.137
0.063910000955,2.137
0.063920000955,2.10575
0.063930000955,2.137
0.063940000955,2.10575
0.063950000955,2.10575
0.063960000955,2.137
0.063970000955,2.137
0.063980000955,2.10575
0.063990000955,2.10575
0.064000000955,2.137
0.064010000955,2.137
0.064020000955,2.137
0.064030000955,2.137
0.064040000955,2.16825
0.064050000955,2.10575
0.064060000955,2.137
0.064070000955,2.10575
0.064080000955,2.16825
0.064090000955,2.10575
0.064100000955,2.137
0.064110000955,2.0745
0.064120000955,2.10575
0.064130000955,2.137
0.064140000955,2.10575
0.064150000955,2.10575
0.064160000955,2.137
0.064170000955,2.137
0.064180000955,2.10575
0.064190000955,2.10575
0.064200000955,2.10575
0.064210000955,2.10575
0.064220000955,2.137
0.064230000955,2.10575
0.064240000955,2.137
0.064250000955,2.137
0.064260000955,2.10575
0.064270000955,2.137
0.064280000955,2.137
0.064290000955,2.137
0.064300000955,2.137
0.064310000955,2.10575
0.064320000955,2.10575
0.064330000955,2.137
0.064340000955,2.10575
0.064350000955,2.10575
0.064360000955,2.137
0.064370000955,2.137
0.064380000955,2.137
0.064390000955,2.10575
0.064400000955,2.10575
0.064410000955,2.10575
0.064420000955,2.137
0.064430000955,2.10575
0.064440000955,2.137
0.064450000955,2.10575
0.064460000955,2.10575
0.064470000955,2.137
0.064480000955,2.0745
0.064490000955,2.137
0.064500000955,2.137
0.064510000955,2.137
0.064520000955,2.10575
0.064530000955,2.137
0.064540000955,2.137
0.064550000955,2.10575
0.064560000955,2.137
0.064570000955,2.137
0.064580000955,2.0745
0.064590000955,2.137
0.064600000955,2.10575
0.064610000955,2.10575
0.064620000955,2.10575
0.064630000955,2.10575
0.064640000955,2.137
0.064650000955,2.10575
0.064660000955,2.16825
0.064670000955,2.137
0.064680000955,2.137
0.064690000955,2.10575
0.064700000955,2.10575
0.064710000955,2.10575
0.064720000955,2.137
0.064730000955,2.10575
0.064740000955,2.16825
0.064750000955,2.137
0.064760000955,2.137
0.064770000955,2.10575
0.064780000955,2.10575
0.064790000955,2.10575
0.064800000955,2.16825
0.064810000955,2.10575
0.064820000955,2.137
0.064830000955,2.10575
0.064840000955,2.137
0.064850000955,2.10575
0.064860000955,2.137
0.064870000955,2.137
0.064880000955,2.10575
0.064890000955,2.0745
0.064900000955,2.10575
0.064910000955,2.16825
0.064920000955,2.137
0.064930000955,2.137
0.064940000955,2.10575
0.064950000955,2.137
0.064960000955,2.10575
0.064970000955,2.137
0.064980000955,2.10575
0.064990000955,2.137
0.065000000955,2.10575
0.065010000955,2.137
0.065020000955,2.10575
0.065030000955,2.10575
0.065040000955,2.10575
0.065050000955,2.137
0.065060000955,2.137
0.065070000955,2.137
0.065080000955,2.137
0.065090000955,2.137
0.065100000955,2.137
0.065110000955,2.137
0.065120000955,2.10575
0.065130000955,2.16825
0.065140000955,2.10575
0.065150000955,2.10575
0.065160000955,2.10575
0.065170000955,2.137
0.065180000955,2.10575
0.065190000955,2.10575
0.065200000955,2.137
0.065210000955,2.137
0.065220000955,2.137
0.065230000955,2.10575
0.065240000955,2.10575
0.065250000955,2.0745
0.065260000955,2.137
0.065270000955,2.137
0.065280000955,2.16825
0.065290000955,2.137
0.065300000955,2.137
0.065310000955,2.16825
0.065320000955,2.137
0.065330000955,2.137
0.065340000955,2.10575
0.065350000955,2.10575
0.065360000955,2.10575
0.065370000955,2.10575
0.065380000955,2.137
0.065390000955,2.10575
0.065400000955,2.10575
0.065410000955,2.137
0.065420000955,2.137
0.065430000955,2.137
0.065440000955,2.10575
0.065450000955,2.137
0.065460000955,2.10575
0.065470000955,2.137
0.065480000955,2.137
0.065490000955,2.137
0.065500000955,2.10575
0.065510000955,2.137
0.065520000955,2.137
0.065530000955,2.137
0.065540000955,2.137
0.065550000955,2.137
0.065560000955,2.10575
0.065570000955,2.16825
0.065580000955,2.10575
0.065590000955,2.137
0.065600000955,2.10575
0.065610000955,2.137
0.065620000955,2.137
0.065630000955,2.0745
0.065640000955,2.10575
0.065650000955,2.10575
0.065660000955,2.10575
0.065670000955,2.137
0.065680000955,2.137
0.065690000955,2.10575
0.065700000955,2.137
0.065710000955,2.137
0.065720000955,2.137
0.065730000955,2.137
0.065740000955,2.10575
0.065750000955,2.10575
0.065760000955,2.137
0.065770000955,2.10575
0.065780000955,2.137
0.065790000955,2.137
0.065800000955,2.137
0.065810000955,2.0745
0.065820000955,2.137
0.065830000955,2.16825
0.065840000955,2.10575
0.065850000955,2.137
0.065860000955,2.137
0.065870000955,2.16825
0.065880000955,2.137
0.065890000955,2.10575
0.065900000955,2.137
0.065910000955,2.137
0.065920000955,2.137
0.065930000955,2.137
0.065940000955,2.137
0.065950000955,2.10575
0.065960000955,2.10575
0.065970000955,2.10575
0.065980000955,2.137
0.065990000955,2.137
0.066000000955,2.137
0.066010000955,2.137
0.066020000955,2.137
0.066030000955,2.10575
0.066040000955,2.10575
0.066050000955,2.137
0.066060000955,2.137
0.066070000955,2.10575
0.066080000955,2.10575
0.066090000955,2.137
0.066100000955,2.10575
0.066110000955,2.137
0.066120000955,2.10575
0.066130000955,2.10575
0.066140000955,2.10575
0.066150000955,2.0745
0.066160000955,2.10575
0.066170000955,2.137
0.066180000955,2.0745
0.066190000955,2.10575
0.066200000955,2.10575
0.066210000955,2.10575
0.066220000955,2.137
0.066230000955,2.16825
0.066240000955,2.137
0.066250000955,2.10575
0.066260000955,2.137
0.066270000955,2.137
0.066280000955,2.137
0.066290000955,2.10575
0.066300000955,2.10575
0.066310000955,2.137
0.066320000955,2.10575
0.066330000955,2.10575
0.066340000955,2.137
0.066350000955,2.16825
0.066360000955,2.10575
0.066370000955,2.137
0.066380000955,2.137
0.066390000955,2.137
0.066400000955,2.137
0.066410000955,2.16825
0.066420000955,2.137
0.066430000955,2.10575
0.066440000955,2.137
0.066450000955,2.10575
0.066460000955,2.137
0.066470000955,2.137
0.066480000955,2.137
0.066490000955,2.137
0.066500000955,2.16825
0.066510000955,2.137
0.066520000955,2.10575
0.066530000955,2.137
0.066540000955,2.137
0.066550000955,2.10575
0.066560000955,2.10575
0.066570000955,2.137
0.066580000955,2.10575
0.066590000955,2.137
0.066600000955,2.10575
0.066610000955,2.10575
0.066620000955,2.10575
0.066630000955,2.10575
0.066640000955,2.137
0.066650000955,2.10575
0.066660000955,2.137
0.066670000955,2.10575
0.066680000955,2.10575
0.066690000955,2.137
0.066700000955,2.10575
0.066710000955,2.137
0.066720000955,2.10575
0.066730000955,2.137
0.066740000955,2.10575
0.066750000955,2.10575
0.066760000955,2.10575
0.066770000955,2.16825
0.066780000955,2.137
0.066790000955,2.10575
0.066800000955,2.10575
0.066810000955,2.10575
0.066820000955,2.10575
0.066830000955,2.10575
0.066840000955,2.10575
0.066850000955,2.10575
0.066860000955,2.10575
0.066870000955,2.10575
0.066880000955,2.137
0.066890000955,2.137
0.066900000955,2.137
0.066910000955,2.137
0.066920000955,2.10575
0.066930000955,2.10575
0.066940000955,2.137
0.066950000955,2.10575
0.066960000955,2.10575
0.066970000955,2.10575
0.066980000955,2.137
0.066990000955,2.10575
0.067000000955,2.10575
0.067010000955,2.10575
0.067020000955,2.10575
0.067030000955,2.10575
0.067040000955,2.10575
0.067050000955,2.10575
0.067060000955,2.0745
0.067070000955,2.137
0.067080000955,2.10575
0.067090000955,2.10575
0.067100000955,2.10575
0.067110000955,2.10575
0.067120000955,2.0745
0.067130000955,2.10575
0.067140000955,2.137
0.067150000955,2.137
0.067160000955,2.137
0.067170000955,2.137
0.067180000955,2.10575
0.067190000955,2.137
0.067200000955,2.137
0.067210000955,2.137
0.067220000955,2.10575
0.067230000955,2.137
0.067240000955,2.137
0.067250000955,2.137
0.067260000955,2.10575
0.067270000955,2.10575
0.067280000955,2.137
0.067290000955,2.137
0.067300000955,2.137
0.067310000955,2.137
0.067320000955,2.10575
0.067330000955,2.10575
0.067340000955,2.137
0.067350000955,2.137
0.067360000955,2.137
0.067370000955,2.10575
0.067380000955,2.10575
0.067390000955,2.137
0.067400000955,2.16825
0.067410000955,2.16825
0.067420000955,2.137
0.067430000955,2.10575
0.067440000955,2.10575
0.067450000955,2.10575
0.067460000955,2.10575
0.067470000955,2.10575
0.067480000955,2.16825
0.067490000955,2.0745
0.067500000955,2.137
0.067510000955,2.137
0.067520000955,2.0745
0.067530000955,2.137
0.067540000955,2.10575
0.067550000955,2.10575
0.067560000955,2.137
0.067570000955,2.137
0.067580000955,2.137
0.067590000955,2.137
0.067600000955,2.137
0.067610000955,2.10575
0.067620000955,2.10575
0.067630000955,2.10575
0.067640000955,2.137
0.067650000955,2.10575
0.067660000955,2.137
0.067670000955,2.137
0.067680000955,2.137
0.067690000955,2.10575
0.067700000955,2.137
0.067710000955,2.10575
0.067720000955,2.10575
0.067730000955,2.137
0.067740000955,2.10575
0.067750000955,2.137
0.067760000955,2.10575
0.067770000955,2.137
0.067780000955,2.137
0.067790000955,2.10575
0.067800000955,2.16825
0.067810000955,2.137
0.067820000955,2.137
0.067830000955,2.10575
0.067840000955,2.137
0.067850000955,2.137
0.067860000955,2.0745
0.067870000955,2.137
0.067880000955,2.137
0.067890000955,2.137
0.067900000955,2.10575
0.067910000955,2.137
0.067920000955,2.0745
0.067930000955,2.10575
0.067940000955,2.10575
0.067950000955,2.10575
0.067960000955,2.10575
0.067970000955,2.10575
0.067980000955,2.137
0.067990000955,2.16825
0.068000000955,2.137
0.068010000955,2.10575
0.068020000955,2.10575
0.068030000955,2.10575
0.068040000955,2.0745
0.068050000955,2.137
0.068060000955,2.10575
0.068070000955,2.137
0.068080000955,2.10575
0.068090000955,2.10575
0.068100000955,2.10575
0.068110000955,2.10575
0.068120000955,2.10575
0.068130000955,2.10575
0.068140000955,2.137
0.068150000955,2.10575
0.068160000955,2.10575
0.068170000955,2.10575
0.068180000955,2.10575
0.068190000955,2.16825
0.068200000955,2.10575
0.068210000955,2.10575
0.068220000955,2.16825
0.068230000955,2.137
0.068240000955,2.10575
0.068250000955,2.10575
0.068260000955,2.137
0.068270000955,2.10575
0.068280000955,2.10575
0.068290000955,2.10575
0.068300000955,2.137
0.068310000955,2.10575
0.068320000955,2.0745
0.068330000955,2.10575
0.068340000955,2.10575
0.068350000955,2.137
0.068360000955,2.0745
0.068370000955,2.10575
0.068380000955,2.137
0.068390000955,2.137
0.068400000955,2.10575
0.068410000955,2.10575
0.068420000955,2.137
0.068430000955,2.10575
0.068440000955,2.10575
0.068450000955,2.10575
0.068460000955,2.10575
0.068470000955,2.10575
0.068480000955,2.137
0.068490000955,2.10575
0.068500000955,2.10575
0.068510000955,2.137
0.068520000955,2.10575
0.068530000955,2.10575
0.068540000955,2.10575
0.068550000955,2.10575
0.068560000955,2.0745
0.068570000955,2.10575
0.068580000955,2.137
0.068590000955,2.0745
0.068600000955,2.10575
0.068610000955,2.10575
0.068620000955,2.10575
0.068630000955,2.10575
0.068640000955,2.10575
0.068650000955,2.10575
0.068660000955,2.10575
0.068670000955,2.137
0.068680000955,2.0745
0.068690000955,2.137
0.068700000955,2.10575
0.068710000955,2.10575
0.068720000955,2.10575
0.068730000955,2.16825
0.068740000955,2.137
0.068750000955,2.10575
0.068760000955,2.137
0.068770000955,2.10575
0.068780000955,2.10575
0.068790000955,2.10575
0.068800000955,2.137
0.068810000955,2.137
0.068820000955,2.10575
0.068830000955,2.137
0.068840000955,2.137
0.068850000955,2.10575
0.068860000955,2.137
0.068870000955,2.10575
0.068880000955,2.10575
0.068890000955,2.0745
0.068900000955,2.10575
0.068910000955,2.10575
0.068920000955,2.0745
0.068930000955,2.10575
0.068940000955,2.0745
0.068950000955,2.10575
0.068960000955,2.0745
0.068970000955,2.10575
0.068980000955,2.10575
0.068990000955,2.137
0.069000000955,2.10575
0.069010000955,2.10575
0.069020000955,2.10575
0.069030000955,2.10575
0.069040000955,2.10575
0.069050000955,2.137
0.069060000955,2.10575
0.069070000955,2.0745
0.069080000955,2.10575
0.069090000955,2.10575
0.069100000955,2.10575
0.069110000955,2.10575
0.069120000955,2.0745
0.069130000955,2.137
0.069140000955,2.137
0.069150000955,2.137
0.069160000955,2.137
0.069170000955,2.10575
0.069180000955,2.10575
0.069190000955,2.10575
0.069200000955,2.10575
0.069210000955,2.137
0.069220000955,2.0745
0.069230000955,2.0745
0.069240000955,2.10575
0.069250000955,2.10575
0.069260000955,2.137
0.069270000955,2.137
0.069280000955,2.137
0.069290000955,2.10575
0.069300000955,2.10575
0.069310000955,2.10575
0.069320000955,2.10575
0.069330000955,2.137
0.069340000955,2.0745
0.069350000955,2.0745
0.069360000955,2.137
0.069370000955,2.0745
0.069380000955,2.10575
0.069390000955,2.0745
0.069400000955,2.137
0.069410000955,2.10575
0.069420000955,2.10575
0.069430000955,2.0745
0.069440000955,2.137
0.069450000955,2.10575
0.069460000955,2.0745
0.069470000955,2.0745
0.069480000955,2.10575
0.069490000955,2.10575
0.069500000955,2.137
0.069510000955,2.0745
0.069520000955,2.10575
0.069530000955,2.10575
0.069540000955,2.10575
0.069550000955,2.0745
0.069560000955,2.10575
0.069570000955,2.10575
0.069580000955,2.10575
0.069590000955,2.0745
0.069600000955,2.0745
0.069610000955,2.0745
0.069620000955,2.10575
0.069630000955,2.10575
0.069640000955,2.0745
0.069650000955,2.137
0.069660000955,2.10575
0.069670000955,2.10575
0.069680000955,2.10575
0.069690000955,2.10575
0.069700000955,2.0745
0.069710000955,2.10575
0.069720000955,2.10575
0.069730000955,2.10575
0.069740000955,2.0745
0.069750000955,2.10575
0.069760000955,2.10575
0.069770000955,2.10575
0.069780000955,2.10575
0.069790000955,2.10575
0.069800000955,2.10575
0.069810000955,2.10575
0.069820000955,2.10575
0.069830000955,2.137
0.069840000955,2.10575
0.069850000955,2.10575
0.069860000955,2.137
0.069870000955,2.10575
0.069880000955,2.10575
0.069890000955,2.137
0.069900000955,2.10575
0.069910000955,2.10575
0.069920000955,2.10575
0.069930000955,2.137
0.069940000955,2.0745
0.069950000955,2.0745
0.069960000955,2.0745
0.069970000955,2.0745
0.069980000955,2.10575
0.069990000955,2.0745
0.070000000955,2.10575
0.070010000955,2.10575
0.070020000955,2.10575
0.070030000955,2.10575
0.070040000955,2.137
0.070050000955,2.0745
0.070060000955,2.10575
0.070070000955,2.0745
0.070080000955,2.137
0.070090000955,2.0745
0.070100000955,2.10575
0.070110000955,2.0745
0.070120000955,2.10575
0.070130000955,2.0745
0.070140000955,2.10575
0.070150000955,2.10575
0.070160000955,2.0745
0.070170000955,2.10575
0.070180000955,2.137
0.070190000955,2.0745
0.070200000955,2.10575
0.070210000955,2.10575
0.070220000955,2.10575
0.070230000955,2.0745
0.070240000955,2.10575
0.070250000955,2.0745
0.070260000955,2.10575
0.070270000955,2.10575
0.070280000955,2.10575
0.070290000955,2.137
0.070300000955,2.10575
0.070310000955,2.10575
0.070320000955,2.137
0.070330000955,2.10575
0.070340000955,2.137
0.070350000955,2.0745
0.070360000955,2.137
0.070370000955,2.137
0.070380000955,2.10575
0.070390000955,2.137
0.070400000955,2.16825
0.070410000955,2.0745
0.070420000955,2.10575
0.070430000955,2.10575
0.070440000955,2.137
0.070450000955,2.10575
0.070460000955,2.10575
0.070470000955,2.0745
0.070480000955,2.10575
0.070490000955,2.137
0.070500000955,2.10575
0.070510000955,2.137
0.070520000955,2.0745
0.070530000955,2.10575
0.070540000955,2.0745
0.070550000955,2.0745
0.070560000955,2.137
0.070570000955,2.0745
0.070580000955,2.0745
0.070590000955,2.10575
0.070600000955,2.10575
0.070610000955,2.10575
0.070620000955,2.0745
0.070630000955,2.0745
0.070640000955,2.137
0.070650000955,2.0745
0.070660000955,2.137
0.070670000955,2.10575
0.070680000955,2.10575
0.070690000955,2.10575
0.070700000955,2.137
0.070710000955,2.10575
0.070720000955,2.0745
0.070730000955,2.137
0.070740000955,2.10575
0.070750000955,2.0745
0.070760000955,2.10575
0.070770000955,2.10575
0.070780000955,2.0745
0.070790000955,2.137
0.070800000955,2.10575
0.070810000955,2.10575
0.070820000955,2.10575
0.070830000955,2.137
0.070840000955,2.10575
0.070850000955,2.0745
0.070860000955,2.137
0.070870000955,2.0745
0.070880000955,2.10575
0.070890000955,2.0745
0.070900000955,2.10575
0.070910000955,2.10575
0.070920000955,2.10575
0.070930000955,2.137
0.070940000955,2.10575
0.070950000955,2.0745
0.070960000955,2.10575
0.070970000955,2.0745
0.070980000955,2.10575
0.070990000955,2.10575
0.071000000955,2.10575
0.071010000955,2.10575
0.071020000955,2.10575
0.071030000955,2.10575
0.071040000955,2.10575
0.071050000955,2.10575
0.071060000955,2.10575
0.071070000955,2.10575
0.071080000955,2.10575
0.071090000955,2.137
0.071100000955,2.10575
0.071110000955,2.10575
0.071120000955,2.0745
0.071130000955,2.0745
0.071140000955,2.10575
0.071150000955,2.0745
0.071160000955,2.137
0.071170000955,2.137
0.071180000955,2.0745
0.071190000955,2.10575
0.071200000955,2.137
0.071210000955,2.10575
0.071220000955,2.137
0.071230000955,2.137
0.071240000955,2.10575
0.071250000955,2.10575
0.071260000955,2.137
0.071270000955,2.0745
0.071280000955,2.04325
0.071290000955,2.10575
0.071300000955,2.0745
0.071310000955,2.10575
0.071320000955,2.10575
0.071330000955,2.10575
0.071340000955,2.10575
0.071350000955,2.137
0.071360000955,2.137
0.071370000955,2.10575
0.071380000955,2.137
0.071390000955,2.10575
0.071400000955,2.10575
0.071410000955,2.04325
0.071420000955,2.10575
0.071430000955,2.0745
0.071440000955,2.10575
0.071450000955,2.10575
0.071460000955,2.10575
0.071470000955,2.0745
0.071480000955,2.10575
0.071490000955,2.10575
0.071500000955,2.0745
0.071510000955,2.10575
0.071520000955,2.10575
0.071530000955,2.10575
0.071540000955,2.0745
0.071550000955,2.137
0.071560000955,2.10575
0.071570000955,2.137
0.071580000955,2.10575
0.071590000955,2.10575
0.071600000955,2.10575
0.071610000955,2.137
0.071620000955,2.10575
0.071630000955,2.0745
0.071640000955,2.10575
0.071650000955,2.10575
0.071660000955,2.10575
0.071670000955,2.137
0.071680000955,2.0745
0.071690000955,2.137
0.071700000955,2.137
0.071710000955,2.10575
0.071720000955,2.0745
0.071730000955,2.10575
0.071740000955,2.0745
0.071750000955,2.10575
0.071760000955,2.137
0.071770000955,2.0745
0.071780000955,2.10575
0.071790000955,2.10575
0.071800000955,2.10575
0.071810000955,2.0745
0.071820000955,2.0745
0.071830000955,2.10575
0.071840000955,2.10575
0.071850000955,2.0745
0.071860000955,2.0745
0.071870000955,2.10575
0.071880000955,2.10575
0.071890000955,2.10575
0.071900000955,2.137
0.071910000955,2.10575
0.071920000955,2.10575
0.071930000955,2.10575
0.071940000955,2.10575
0.071950000955,2.10575
0.071960000955,2.10575
0.071970000955,2.10575
0.071980000955,2.137
0.071990000955,2.10575
0.072000000955,2.137
0.072010000955,2.0745
0.072020000955,2.10575
0.072030000955,2.137
0.072040000955,2.10575
0.072050000955,2.0745
0.072060000955,2.10575
0.072070000955,2.10575
0.072080000955,2.10575
0.072090000955,2.04325
0.072100000955,2.10575
0.072110000955,2.10575
0.072120000955,2.10575
0.072130000955,2.0745
0.072140000955,2.0745
0.072150000955,2.10575
0.072160000955,2.0745
0.072170000955,2.137
0.072180000955,2.137
0.072190000955,2.10575
0.072200000955,2.10575
0.072210000955,2.10575
0.072220000955,2.137
0.072230000955,2.10575
0.072240000955,2.10575
0.072250000955,2.10575
0.072260000955,2.10575
0.072270000955,2.0745
0.072280000955,2.137
0.072290000955,2.10575
0.072300000955,2.04325
0.072310000955,2.10575
0.072320000955,2.10575
0.072330000955,2.0745
0.072340000955,2.10575
0.072350000955,2.137
0.072360000955,2.0745
0.072370000955,2.10575
0.072380000955,2.10575
0.072390000955,2.10575
0.072400000955,2.10575
0.072410000955,2.10575
0.072420000955,2.10575
0.072430000955,2.0745
0.072440000955,2.10575
0.072450000955,2.137
0.072460000955,2.137
0.072470000955,2.137
0.072480000955,2.10575
0.072490000955,2.137
0.072500000955,2.10575
0.072510000955,2.137
0.072520000955,2.10575
0.072530000955,2.0745
0.072540000955,2.10575
0.072550000955,2.137
0.072560000955,2.10575
0.072570000955,2.137
0.072580000955,2.0745
0.072590000955,2.16825
0.072600000955,2.10575
0.072610000955,2.137
0.072620000955,2.0745
0.072630000955,2.10575
0.072640000955,2.0745
0.072650000955,2.10575
0.072660000955,2.10575
0.072670000955,2.10575
0.072680000955,2.10575
0.072690000955,2.10575
0.072700000955,2.137
0.072710000955,2.10575
0.072720000955,2.10575
0.072730000955,2.10575
0.072740000955,2.10575
0.072750000955,2.0745
0.072760000955,2.10575
0.072770000955,2.0745
0.072780000955,2.10575
0.072790000955,2.10575
0.072800000955,2.10575
0.072810000955,2.0745
0.072820000955,2.10575
0.072830000955,2.0745
0.072840000955,2.10575
0.072850000955,2.137
0.072860000955,2.137
0.072870000955,2.0745
0.072880000955,2.10575
0.072890000955,2.10575
0.072900000955,2.10575
0.072910000955,2.10575
0.072920000955,2.10575
0.072930000955,2.10575
0.072940000955,2.137
0.072950000955,2.0745
0.072960000955,2.10575
0.072970000955,2.10575
0.072980000955,2.10575
0.072990000955,2.10575
0.073000000955,2.10575
0.073010000955,2.10575
0.073020000955,2.0745
0.073030000955,2.10575
0.073040000955,2.137
0.073050000955,2.10575
0.073060000955,2.10575
0.073070000955,2.10575
0.073080000955,2.137
0.073090000955,2.10575
0.073100000955,2.137
0.073110000955,2.10575
0.073120000955,2.0745
0.073130000955,2.10575
0.073140000955,2.10575
0.073150000955,2.137
0.073160000955,2.10575
0.073170000955,2.0745
0.073180000955,2.10575
0.073190000955,2.137
0.073200000955,2.10575
0.073210000955,2.10575
0.073220000955,2.137
0.073230000955,2.10575
0.073240000955,2.10575
0.073250000955,2.16825
0.073260000955,2.0745
0.073270000955,2.10575
0.073280000955,2.10575
0.073290000955,2.10575
0.073300000955,2.10575
0.073310000955,2.137
0.073320000955,2.137
0.073330000955,2.137
0.073340000955,2.137
0.073350000955,2.10575
0.073360000955,2.137
0.073370000955,2.10575
0.073380000955,2.10575
0.073390000955,2.137
0.073400000955,2.0745
0.073410000955,2.10575
0.073420000955,2.10575
0.073430000955,2.10575
0.073440000955,2.10575
0.073450000955,2.137
0.073460000955,2.10575
0.073470000955,2.10575
0.073480000955,2.10575
0.073490000955,2.10575
0.073500000955,2.10575
0.073510000955,2.137
0.073520000955,2.10575
0.073530000955,2.10575
0.073540000955,2.137
0.073550000955,2.10575
0.073560000955,2.10575
0.073570000955,2.0745
0.073580000955,2.10575
0.073590000955,2.0745
0.073600000955,2.10575
0.073610000955,2.10575
0.073620000955,2.137
0.073630000955,2.10575
0.073640000955,2.10575
0.073650000955,2.10575
0.073660000955,2.10575
0.073670000955,2.0745
0.073680000955,2.10575
0.073690000955,2.10575
0.073700000955,2.0745
0.073710000955,2.0745
0.073720000955,2.10575
0.073730000955,2.10575
0.073740000955,2.10575
0.073750000955,2.10575
0.073760000955,2.10575
0.073770000955,2.0745
0.073780000955,2.10575
0.073790000955,2.10575
0.073800000955,2.137
0.073810000955,2.10575
0.073820000955,2.137
0.073830000955,2.10575
0.073840000955,2.10575
0.073850000955,2.137
0.073860000955,2.10575
0.073870000955,2.137
0.073880000955,2.137
0.073890000955,2.10575
0.073900000955,2.10575
0.073910000955,2.10575
0.073920000955,2.10575
0.073930000955,2.10575
0.073940000955,2.0745
0.073950000955,2.137
0.073960000955,2.137
0.073970000955,2.10575
0.073980000955,2.10575
0.073990000955,2.10575
0.074000000955,2.137
0.074010000955,2.10575
0.074020000955,2.0745
0.074030000955,2.10575
0.074040000955,2.10575
0.074050000955,2.10575
0.074060000955,2.10575
0.074070000955,2.10575
0.074080000955,2.10575
0.074090000955,2.10575
0.074100000955,2.0745
0.074110000955,2.137
0.074120000955,2.10575
0.074130000955,2.0745
0.074140000955,2.0745
0.074150000955,2.137
0.074160000955,2.137
0.074170000955,2.10575
0.074180000955,2.137
0.074190000955,2.10575
0.074200000955,2.137
0.074210000955,2.0745
0.074220000955,2.10575
0.074230000955,2.0745
0.074240000955,2.10575
0.074250000955,2.10575
0.074260000955,2.10575
0.074270000955,2.137
0.074280000955,2.137
0.074290000955,2.10575
0.074300000955,2.137
0.074310000955,2.10575
0.074320000955,2.10575
0.074330000955,2.10575
0.074340000955,2.0745
0.074350000955,2.0745
0.074360000955,2.10575
0.074370000955,2.10575
0.074380000955,2.10575
0.074390000955,2.10575
0.074400000955,2.137
0.074410000955,2.10575
0.074420000955,2.10575
0.074430000955,2.0745
0.074440000955,2.10575
0.074450000955,2.10575
0.074460000955,2.10575
0.074470000955,2.10575
0.074480000955,2.10575
0.074490000955,2.0745
0.074500000955,2.10575
0.074510000955,2.10575
0.074520000955,2.10575
0.074530000955,2.137
0.074540000955,2.137
0.074550000955,2.137
0.074560000955,2.137
0.074570000955,2.10575
0.074580000955,2.137
0.074590000955,2.10575
0.074600000955,2.137
0.074610000955,2.10575
0.074620000955,2.0745
0.074630000955,2.137
0.074640000955,2.10575
0.074650000955,2.137
0.074660000955,2.10575
0.074670000955,2.137
0.074680000955,2.10575
0.074690000955,2.10575
0.074700000955,2.10575
0.074710000955,2.10575
0.074720000955,2.10575
0.074730000955,2.10575
0.074740000955,2.10575
0.074750000955,2.137
0.074760000955,2.137
0.074770000955,2.137
0.074780000955,2.137
0.074790000955,2.10575
0.074800000955,2.10575
0.074810000955,2.10575
0.074820000955,2.10575
0.074830000955,2.10575
0.074840000955,2.10575
0.074850000955,2.10575
0.074860000955,2.10575
0.074870000955,2.10575
0.074880000955,2.10575
0.074890000955,2.10575
0.074900000955,2.10575
0.074910000955,2.10575
0.074920000955,2.0745
0.074930000955,2.10575
0.074940000955,2.137
0.074950000955,2.10575
0.074960000955,2.10575
0.074970000955,2.137
0.074980000955,2.10575
0.074990000955,2.10575
0.075000000955,2.10575
0.075010000955,2.16825
0.075020000955,2.0745
0.075030000955,2.10575
0.075040000955,2.10575
0.075050000955,2.0745
0.075060000955,2.10575
0.075070000955,2.10575
0.075080000955,2.10575
0.075090000955,2.137
0.075100000955,2.10575
0.075110000955,2.10575
0.075120000955,2.0745
0.075130000955,2.10575
0.075140000955,2.10575
0.075150000955,2.137
0.075160000955,2.137
0.075170000955,2.10575
0.075180000955,2.10575
0.075190000955,2.10575
0.075200000955,2.137
0.075210000955,2.10575
0.075220000955,2.137
0.075230000955,2.10575
0.075240000955,2.0745
0.075250000955,2.137
0.075260000955,2.10575
0.075270000955,2.10575
0.075280000955,2.10575
0.075290000955,2.137
0.075300000955,2.0745
0.075310000955,2.0745
0.075320000955,2.137
0.075330000955,2.10575
0.075340000955,2.0745
0.075350000955,2.10575
0.075360000955,2.137
0.075370000955,2.0745
0.075380000955,2.10575
0.075390000955,2.0745
0.075400000955,2.16825
0.075410000955,2.137
0.075420000955,2.0745
0.075430000955,2.10575
0.075440000955,2.0745
0.075450000955,2.10575
0.075460000955,2.10575
0.075470000955,2.10575
0.075480000955,2.10575
0.075490000955,2.10575
0.075500000955,2.10575
0.075510000955,2.0745
0.075520000955,2.10575
0.075530000955,2.0745
0.075540000955,2.137
0.075550000955,2.10575
0.075560000955,2.10575
0.075570000955,2.10575
0.075580000955,2.137
0.075590000955,2.0745
0.075600000955,2.0745
0.075610000955,2.10575
0.075620000955,2.137
0.075630000955,2.0745
0.075640000955,2.137
0.075650000955,2.137
0.075660000955,2.10575
0.075670000955,2.10575
0.075680000955,2.10575
0.075690000955,2.137
0.075700000955,2.0745
0.075710000955,2.10575
0.075720000955,2.137
0.075730000955,2.10575
0.075740000955,2.10575
0.075750000955,2.10575
0.075760000955,2.10575
0.075770000955,2.16825
0.075780000955,2.10575
0.075790000955,2.10575
0.075800000955,2.137
0.075810000955,2.137
0.075820000955,2.10575
0.075830000955,2.137
0.075840000955,2.10575
0.075850000955,2.10575
0.075860000955,2.0745
0.075870000955,2.0745
0.075880000955,2.0745
0.075890000955,2.10575
0.075900000955,2.137
0.075910000955,2.137
0.075920000955,2.137
0.075930000955,2.137
0.075940000955,2.0745
0.075950000955,2.10575
0.075960000955,2.0745
0.075970000955,2.10575
0.075980000955,2.10575
0.075990000955,2.0745
0.076000000955,2.10575
0.076010000955,2.137
0.076020000955,2.10575
0.076030000955,2.10575
0.076040000955,2.10575
0.076050000955,2.137
0.076060000955,2.137
0.076070000955,2.137
0.076080000955,2.0745
0.076090000955,2.137
0.076100000955,2.10575
0.076110000955,2.0745
0.076120000955,2.137
0.076130000955,2.0745
0.076140000955,2.10575
0.076150000955,2.0745
0.076160000955,2.10575
0.076170000955,2.137
0.076180000955,2.137
0.076190000955,2.10575
0.076200000955,2.10575
0.076210000955,2.137
0.076220000955,2.137
0.076230000955,2.0745
0.076240000955,2.10575
0.076250000955,2.10575
0.076260000955,2.10575
0.076270000955,2.137
0.076280000955,2.10575
0.076290000955,2.137
0.076300000955,2.10575
0.076310000955,2.0745
0.076320000955,2.0745
0.076330000955,2.10575
0.076340000955,2.10575
0.076350000955,2.10575
0.076360000955,2.10575
0.076370000955,2.137
0.076380000955,2.0745
0.076390000955,2.10575
0.076400000955,2.10575
0.076410000955,2.137
0.076420000955,2.137
0.076430000955,2.10575
0.076440000955,2.10575
0.076450000955,2.10575
0.076460000955,2.137
0.076470000955,2.10575
0.076480000955,2.10575
0.076490000955,2.137
0.076500000955,2.10575
0.076510000955,2.10575
0.076520000955,2.137
0.076530000955,2.10575
0.076540000955,2.10575
0.076550000955,2.10575
0.076560000955,2.137
0.076570000955,2.16825
0.076580000955,2.10575
0.076590000955,2.10575
0.076600000955,2.137
0.076610000955,2.10575
0.076620000955,2.10575
0.076630000955,2.10575
0.076640000955,2.10575
0.076650000955,2.10575
0.076660000955,2.10575
0.076670000955,2.10575
0.076680000955,2.137
0.076690000955,2.10575
0.076700000955,2.137
0.076710000955,2.10575
0.076720000955,2.10575
0.076730000955,2.137
0.076740000955,2.0745
0.076750000955,2.137
0.076760000955,2.137
0.076770000955,2.0745
0.076780000955,2.0745
0.076790000955,2.137
0.076800000955,2.10575
0.076810000955,2.10575
0.076820000955,2.10575
0.076830000955,2.10575
0.076840000955,2.137
0.076850000955,2.10575
0.076860000955,2.10575
0.076870000955,2.137
0.076880000955,2.0745
0.076890000955,2.10575
0.076900000955,2.137
0.076910000955,2.10575
0.076920000955,2.10575
0.076930000955,2.10575
0.076940000955,2.137
0.076950000955,2.10575
0.076960000955,2.137
0.076970000955,2.10575
0.076980000955,2.10575
0.076990000955,2.10575
0.077000000955,2.0745
0.077010000955,2.10575
0.077020000955,2.10575
0.077030000955,2.137
0.077040000955,2.137
0.077050000955,2.0745
0.077060000955,2.137
0.077070000955,2.137
0.077080000955,2.137
0.077090000955,2.10575
0.077100000955,2.137
0.077110000955,2.16825
0.077120000955,2.137
0.077130000955,2.10575
0.077140000955,2.137
0.077150000955,2.10575
0.077160000955,2.137
0.077170000955,2.10575
0.077180000955,2.10575
0.077190000955,2.137
0.077200000955,2.10575
0.077210000955,2.10575
0.077220000955,2.10575
0.077230000955,2.10575
0.077240000955,2.10575
0.077250000955,2.10575
0.077260000955,2.10575
0.077270000955,2.10575
0.077280000955,2.137
0.077290000955,2.0745
0.077300000955,2.10575
0.077310000955,2.137
0.077320000955,2.10575
0.077330000955,2.137
0.077340000955,2.10575
0.077350000955,2.10575
0.077360000955,2.0745
0.077370000955,2.137
0.077380000955,2.10575
0.077390000955,2.137
0.077400000955,2.137
0.077410000955,2.137
0.077420000955,2.10575
0.077430000955,2.10575
0.077440000955,2.10575
0.077450000955,2.10575
0.077460000955,2.10575
0.077470000955,2.10575
0.077480000955,2.10575
0.077490000955,2.137
0.077500000955,2.10575
0.077510000955,2.137
0.077520000955,2.137
0.077530000955,2.16825
0.077540000955,2.10575
0.077550000955,2.137
0.077560000955,2.137
0.077570000955,2.10575
0.077580000955,2.10575
0.077590000955,2.10575
0.077600000955,2.137
0.077610000955,2.137
0.077620000955,2.137
0.077630000955,2.137
0.077640000955,2.137
0.077650000955,2.10575
0.077660000955,2.137
0.077670000955,2.16825
0.077680000955,2.137
0.077690000955,2.137
0.077700000955,2.10575
0.077710000955,2.10575
0.077720000955,2.137
0.077730000955,2.10575
0.077740000955,2.10575
0.077750000955,2.137
0.077760000955,2.10575
0.077770000955,2.10575
0.077780000955,2.10575
0.077790000955,2.10575
0.077800000955,2.10575
0.077810000955,2.10575
0.077820000955,2.10575
0.077830000955,2.137
0.077840000955,2.137
0.077850000955,2.10575
0.077860000955,2.10575
0.077870000955,2.137
0.077880000955,2.137
0.077890000955,2.137
0.077900000955,2.16825
0.077910000955,2.137
0.077920000955,2.10575
0.077930000955,2.10575
0.077940000955,2.10575
0.077950000955,2.16825
0.077960000955,2.137
0.077970000955,2.137
0.077980000955,2.10575
0.077990000955,2.137
0.078000000955,2.10575
0.078010000955,2.137
0.078020000955,2.10575
0.078030000955,2.137
0.078040000955,2.10575
0.078050000955,2.10575
0.078060000955,2.137
0.078070000955,2.10575
0.078080000955,2.10575
0.078090000955,2.10575
0.078100000955,2.137
0.078110000955,2.10575
0.078120000955,2.10575
0.078130000955,2.10575
0.078140000955,2.10575
0.078150000955,2.10575
0.078160000955,2.137
0.078170000955,2.10575
0.078180000955,2.10575
0.078190000955,2.10575
0.078200000955,2.137
0.078210000955,2.10575
0.078220000955,2.10575
0.078230000955,2.137
0.078240000955,2.0745
0.078250000955,2.10575
0.078260000955,2.10575
0.078270000955,2.10575
0.078280000955,2.0745
0.078290000955,2.137
0.078300000955,2.10575
0.078310000955,2.0745
0.078320000955,2.10575
0.078330000955,2.0745
0.078340000955,2.137
0.078350000955,2.10575
0.078360000955,2.137
0.078370000955,2.137
0.078380000955,2.0745
0.078390000955,2.10575
0.078400000955,2.137
0.078410000955,2.137
0.078420000955,2.10575
0.078430000955,2.10575
0.078440000955,2.137
0.078450000955,2.10575
0.078460000955,2.137
0.078470000955,2.137
0.078480000955,2.137
0.078490000955,2.137
0.078500000955,2.10575
0.078510000955,2.0745
0.078520000955,2.10575
0.078530000955,2.137
0.078540000955,2.137
0.078550000955,2.16825
0.078560000955,2.137
0.078570000955,2.10575
0.078580000955,2.137
0.078590000955,2.10575
0.078600000955,2.10575
0.078610000955,2.10575
0.078620000955,2.10575
0.078630000955,2.10575
0.078640000955,2.0745
0.078650000955,2.10575
0.078660000955,2.137
0.078670000955,2.137
0.078680000955,2.137
0.078690000955,2.137
0.078700000955,2.10575
0.078710000955,2.137
0.078720000955,2.10575
0.078730000955,2.10575
0.078740000955,2.10575
0.078750000955,2.10575
0.078760000955,2.10575
0.078770000955,2.137
0.078780000955,2.0745
0.078790000955,2.137
0.078800000955,2.10575
0.078810000955,2.137
0.078820000955,2.10575
0.078830000955,2.10575
0.078840000955,2.137
0.078850000955,2.10575
0.078860000955,2.137
0.078870000955,2.10575
0.078880000955,2.16825
0.078890000955,2.10575
0.078900000955,2.137
0.078910000955,2.10575
0.078920000955,2.10575
0.078930000955,2.16825
0.078940000955,2.10575
0.078950000955,2.10575
0.078960000955,2.137
0.078970000955,2.137
0.078980000955,2.10575
0.078990000955,2.10575
0.079000000955,2.10575
0.079010000955,2.0745
0.079020000955,2.10575
0.079030000955,2.137
0.079040000955,2.10575
0.079050000955,2.137
0.079060000955,2.137
0.079070000955,2.10575
0.079080000955,2.10575
0.079090000955,2.137
0.079100000955,2.10575
0.079110000955,2.10575
0.079120000955,2.10575
0.079130000955,2.10575
0.079140000955,2.137
0.079150000955,2.137
0.079160000955,2.137
0.079170000955,2.10575
0.079180000955,2.10575
0.079190000955,2.10575
0.079200000955,2.137
0.079210000955,2.10575
0.079220000955,2.10575
0.079230000955,2.137
0.079240000955,2.10575
0.079250000955,2.10575
0.079260000955,2.10575
0.079270000955,2.10575
0.079280000955,2.137
0.079290000955,2.137
0.079300000955,2.10575
0.079310000955,2.10575
0.079320000955,2.10575
0.079330000955,2.137
0.079340000955,2.137
0.079350000955,2.10575
0.079360000955,2.137
0.079370000955,2.137
0.079380000955,2.10575
0.079390000955,2.10575
0.079400000955,2.137
0.079410000955,2.0745
0.079420000955,2.0745
0.079430000955,2.0745
0.079440000955,2.137
0.079450000955,2.10575
0.079460000955,2.0745
0.079470000955,2.137
0.079480000955,2.137
0.079490000955,2.0745
0.079500000955,2.137
0.079510000955,2.10575
0.079520000955,2.10575
0.079530000955,2.0745
0.079540000955,2.10575
0.079550000955,2.137
0.079560000955,2.0745
0.079570000955,2.10575
0.079580000955,2.10575
0.079590000955,2.10575
0.079600000955,2.10575
0.079610000955,2.10575
0.079620000955,2.10575
0.079630000955,2.10575
0.079640000955,2.10575
0.079650000955,2.0745
0.079660000955,2.137
0.079670000955,2.10575
0.079680000955,2.10575
0.079690000955,2.10575
0.079700000955,2.137
0.079710000955,2.137
0.079720000955,2.10575
0.079730000955,2.10575
0.079740000955,2.137
0.079750000955,2.10575
0.079760000955,2.0745
0.079770000955,2.137
0.079780000955,2.137
0.079790000955,2.10575
0.079800000955,2.10575
0.079810000955,2.10575
0.079820000955,2.137
0.079830000955,2.137
0.079840000955,2.137
0.079850000955,2.137
0.079860000955,2.137
0.079870000955,2.10575
0.079880000955,2.137
0.079890000955,2.10575
0.079900000955,2.10575
0.079910000955,2.137
0.079920000955,2.10575
0.079930000955,2.137
0.079940000955,2.137
0.079950000955,2.137
0.079960000955,2.10575
0.079970000955,2.137
0.079980000955,2.10575
0.079990000955,2.10575
0.080000000955,2.137
0.080010000955,2.10575
0.080020000955,2.10575
0.080030000955,2.10575
0.080040000955,2.10575
0.080050000955,2.10575
0.080060000955,2.10575
0.080070000955,2.16825
0.080080000955,2.137
0.080090000955,2.10575
0.080100000955,2.137
0.080110000955,2.10575
0.080120000955,2.16825
0.080130000955,2.137
0.080140000955,2.137
0.080150000955,2.137
0.080160000955,2.10575
0.080170000955,2.137
0.080180000955,2.10575
0.080190000955,2.137
0.080200000955,2.137
0.080210000955,2.137
0.080220000955,2.10575
0.080230000955,2.10575
0.080240000955,2.10575
0.080250000955,2.0745
0.080260000955,2.137
0.080270000955,2.10575
0.080280000955,2.10575
0.080290000955,2.137
0.080300000955,2.10575
0.080310000955,2.137
0.080320000955,2.10575
0.080330000955,2.10575
0.080340000955,2.137
0.080350000955,2.10575
0.080360000955,2.137
0.080370000955,2.10575
0.080380000955,2.137
0.080390000955,2.10575
0.080400000955,2.10575
0.080410000955,2.137
0.080420000955,2.137
0.080430000955,2.10575
0.080440000955,2.137
0.080450000955,2.10575
0.080460000955,2.137
0.080470000955,2.10575
0.080480000955,2.10575
0.080490000955,2.10575
0.080500000955,2.137
0.080510000955,2.137
0.080520000955,2.137
0.080530000955,2.137
0.080540000955,2.10575
0.080550000955,2.10575
0.080560000955,2.137
0.080570000955,2.137
0.080580000955,2.10575
0.080590000955,2.137
0.080600000955,2.10575
0.080610000955,2.16825
0.080620000955,2.137
0.080630000955,2.137
0.080640000955,2.10575
0.080650000955,2.137
0.080660000955,2.137
0.080670000955,2.10575
0.080680000955,2.137
0.080690000955,2.137
0.080700000955,2.16825
0.080710000955,2.137
0.080720000955,2.10575
0.080730000955,2.10575
0.080740000955,2.10575
0.080750000955,2.10575
0.080760000955,2.10575
0.080770000955,2.137
0.080780000955,2.137
0.080790000955,2.137
0.080800000955,2.10575
0.080810000955,2.10575
0.080820000955,2.10575
0.080830000955,2.10575
0.080840000955,2.10575
0.080850000955,2.137
0.080860000955,2.10575
0.080870000955,2.10575
0.080880000955,2.137
0.080890000955,2.137
0.080900000955,2.10575
0.080910000955,2.10575
0.080920000955,2.16825
0.080930000955,2.137
0.080940000955,2.10575
0.080950000955,2.0745
0.080960000955,2.137
0.080970000955,2.137
0.080980000955,2.10575
0.080990000955,2.10575
0.081000000955,2.10575
0.081010000955,2.137
0.081020000955,2.10575
0.081030000955,2.10575
0.081040000955,2.10575
0.081050000955,2.10575
0.081060000955,2.137
0.081070000955,2.137
0.081080000955,2.137
0.081090000955,2.137
0.081100000955,2.10575
0.081110000955,2.10575
0.081120000955,2.10575
0.081130000955,2.10575
0.081140000955,2.10575
0.081150000955,2.10575
0.081160000955,2.137
0.081170000955,2.10575
0.081180000955,2.137
0.081190000955,2.137
0.081200000955,2.137
0.081210000955,2.10575
0.081220000955,2.0745
0.081230000955,2.137
0.081240000955,2.10575
0.081250000955,2.10575
0.081260000955,2.137
0.081270000955,2.137
0.081280000955,2.10575
0.081290000955,2.0745
0.081300000955,2.10575
0.081310000955,2.137
0.081320000955,2.10575
0.081330000955,2.10575
0.081340000955,2.10575
0.081350000955,2.137
0.081360000955,2.137
0.081370000955,2.10575
0.081380000955,2.137
0.081390000955,2.04325
0.081400000955,2.137
0.081410000955,2.137
0.081420000955,2.137
0.081430000955,2.10575
0.081440000955,2.10575
0.081450000955,2.0745
0.081460000955,2.10575
0.081470000955,2.10575
0.081480000955,2.10575
0.081490000955,2.10575
0.081500000955,2.10575
0.081510000955,2.10575
0.081520000955,2.137
0.081530000955,2.137
0.081540000955,2.10575
0.081550000955,2.137
0.081560000955,2.10575
0.081570000955,2.10575
0.081580000955,2.16825
0.081590000955,2.137
0.081600000955,2.137
0.081610000955,2.10575
0.081620000955,2.137
0.081630000955,2.10575
0.081640000955,2.16825
0.081650000955,2.10575
0.081660000955,2.10575
0.081670000955,2.10575
0.081680000955,2.137
0.081690000955,2.137
0.081700000955,2.137
0.081710000955,2.137
0.081720000955,2.137
0.081730000955,2.10575
0.081740000955,2.137
0.081750000955,2.10575
0.081760000955,2.137
0.081770000955,2.137
0.081780000955,2.137
0.081790000955,2.10575
0.081800000955,2.137
0.081810000955,2.137
0.081820000955,2.10575
0.081830000955,2.137
0.081840000955,2.137
0.081850000955,2.10575
0.081860000955,2.137
0.081870000955,2.16825
0.081880000955,2.10575
0.081890000955,2.0745
0.081900000955,2.137
0.081910000955,2.10575
0.081920000955,2.10575
0.081930000955,2.137
0.081940000955,2.16825
0.081950000955,2.137
0.081960000955,2.10575
0.081970000955,2.137
0.081980000955,2.10575
0.081990000955,2.16825
0.082000000955,2.137
0.082010000955,2.10575
0.082020000955,2.137
0.082030000955,2.137
0.082040000955,2.10575
0.082050000955,2.137
0.082060000955,2.137
0.082070000955,2.16825
0.082080000955,2.137
0.082090000955,2.16825
0.082100000955,2.10575
0.082110000955,2.10575
0.082120000955,2.137
0.082130000955,2.10575
0.082140000955,2.10575
0.082150000955,2.10575
0.082160000955,2.137
0.082170000955,2.137
0.082180000955,2.10575
0.082190000955,2.10575
0.082200000955,2.10575
0.082210000955,2.0745
0.082220000955,2.10575
0.082230000955,2.0745
0.082240000955,2.137
0.082250000955,2.137
0.082260000955,2.137
0.082270000955,2.10575
0.082280000955,2.10575
0.082290000955,2.10575
0.082300000955,2.137
0.082310000955,2.10575
0.082320000955,2.137
0.082330000955,2.137
0.082340000955,2.10575
0.082350000955,2.10575
0.082360000955,2.137
0.082370000955,2.10575
0.082380000955,2.137
0.082390000955,2.137
0.082400000955,2.137
0.082410000955,2.10575
0.082420000955,2.10575
0.082430000955,2.137
0.082440000955,2.16825
0.082450000955,2.10575
0.082460000955,2.137
0.082470000955,2.0745
0.082480000955,2.137
0.082490000955,2.10575
0.082500000955,2.16825
0.082510000955,2.137
0.082520000955,2.137
0.082530000955,2.137
0.082540000955,2.137
0.082550000955,2.137
0.082560000955,2.137
0.082570000955,2.10575
0.082580000955,2.16825
0.082590000955,2.137
0.082600000955,2.137
0.082610000955,2.16825
0.082620000955,2.16825
0.082630000955,2.10575
0.082640000955,2.10575
0.082650000955,2.10575
0.082660000955,2.137
0.082670000955,2.137
0.082680000955,2.10575
0.082690000955,2.137
0.082700000955,2.137
0.082710000955,2.16825
0.082720000955,2.137
0.082730000955,2.137
0.082740000955,2.137
0.082750000955,2.10575
0.082760000955,2.10575
0.082770000955,2.16825
0.082780000955,2.10575
0.082790000955,2.10575
0.082800000955,2.137
0.082810000955,2.137
0.082820000955,2.137
0.082830000955,2.10575
0.082840000955,2.137
0.082850000955,2.137
0.082860000955,2.10575
0.082870000955,2.10575
0.082880000955,2.137
0.082890000955,2.137
0.082900000955,2.137
0.082910000955,2.10575
0.082920000955,2.10575
0.082930000955,2.137
0.082940000955,2.0745
0.082950000955,2.10575
0.082960000955,2.137
0.082970000955,2.137
0.082980000955,2.16825
0.082990000955,2.10575
0.083000000955,2.10575
0.083010000955,2.137
0.083020000955,2.10575
0.083030000955,2.10575
0.083040000955,2.16825
0.083050000955,2.10575
0.083060000955,2.10575
0.083070000955,2.10575
0.083080000955,2.10575
0.083090000955,2.137
0.083100000955,2.10575
0.083110000955,2.137
0.083120000955,2.137
0.083130000955,2.137
0.083140000955,2.1995
0.083150000955,2.10575
0.083160000955,2.137
0.083170000955,2.137
0.083180000955,2.137
0.083190000955,2.137
0.083200000955,2.137
0.083210000955,2.137
0.083220000955,2.137
0.083230000955,2.137
0.083240000955,2.137
0.083250000955,2.16825
0.083260000955,2.10575
0.083270000955,2.10575
0.083280000955,2.137
0.083290000955,2.137
0.083300000955,2.16825
0.083310000955,2.10575
0.083320000955,2.10575
0.083330000955,2.137
0.083340000955,2.137
0.083350000955,2.10575
0.083360000955,2.137
0.083370000955,2.10575
0.083380000955,2.137
0.083390000955,2.137
0.083400000955,2.137
0.083410000955,2.10575
0.083420000955,2.137
0.083430000955,2.137
0.083440000955,2.10575
0.083450000955,2.10575
0.083460000955,2.10575
0.083470000955,2.137
0.083480000955,2.137
0.083490000955,2.137
0.083500000955,2.10575
0.083510000955,2.137
0.083520000955,2.137
0.083530000955,2.137
0.083540000955,2.137
0.083550000955,2.137
0.083560000955,2.137
0.083570000955,2.137
0.083580000955,2.137
0.083590000955,2.137
0.083600000955,2.137
0.083610000955,2.10575
0.083620000955,2.137
0.083630000955,2.0745
0.083640000955,2.137
0.083650000955,2.16825
0.083660000955,2.0745
0.083670000955,2.137
0.083680000955,2.10575
0.083690000955,2.10575
0.083700000955,2.137
0.083710000955,2.137
0.083720000955,2.10575
0.083730000955,2.137
0.083740000955,2.137
0.083750000955,2.137
0.083760000955,2.137
0.083770000955,2.10575
0.083780000955,2.16825
0.083790000955,2.137
0.083800000955,2.10575
0.083810000955,2.10575
0.083820000955,2.137
0.083830000955,2.10575
0.083840000955,2.137
0.083850000955,2.10575
0.083860000955,2.137
0.083870000955,2.10575
0.083880000955,2.137
0.083890000955,2.137
0.083900000955,2.10575
0.083910000955,2.10575
0.083920000955,2.10575
0.083930000955,2.137
0.083940000955,2.137
0.083950000955,2.10575
0.083960000955,2.10575
0.083970000955,2.137
0.083980000955,2.10575
0.083990000955,2.137
0.084000000955,2.10575
0.084010000955,2.137
0.084020000955,2.137
0.084030000955,2.10575
0.084040000955,2.137
0.084050000955,2.10575
0.084060000955,2.137
0.084070000955,2.137
0.084080000955,2.137
0.084090000955,2.10575
0.084100000955,2.137
0.084110000955,2.137
0.084120000955,2.137
0.084130000955,2.10575
0.084140000955,2.137
0.084150000955,2.137
0.084160000955,2.137
0.084170000955,2.137
0.084180000955,2.137
0.084190000955,2.10575
0.084200000955,2.137
0.084210000955,2.137
0.084220000955,2.137
0.084230000955,2.10575
0.084240000955,2.16825
0.084250000955,2.10575
0.084260000955,2.137
0.084270000955,2.10575
0.084280000955,2.137
0.084290000955,2.137
0.084300000955,2.16825
0.084310000955,2.10575
0.084320000955,2.10575
0.084330000955,2.137
0.084340000955,2.10575
0.084350000955,2.10575
0.084360000955,2.10575
0.084370000955,2.10575
0.084380000955,2.137
0.084390000955,2.137
0.084400000955,2.10575
0.084410000955,2.137
0.084420000955,2.137
0.084430000955,2.10575
0.084440000955,2.10575
0.084450000955,2.10575
0.084460000955,2.10575
0.084470000955,2.137
0.084480000955,2.10575
0.084490000955,2.137
0.084500000955,2.137
0.084510000955,2.137
0.084520000955,2.137
0.084530000955,2.10575
0.084540000955,2.10575
0.084550000955,2.137
0.084560000955,2.137
0.084570000955,2.10575
0.084580000955,2.10575
0.084590000955,2.137
0.084600000955,2.10575
0.084610000955,2.10575
0.084620000955,2.10575
0.084630000955,2.137
0.084640000955,2.10575
0.084650000955,2.137
0.084660000955,2.10575
0.084670000955,2.10575
0.084680000955,2.137
0.084690000955,2.137
0.084700000955,2.137
0.084710000955,2.10575
0.084720000955,2.10575
0.084730000955,2.137
0.084740000955,2.16825
0.084750000955,2.10575
0.084760000955,2.137
0.084770000955,2.137
0.084780000955,2.10575
0.084790000955,2.137
0.084800000955,2.10575
0.084810000955,2.137
0.084820000955,2.137
0.084830000955,2.137
0.084840000955,2.10575
0.084850000955,2.137
0.084860000955,2.137
0.084870000955,2.10575
0.084880000955,2.137
0.084890000955,2.137
0.084900000955,2.137
0.084910000955,2.137
0.084920000955,2.137
0.084930000955,2.137
0.084940000955,2.137
0.084950000955,2.10575
0.084960000955,2.16825
0.084970000955,2.10575
0.084980000955,2.137
0.084990000955,2.137
0.085000000955,2.137
0.085010000955,2.137
0.085020000955,2.10575
0.085030000955,2.137
0.085040000955,2.137
0.085050000955,2.137
0.085060000955,2.16825
0.085070000955,2.137
0.085080000955,2.10575
0.085090000955,2.0745
0.085100000955,2.10575
0.085110000955,2.10575
0.085120000955,2.137
0.085130000955,2.10575
0.085140000955,2.10575
0.085150000955,2.137
0.085160000955,2.10575
0.085170000955,2.137
0.085180000955,2.137
0.085190000955,2.16825
0.085200000955,2.137
0.085210000955,2.137
0.085220000955,2.10575
0.085230000955,2.137
0.085240000955,2.137
0.085250000955,2.137
0.085260000955,2.137
0.085270000955,2.10575
0.085280000955,2.137
0.085290000955,2.10575
0.085300000955,2.10575
0.085310000955,2.10575
0.085320000955,2.137
0.085330000955,2.10575
0.085340000955,2.16825
0.085350000955,2.10575
0.085360000955,2.10575
0.085370000955,2.10575
0.085380000955,2.10575
0.085390000955,2.10575
0.085400000955,2.10575
0.085410000955,2.137
0.085420000955,2.137
0.085430000955,2.16825
0.085440000955,2.10575
0.085450000955,2.137
0.085460000955,2.10575
0.085470000955,2.137
0.085480000955,2.137
0.085490000955,2.10575
0.085500000955,2.137
0.085510000955,2.10575
0.085520000955,2.137
0.085530000955,2.137
0.085540000955,2.10575
0.085550000955,2.137
0.085560000955,2.16825
0.085570000955,2.137
0.085580000955,2.10575
0.085590000955,2.137
0.085600000955,2.10575
0.085610000955,2.10575
0.085620000955,2.137
0.085630000955,2.137
0.085640000955,2.137
0.085650000955,2.137
0.085660000955,2.137
0.085670000955,2.137
0.085680000955,2.137
0.085690000955,2.137
0.085700000955,2.137
0.085710000955,2.10575
0.085720000955,2.10575
0.085730000955,2.137
0.085740000955,2.10575
0.085750000955,2.10575
0.085760000955,2.137
0.085770000955,2.137
0.085780000955,2.10575
0.085790000955,2.16825
0.085800000955,2.10575
0.085810000955,2.137
0.085820000955,2.137
0.085830000955,2.137
0.085840000955,2.137
0.085850000955,2.10575
0.085860000955,2.137
0.085870000955,2.137
0.085880000955,2.10575
0.085890000955,2.10575
0.085900000955,2.10575
0.085910000955,2.137
0.085920000955,2.137
0.085930000955,2.137
0.085940000955,2.137
0.085950000955,2.137
0.085960000955,2.137
0.085970000955,2.137
0.085980000955,2.10575
0.085990000955,2.137
0.086000000955,2.10575
0.086010000955,2.10575
0.086020000955,2.137
0.086030000955,2.10575
0.086040000955,2.137
0.086050000955,2.137
0.086060000955,2.10575
0.086070000955,2.137
0.086080000955,2.10575
0.086090000955,2.137
0.086100000955,2.137
0.086110000955,2.137
0.086120000955,2.0745
0.086130000955,2.10575
0.086140000955,2.10575
0.086150000955,2.137
0.086160000955,2.137
0.086170000955,2.10575
0.086180000955,2.137
0.086190000955,2.137
0.086200000955,2.0745
0.086210000955,2.16825
0.086220000955,2.137
0.086230000955,2.137
0.086240000955,2.137
0.086250000955,2.137
0.086260000955,2.10575
0.086270000955,2.137
0.086280000955,2.10575
0.086290000955,2.10575
0.086300000955,2.10575
0.086310000955,2.137
0.086320000955,2.10575
0.086330000955,2.10575
0.086340000955,2.137
0.086350000955,2.137
0.086360000955,2.137
0.086370000955,2.137
0.086380000955,2.137
0.086390000955,2.10575
0.086400000955,2.137
0.086410000955,2.10575
0.086420000955,2.10575
0.086430000955,2.10575
0.086440000955,2.137
0.086450000955,2.137
0.086460000955,2.10575
0.086470000955,2.16825
0.086480000955,2.10575
0.086490000955,2.137
0.086500000955,2.10575
0.086510000955,2.137
0.086520000955,2.10575
0.086530000955,2.10575
0.086540000955,2.137
0.086550000955,2.10575
0.086560000955,2.137
0.086570000955,2.137
0.086580000955,2.137
0.086590000955,2.137
0.086600000955,2.137
0.086610000955,2.10575
0.086620000955,2.137
0.086630000955,2.10575
0.086640000955,2.10575
0.086650000955,2.10575
0.086660000955,2.137
0.086670000955,2.10575
0.086680000955,2.10575
0.086690000955,2.137
0.086700000955,2.137
0.086710000955,2.137
0.086720000955,2.10575
0.086730000955,2.137
0.086740000955,2.137
0.086750000955,2.137
0.086760000955,2.137
0.086770000955,2.10575
0.086780000955,2.137
0.086790000955,2.10575
0.086800000955,2.10575
0.086810000955,2.10575
0.086820000955,2.10575
0.086830000955,2.137
0.086840000955,2.10575
0.086850000955,2.10575
0.086860000955,2.137
0.086870000955,2.137
0.086880000955,2.137
0.086890000955,2.137
0.086900000955,2.137
0.086910000955,2.137
0.086920000955,2.10575
0.086930000955,2.10575
0.086940000955,2.10575
0.086950000955,2.10575
0.086960000955,2.137
0.086970000955,2.10575
0.086980000955,2.16825
0.086990000955,2.137
0.087000000955,2.10575
0.087010000955,2.137
0.087020000955,2.137
0.087030000955,2.10575
0.087040000955,2.16825
0.087050000955,2.137
0.087060000955,2.16825
0.087070000955,2.10575
0.087080000955,2.137
0.087090000955,2.10575
0.087100000955,2.16825
0.087110000955,2.137
0.087120000955,2.10575
0.087130000955,2.137
0.087140000955,2.137
0.087150000955,2.137
0.087160000955,2.16825
0.087170000955,2.137
0.087180000955,2.137
0.087190000955,2.137
0.087200000955,2.10575
0.087210000955,2.137
0.087220000955,2.137
0.087230000955,2.10575
0.087240000955,2.137
0.087250000955,2.137
0.087260000955,2.137
0.087270000955,2.137
0.087280000955,2.137
0.087290000955,2.137
0.087300000955,2.10575
0.087310000955,2.137
0.087320000955,2.10575
0.087330000955,2.137
0.087340000955,2.10575
0.087350000955,2.137
0.087360000955,2.10575
0.087370000955,2.137
0.087380000955,2.10575
0.087390000955,2.10575
0.087400000955,2.10575
0.087410000955,2.137
0.087420000955,2.137
0.087430000955,2.137
0.087440000955,2.10575
0.087450000955,2.137
0.087460000955,2.137
0.087470000955,2.137
0.087480000955,2.10575
0.087490000955,2.137
0.087500000955,2.137
0.087510000955,2.137
0.087520000955,2.137
0.087530000955,2.16825
0.087540000955,2.137
0.087550000955,2.10575
0.087560000955,2.137
0.087570000955,2.137
0.087580000955,2.10575
0.087590000955,2.137
0.087600000955,2.10575
0.087610000955,2.137
0.087620000955,2.137
0.087630000955,2.137
0.087640000955,2.137
0.087650000955,2.137
0.087660000955,2.16825
0.087670000955,2.16825
0.087680000955,2.137
0.087690000955,2.137
0.087700000955,2.10575
0.087710000955,2.10575
0.087720000955,2.16825
0.087730000955,2.10575
0.087740000955,2.137
0.087750000955,2.137
0.087760000955,2.10575
0.087770000955,2.137
0.087780000955,2.10575
0.087790000955,2.0745
0.087800000955,2.10575
0.087810000955,2.137
0.087820000955,2.10575
0.087830000955,2.10575
0.087840000955,2.137
0.087850000955,2.10575
0.087860000955,2.137
0.087870000955,2.10575
0.087880000955,2.10575
0.087890000955,2.137
0.087900000955,2.137
0.087910000955,2.10575
0.087920000955,2.10575
0.087930000955,2.137
0.087940000955,2.137
0.087950000955,2.10575
0.087960000955,2.137
0.087970000955,2.10575
0.087980000955,2.10575
0.087990000955,2.10575
0.088000000955,2.137
0.088010000955,2.137
0.088020000955,2.10575
0.088030000955,2.137
0.088040000955,2.10575
0.088050000955,2.137
0.088060000955,2.137
0.088070000955,2.10575
0.088080000955,2.137
0.088090000955,2.10575
0.088100000955,2.137
0.088110000955,2.137
0.088120000955,2.137
0.088130000955,2.10575
0.088140000955,2.137
0.088150000955,2.10575
0.088160000955,2.10575
0.088170000955,2.10575
0.088180000955,2.137
0.088190000955,2.137
0.088200000955,2.137
0.088210000955,2.137
0.088220000955,2.137
0.088230000955,2.10575
0.088240000955,2.10575
0.088250000955,2.137
0.088260000955,2.137
0.088270000955,2.10575
0.088280000955,2.16825
0.088290000955,2.16825
0.088300000955,2.10575
0.088310000955,2.137
0.088320000955,2.16825
0.088330000955,2.137
0.088340000955,2.10575
0.088350000955,2.10575
0.088360000955,2.137
0.088370000955,2.10575
0.088380000955,2.137
0.088390000955,2.137
0.088400000955,2.10575
0.088410000955,2.137
0.088420000955,2.16825
0.088430000955,2.137
0.088440000955,2.16825
0.088450000955,2.16825
0.088460000955,2.137
0.088470000955,2.10575
0.088480000955,2.10575
0.088490000955,2.10575
0.088500000955,2.137
0.088510000955,2.137
0.088520000955,2.137
0.088530000955,2.10575
0.088540000955,2.10575
0.088550000955,2.137
0.088560000955,2.10575
0.088570000955,2.137
0.088580000955,2.10575
0.088590000955,2.16825
0.088600000955,2.137
0.088610000955,2.16825
0.088620000955,2.137
0.088630000955,2.10575
0.088640000955,2.137
0.088650000955,2.10575
0.088660000955,2.137
0.088670000955,2.137
0.088680000955,2.10575
0.088690000955,2.137
0.088700000955,2.137
0.088710000955,2.10575
0.088720000955,2.137
0.088730000955,2.137
0.088740000955,2.137
0.088750000955,2.10575
0.088760000955,2.10575
0.088770000955,2.137
0.088780000955,2.137
0.088790000955,2.10575
0.088800000955,2.10575
0.088810000955,2.10575
0.088820000955,2.10575
0.088830000955,2.137
0.088840000955,2.16825
0.088850000955,2.16825
0.088860000955,2.137
0.088870000955,2.137
0.088880000955,2.137
0.088890000955,2.137
0.088900000955,2.137
0.088910000955,2.137
0.088920000955,2.10575
0.088930000955,2.10575
0.088940000955,2.137
0.088950000955,2.10575
0.088960000955,2.10575
0.088970000955,2.137
0.088980000955,2.137
0.088990000955,2.10575
0.089000000955,2.16825
0.089010000955,2.16825
0.089020000955,2.137
0.089030000955,2.10575
0.089040000955,2.137
0.089050000955,2.137
0.089060000955,2.16825
0.089070000955,2.137
0.089080000955,2.137
0.089090000955,2.137
0.089100000955,2.137
0.089110000955,2.137
0.089120000955,2.137
0.089130000955,2.10575
0.089140000955,2.137
0.089150000955,2.137
0.089160000955,2.137
0.089170000955,2.10575
0.089180000955,2.137
0.089190000955,2.10575
0.089200000955,2.137
0.089210000955,2.137
0.089220000955,2.10575
0.089230000955,2.16825
0.089240000955,2.137
0.089250000955,2.10575
0.089260000955,2.137
0.089270000955,2.16825
0.089280000955,2.137
0.089290000955,2.10575
0.089300000955,2.137
0.089310000955,2.137
0.089320000955,2.10575
0.089330000955,2.137
0.089340000955,2.137
0.089350000955,2.137
0.089360000955,2.137
0.089370000955,2.10575
0.089380000955,2.137
0.089390000955,2.10575
0.089400000955,2.137
0.089410000955,2.137
0.089420000955,2.137
0.089430000955,2.10575
0.089440000955,2.16825
0.089450000955,2.137
0.089460000955,2.137
0.089470000955,2.137
0.089480000955,2.10575
0.089490000955,2.137
0.089500000955,2.137
0.089510000955,2.137
0.089520000955,2.10575
0.089530000955,2.10575
0.089540000955,2.137
0.089550000955,2.137
0.089560000955,2.16825
0.089570000955,2.137
0.089580000955,2.137
0.089590000955,2.137
0.089600000955,2.137
0.089610000955,2.137
0.089620000955,2.10575
0.089630000955,2.137
0.089640000955,2.137
0.089650000955,2.137
0.089660000955,2.137
0.089670000955,2.137
0.089680000955,2.137
0.089690000955,2.10575
0.089700000955,2.10575
0.089710000955,2.10575
0.089720000955,2.10575
0.089730000955,2.137
0.089740000955,2.137
0.089750000955,2.137
0.089760000955,2.137
0.089770000955,2.137
0.089780000955,2.10575
0.089790000955,2.10575
0.089800000955,2.137
0.089810000955,2.137
0.089820000955,2.137
0.089830000955,2.10575
0.089840000955,2.137
0.089850000955,2.16825
0.089860000955,2.137
0.089870000955,2.137
0.089880000955,2.137
0.089890000955,2.137
0.089900000955,2.137
0.089910000955,2.137
0.089920000955,2.10575
0.089930000955,2.137
0.089940000955,2.137
0.089950000955,2.137
0.089960000955,2.16825
0.089970000955,2.137
0.089980000955,2.137
0.089990000955,2.137
0.090000000955,2.10575
0.090010000955,2.137
0.090020000955,2.137
0.090030000955,2.137
0.090040000955,2.10575
0.090050000955,2.137
0.090060000955,2.10575
0.090070000955,2.10575
0.090080000955,2.10575
0.090090000955,2.137
0.090100000955,2.16825
0.090110000955,2.137
0.090120000955,2.137
0.090130000955,2.10575
0.090140000955,2.16825
0.090150000955,2.16825
0.090160000955,2.137
0.090170000955,2.137
0.090180000955,2.137
0.090190000955,2.137
0.090200000955,2.137
0.090210000955,2.137
0.090220000955,2.137
0.090230000955,2.10575
0.090240000955,2.137
0.090250000955,2.10575
0.090260000955,2.10575
0.090270000955,2.137
0.090280000955,2.16825
0.090290000955,2.16825
0.090300000955,2.137
0.090310000955,2.137
0.090320000955,2.137
0.090330000955,2.10575
0.090340000955,2.10575
0.090350000955,2.137
0.090360000955,2.10575
0.090370000955,2.137
0.090380000955,2.10575
0.090390000955,2.137
0.090400000955,2.10575
0.090410000955,2.137
0.090420000955,2.10575
0.090430000955,2.137
0.090440000955,2.10575
0.090450000955,2.137
0.090460000955,2.10575
0.090470000955,2.137
0.090480000955,2.137
0.090490000955,2.137
0.090500000955,2.16825
0.090510000955,2.137
0.090520000955,2.16825
0.090530000955,2.10575
0.090540000955,2.10575
0.090550000955,2.137
0.090560000955,2.137
0.090570000955,2.137
0.090580000955,2.16825
0.090590000955,2.16825
0.090600000955,2.137
0.090610000955,2.137
0.090620000955,2.137
0.090630000955,2.137
0.090640000955,2.10575
0.090650000955,2.137
0.090660000955,2.137
0.090670000955,2.10575
0.090680000955,2.137
0.090690000955,2.137
0.090700000955,2.10575
0.090710000955,2.137
0.090720000955,2.10575
0.090730000955,2.10575
0.090740000955,2.16825
0.090750000955,2.137
0.090760000955,2.137
0.090770000955,2.10575
0.090780000955,2.10575
0.090790000955,2.137
0.090800000955,2.10575
0.090810000955,2.137
0.090820000955,2.137
0.090830000955,2.137
0.090840000955,2.137
0.090850000955,2.10575
0.090860000955,2.137
0.090870000955,2.16825
0.090880000955,2.10575
0.090890000955,2.137
0.090900000955,2.137
0.090910000955,2.137
0.090920000955,2.10575
0.090930000955,2.137
0.090940000955,2.16825
0.090950000955,2.16825
0.090960000955,2.10575
0.090970000955,2.10575
0.090980000955,2.137
0.090990000955,2.10575
0.091000000955,2.137
0.091010000955,2.137
0.091020000955,2.137
0.091030000955,2.137
0.091040000955,2.137
0.091050000955,2.10575
0.091060000955,2.137
0.091070000955,2.137
0.091080000955,2.137
0.091090000955,2.137
0.091100000955,2.137
0.091110000955,2.16825
0.091120000955,2.10575
0.091130000955,2.137
0.091140000955,2.10575
0.091150000955,2.137
0.091160000955,2.137
0.091170000955,2.16825
0.091180000955,2.137
0.091190000955,2.137
0.091200000955,2.137
0.091210000955,2.10575
0.091220000955,2.10575
0.091230000955,2.137
0.091240000955,2.16825
0.091250000955,2.137
0.091260000955,2.137
0.091270000955,2.137
0.091280000955,2.10575
0.091290000955,2.137
0.091300000955,2.10575
0.091310000955,2.137
0.091320000955,2.137
0.091330000955,2.137
0.091340000955,2.10575
0.091350000955,2.137
0.091360000955,2.10575
0.091370000955,2.10575
0.091380000955,2.10575
0.091390000955,2.137
0.091400000955,2.137
0.091410000955,2.16825
0.091420000955,2.10575
0.091430000955,2.137
0.091440000955,2.10575
0.091450000955,2.137
0.091460000955,2.10575
0.091470000955,2.16825
0.091480000955,2.137
0.091490000955,2.137
0.091500000955,2.10575
0.091510000955,2.10575
0.091520000955,2.137
0.091530000955,2.137
0.091540000955,2.137
0.091550000955,2.10575
0.091560000955,2.10575
0.091570000955,2.10575
0.091580000955,2.137
0.091590000955,2.10575
0.091600000955,2.0745
0.091610000955,2.16825
0.091620000955,2.137
0.091630000955,2.16825
0.091640000955,2.137
0.091650000955,2.137
0.091660000955,2.137
0.091670000955,2.137
0.091680000955,2.137
0.091690000955,2.137
0.091700000955,2.10575
0.091710000955,2.10575
0.091720000955,2.137
0.091730000955,2.137
0.091740000955,2.137
0.091750000955,2.137
0.091760000955,2.137
0.091770000955,2.10575
0.091780000955,2.10575
0.091790000955,2.137
0.091800000955,2.137
0.091810000955,2.137
0.091820000955,2.10575
0.091830000955,2.137
0.091840000955,2.10575
0.091850000955,2.137
0.091860000955,2.16825
0.091870000955,2.137
0.091880000955,2.16825
0.091890000955,2.137
0.091900000955,2.10575
0.091910000955,2.10575
0.091920000955,2.137
0.091930000955,2.10575
0.091940000955,2.0745
0.091950000955,2.16825
0.091960000955,2.16825
0.091970000955,2.10575
0.091980000955,2.137
0.091990000955,2.137
0.092000000955,2.10575
0.092010000955,2.137
0.092020000955,2.137
0.092030000955,2.10575
0.092040000955,2.0745
0.092050000955,2.10575
0.092060000955,2.10575
0.092070000955,2.137
0.092080000955,2.10575
0.092090000955,2.10575
0.092100000955,2.137
0.092110000955,2.137
0.092120000955,2.137
0.092130000955,2.16825
0.092140000955,2.137
0.092150000955,2.16825
0.092160000955,2.137
0.092170000955,2.10575
0.092180000955,2.137
0.092190000955,2.137
0.092200000955,2.10575
0.092210000955,2.137
0.092220000955,2.137
0.092230000955,2.137
0.092240000955,2.10575
0.092250000955,2.137
0.092260000955,2.10575
0.092270000955,2.137
0.092280000955,2.10575
0.092290000955,2.137
0.092300000955,2.137
0.092310000955,2.10575
0.092320000955,2.137
0.092330000955,2.137
0.092340000955,2.137
0.092350000955,2.10575
0.092360000955,2.137
0.092370000955,2.137
0.092380000955,2.10575
0.092390000955,2.137
0.092400000955,2.137
0.092410000955,2.16825
0.092420000955,2.10575
0.092430000955,2.10575
0.092440000955,2.137
0.092450000955,2.16825
0.092460000955,2.137
0.092470000955,2.137
0.092480000955,2.137
0.092490000955,2.10575
0.092500000955,2.10575
0.092510000955,2.137
0.092520000955,2.137
0.092530000955,2.137
0.092540000955,2.137
0.092550000955,2.137
0.092560000955,2.10575
0.092570000955,2.10575
0.092580000955,2.137
0.092590000955,2.10575
0.092600000955,2.137
0.092610000955,2.10575
0.092620000955,2.16825
0.092630000955,2.137
0.092640000955,2.137
0.092650000955,2.137
0.092660000955,2.16825
0.092670000955,2.137
0.092680000955,2.137
0.092690000955,2.10575
0.092700000955,2.10575
0.092710000955,2.10575
0.092720000955,2.137
0.092730000955,2.10575
0.092740000955,2.137
0.092750000955,2.137
0.092760000955,2.137
0.092770000955,2.10575
0.092780000955,2.137
0.092790000955,2.10575
0.092800000955,2.137
0.092810000955,2.137
0.092820000955,2.137
0.092830000955,2.137
0.092840000955,2.137
0.092850000955,2.16825
0.092860000955,2.137
0.092870000955,2.10575
0.092880000955,2.10575
0.092890000955,2.16825
0.092900000955,2.137
0.092910000955,2.137
0.092920000955,2.137
0.092930000955,2.137
0.092940000955,2.137
0.092950000955,2.137
0.092960000955,2.137
0.092970000955,2.10575
0.092980000955,2.137
0.092990000955,2.16825
0.093000000955,2.10575
0.093010000955,2.137
0.093020000955,2.16825
0.093030000955,2.137
0.093040000955,2.10575
0.093050000955,2.137
0.093060000955,2.10575
0.093070000955,2.10575
0.093080000955,2.137
0.093090000955,2.0745
0.093100000955,2.137
0.093110000955,2.137
0.093120000955,2.137
0.093130000955,2.137
0.093140000955,2.10575
0.093150000955,2.16825
0.093160000955,2.10575
0.093170000955,2.137
0.093180000955,2.137
0.093190000955,2.137
0.093200000955,2.137
0.093210000955,2.16825
0.093220000955,2.137
0.093230000955,2.10575
0.093240000955,2.137
0.093250000955,2.10575
0.093260000955,2.10575
0.093270000955,2.137
0.093280000955,2.10575
0.093290000955,2.137
0.093300000955,2.137
0.093310000955,2.137
0.093320000955,2.137
0.093330000955,2.10575
0.093340000955,2.16825
0.093350000955,2.10575
0.093360000955,2.137
0.093370000955,2.137
0.093380000955,2.137
0.093390000955,2.10575
0.093400000955,2.137
0.093410000955,2.137
0.093420000955,2.16825
0.093430000955,2.137
0.093440000955,2.137
0.093450000955,2.16825
0.093460000955,2.10575
0.093470000955,2.10575
0.093480000955,2.16825
0.093490000955,2.137
0.093500000955,2.137
0.093510000955,2.137
0.093520000955,2.137
0.093530000955,2.137
0.093540000955,2.10575
0.093550000955,2.137
0.093560000955,2.137
0.093570000955,2.16825
0.093580000955,2.10575
0.093590000955,2.137
0.093600000955,2.16825
0.093610000955,2.137
0.093620000955,2.137
0.093630000955,2.137
0.093640000955,2.137
0.093650000955,2.137
0.093660000955,2.10575
0.093670000955,2.137
0.093680000955,2.137
0.093690000955,2.137
0.093700000955,2.137
0.093710000955,2.10575
0.093720000955,2.10575
0.093730000955,2.137
0.093740000955,2.137
0.093750000955,2.10575
0.093760000955,2.10575
0.093770000955,2.137
0.093780000955,2.137
0.093790000955,2.10575
0.093800000955,2.137
0.093810000955,2.137
0.093820000955,2.137
0.093830000955,2.10575
0.093840000955,2.137
0.093850000955,2.137
0.093860000955,2.10575
0.093870000955,2.16825
0.093880000955,2.0745
0.093890000955,2.137
0.093900000955,2.137
0.093910000955,2.10575
0.093920000955,2.137
0.093930000955,2.137
0.093940000955,2.137
0.093950000955,2.10575
0.093960000955,2.137
0.093970000955,2.10575
0.093980000955,2.137
0.093990000955,2.137
0.094000000955,2.10575
0.094010000955,2.137
0.094020000955,2.10575
0.094030000955,2.16825
0.094040000955,2.137
0.094050000955,2.137
0.094060000955,2.10575
0.094070000955,2.137
0.094080000955,2.137
0.094090000955,2.137
0.094100000955,2.137
0.094110000955,2.137
0.094120000955,2.137
0.094130000955,2.137
0.094140000955,2.10575
0.094150000955,2.137
0.094160000955,2.137
0.094170000955,2.137
0.094180000955,2.10575
0.094190000955,2.137
0.094200000955,2.10575
0.094210000955,2.137
0.094220000955,2.137
0.094230000955,2.137
0.094240000955,2.137
0.094250000955,2.137
0.094260000955,2.10575
0.094270000955,2.10575
0.094280000955,2.10575
0.094290000955,2.137
0.094300000955,2.137
0.094310000955,2.137
0.094320000955,2.10575
0.094330000955,2.137
0.094340000955,2.137
0.094350000955,2.137
0.094360000955,2.137
0.094370000955,2.137
0.094380000955,2.10575
0.094390000955,2.16825
0.094400000955,2.137
0.094410000955,2.16825
0.094420000955,2.137
0.094430000955,2.137
0.094440000955,2.16825
0.094450000955,2.10575
0.094460000955,2.16825
0.094470000955,2.137
0.094480000955,2.137
0.094490000955,2.137
0.094500000955,2.137
0.094510000955,2.137
0.094520000955,2.137
0.094530000955,2.137
0.094540000955,2.10575
0.094550000955,2.16825
0.094560000955,2.10575
0.094570000955,2.137
0.094580000955,2.137
0.094590000955,2.137
0.094600000955,2.137
0.094610000955,2.137
0.094620000955,2.137
0.094630000955,2.137
0.094640000955,2.137
0.094650000955,2.10575
0.094660000955,2.16825
0.094670000955,2.16825
0.094680000955,2.137
0.094690000955,2.137
0.094700000955,2.10575
0.094710000955,2.137
0.094720000955,2.137
0.094730000955,2.10575
0.094740000955,2.137
0.094750000955,2.137
0.094760000955,2.137
0.094770000955,2.137
0.094780000955,2.10575
0.094790000955,2.10575
0.094800000955,2.137
0.094810000955,2.137
0.094820000955,2.137
0.094830000955,2.137
0.094840000955,2.0745
0.094850000955,2.10575
0.094860000955,2.137
0.094870000955,2.137
0.094880000955,2.137
0.094890000955,2.10575
0.094900000955,2.10575
0.094910000955,2.137
0.094920000955,2.137
0.094930000955,2.16825
0.094940000955,2.137
0.094950000955,2.10575
0.094960000955,2.137
0.094970000955,2.137
0.094980000955,2.137
0.094990000955,2.16825
0.095000000955,2.137
0.095010000955,2.10575
0.095020000955,2.137
0.095030000955,2.137
0.095040000955,2.137
0.095050000955,2.10575
0.095060000955,2.10575
0.095070000955,2.137
0.095080000955,2.137
0.095090000955,2.137
0.095100000955,2.10575
0.095110000955,2.137
0.095120000955,2.137
0.095130000955,2.137
0.095140000955,2.137
0.095150000955,2.137
0.095160000955,2.137
0.095170000955,2.10575
0.095180000955,2.10575
0.095190000955,2.10575
0.095200000955,2.16825
0.095210000955,2.137
0.095220000955,2.137
0.095230000955,2.137
0.095240000955,2.16825
0.095250000955,2.10575
0.095260000955,2.16825
0.095270000955,2.16825
0.095280000955,2.137
0.095290000955,2.16825
0.095300000955,2.137
0.095310000955,2.10575
0.095320000955,2.137
0.095330000955,2.10575
0.095340000955,2.10575
0.095350000955,2.10575
0.095360000955,2.137
0.095370000955,2.10575
0.095380000955,2.137
0.095390000955,2.137
0.095400000955,2.137
0.095410000955,2.137
0.095420000955,2.10575
0.095430000955,2.10575
0.095440000955,2.137
0.095450000955,2.10575
0.095460000955,2.137
0.095470000955,2.10575
0.095480000955,2.137
0.095490000955,2.137
0.095500000955,2.10575
0.095510000955,2.10575
0.095520000955,2.137
0.095530000955,2.137
0.095540000955,2.137
0.095550000955,2.137
0.095560000955,2.10575
0.095570000955,2.10575
0.095580000955,2.10575
0.095590000955,2.137
0.095600000955,2.0745
0.095610000955,2.137
0.095620000955,2.137
0.095630000955,2.137
0.095640000955,2.16825
0.095650000955,2.10575
0.095660000955,2.137
0.095670000955,2.137
0.095680000955,2.137
0.095690000955,2.137
0.095700000955,2.137
0.095710000955,2.10575
0.095720000955,2.10575
0.095730000955,2.10575
0.095740000955,2.137
0.095750000955,2.137
0.095760000955,2.137
0.095770000955,2.137
0.095780000955,2.10575
0.095790000955,2.137
0.095800000955,2.137
0.095810000955,2.137
0.095820000955,2.10575
0.095830000955,2.137
0.095840000955,2.137
0.095850000955,2.137
0.095860000955,2.137
0.095870000955,2.10575
0.095880000955,2.137
0.095890000955,2.10575
0.095900000955,2.137
0.095910000955,2.137
0.095920000955,2.16825
0.095930000955,2.16825
0.095940000955,2.137
0.095950000955,2.16825
0.095960000955,2.137
0.095970000955,2.137
0.095980000955,2.137
0.095990000955,2.10575
0.096000000955,2.10575
0.096010000955,2.16825
0.096020000955,2.137
0.096030000955,2.10575
0.096040000955,2.10575
0.096050000955,2.137
0.096060000955,2.16825
0.096070000955,2.10575
0.096080000955,2.10575
0.096090000955,2.10575
0.096100000955,2.10575
0.096110000955,2.137
0.096120000955,2.10575
0.096130000955,2.16825
0.096140000955,2.137
0.096150000955,2.137
0.096160000955,2.137
0.096170000955,2.137
0.096180000955,2.137
0.096190000955,2.137
0.096200000955,2.137
0.096210000955,2.137
0.096220000955,2.137
0.096230000955,2.16825
0.096240000955,2.16825
0.096250000955,2.137
0.096260000955,2.137
0.096270000955,2.10575
0.096280000955,2.137
0.096290000955,2.137
0.096300000955,2.10575
0.096310000955,2.137
0.096320000955,2.137
0.096330000955,2.137
0.096340000955,2.16825
0.096350000955,2.137
0.096360000955,2.137
0.096370000955,2.16825
0.096380000955,2.137
0.096390000955,2.10575
0.096400000955,2.10575
0.096410000955,2.137
0.096420000955,2.137
0.096430000955,2.137
0.096440000955,2.16825
0.096450000955,2.16825
0.096460000955,2.10575
0.096470000955,2.137
0.096480000955,2.137
0.096490000955,2.137
0.096500000955,2.137
0.096510000955,2.16825
0.096520000955,2.137
0.096530000955,2.10575
0.096540000955,2.137
0.096550000955,2.16825
0.096560000955,2.137
0.096570000955,2.16825
0.096580000955,2.137
0.096590000955,2.137
0.096600000955,2.137
0.096610000955,2.10575
0.096620000955,2.10575
0.096630000955,2.137
0.096640000955,2.137
0.096650000955,2.137
0.096660000955,2.10575
0.096670000955,2.137
0.096680000955,2.137
0.096690000955,2.137
0.096700000955,2.137
0.096710000955,2.137
0.096720000955,2.16825
0.096730000955,2.137
0.096740000955,2.137
0.096750000955,2.10575
0.096760000955,2.10575
0.096770000955,2.16825
0.096780000955,2.10575
0.096790000955,2.137
0.096800000955,2.16825
0.096810000955,2.137
0.096820000955,2.137
0.096830000955,2.137
0.096840000955,2.137
0.096850000955,2.10575
0.096860000955,2.16825
0.096870000955,2.137
0.096880000955,2.10575
0.096890000955,2.10575
0.096900000955,2.0745
0.096910000955,2.137
0.096920000955,2.10575
0.096930000955,2.16825
0.096940000955,2.137
0.096950000955,2.10575
0.096960000955,2.137
0.096970000955,2.10575
0.096980000955,2.137
0.096990000955,2.137
0.097000000955,2.10575
0.097010000955,2.137
0.097020000955,2.10575
0.097030000955,2.10575
0.097040000955,2.10575
0.097050000955,2.16825
0.097060000955,2.137
0.097070000955,2.16825
0.097080000955,2.137
0.097090000955,2.137
0.097100000955,2.137
0.097110000955,2.10575
0.097120000955,2.137
0.097130000955,2.16825
0.097140000955,2.137
0.097150000955,2.137
0.097160000955,2.137
0.097170000955,2.10575
0.097180000955,2.137
0.097190000955,2.137
0.097200000955,2.137
0.097210000955,2.137
0.097220000955,2.10575
0.097230000955,2.137
0.097240000955,2.137
0.097250000955,2.10575
0.097260000955,2.10575
0.097270000955,2.137
0.097280000955,2.16825
0.097290000955,2.10575
0.097300000955,2.137
0.097310000955,2.10575
0.097320000955,2.137
0.097330000955,2.137
0.097340000955,2.137
0.097350000955,2.137
0.097360000955,2.137
0.097370000955,2.137
0.097380000955,2.137
0.097390000955,2.137
0.097400000955,2.16825
0.097410000955,2.137
0.097420000955,2.137
0.097430000955,2.137
0.097440000955,2.137
0.097450000955,2.137
0.097460000955,2.10575
0.097470000955,2.137
0.097480000955,2.137
0.097490000955,2.137
0.097500000955,2.16825
0.097510000955,2.137
0.097520000955,2.10575
0.097530000955,2.137
0.097540000955,2.16825
0.097550000955,2.10575
0.097560000955,2.16825
0.097570000955,2.137
0.097580000955,2.10575
0.097590000955,2.137
0.097600000955,2.10575
0.097610000955,2.137
0.097620000955,2.10575
0.097630000955,2.137
0.097640000955,2.16825
0.097650000955,2.137
0.097660000955,2.16825
0.097670000955,2.137
0.097680000955,2.16825
0.097690000955,2.137
0.097700000955,2.16825
0.097710000955,2.137
0.097720000955,2.137
0.097730000955,2.137
0.097740000955,2.137
0.097750000955,2.137
0.097760000955,2.137
0.097770000955,2.16825
0.097780000955,2.137
0.097790000955,2.137
0.097800000955,2.16825
0.097810000955,2.137
0.097820000955,2.137
0.097830000955,2.137
0.097840000955,2.137
0.097850000955,2.16825
0.097860000955,2.10575
0.097870000955,2.10575
0.097880000955,2.137
0.097890000955,2.16825
0.097900000955,2.16825
0.097910000955,2.137
0.097920000955,2.137
0.097930000955,2.137
0.097940000955,2.137
0.097950000955,2.16825
0.097960000955,2.16825
0.097970000955,2.16825
0.097980000955,2.10575
0.097990000955,2.10575
0.098000000955,2.137
0.098010000955,2.16825
0.098020000955,2.10575
0.098030000955,2.137
0.098040000955,2.137
0.098050000955,2.137
0.098060000955,2.10575
0.098070000955,2.137
0.098080000955,2.16825
0.098090000955,2.137
0.098100000955,2.10575
0.098110000955,2.137
0.098120000955,2.137
0.098130000955,2.137
0.098140000955,2.10575
0.098150000955,2.137
0.098160000955,2.137
0.098170000955,2.137
0.098180000955,2.16825
0.098190000955,2.0745
0.098200000955,2.137
0.098210000955,2.137
0.098220000955,2.137
0.098230000955,2.16825
0.098240000955,2.137
0.098250000955,2.10575
0.098260000955,2.137
0.098270000955,2.137
0.098280000955,2.0745
0.098290000955,2.137
0.098300000955,2.137
0.098310000955,2.16825
0.098320000955,2.16825
0.098330000955,2.137
0.098340000955,2.137
0.098350000955,2.137
0.098360000955,2.137
0.098370000955,2.137
0.098380000955,2.10575
0.098390000955,2.137
0.098400000955,2.137
0.098410000955,2.137
0.098420000955,2.137
0.098430000955,2.137
0.098440000955,2.137
0.098450000955,2.10575
0.098460000955,2.10575
0.098470000955,2.10575
0.098480000955,2.137
0.098490000955,2.10575
0.098500000955,2.10575
0.098510000955,2.137
0.098520000955,2.137
0.098530000955,2.137
0.098540000955,2.10575
0.098550000955,2.137
0.098560000955,2.137
0.098570000955,2.137
0.098580000955,2.16825
0.098590000955,2.137
0.098600000955,2.10575
0.098610000955,2.137
0.098620000955,2.10575
0.098630000955,2.16825
0.098640000955,2.137
0.098650000955,2.137
0.098660000955,2.137
0.098670000955,2.137
0.098680000955,2.137
0.098690000955,2.137
0.098700000955,2.137
0.098710000955,2.137
0.098720000955,2.10575
0.098730000955,2.137
0.098740000955,2.16825
0.098750000955,2.10575
0.098760000955,2.10575
0.098770000955,2.137
0.098780000955,2.10575
0.098790000955,2.137
0.098800000955,2.137
0.098810000955,2.137
0.098820000955,2.10575
0.098830000955,2.137
0.098840000955,2.10575
0.098850000955,2.137
0.098860000955,2.10575
0.098870000955,2.16825
0.098880000955,2.137
0.098890000955,2.10575
0.098900000955,2.137
0.098910000955,2.10575
0.098920000955,2.137
0.098930000955,2.10575
0.098940000955,2.10575
0.098950000955,2.137
0.098960000955,2.10575
0.098970000955,2.137
0.098980000955,2.10575
0.098990000955,2.10575
0.099000000955,2.16825
0.099010000955,2.137
0.099020000955,2.10575
0.099030000955,2.137
0.099040000955,2.137
0.099050000955,2.137
0.099060000955,2.137
0.099070000955,2.10575
0.099080000955,2.137
0.099090000955,2.10575
0.099100000955,2.137
0.099110000955,2.137
0.099120000955,2.10575
0.099130000955,2.137
0.099140000955,2.10575
0.099150000955,2.137
0.099160000955,2.10575
0.099170000955,2.10575
0.099180000955,2.10575
0.099190000955,2.137
0.099200000955,2.10575
0.099210000955,2.137
0.099220000955,2.137
0.099230000955,2.137
0.099240000955,2.10575
0.099250000955,2.16825
0.099260000955,2.10575
0.099270000955,2.137
0.099280000955,2.137
0.099290000955,2.137
0.099300000955,2.10575
0.099310000955,2.137
0.099320000955,2.137
0.099330000955,2.137
0.099340000955,2.137
0.099350000955,2.10575
0.099360000955,2.10575
0.099370000955,2.137
0.099380000955,2.10575
0.099390000955,2.10575
0.099400000955,2.10575
0.099410000955,2.137
0.099420000955,2.137
0.099430000955,2.137
0.099440000955,2.137
0.099450000955,2.137
0.099460000955,2.0745
0.099470000955,2.137
0.099480000955,2.10575
0.099490000955,2.137
0.099500000955,2.137
0.099510000955,2.10575
0.099520000955,2.16825
0.099530000955,2.16825
0.099540000955,2.10575
0.099550000955,2.137
0.099560000955,2.137
0.099570000955,2.137
0.099580000955,2.137
0.099590000955,2.10575
0.099600000955,2.10575
0.099610000955,2.137
0.099620000955,2.137
0.099630000955,2.10575
0.099640000955,2.10575
0.099650000955,2.137
0.099660000955,2.137
0.099670000955,2.137
0.099680000955,2.10575
0.099690000955,2.16825
0.099700000955,2.10575
0.099710000955,2.137
0.099720000955,2.10575
0.099730000955,2.16825
0.099740000955,2.137
0.099750000955,2.10575
0.099760000955,2.10575
0.099770000955,2.10575
0.099780000955,2.137
0.099790000955,2.10575
0.099800000955,2.137
0.099810000955,2.137
0.099820000955,2.10575
0.099830000955,2.137
0.099840000955,2.10575
0.099850000955,2.137
0.099860000955,2.137
0.099870000955,2.137
0.099880000955,2.137
0.099890000955,2.10575
0.099900000955,2.137
0.099910000955,2.10575
0.099920000955,2.137
0.099930000955,2.137
0.099940000955,2.137
0.099950000955,2.137
0.099960000955,2.137
0.099970000955,2.137
0.099980000955,2.137
0.099990000955,2.137
0.100000000955,2.10575
0.100010000955,2.10575
0.100020000955,2.10575
0.100030000955,2.137
0.100040000955,2.10575
0.100050000955,2.16825
0.100060000955,2.137
0.100070000955,2.137
0.100080000955,2.137
0.100090000955,2.137
0.100100000955,2.10575
0.100110000955,2.10575
0.100120000955,2.137
0.100130000955,2.10575
0.100140000955,2.137
0.100150000955,2.137
0.100160000955,2.10575
0.100170000955,2.137
0.100180000955,2.137
0.100190000955,2.137
0.100200000955,2.137
0.100210000955,2.137
0.100220000955,2.137
0.100230000955,2.10575
0.100240000955,2.137
0.100250000955,2.10575
0.100260000955,2.137
0.100270000955,2.10575
0.100280000955,2.10575
0.100290000955,2.137
0.100300000955,2.137
0.100310000955,2.10575
0.100320000955,2.10575
0.100330000955,2.137
0.100340000955,2.10575
0.100350000955,2.137
0.100360000955,2.10575
0.100370000955,2.16825
0.100380000955,2.0745
0.100390000955,2.137
0.100400000955,2.137
0.100410000955,2.137
0.100420000955,2.137
0.100430000955,2.10575
0.100440000955,2.16825
0.100450000955,2.16825
0.100460000955,2.10575
0.100470000955,2.10575
0.100480000955,2.137
0.100490000955,2.137
0.100500000955,2.137
0.100510000955,2.10575
0.100520000955,2.137
0.100530000955,2.0745
0.100540000955,2.10575
0.100550000955,2.137
0.100560000955,2.10575
0.100570000955,2.10575
0.100580000955,2.137
0.100590000955,2.137
0.100600000955,2.137
0.100610000955,2.137
0.100620000955,2.137
0.100630000955,2.10575
0.100640000955,2.137
0.100650000955,2.137
0.100660000955,2.137
0.100670000955,2.10575
0.100680000955,2.10575
0.100690000955,2.137
0.100700000955,2.137
0.100710000955,2.10575
0.100720000955,2.137
0.100730000955,2.137
0.100740000955,2.10575
0.100750000955,2.10575
0.100760000955,2.137
0.100770000955,2.10575
0.100780000955,2.10575
0.100790000955,2.10575
0.100800000955,2.10575
0.100810000955,2.10575
0.100820000955,2.10575
0.100830000955,2.10575
0.100840000955,2.137
0.100850000955,2.10575
0.100860000955,2.10575
0.100870000955,2.10575
0.100880000955,2.137
0.100890000955,2.10575
0.100900000955,2.0745
0.100910000955,2.10575
0.100920000955,2.137
0.100930000955,2.10575
0.100940000955,2.16825
0.100950000955,2.137
0.100960000955,2.10575
0.100970000955,2.10575
0.100980000955,2.137
0.100990000955,2.137
0.101000000955,2.137
0.101010000955,2.10575
0.101020000955,2.10575
0.101030000955,2.10575
0.101040000955,2.10575
0.101050000955,2.137
0.101060000955,2.10575
0.101070000955,2.10575
0.101080000955,2.10575
0.101090000955,2.10575
0.101100000955,2.137
0.101110000955,2.137
0.101120000955,2.137
0.101130000955,2.10575
0.101140000955,2.137
0.101150000955,2.137
0.101160000955,2.10575
0.101170000955,2.10575
0.101180000955,2.16825
0.101190000955,2.137
0.101200000955,2.137
0.101210000955,2.137
0.101220000955,2.137
0.101230000955,2.137
0.101240000955,2.10575
0.101250000955,2.10575
0.101260000955,2.0745
0.101270000955,2.10575
0.101280000955,2.10575
0.101290000955,2.137
0.101300000955,2.10575
0.101310000955,2.10575
0.101320000955,2.10575
0.101330000955,2.10575
0.101340000955,2.137
0.101350000955,2.10575
0.101360000955,2.10575
0.101370000955,2.0745
0.101380000955,2.137
0.101390000955,2.10575
0.101400000955,2.10575
0.101410000955,2.10575
0.101420000955,2.10575
0.101430000955,2.137
0.101440000955,2.137
0.101450000955,2.10575
0.101460000955,2.10575
0.101470000955,2.0745
0.101480000955,2.10575
0.101490000955,2.10575
0.101500000955,2.137
0.101510000955,2.10575
0.101520000955,2.137
0.101530000955,2.137
0.101540000955,2.137
0.101550000955,2.10575
0.101560000955,2.137
0.101570000955,2.10575
0.101580000955,2.137
0.101590000955,2.10575
0.101600000955,2.10575
0.101610000955,2.10575
0.101620000955,2.10575
0.101630000955,2.137
0.101640000955,2.10575
0.101650000955,2.10575
0.101660000955,2.137
0.101670000955,2.137
0.101680000955,2.10575
0.101690000955,2.137
0.101700000955,2.10575
0.101710000955,2.137
0.101720000955,2.0745
0.101730000955,2.0745
0.101740000955,2.137
0.101750000955,2.10575
0.101760000955,2.10575
0.101770000955,2.10575
0.101780000955,2.10575
0.101790000955,2.137
0.101800000955,2.10575
0.101810000955,2.10575
0.101820000955,2.10575
0.101830000955,2.0745
0.101840000955,2.10575
0.101850000955,2.10575
0.101860000955,2.10575
0.101870000955,2.137
0.101880000955,2.137
0.101890000955,2.137
0.101900000955,2.10575
0.101910000955,2.10575
0.101920000955,2.0745
0.101930000955,2.10575
0.101940000955,2.10575
0.101950000955,2.10575
0.101960000955,2.10575
0.101970000955,2.137
0.101980000955,2.137
0.101990000955,2.10575
0.102000000955,2.10575
0.102010000955,2.10575
0.102020000955,2.10575
0.102030000955,2.10575
0.102040000955,2.137
0.102050000955,2.10575
0.102060000955,2.10575
0.102070000955,2.10575
0.102080000955,2.137
0.102090000955,2.137
0.102100000955,2.10575
0.102110000955,2.10575
0.102120000955,2.137
0.102130000955,2.10575
0.102140000955,2.137
0.102150000955,2.10575
0.102160000955,2.10575
0.102170000955,2.137
0.102180000955,2.10575
0.102190000955,2.137
0.102200000955,2.10575
0.102210000955,2.137
0.102220000955,2.137
0.102230000955,2.10575
0.102240000955,2.137
0.102250000955,2.10575
0.102260000955,2.10575
0.102270000955,2.10575
0.102280000955,2.10575
0.102290000955,2.137
0.102300000955,2.137
0.102310000955,2.10575
0.102320000955,2.10575
0.102330000955,2.16825
0.102340000955,2.10575
0.102350000955,2.137
0.102360000955,2.10575
0.102370000955,2.10575
0.102380000955,2.137
0.102390000955,2.137
0.102400000955,2.0745
0.102410000955,2.10575
0.102420000955,2.10575
0.102430000955,2.10575
0.102440000955,2.10575
0.102450000955,2.137
0.102460000955,2.137
0.102470000955,2.10575
0.102480000955,2.10575
0.102490000955,2.10575
0.102500000955,2.10575
0.102510000955,2.10575
0.102520000955,2.10575
0.102530000955,2.137
0.102540000955,2.10575
0.102550000955,2.10575
0.102560000955,2.10575
0.102570000955,2.10575
0.102580000955,2.10575
0.102590000955,2.10575
0.102600000955,2.10575
0.102610000955,2.10575
0.102620000955,2.137
0.102630000955,2.10575
0.102640000955,2.10575
0.102650000955,2.137
0.102660000955,2.137
0.102670000955,2.0745
0.102680000955,2.137
0.102690000955,2.10575
0.102700000955,2.10575
0.102710000955,2.0745
0.102720000955,2.10575
0.102730000955,2.137
0.102740000955,2.10575
0.102750000955,2.10575
0.102760000955,2.10575
0.102770000955,2.10575
0.102780000955,2.137
0.102790000955,2.10575
0.102800000955,2.137
0.102810000955,2.10575
0.102820000955,2.137
0.102830000955,2.10575
0.102840000955,2.10575
0.102850000955,2.137
0.102860000955,2.137
0.102870000955,2.137
0.102880000955,2.10575
0.102890000955,2.10575
0.102900000955,2.137
0.102910000955,2.10575
0.102920000955,2.10575
0.102930000955,2.0745
0.102940000955,2.10575
0.102950000955,2.10575
0.102960000955,2.10575
0.102970000955,2.10575
0.102980000955,2.137
0.102990000955,2.10575
0.103000000955,2.10575
0.103010000955,2.10575
0.103020000955,2.0745
0.103030000955,2.0745
0.103040000955,2.10575
0.103050000955,2.10575
0.103060000955,2.10575
0.103070000955,2.10575
0.103080000955,2.137
0.103090000955,2.10575
0.103100000955,2.137
0.103110000955,2.10575
0.103120000955,2.10575
0.103130000955,2.10575
0.103140000955,2.10575
0.103150000955,2.10575
0.103160000955,2.137
0.103170000955,2.10575
0.103180000955,2.137
0.103190000955,2.137
0.103200000955,2.10575
0.103210000955,2.10575
0.103220000955,2.10575
0.103230000955,2.10575
0.103240000955,2.10575
0.103250000955,2.137
0.103260000955,2.137
0.103270000955,2.137
0.103280000955,2.0745
0.103290000955,2.10575
0.103300000955,2.10575
0.103310000955,2.137
0.103320000955,2.137
0.103330000955,2.137
0.103340000955,2.10575
0.103350000955,2.137
0.103360000955,2.10575
0.103370000955,2.137
0.103380000955,2.10575
0.103390000955,2.10575
0.103400000955,2.10575
0.103410000955,2.10575
0.103420000955,2.10575
0.103430000955,2.137
0.103440000955,2.10575
0.103450000955,2.137
0.103460000955,2.0745
0.103470000955,2.0745
0.103480000955,2.0745
0.103490000955,2.10575
0.103500000955,2.137
0.103510000955,2.10575
0.103520000955,2.0745
0.103530000955,2.10575
0.103540000955,2.10575
0.103550000955,2.10575
0.103560000955,2.10575
0.103570000955,2.10575
0.103580000955,2.10575
0.103590000955,2.137
0.103600000955,2.137
0.103610000955,2.137
0.103620000955,2.10575
0.103630000955,2.137
0.103640000955,2.10575
0.103650000955,2.10575
0.103660000955,2.0745
0.103670000955,2.10575
0.103680000955,2.0745
0.103690000955,2.10575
0.103700000955,2.10575
0.103710000955,2.137
0.103720000955,2.137
0.103730000955,2.137
0.103740000955,2.0745
0.103750000955,2.137
0.103760000955,2.10575
0.103770000955,2.10575
0.103780000955,2.10575
0.103790000955,2.0745
0.103800000955,2.137
0.103810000955,2.10575
0.103820000955,2.10575
0.103830000955,2.0745
0.103840000955,2.10575
0.103850000955,2.0745
0.103860000955,2.10575
0.103870000955,2.137
0.103880000955,2.10575
0.103890000955,2.10575
0.103900000955,2.10575
0.103910000955,2.137
0.103920000955,2.10575
0.103930000955,2.137
0.103940000955,2.10575
0.103950000955,2.137
0.103960000955,2.10575
0.103970000955,2.10575
0.103980000955,2.10575
0.103990000955,2.10575
0.104000000955,2.137
0.104010000955,2.10575
0.104020000955,2.0745
0.104030000955,2.10575
0.104040000955,2.04325
0.104050000955,2.10575
0.104060000955,2.10575
0.104070000955,2.137
0.104080000955,2.10575
0.104090000955,2.10575
0.104100000955,2.10575
0.104110000955,2.16825
0.104120000955,2.10575
0.104130000955,2.137
0.104140000955,2.0745
0.104150000955,2.137
0.104160000955,2.137
0.104170000955,2.10575
0.104180000955,2.10575
0.104190000955,2.137
0.104200000955,2.137
0.104210000955,2.10575
0.104220000955,2.10575
0.104230000955,2.10575
0.104240000955,2.137
0.104250000955,2.10575
0.104260000955,2.10575
0.104270000955,2.137
0.104280000955,2.16825
0.104290000955,2.10575
0.104300000955,2.10575
0.104310000955,2.10575
0.104320000955,2.137
0.104330000955,2.137
0.104340000955,2.137
0.104350000955,2.10575
0.104360000955,2.10575
0.104370000955,2.137
0.104380000955,2.10575
0.104390000955,2.137
0.104400000955,2.137
0.104410000955,2.137
0.104420000955,2.10575
0.104430000955,2.137
0.104440000955,2.137
0.104450000955,2.10575
0.104460000955,2.10575
0.104470000955,2.0745
0.104480000955,2.0745
0.104490000955,2.137
0.104500000955,2.0745
0.104510000955,2.10575
0.104520000955,2.10575
0.104530000955,2.10575
0.104540000955,2.10575
0.104550000955,2.137
0.104560000955,2.10575
0.104570000955,2.137
0.104580000955,2.137
0.104590000955,2.137
0.104600000955,2.10575
0.104610000955,2.137
0.104620000955,2.0745
0.104630000955,2.10575
0.104640000955,2.10575
0.104650000955,2.10575
0.104660000955,2.10575
0.104670000955,2.10575
0.104680000955,2.10575
0.104690000955,2.10575
0.104700000955,2.137
0.104710000955,2.10575
0.104720000955,2.10575
0.104730000955,2.10575
0.104740000955,2.0745
0.104750000955,2.10575
0.104760000955,2.10575
0.104770000955,2.10575
0.104780000955,2.10575
0.104790000955,2.10575
0.104800000955,2.10575
0.104810000955,2.137
0.104820000955,2.137
0.104830000955,2.10575
0.104840000955,2.10575
0.104850000955,2.10575
0.104860000955,2.137
0.104870000955,2.10575
0.104880000955,2.137
0.104890000955,2.137
0.104900000955,2.0745
0.104910000955,2.10575
0.104920000955,2.10575
0.104930000955,2.137
0.104940000955,2.10575
0.104950000955,2.137
0.104960000955,2.137
0.104970000955,2.16825
0.104980000955,2.10575
0.104990000955,2.137
0.105000000955,2.137
0.105010000955,2.137
0.105020000955,2.10575
0.105030000955,2.137
0.105040000955,2.137
0.105050000955,2.10575
0.105060000955,2.10575
0.105070000955,2.10575
0.105080000955,2.0745
0.105090000955,2.137
0.105100000955,2.10575
0.105110000955,2.10575
0.105120000955,2.137
0.105130000955,2.10575
0.105140000955,2.137
0.105150000955,2.137
0.105160000955,2.137
0.105170000955,2.10575
0.105180000955,2.137
0.105190000955,2.10575
0.105200000955,2.10575
0.105210000955,2.10575
0.105220000955,2.137
0.105230000955,2.137
0.105240000955,2.137
0.105250000955,2.10575
0.105260000955,2.10575
0.105270000955,2.16825
0.105280000955,2.137
0.105290000955,2.10575
0.105300000955,2.10575
0.105310000955,2.10575
0.105320000955,2.10575
0.105330000955,2.10575
0.105340000955,2.10575
0.105350000955,2.10575
0.105360000955,2.137
0.105370000955,2.10575
0.105380000955,2.10575
0.105390000955,2.10575
0.105400000955,2.10575
0.105410000955,2.10575
0.105420000955,2.137
0.105430000955,2.10575
0.105440000955,2.137
0.105450000955,2.0745
0.105460000955,2.10575
0.105470000955,2.10575
0.105480000955,2.137
0.105490000955,2.137
0.105500000955,2.10575
0.105510000955,2.137
0.105520000955,2.10575
0.105530000955,2.10575
0.105540000955,2.0745
0.105550000955,2.10575
0.105560000955,2.10575
0.105570000955,2.0745
0.105580000955,2.10575
0.105590000955,2.10575
0.105600000955,2.0745
0.105610000955,2.10575
0.105620000955,2.137
0.105630000955,2.10575
0.105640000955,2.10575
0.105650000955,2.137
0.105660000955,2.137
0.105670000955,2.10575
0.105680000955,2.137
0.105690000955,2.137
0.105700000955,2.137
0.105710000955,2.10575
0.105720000955,2.137
0.105730000955,2.10575
0.105740000955,2.10575
0.105750000955,2.137
0.105760000955,2.137
0.105770000955,2.137
0.105780000955,2.10575
0.105790000955,2.137
0.105800000955,2.137
0.105810000955,2.10575
0.105820000955,2.10575
0.105830000955,2.137
0.105840000955,2.137
0.105850000955,2.10575
0.105860000955,2.10575
0.105870000955,2.10575
0.105880000955,2.137
0.105890000955,2.0745
0.105900000955,2.137
0.105910000955,2.137
0.105920000955,2.0745
0.105930000955,2.0745
0.105940000955,2.10575
0.105950000955,2.137
0.105960000955,2.137
0.105970000955,2.10575
0.105980000955,2.10575
0.105990000955,2.10575
0.106000000955,2.137
0.106010000955,2.137
0.106020000955,2.0745
0.106030000955,2.10575
0.106040000955,2.0745
0.106050000955,2.137
0.106060000955,2.137
0.106070000955,2.10575
0.106080000955,2.10575
0.106090000955,2.10575
0.106100000955,2.10575
0.106110000955,2.137
0.106120000955,2.10575
0.106130000955,2.16825
0.106140000955,2.10575
0.106150000955,2.10575
0.106160000955,2.10575
0.106170000955,2.10575
0.106180000955,2.10575
0.106190000955,2.137
0.106200000955,2.10575
0.106210000955,2.10575
0.106220000955,2.10575
0.106230000955,2.10575
0.106240000955,2.137
0.106250000955,2.10575
0.106260000955,2.16825
0.106270000955,2.137
0.106280000955,2.137
0.106290000955,2.10575
0.106300000955,2.10575
0.106310000955,2.10575
0.106320000955,2.10575
0.106330000955,2.10575
0.106340000955,2.10575
0.106350000955,2.10575
0.106360000955,2.0745
0.106370000955,2.10575
0.106380000955,2.10575
0.106390000955,2.10575
0.106400000955,2.10575
0.106410000955,2.10575
0.106420000955,2.0745
0.106430000955,2.10575
0.106440000955,2.137
0.106450000955,2.10575
0.106460000955,2.137
0.106470000955,2.10575
0.106480000955,2.10575
0.106490000955,2.10575
0.106500000955,2.10575
0.106510000955,2.10575
0.106520000955,2.10575
0.106530000955,2.137
0.106540000955,2.137
0.106550000955,2.10575
0.106560000955,2.10575
0.106570000955,2.10575
0.106580000955,2.10575
0.106590000955,2.137
0.106600000955,2.10575
0.106610000955,2.10575
0.106620000955,2.10575
0.106630000955,2.10575
0.106640000955,2.137
0.106650000955,2.10575
0.106660000955,2.10575
0.106670000955,2.137
0.106680000955,2.10575
0.106690000955,2.137
0.106700000955,2.137
0.106710000955,2.137
0.106720000955,2.10575
0.106730000955,2.137
0.106740000955,2.137
0.106750000955,2.10575
0.106760000955,2.137
0.106770000955,2.137
0.106780000955,2.137
0.106790000955,2.10575
0.106800000955,2.10575
0.106810000955,2.10575
0.106820000955,2.10575
0.106830000955,2.137
0.106840000955,2.10575
0.106850000955,2.10575
0.106860000955,2.10575
0.106870000955,2.16825
0.106880000955,2.137
0.106890000955,2.137
0.106900000955,2.137
0.106910000955,2.10575
0.106920000955,2.10575
0.106930000955,2.137
0.106940000955,2.137
0.106950000955,2.137
0.106960000955,2.10575
0.106970000955,2.10575
0.106980000955,2.10575
0.106990000955,2.137
0.107000000955,2.10575
0.107010000955,2.10575
0.107020000955,2.137
0.107030000955,2.0745
0.107040000955,2.10575
0.107050000955,2.137
0.107060000955,2.10575
0.107070000955,2.137
0.107080000955,2.10575
0.107090000955,2.10575
0.107100000955,2.137
0.107110000955,2.10575
0.107120000955,2.10575
0.107130000955,2.137
0.107140000955,2.10575
0.107150000955,2.10575
0.107160000955,2.10575
0.107170000955,2.137
0.107180000955,2.137
0.107190000955,2.10575
0.107200000955,2.10575
0.107210000955,2.10575
0.107220000955,2.137
0.107230000955,2.10575
0.107240000955,2.10575
0.107250000955,2.137
0.107260000955,2.0745
0.107270000955,2.10575
0.107280000955,2.10575
0.107290000955,2.10575
0.107300000955,2.137
0.107310000955,2.10575
0.107320000955,2.137
0.107330000955,2.137
0.107340000955,2.137
0.107350000955,2.10575
0.107360000955,2.137
0.107370000955,2.10575
0.107380000955,2.137
0.107390000955,2.137
0.107400000955,2.137
0.107410000955,2.0745
0.107420000955,2.137
0.107430000955,2.137
0.107440000955,2.16825
0.107450000955,2.137
0.107460000955,2.10575
0.107470000955,2.10575
0.107480000955,2.16825
0.107490000955,2.10575
0.107500000955,2.137
0.107510000955,2.137
0.107520000955,2.137
0.107530000955,2.137
0.107540000955,2.137
0.107550000955,2.10575
0.107560000955,2.10575
0.107570000955,2.16825
0.107580000955,2.10575
0.107590000955,2.10575
0.107600000955,2.10575
0.107610000955,2.10575
0.107620000955,2.137
0.107630000955,2.137
0.107640000955,2.10575
0.107650000955,2.137
0.107660000955,2.137
0.107670000955,2.10575
0.107680000955,2.137
0.107690000955,2.137
0.107700000955,2.0745
0.107710000955,2.10575
0.107720000955,2.10575
0.107730000955,2.16825
0.107740000955,2.137
0.107750000955,2.10575
0.107760000955,2.137
0.107770000955,2.137
0.107780000955,2.137
0.107790000955,2.10575
0.107800000955,2.10575
0.107810000955,2.16825
0.107820000955,2.137
0.107830000955,2.10575
0.107840000955,2.10575
0.107850000955,2.137
0.107860000955,2.137
0.107870000955,2.137
0.107880000955,2.10575
0.107890000955,2.137
0.107900000955,2.10575
0.107910000955,2.0745
0.107920000955,2.137
0.107930000955,2.10575
0.107940000955,2.10575
0.107950000955,2.10575
0.107960000955,2.10575
0.107970000955,2.137
0.107980000955,2.10575
0.107990000955,2.137
0.108000000955,2.137
0.108010000955,2.10575
0.108020000955,2.0745
0.108030000955,2.137
0.108040000955,2.10575
0.108050000955,2.10575
0.108060000955,2.137
0.108070000955,2.10575
0.108080000955,2.137
0.108090000955,2.137
0.108100000955,2.137
0.108110000955,2.10575
0.108120000955,2.10575
0.108130000955,2.137
0.108140000955,2.10575
0.108150000955,2.10575
0.108160000955,2.137
0.108170000955,2.10575
0.108180000955,2.137
0.108190000955,2.16825
0.108200000955,2.10575
0.108210000955,2.137
0.108220000955,2.0745
0.108230000955,2.10575
0.108240000955,2.10575
0.108250000955,2.137
0.108260000955,2.137
0.108270000955,2.10575
0.108280000955,2.137
0.108290000955,2.137
0.108300000955,2.137
0.108310000955,2.137
0.108320000955,2.10575
0.108330000955,2.10575
0.108340000955,2.10575
0.108350000955,2.137
0.108360000955,2.10575
0.108370000955,2.137
0.108380000955,2.137
0.108390000955,2.0745
0.108400000955,2.137
0.108410000955,2.137
0.108420000955,2.10575
0.108430000955,2.10575
0.108440000955,2.10575
0.108450000955,2.137
0.108460000955,2.137
0.108470000955,2.137
0.108480000955,2.16825
0.108490000955,2.10575
0.108500000955,2.0745
0.108510000955,2.137
0.108520000955,2.137
0.108530000955,2.10575
0.108540000955,2.0745
0.108550000955,2.0745
0.108560000955,2.10575
0.108570000955,2.10575
0.108580000955,2.10575
0.108590000955,2.10575
0.108600000955,2.10575
0.108610000955,2.137
0.108620000955,2.137
0.108630000955,2.137
0.108640000955,2.137
0.108650000955,2.10575
0.108660000955,2.10575
0.108670000955,2.10575
0.108680000955,2.16825
0.108690000955,2.137
0.108700000955,2.137
0.108710000955,2.10575
0.108720000955,2.0745
0.108730000955,2.10575
0.108740000955,2.10575
0.108750000955,2.10575
0.108760000955,2.10575
0.108770000955,2.10575
0.108780000955,2.137
0.108790000955,2.137
0.108800000955,2.10575
0.108810000955,2.10575
0.108820000955,2.137
0.108830000955,2.10575
0.108840000955,2.0745
0.108850000955,2.16825
0.108860000955,2.10575
0.108870000955,2.10575
0.108880000955,2.10575
0.108890000955,2.10575
0.108900000955,2.10575
0.108910000955,2.137
0.108920000955,2.137
0.108930000955,2.137
0.108940000955,2.10575
0.108950000955,2.10575
0.108960000955,2.10575
0.108970000955,2.137
0.108980000955,2.10575
0.108990000955,2.10575
0.109000000955,2.10575
0.109010000955,2.10575
0.109020000955,2.10575
0.109030000955,2.16825
0.109040000955,2.16825
0.109050000955,2.10575
0.109060000955,2.10575
0.109070000955,2.137
0.109080000955,2.137
0.109090000955,2.0745
0.109100000955,2.137
0.109110000955,2.10575
0.109120000955,2.137
0.109130000955,2.16825
0.109140000955,2.137
0.109150000955,2.137
0.109160000955,2.137
0.109170000955,2.137
0.109180000955,2.137
0.109190000955,2.10575
0.109200000955,2.10575
0.109210000955,2.10575
0.109220000955,2.10575
0.109230000955,2.137
0.109240000955,2.10575
0.109250000955,2.137
0.109260000955,2.137
0.109270000955,2.16825
0.109280000955,2.137
0.109290000955,2.10575
0.109300000955,2.10575
0.109310000955,2.137
0.109320000955,2.137
0.109330000955,2.137
0.109340000955,2.10575
0.109350000955,2.10575
0.109360000955,2.10575
0.109370000955,2.137
0.109380000955,2.137
0.109390000955,2.10575
0.109400000955,2.10575
0.109410000955,2.10575
0.109420000955,2.10575
0.109430000955,2.10575
0.109440000955,2.137
0.109450000955,2.10575
0.109460000955,2.137
0.109470000955,2.10575
0.109480000955,2.10575
0.109490000955,2.137
0.109500000955,2.10575
0.109510000955,2.137
0.109520000955,2.10575
0.109530000955,2.137
0.109540000955,2.137
0.109550000955,2.10575
0.109560000955,2.137
0.109570000955,2.137
0.109580000955,2.137
0.109590000955,2.137
0.109600000955,2.137
0.109610000955,2.0745
0.109620000955,2.10575
0.109630000955,2.137
0.109640000955,2.137
0.109650000955,2.137
0.109660000955,2.10575
0.109670000955,2.10575
0.109680000955,2.137
0.109690000955,2.137
0.109700000955,2.10575
0.109710000955,2.10575
0.109720000955,2.10575
0.109730000955,2.137
0.109740000955,2.10575
0.109750000955,2.10575
0.109760000955,2.137
0.109770000955,2.10575
0.109780000955,2.0745
0.109790000955,2.10575
0.109800000955,2.10575
0.109810000955,2.137
0.109820000955,2.137
0.109830000955,2.137
0.109840000955,2.10575
0.109850000955,2.10575
0.109860000955,2.137
0.109870000955,2.10575
0.109880000955,2.137
0.109890000955,2.10575
0.109900000955,2.137
0.109910000955,2.10575
0.109920000955,2.137
0.109930000955,2.10575
0.109940000955,2.137
0.109950000955,2.137
0.109960000955,2.137
0.109970000955,2.10575
0.109980000955,2.10575
0.109990000955,2.10575
0.110000000955,2.137
0.110010000955,2.10575
0.110020000955,2.16825
0.110030000955,2.10575
0.110040000955,2.137
0.110050000955,2.10575
0.110060000955,2.10575
0.110070000955,2.137
0.110080000955,2.10575
0.110090000955,2.10575
0.110100000955,2.10575
0.110110000955,2.10575
0.110120000955,2.137
0.110130000955,2.137
0.110140000955,2.137
0.110150000955,2.10575
0.110160000955,2.137
0.110170000955,2.137
0.110180000955,2.137
0.110190000955,2.137
0.110200000955,2.137
0.110210000955,2.10575
0.110220000955,2.137
0.110230000955,2.10575
0.110240000955,2.137
0.110250000955,2.137
0.110260000955,2.137
0.110270000955,2.137
0.110280000955,2.10575
0.110290000955,2.137
0.110300000955,2.137
0.110310000955,2.137
0.110320000955,2.137
0.110330000955,2.137
0.110340000955,2.137
0.110350000955,2.10575
0.110360000955,2.137
0.110370000955,2.137
0.110380000955,2.10575
0.110390000955,2.16825
0.110400000955,2.10575
0.110410000955,2.137
0.110420000955,2.10575
0.110430000955,2.137
0.110440000955,2.137
0.110450000955,2.10575
0.110460000955,2.10575
0.110470000955,2.0745
0.110480000955,2.137
0.110490000955,2.10575
0.110500000955,2.10575
0.110510000955,2.10575
0.110520000955,2.10575
0.110530000955,2.10575
0.110540000955,2.10575
0.110550000955,2.137
0.110560000955,2.137
0.110570000955,2.137
0.110580000955,2.137
0.110590000955,2.137
0.110600000955,2.10575
0.110610000955,2.10575
0.110620000955,2.0745
0.110630000955,2.137
0.110640000955,2.10575
0.110650000955,2.16825
0.110660000955,2.137
0.110670000955,2.10575
0.110680000955,2.16825
0.110690000955,2.137
0.110700000955,2.10575
0.110710000955,2.10575
0.110720000955,2.137
0.110730000955,2.137
0.110740000955,2.137
0.110750000955,2.10575
0.110760000955,2.10575
0.110770000955,2.10575
0.110780000955,2.137
0.110790000955,2.10575
0.110800000955,2.137
0.110810000955,2.137
0.110820000955,2.137
0.110830000955,2.10575
0.110840000955,2.137
0.110850000955,2.10575
0.110860000955,2.137
0.110870000955,2.10575
0.110880000955,2.137
0.110890000955,2.137
0.110900000955,2.10575
0.110910000955,2.137
0.110920000955,2.137
0.110930000955,2.10575
0.110940000955,2.10575
0.110950000955,2.137
0.110960000955,2.10575
0.110970000955,2.10575
0.110980000955,2.10575
0.110990000955,2.137
0.111000000955,2.137
0.111010000955,2.10575
0.111020000955,2.10575
0.111030000955,2.137
0.111040000955,2.137
0.111050000955,2.137
0.111060000955,2.10575
0.111070000955,2.16825
0.111080000955,2.137
0.111090000955,2.137
0.111100000955,2.137
0.111110000955,2.10575
0.111120000955,2.10575
0.111130000955,2.0745
0.111140000955,2.10575
0.111150000955,2.137
0.111160000955,2.137
0.111170000955,2.10575
0.111180000955,2.137
0.111190000955,2.10575
0.111200000955,2.10575
0.111210000955,2.137
0.111220000955,2.10575
0.111230000955,2.16825
0.111240000955,2.137
0.111250000955,2.10575
0.111260000955,2.10575
0.111270000955,2.137
0.111280000955,2.10575
0.111290000955,2.137
0.111300000955,2.137
0.111310000955,2.16825
0.111320000955,2.10575
0.111330000955,2.137
0.111340000955,2.137
0.111350000955,2.137
0.111360000955,2.137
0.111370000955,2.10575
0.111380000955,2.137
0.111390000955,2.10575
0.111400000955,2.16825
0.111410000955,2.137
0.111420000955,2.137
0.111430000955,2.137
0.111440000955,2.10575
0.111450000955,2.16825
0.111460000955,2.137
0.111470000955,2.137
0.111480000955,2.137
0.111490000955,2.16825
0.111500000955,2.10575
0.111510000955,2.16825
0.111520000955,2.10575
0.111530000955,2.137
0.111540000955,2.137
0.111550000955,2.16825
0.111560000955,2.10575
0.111570000955,2.10575
0.111580000955,2.137
0.111590000955,2.137
0.111600000955,2.10575
0.111610000955,2.137
0.111620000955,2.137
0.111630000955,2.10575
0.111640000955,2.10575
0.111650000955,2.10575
0.111660000955,2.137
0.111670000955,2.10575
0.111680000955,2.137
0.111690000955,2.137
0.111700000955,2.137
0.111710000955,2.137
0.111720000955,2.10575
0.111730000955,2.10575
0.111740000955,2.10575
0.111750000955,2.10575
0.111760000955,2.10575
0.111770000955,2.137
0.111780000955,2.137
0.111790000955,2.10575
0.111800000955,2.10575
0.111810000955,2.137
0.111820000955,2.10575
0.111830000955,2.137
0.111840000955,2.137
0.111850000955,2.137
0.111860000955,2.16825
0.111870000955,2.137
0.111880000955,2.10575
0.111890000955,2.137
0.111900000955,2.10575
0.111910000955,2.10575
0.111920000955,2.137
0.111930000955,2.10575
0.111940000955,2.137
0.111950000955,2.137
0.111960000955,2.10575
0.111970000955,2.137
0.111980000955,2.137
0.111990000955,2.137
0.112000000955,2.10575
0.112010000955,2.137
0.112020000955,2.10575
0.112030000955,2.137
0.112040000955,2.10575
0.112050000955,2.137
0.112060000955,2.10575
0.112070000955,2.137
0.112080000955,2.10575
0.112090000955,2.137
0.112100000955,2.137
0.112110000955,2.137
0.112120000955,2.16825
0.112130000955,2.10575
0.112140000955,2.137
0.112150000955,2.10575
0.112160000955,2.10575
0.112170000955,2.0745
0.112180000955,2.10575
0.112190000955,2.10575
0.112200000955,2.10575
0.112210000955,2.137
0.112220000955,2.137
0.112230000955,2.10575
0.112240000955,2.10575
0.112250000955,2.137
0.112260000955,2.10575
0.112270000955,2.10575
0.112280000955,2.137
0.112290000955,2.10575
0.112300000955,2.137
0.112310000955,2.137
0.112320000955,2.137
0.112330000955,2.16825
0.112340000955,2.137
0.112350000955,2.137
0.112360000955,2.10575
0.112370000955,2.137
0.112380000955,2.137
0.112390000955,2.10575
0.112400000955,2.137
0.112410000955,2.137
0.112420000955,2.10575
0.112430000955,2.137
0.112440000955,2.10575
0.112450000955,2.137
0.112460000955,2.10575
0.112470000955,2.0745
0.112480000955,2.137
0.112490000955,2.137
0.112500000955,2.137
0.112510000955,2.10575
0.112520000955,2.10575
0.112530000955,2.10575
0.112540000955,2.16825
0.112550000955,2.137
0.112560000955,2.137
0.112570000955,2.10575
0.112580000955,2.0745
0.112590000955,2.10575
0.112600000955,2.137
0.112610000955,2.10575
0.112620000955,2.10575
0.112630000955,2.16825
0.112640000955,2.10575
0.112650000955,2.10575
0.112660000955,2.10575
0.112670000955,2.10575
0.112680000955,2.10575
0.112690000955,2.10575
0.112700000955,2.10575
0.112710000955,2.137
0.112720000955,2.137
0.112730000955,2.10575
0.112740000955,2.137
0.112750000955,2.10575
0.112760000955,2.10575
0.112770000955,2.10575
0.112780000955,2.137
0.112790000955,2.10575
0.112800000955,2.137
0.112810000955,2.10575
0.112820000955,2.137
0.112830000955,2.0745
0.112840000955,2.137
0.112850000955,2.16825
0.112860000955,2.10575
0.112870000955,2.137
0.112880000955,2.10575
0.112890000955,2.137
0.112900000955,2.16825
0.112910000955,2.0745
0.112920000955,2.137
0.112930000955,2.137
0.112940000955,2.10575
0.112950000955,2.10575
0.112960000955,2.10575
0.112970000955,2.137
0.112980000955,2.137
0.112990000955,2.137
0.113000000955,2.137
0.113010000955,2.10575
0.113020000955,2.10575
0.113030000955,2.137
0.113040000955,2.137
0.113050000955,2.10575
0.113060000955,2.10575
0.113070000955,2.137
0.113080000955,2.137
0.113090000955,2.16825
0.113100000955,2.16825
0.113110000955,2.10575
0.113120000955,2.10575
0.113130000955,2.10575
0.113140000955,2.137
0.113150000955,2.10575
0.113160000955,2.137
0.113170000955,2.10575
0.113180000955,2.10575
0.113190000955,2.137
0.113200000955,2.10575
0.113210000955,2.10575
0.113220000955,2.137
0.113230000955,2.10575
0.113240000955,2.10575
0.113250000955,2.137
0.113260000955,2.10575
0.113270000955,2.137
0.113280000955,2.137
0.113290000955,2.137
0.113300000955,2.137
0.113310000955,2.10575
0.113320000955,2.137
0.113330000955,2.137
0.113340000955,2.137
0.113350000955,2.137
0.113360000955,2.10575
0.113370000955,2.10575
0.113380000955,2.137
0.113390000955,2.10575
0.113400000955,2.10575
0.113410000955,2.10575
0.113420000955,2.10575
0.113430000955,2.137
0.113440000955,2.10575
0.113450000955,2.137
0.113460000955,2.10575
0.113470000955,2.137
0.113480000955,2.10575
0.113490000955,2.137
0.113500000955,2.137
0.113510000955,2.137
0.113520000955,2.0745
0.113530000955,2.137
0.113540000955,2.10575
0.113550000955,2.10575
0.113560000955,2.137
0.113570000955,2.16825
0.113580000955,2.16825
0.113590000955,2.137
0.113600000955,2.137
0.113610000955,2.10575
0.113620000955,2.137
0.113630000955,2.137
0.113640000955,2.137
0.113650000955,2.10575
0.113660000955,2.16825
0.113670000955,2.137
0.113680000955,2.10575
0.113690000955,2.137
0.113700000955,2.10575
0.113710000955,2.137
0.113720000955,2.10575
0.113730000955,2.0745
0.113740000955,2.10575
0.113750000955,2.10575
0.113760000955,2.137
0.113770000955,2.137
0.113780000955,2.10575
0.113790000955,2.16825
0.113800000955,2.0745
0.113810000955,2.137
0.113820000955,2.16825
0.113830000955,2.10575
0.113840000955,2.16825
0.113850000955,2.10575
0.113860000955,2.137
0.113870000955,2.10575
0.113880000955,2.137
0.113890000955,2.16825
0.113900000955,2.10575
0.113910000955,2.10575
0.113920000955,2.137
0.113930000955,2.10575
0.113940000955,2.10575
0.113950000955,2.137
0.113960000955,2.10575
0.113970000955,2.137
0.113980000955,2.10575
0.113990000955,2.137
0.114000000955,2.10575
0.114010000955,2.10575
0.114020000955,2.137
0.114030000955,2.10575
0.114040000955,2.10575
0.114050000955,2.10575
0.114060000955,2.137
0.114070000955,2.137
0.114080000955,2.137
0.114090000955,2.10575
0.114100000955,2.137
0.114110000955,2.137
0.114120000955,2.137
0.114130000955,2.10575
0.114140000955,2.137
0.114150000955,2.137
0.114160000955,2.10575
0.114170000955,2.137
0.114180000955,2.137
0.114190000955,2.137
0.114200000955,2.137
0.114210000955,2.10575
0.114220000955,2.137
0.114230000955,2.137
0.114240000955,2.137
0.114250000955,2.137
0.114260000955,2.137
0.114270000955,2.137
0.114280000955,2.137
0.114290000955,2.10575
0.114300000955,2.10575
0.114310000955,2.137
0.114320000955,2.10575
0.114330000955,2.137
0.114340000955,2.10575
0.114350000955,2.137
0.114360000955,2.10575
0.114370000955,2.10575
0.114380000955,2.137
0.114390000955,2.137
0.114400000955,2.10575
0.114410000955,2.137
0.114420000955,2.137
0.114430000955,2.137
0.114440000955,2.16825
0.114450000955,2.16825
0.114460000955,2.137
0.114470000955,2.10575
0.114480000955,2.16825
0.114490000955,2.137
0.114500000955,2.137
0.114510000955,2.10575
0.114520000955,2.137
0.114530000955,2.10575
0.114540000955,2.137
0.114550000955,2.137
0.114560000955,2.137
0.114570000955,2.137
0.114580000955,2.10575
0.114590000955,2.16825
0.114600000955,2.10575
0.114610000955,2.10575
0.114620000955,2.10575
0.114630000955,2.137
0.114640000955,2.10575
0.114650000955,2.137
0.114660000955,2.137
0.114670000955,2.137
0.114680000955,2.137
0.114690000955,2.137
0.114700000955,2.10575
0.114710000955,2.10575
0.114720000955,2.137
0.114730000955,2.137
0.114740000955,2.10575
0.114750000955,2.137
0.114760000955,2.10575
0.114770000955,2.10575
0.114780000955,2.137
0.114790000955,2.137
0.114800000955,2.10575
0.114810000955,2.10575
0.114820000955,2.137
0.114830000955,2.10575
0.114840000955,2.10575
0.114850000955,2.137
0.114860000955,2.137
0.114870000955,2.137
0.114880000955,2.137
0.114890000955,2.137
0.114900000955,2.0745
0.114910000955,2.10575
0.114920000955,2.137
0.114930000955,2.16825
0.114940000955,2.16825
0.114950000955,2.10575
0.114960000955,2.137
0.114970000955,2.10575
0.114980000955,2.10575
0.114990000955,2.10575
0.115000000955,2.10575
0.115010000955,2.16825
0.115020000955,2.137
0.115030000955,2.137
0.115040000955,2.10575
0.115050000955,2.10575
0.115060000955,2.137
0.115070000955,2.137
0.115080000955,2.137
0.115090000955,2.10575
0.115100000955,2.137
0.115110000955,2.137
0.115120000955,2.137
0.115130000955,2.137
0.115140000955,2.10575
0.115150000955,2.137
0.115160000955,2.16825
0.115170000955,2.10575
0.115180000955,2.137
0.115190000955,2.10575
0.115200000955,2.10575
0.115210000955,2.137
0.115220000955,2.137
0.115230000955,2.137
0.115240000955,2.04325
0.115250000955,2.137
0.115260000955,2.10575
0.115270000955,2.137
0.115280000955,2.137
0.115290000955,2.10575
0.115300000955,2.10575
0.115310000955,2.10575
0.115320000955,2.10575
0.115330000955,2.137
0.115340000955,2.137
0.115350000955,2.137
0.115360000955,2.10575
0.115370000955,2.10575
0.115380000955,2.137
0.115390000955,2.137
0.115400000955,2.137
0.115410000955,2.137
0.115420000955,2.137
0.115430000955,2.16825
0.115440000955,2.137
0.115450000955,2.16825
0.115460000955,2.137
0.115470000955,2.16825
0.115480000955,2.10575
0.115490000955,2.137
0.115500000955,2.137
0.115510000955,2.137
0.115520000955,2.137
0.115530000955,2.10575
0.115540000955,2.10575
0.115550000955,2.137
0.115560000955,2.137
0.115570000955,2.10575
0.115580000955,2.137
0.115590000955,2.0745
0.115600000955,2.10575
0.115610000955,2.137
0.115620000955,2.137
0.115630000955,2.137
0.115640000955,2.0745
0.115650000955,2.137
0.115660000955,2.137
0.115670000955,2.10575
0.115680000955,2.137
0.115690000955,2.10575
0.115700000955,2.137
0.115710000955,2.137
0.115720000955,2.137
0.115730000955,2.10575
0.115740000955,2.137
0.115750000955,2.10575
0.115760000955,2.10575
0.115770000955,2.16825
0.115780000955,2.16825
0.115790000955,2.137
0.115800000955,2.137
0.115810000955,2.10575
0.115820000955,2.10575
0.115830000955,2.137
0.115840000955,2.10575
0.115850000955,2.10575
0.115860000955,2.137
0.115870000955,2.10575
0.115880000955,2.16825
0.115890000955,2.137
0.115900000955,2.10575
0.115910000955,2.137
0.115920000955,2.137
0.115930000955,2.10575
0.115940000955,2.0745
0.115950000955,2.10575
0.115960000955,2.137
0.115970000955,2.137
0.115980000955,2.10575
0.115990000955,2.10575
0.116000000955,2.16825
0.116010000955,2.10575
0.116020000955,2.137
0.116030000955,2.137
0.116040000955,2.10575
0.116050000955,2.10575
0.116060000955,2.10575
0.116070000955,2.10575
0.116080000955,2.137
0.116090000955,2.137
0.116100000955,2.10575
0.116110000955,2.137
0.116120000955,2.10575
0.116130000955,2.137
0.116140000955,2.137
0.116150000955,2.137
0.116160000955,2.137
0.116170000955,2.137
0.116180000955,2.137
0.116190000955,2.10575
0.116200000955,2.137
0.116210000955,2.10575
0.116220000955,2.16825
0.116230000955,2.137
0.116240000955,2.137
0.116250000955,2.137
0.116260000955,2.10575
0.116270000955,2.137
0.116280000955,2.137
0.116290000955,2.10575
0.116300000955,2.10575
0.116310000955,2.137
0.116320000955,2.10575
0.116330000955,2.10575
0.116340000955,2.10575
0.116350000955,2.137
0.116360000955,2.137
0.116370000955,2.10575
0.116380000955,2.137
0.116390000955,2.137
0.116400000955,2.10575
0.116410000955,2.0745
0.116420000955,2.137
0.116430000955,2.137
0.116440000955,2.137
0.116450000955,2.137
0.116460000955,2.137
0.116470000955,2.10575
0.116480000955,2.137
0.116490000955,2.137
0.116500000955,2.10575
0.116510000955,2.137
0.116520000955,2.137
0.116530000955,2.137
0.116540000955,2.10575
0.116550000955,2.10575
0.116560000955,2.10575
0.116570000955,2.137
0.116580000955,2.10575
0.116590000955,2.10575
0.116600000955,2.10575
0.116610000955,2.16825
0.116620000955,2.10575
0.116630000955,2.10575
0.116640000955,2.137
0.116650000955,2.0745
0.116660000955,2.10575
0.116670000955,2.10575
0.116680000955,2.137
0.116690000955,2.10575
0.116700000955,2.10575
0.116710000955,2.137
0.116720000955,2.137
0.116730000955,2.137
0.116740000955,2.16825
0.116750000955,2.10575
0.116760000955,2.137
0.116770000955,2.16825
0.116780000955,2.137
0.116790000955,2.10575
0.116800000955,2.137
0.116810000955,2.10575
0.116820000955,2.137
0.116830000955,2.10575
0.116840000955,2.10575
0.116850000955,2.137
0.116860000955,2.137
0.116870000955,2.137
0.116880000955,2.16825
0.116890000955,2.137
0.116900000955,2.10575
0.116910000955,2.137
0.116920000955,2.137
0.116930000955,2.10575
0.116940000955,2.10575
0.116950000955,2.10575
0.116960000955,2.137
0.116970000955,2.137
0.116980000955,2.137
0.116990000955,2.10575
0.117000000955,2.10575
0.117010000955,2.10575
0.117020000955,2.16825
0.117030000955,2.10575
0.117040000955,2.16825
0.117050000955,2.137
0.117060000955,2.137
0.117070000955,2.137
0.117080000955,2.10575
0.117090000955,2.137
0.117100000955,2.137
0.117110000955,2.10575
0.117120000955,2.10575
0.117130000955,2.10575
0.117140000955,2.16825
0.117150000955,2.137
0.117160000955,2.137
0.117170000955,2.137
0.117180000955,2.137
0.117190000955,2.137
0.117200000955,2.10575
0.117210000955,2.16825
0.117220000955,2.137
0.117230000955,2.10575
0.117240000955,2.10575
0.117250000955,2.10575
0.117260000955,2.137
0.117270000955,2.137
0.117280000955,2.137
0.117290000955,2.10575
0.117300000955,2.137
0.117310000955,2.137
0.117320000955,2.10575
0.117330000955,2.16825
0.117340000955,2.10575
0.117350000955,2.16825
0.117360000955,2.137
0.117370000955,2.137
0.117380000955,2.10575
0.117390000955,2.137
0.117400000955,2.16825
0.117410000955,2.137
0.117420000955,2.137
0.117430000955,2.137
0.117440000955,2.137
0.117450000955,2.137
0.117460000955,2.137
0.117470000955,2.16825
0.117480000955,2.10575
0.117490000955,2.137
0.117500000955,2.10575
0.117510000955,2.137
0.117520000955,2.137
0.117530000955,2.10575
0.117540000955,2.137
0.117550000955,2.137
0.117560000955,2.137
0.117570000955,2.16825
0.117580000955,2.137
0.117590000955,2.16825
0.117600000955,2.137
0.117610000955,2.10575
0.117620000955,2.137
0.117630000955,2.10575
0.117640000955,2.137
0.117650000955,2.137
0.117660000955,2.137
0.117670000955,2.137
0.117680000955,2.137
0.117690000955,2.137
0.117700000955,2.137
0.117710000955,2.16825
0.117720000955,2.137
0.117730000955,2.137
0.117740000955,2.137
0.117750000955,2.137
0.117760000955,2.137
0.117770000955,2.10575
0.117780000955,2.137
0.117790000955,2.16825
0.117800000955,2.10575
0.117810000955,2.10575
0.117820000955,2.16825
0.117830000955,2.10575
0.117840000955,2.137
0.117850000955,2.16825
0.117860000955,2.10575
0.117870000955,2.16825
0.117880000955,2.137
0.117890000955,2.137
0.117900000955,2.16825
0.117910000955,2.10575
0.117920000955,2.137
0.117930000955,2.137
0.117940000955,2.0745
0.117950000955,2.137
0.117960000955,2.137
0.117970000955,2.137
0.117980000955,2.137
0.117990000955,2.137
0.118000000955,2.16825
0.118010000955,2.10575
0.118020000955,2.137
0.118030000955,2.137
0.118040000955,2.137
0.118050000955,2.10575
0.118060000955,2.137
0.118070000955,2.10575
0.118080000955,2.137
0.118090000955,2.137
0.118100000955,2.137
0.118110000955,2.10575
0.118120000955,2.137
0.118130000955,2.10575
0.118140000955,2.16825
0.118150000955,2.137
0.118160000955,2.10575
0.118170000955,2.137
0.118180000955,2.137
0.118190000955,2.16825
0.118200000955,2.137
0.118210000955,2.137
0.118220000955,2.16825
0.118230000955,2.10575
0.118240000955,2.137
0.118250000955,2.10575
0.118260000955,2.137
0.118270000955,2.137
0.118280000955,2.10575
0.118290000955,2.137
0.118300000955,2.10575
0.118310000955,2.137
0.118320000955,2.10575
0.118330000955,2.137
0.118340000955,2.10575
0.118350000955,2.137
0.118360000955,2.137
0.118370000955,2.137
0.118380000955,2.137
0.118390000955,2.137
0.118400000955,2.137
0.118410000955,2.137
0.118420000955,2.10575
0.118430000955,2.10575
0.118440000955,2.137
0.118450000955,2.16825
0.118460000955,2.137
0.118470000955,2.10575
0.118480000955,2.10575
0.118490000955,2.137
0.118500000955,2.137
0.118510000955,2.137
0.118520000955,2.10575
0.118530000955,2.16825
0.118540000955,2.137
0.118550000955,2.137
0.118560000955,2.137
0.118570000955,2.137
0.118580000955,2.137
0.118590000955,2.137
0.118600000955,2.137
0.118610000955,2.10575
0.118620000955,2.137
0.118630000955,2.137
0.118640000955,2.137
0.118650000955,2.10575
0.118660000955,2.137
0.118670000955,2.137
0.118680000955,2.137
0.118690000955,2.16825
0.118700000955,2.137
0.118710000955,2.137
0.118720000955,2.137
0.118730000955,2.137
0.118740000955,2.137
0.118750000955,2.16825
0.118760000955,2.137
0.118770000955,2.16825
0.118780000955,2.10575
0.118790000955,2.137
0.118800000955,2.10575
0.118810000955,2.137
0.118820000955,2.10575
0.118830000955,2.137
0.118840000955,2.10575
0.118850000955,2.137
0.118860000955,2.137
0.118870000955,2.137
0.118880000955,2.137
0.118890000955,2.10575
0.118900000955,2.137
0.118910000955,2.10575
0.118920000955,2.10575
0.118930000955,2.10575
0.118940000955,2.10575
0.118950000955,2.137
0.118960000955,2.10575
0.118970000955,2.10575
0.118980000955,2.137
0.118990000955,2.137
0.119000000955,2.137
0.119010000955,2.137
0.119020000955,2.10575
0.119030000955,2.16825
0.119040000955,2.16825
0.119050000955,2.137
0.119060000955,2.137
0.119070000955,2.16825
0.119080000955,2.137
0.119090000955,2.10575
0.119100000955,2.137
0.119110000955,2.137
0.119120000955,2.10575
0.119130000955,2.137
0.119140000955,2.16825
0.119150000955,2.16825
0.119160000955,2.10575
0.119170000955,2.137
0.119180000955,2.137
0.119190000955,2.137
0.119200000955,2.10575
0.119210000955,2.10575
0.119220000955,2.137
0.119230000955,2.16825
0.119240000955,2.137
0.119250000955,2.137
0.119260000955,2.16825
0.119270000955,2.0745
0.119280000955,2.137
0.119290000955,2.1995
0.119300000955,2.137
0.119310000955,2.10575
0.119320000955,2.137
0.119330000955,2.137
0.119340000955,2.137
0.119350000955,2.137
0.119360000955,2.10575
0.119370000955,2.16825
0.119380000955,2.137
0.119390000955,2.16825
0.119400000955,2.137
0.119410000955,2.137
0.119420000955,2.10575
0.119430000955,2.137
0.119440000955,2.137
0.119450000955,2.137
0.119460000955,2.10575
0.119470000955,2.10575
0.119480000955,2.137
0.119490000955,2.137
0.119500000955,2.137
0.119510000955,2.137
0.119520000955,2.16825
0.119530000955,2.16825
0.119540000955,2.137
0.119550000955,2.10575
0.119560000955,2.137
0.119570000955,2.10575
0.119580000955,2.10575
0.119590000955,2.16825
0.119600000955,2.137
0.119610000955,2.16825
0.119620000955,2.16825
0.119630000955,2.137
0.119640000955,2.137
0.119650000955,2.137
0.119660000955,2.137
0.119670000955,2.10575
0.119680000955,2.137
0.119690000955,2.137
0.119700000955,2.137
0.119710000955,2.10575
0.119720000955,2.0745
0.119730000955,2.137
0.119740000955,2.10575
0.119750000955,2.16825
0.119760000955,2.10575
0.119770000955,2.10575
0.119780000955,2.10575
0.119790000955,2.137
0.119800000955,2.10575
0.119810000955,2.10575
0.119820000955,2.137
0.119830000955,2.10575
0.119840000955,2.137
0.119850000955,2.10575
0.119860000955,2.137
0.119870000955,2.137
0.119880000955,2.10575
0.119890000955,2.16825
0.119900000955,2.137
0.119910000955,2.137
0.119920000955,2.137
0.119930000955,2.10575
0.119940000955,2.10575
0.119950000955,2.137
0.119960000955,2.10575
0.119970000955,2.10575
0.119980000955,2.137
0.119990000955,2.16825
0.120000000955,2.137
0.120010000955,2.10575
0.120020000955,2.137
0.120030000955,2.137
0.120040000955,2.10575
0.120050000955,2.137
0.120060000955,2.137
0.120070000955,2.10575
0.120080000955,2.137
0.120090000955,2.137
0.120100000955,2.16825
0.120110000955,2.10575
0.120120000955,2.10575
0.120130000955,2.10575
0.120140000955,2.10575
0.120150000955,2.10575
0.120160000955,2.10575
0.120170000955,2.137
0.120180000955,2.137
0.120190000955,2.137
0.120200000955,2.16825
0.120210000955,2.137
0.120220000955,2.137
0.120230000955,2.137
0.120240000955,2.137
0.120250000955,2.137
0.120260000955,2.137
0.120270000955,2.137
0.120280000955,2.137
0.120290000955,2.137
0.120300000955,2.10575
0.120310000955,2.137
0.120320000955,2.10575
0.120330000955,2.137
0.120340000955,2.137
0.120350000955,2.137
0.120360000955,2.137
0.120370000955,2.137
0.120380000955,2.137
0.120390000955,2.16825
0.120400000955,2.137
0.120410000955,2.137
0.120420000955,2.16825
0.120430000955,2.137
0.120440000955,2.137
0.120450000955,2.10575
0.120460000955,2.137
0.120470000955,2.137
0.120480000955,2.0745
0.120490000955,2.16825
0.120500000955,2.16825
0.120510000955,2.137
0.120520000955,2.137
0.120530000955,2.16825
0.120540000955,2.137
0.120550000955,2.137
0.120560000955,2.16825
0.120570000955,2.137
0.120580000955,2.10575
0.120590000955,2.16825
0.120600000955,2.137
0.120610000955,2.137
0.120620000955,2.10575
0.120630000955,2.10575
0.120640000955,2.16825
0.120650000955,2.10575
0.120660000955,2.16825
0.120670000955,2.10575
0.120680000955,2.16825
0.120690000955,2.137
0.120700000955,2.137
0.120710000955,2.16825
0.120720000955,2.16825
0.120730000955,2.137
0.120740000955,2.16825
0.120750000955,2.137
0.120760000955,2.137
0.120770000955,2.137
0.120780000955,2.137
0.120790000955,2.10575
0.120800000955,2.16825
0.120810000955,2.16825
0.120820000955,2.16825
0.120830000955,2.137
0.120840000955,2.16825
0.120850000955,2.16825
0.120860000955,2.16825
0.120870000955,2.137
0.120880000955,2.137
0.120890000955,2.137
0.120900000955,2.137
0.120910000955,2.137
0.120920000955,2.16825
0.120930000955,2.137
0.120940000955,2.16825
0.120950000955,2.10575
0.120960000955,2.10575
0.120970000955,2.137
0.120980000955,2.137
0.120990000955,2.137
0.121000000955,2.137
0.121010000955,2.10575
0.121020000955,2.137
0.121030000955,2.137
0.121040000955,2.10575
0.121050000955,2.10575
0.121060000955,2.137
0.121070000955,2.137
0.121080000955,2.137
0.121090000955,2.137
0.121100000955,2.137
0.121110000955,2.137
0.121120000955,2.16825
0.121130000955,2.137
0.121140000955,2.137
0.121150000955,2.10575
0.121160000955,2.137
0.121170000955,2.16825
0.121180000955,2.16825
0.121190000955,2.10575
0.121200000955,2.137
0.121210000955,2.137
0.121220000955,2.10575
0.121230000955,2.137
0.121240000955,2.137
0.121250000955,2.137
0.121260000955,2.10575
0.121270000955,2.137
0.121280000955,2.137
0.121290000955,2.10575
0.121300000955,2.137
0.121310000955,2.137
0.121320000955,2.137
0.121330000955,2.137
0.121340000955,2.10575
0.121350000955,2.137
0.121360000955,2.16825
0.121370000955,2.10575
0.121380000955,2.16825
0.121390000955,2.137
0.121400000955,2.137
0.121410000955,2.10575
0.121420000955,2.137
0.121430000955,2.16825
0.121440000955,2.137
0.121450000955,2.16825
0.121460000955,2.16825
0.121470000955,2.137
0.121480000955,2.10575
0.121490000955,2.137
0.121500000955,2.10575
0.121510000955,2.137
0.121520000955,2.137
0.121530000955,2.137
0.121540000955,2.16825
0.121550000955,2.16825
0.121560000955,2.137
0.121570000955,2.137
0.121580000955,2.10575
0.121590000955,2.10575
0.121600000955,2.137
0.121610000955,2.10575
0.121620000955,2.0745
0.121630000955,2.137
0.121640000955,2.10575
0.121650000955,2.137
0.121660000955,2.137
0.121670000955,2.137
0.121680000955,2.10575
0.121690000955,2.137
0.121700000955,2.137
0.121710000955,2.16825
0.121720000955,2.10575
0.121730000955,2.10575
0.121740000955,2.10575
0.121750000955,2.137
0.121760000955,2.137
0.121770000955,2.16825
0.121780000955,2.0745
0.121790000955,2.137
0.121800000955,2.10575
0.121810000955,2.10575
0.121820000955,2.10575
0.121830000955,2.137
0.121840000955,2.137
0.121850000955,2.16825
0.121860000955,2.10575
0.121870000955,2.10575
0.121880000955,2.10575
0.121890000955,2.137
0.121900000955,2.137
0.121910000955,2.10575
0.121920000955,2.10575
0.121930000955,2.137
0.121940000955,2.137
0.121950000955,2.10575
0.121960000955,2.137
0.121970000955,2.137
0.121980000955,2.137
0.121990000955,2.137
0.122000000955,2.16825
0.122010000955,2.10575
0.122020000955,2.10575
0.122030000955,2.137
0.122040000955,2.10575
0.122050000955,2.137
0.122060000955,2.137
0.122070000955,2.137
0.122080000955,2.137
0.122090000955,2.137
0.122100000955,2.10575
0.122110000955,2.137
0.122120000955,2.137
0.122130000955,2.10575
0.122140000955,2.137
0.122150000955,2.16825
0.122160000955,2.10575
0.122170000955,2.10575
0.122180000955,2.137
0.122190000955,2.16825
0.122200000955,2.137
0.122210000955,2.137
0.122220000955,2.16825
0.122230000955,2.10575
0.122240000955,2.10575
0.122250000955,2.137
0.122260000955,2.10575
0.122270000955,2.10575
0.122280000955,2.137
0.122290000955,2.10575
0.122300000955,2.137
0.122310000955,2.137
0.122320000955,2.137
0.122330000955,2.10575
0.122340000955,2.10575
0.122350000955,2.137
0.122360000955,2.137
0.122370000955,2.137
0.122380000955,2.137
0.122390000955,2.137
0.122400000955,2.137
0.122410000955,2.137
0.122420000955,2.10575
0.122430000955,2.137
0.122440000955,2.16825
0.122450000955,2.0745
0.122460000955,2.10575
0.122470000955,2.137
0.122480000955,2.10575
0.122490000955,2.137
0.122500000955,2.16825
0.122510000955,2.16825
0.122520000955,2.16825
0.122530000955,2.10575
0.122540000955,2.10575
0.122550000955,2.137
0.122560000955,2.10575
0.122570000955,2.10575
0.122580000955,2.10575
0.122590000955,2.137
0.122600000955,2.137
0.122610000955,2.10575
0.122620000955,2.10575
0.122630000955,2.137
0.122640000955,2.10575
0.122650000955,2.137
0.122660000955,2.10575
0.122670000955,2.10575
0.122680000955,2.10575
0.122690000955,2.137
0.122700000955,2.16825
0.122710000955,2.10575
0.122720000955,2.10575
0.122730000955,2.137
0.122740000955,2.16825
0.122750000955,2.10575
0.122760000955,2.10575
0.122770000955,2.10575
0.122780000955,2.137
0.122790000955,2.0745
0.122800000955,2.10575
0.122810000955,2.137
0.122820000955,2.16825
0.122830000955,2.137
0.122840000955,2.137
0.122850000955,2.10575
0.122860000955,2.137
0.122870000955,2.10575
0.122880000955,2.0745
0.122890000955,2.10575
0.122900000955,2.10575
0.122910000955,2.10575
0.122920000955,2.10575
0.122930000955,2.16825
0.122940000955,2.10575
0.122950000955,2.137
0.122960000955,2.10575
0.122970000955,2.137
0.122980000955,2.10575
0.122990000955,2.10575
0.123000000955,2.137
0.123010000955,2.10575
0.123020000955,2.137
0.123030000955,2.10575
0.123040000955,2.137
0.123050000955,2.137
0.123060000955,2.137
0.123070000955,2.137
0.123080000955,2.137
0.123090000955,2.137
0.123100000955,2.137
0.123110000955,2.137
0.123120000955,2.137
0.123130000955,2.10575
0.123140000955,2.10575
0.123150000955,2.10575
0.123160000955,2.10575
0.123170000955,2.10575
0.123180000955,2.137
0.123190000955,2.10575
0.123200000955,2.137
0.123210000955,2.10575
0.123220000955,2.137
0.123230000955,2.10575
0.123240000955,2.10575
0.123250000955,2.10575
0.123260000955,2.137
0.123270000955,2.10575
0.123280000955,2.10575
0.123290000955,2.10575
0.123300000955,2.137
0.123310000955,2.10575
0.123320000955,2.137
0.123330000955,2.10575
0.123340000955,2.10575
0.123350000955,2.10575
0.123360000955,2.137
0.123370000955,2.10575
0.123380000955,2.137
0.123390000955,2.10575
0.123400000955,2.10575
0.123410000955,2.137
0.123420000955,2.10575
0.123430000955,2.137
0.123440000955,2.137
0.123450000955,2.0745
0.123460000955,2.10575
0.123470000955,2.10575
0.123480000955,2.10575
0.123490000955,2.137
0.123500000955,2.137
0.123510000955,2.10575
0.123520000955,2.10575
0.123530000955,2.10575
0.123540000955,2.137
0.123550000955,2.137
0.123560000955,2.10575
0.123570000955,2.10575
0.123580000955,2.137
0.123590000955,2.10575
0.123600000955,2.10575
0.123610000955,2.10575
0.123620000955,2.0745
0.123630000955,2.137
0.123640000955,2.10575
0.123650000955,2.137
0.123660000955,2.10575
0.123670000955,2.10575
0.123680000955,2.137
0.123690000955,2.10575
0.123700000955,2.10575
0.123710000955,2.10575
0.123720000955,2.10575
0.123730000955,2.10575
0.123740000955,2.137
0.123750000955,2.137
0.123760000955,2.0745
0.123770000955,2.137
0.123780000955,2.10575
0.123790000955,2.10575
0.123800000955,2.137
0.123810000955,2.137
0.123820000955,2.137
0.123830000955,2.10575
0.123840000955,2.137
0.123850000955,2.10575
0.123860000955,2.10575
0.123870000955,2.137
0.123880000955,2.10575
0.123890000955,2.137
0.123900000955,2.10575
0.123910000955,2.10575
0.123920000955,2.137
0.123930000955,2.0745
0.123940000955,2.10575
0.123950000955,2.10575
0.123960000955,2.137
0.123970000955,2.10575
0.123980000955,2.10575
0.123990000955,2.10575
0.124000000955,2.137
0.124010000955,2.137
0.124020000955,2.10575
0.124030000955,2.10575
0.124040000955,2.137
0.124050000955,2.137
0.124060000955,2.0745
0.124070000955,2.0745
0.124080000955,2.10575
0.124090000955,2.137
0.124100000955,2.137
0.124110000955,2.137
0.124120000955,2.10575
0.124130000955,2.137
0.124140000955,2.137
0.124150000955,2.137
0.124160000955,2.10575
0.124170000955,2.10575
0.124180000955,2.0745
0.124190000955,2.10575
0.124200000955,2.137
0.124210000955,2.10575
0.124220000955,2.0745
0.124230000955,2.137
0.124240000955,2.10575
0.124250000955,2.10575
0.124260000955,2.0745
0.124270000955,2.10575
0.124280000955,2.0745
0.124290000955,2.10575
0.124300000955,2.137
0.124310000955,2.137
0.124320000955,2.137
0.124330000955,2.10575
0.124340000955,2.10575
0.124350000955,2.10575
0.124360000955,2.0745
0.124370000955,2.137
0.124380000955,2.10575
0.124390000955,2.10575
0.124400000955,2.137
0.124410000955,2.137
0.124420000955,2.10575
0.124430000955,2.10575
0.124440000955,2.10575
0.124450000955,2.10575
0.124460000955,2.10575
0.124470000955,2.0745
0.124480000955,2.137
0.124490000955,2.10575
0.124500000955,2.10575
0.124510000955,2.137
0.124520000955,2.10575
0.124530000955,2.137
0.124540000955,2.0745
0.124550000955,2.0745
0.124560000955,2.10575
0.124570000955,2.10575
0.124580000955,2.137
0.124590000955,2.10575
0.124600000955,2.0745
0.124610000955,2.10575
0.124620000955,2.10575
0.124630000955,2.10575
0.124640000955,2.10575
0.124650000955,2.10575
0.124660000955,2.137
0.124670000955,2.10575
0.124680000955,2.137
0.124690000955,2.137
0.124700000955,2.10575
0.124710000955,2.10575
0.124720000955,2.10575
0.124730000955,2.10575
0.124740000955,2.137
0.124750000955,2.10575
0.124760000955,2.0745
0.124770000955,2.0745
0.124780000955,2.0745
0.124790000955,2.137
0.124800000955,2.10575
0.124810000955,2.10575
0.124820000955,2.10575
0.124830000955,2.137
0.124840000955,2.137
0.124850000955,2.10575
0.124860000955,2.137
0.124870000955,2.10575
0.124880000955,2.10575
0.124890000955,2.137
0.124900000955,2.0745
0.124910000955,2.10575
0.124920000955,2.10575
0.124930000955,2.10575
0.124940000955,2.137
0.124950000955,2.10575
0.124960000955,2.10575
0.124970000955,2.10575
0.124980000955,2.10575
0.124990000955,2.10575
0.125000000955,2.0745
0.125010000955,2.0745
0.125020000955,2.137
0.125030000955,2.10575
0.125040000955,2.10575
0.125050000955,2.137
0.125060000955,2.137
0.125070000955,2.10575
0.125080000955,2.10575
0.125090000955,2.10575
0.125100000955,2.10575
0.125110000955,2.10575
0.125120000955,2.10575
0.125130000955,2.10575
0.125140000955,2.10575
0.125150000955,2.137
0.125160000955,2.10575
0.125170000955,2.10575
0.125180000955,2.10575
0.125190000955,2.10575
0.125200000955,2.10575
0.125210000955,2.137
0.125220000955,2.10575
0.125230000955,2.0745
0.125240000955,2.10575
0.125250000955,2.10575
0.125260000955,2.137
0.125270000955,2.137
0.125280000955,2.137
0.125290000955,2.10575
0.125300000955,2.10575
0.125310000955,2.137
0.125320000955,2.10575
0.125330000955,2.137
0.125340000955,2.10575
0.125350000955,2.137
0.125360000955,2.10575
0.125370000955,2.10575
0.125380000955,2.137
0.125390000955,2.10575
0.125400000955,2.10575
0.125410000955,2.10575
0.125420000955,2.10575
0.125430000955,2.10575
0.125440000955,2.0745
0.125450000955,2.10575
0.125460000955,2.10575
0.125470000955,2.10575
0.125480000955,2.137
0.125490000955,2.137
0.125500000955,2.137
0.125510000955,2.10575
0.125520000955,2.10575
0.125530000955,2.10575
0.125540000955,2.10575
0.125550000955,2.10575
0.125560000955,2.137
0.125570000955,2.16825
0.125580000955,2.10575
0.125590000955,2.10575
0.125600000955,2.10575
0.125610000955,2.10575
0.125620000955,2.10575
0.125630000955,2.10575
0.125640000955,2.0745
0.125650000955,2.137
0.125660000955,2.0745
0.125670000955,2.137
0.125680000955,2.137
0.125690000955,2.10575
0.125700000955,2.10575
0.125710000955,2.10575
0.125720000955,2.137
0.125730000955,2.10575
0.125740000955,2.10575
0.125750000955,2.10575
0.125760000955,2.10575
0.125770000955,2.10575
0.125780000955,2.10575
0.125790000955,2.137
0.125800000955,2.0745
0.125810000955,2.0745
0.125820000955,2.10575
0.125830000955,2.137
0.125840000955,2.10575
0.125850000955,2.10575
0.125860000955,2.10575
0.125870000955,2.10575
0.125880000955,2.137
0.125890000955,2.10575
0.125900000955,2.137
0.125910000955,2.10575
0.125920000955,2.137
0.125930000955,2.10575
0.125940000955,2.0745
0.125950000955,2.0745
0.125960000955,2.10575
0.125970000955,2.10575
0.125980000955,2.10575
0.125990000955,2.137
0.126000000955,2.10575
0.126010000955,2.10575
0.126020000955,2.10575
0.126030000955,2.0745
0.126040000955,2.10575
0.126050000955,2.0745
0.126060000955,2.137
0.126070000955,2.10575
0.126080000955,2.10575
0.126090000955,2.137
0.126100000955,2.10575
0.126110000955,2.10575
0.126120000955,2.10575
0.126130000955,2.10575
0.126140000955,2.137
0.126150000955,2.137
0.126160000955,2.10575
0.126170000955,2.137
0.126180000955,2.137
0.126190000955,2.10575
0.126200000955,2.10575
0.126210000955,2.10575
0.126220000955,2.10575
0.126230000955,2.137
0.126240000955,2.10575
0.126250000955,2.10575
0.126260000955,2.10575
0.126270000955,2.10575
0.126280000955,2.10575
0.126290000955,2.10575
0.126300000955,2.10575
0.126310000955,2.0745
0.126320000955,2.137
0.126330000955,2.137
0.126340000955,2.137
0.126350000955,2.10575
0.126360000955,2.10575
0.126370000955,2.137
0.126380000955,2.137
0.126390000955,2.0745
0.126400000955,2.137
0.126410000955,2.137
0.126420000955,2.10575
0.126430000955,2.10575
0.126440000955,2.137
0.126450000955,2.10575
0.126460000955,2.10575
0.126470000955,2.137
0.126480000955,2.0745
0.126490000955,2.10575
0.126500000955,2.10575
0.126510000955,2.10575
0.126520000955,2.10575
0.126530000955,2.10575
0.126540000955,2.10575
0.126550000955,2.10575
0.126560000955,2.137
0.126570000955,2.137
0.126580000955,2.10575
0.126590000955,2.137
0.126600000955,2.10575
0.126610000955,2.10575
0.126620000955,2.10575
0.126630000955,2.137
0.126640000955,2.10575
0.126650000955,2.10575
0.126660000955,2.10575
0.126670000955,2.10575
0.126680000955,2.137
0.126690000955,2.137
0.126700000955,2.10575
0.126710000955,2.10575
0.126720000955,2.10575
0.126730000955,2.10575
0.126740000955,2.0745
0.126750000955,2.0745
0.126760000955,2.10575
0.126770000955,2.10575
0.126780000955,2.10575
0.126790000955,2.10575
0.126800000955,2.137
0.126810000955,2.16825
0.126820000955,2.10575
0.126830000955,2.10575
0.126840000955,2.10575
0.126850000955,2.10575
0.126860000955,2.10575
0.126870000955,2.10575
0.126880000955,2.10575
0.126890000955,2.10575
0.126900000955,2.137
0.126910000955,2.10575
0.126920000955,2.137
0.126930000955,2.0745
0.126940000955,2.10575
0.126950000955,2.10575
0.126960000955,2.10575
0.126970000955,2.10575
0.126980000955,2.10575
0.126990000955,2.0745
0.127000000955,2.0745
0.127010000955,2.137
0.127020000955,2.10575
0.127030000955,2.10575
0.127040000955,2.137
0.127050000955,2.10575
0.127060000955,2.10575
0.127070000955,2.137
0.127080000955,2.137
0.127090000955,2.10575
0.127100000955,2.137
0.127110000955,2.10575
0.127120000955,2.137
0.127130000955,2.137
0.127140000955,2.10575
0.127150000955,2.10575
0.127160000955,2.10575
0.127170000955,2.137
0.127180000955,2.10575
0.127190000955,2.10575
0.127200000955,2.10575
0.127210000955,2.10575
0.127220000955,2.10575
0.127230000955,2.137
0.127240000955,2.10575
0.127250000955,2.10575
0.127260000955,2.137
0.127270000955,2.10575
0.127280000955,2.137
0.127290000955,2.137
0.127300000955,2.10575
0.127310000955,2.10575
0.127320000955,2.137
0.127330000955,2.10575
0.127340000955,2.10575
0.127350000955,2.137
0.127360000955,2.10575
0.127370000955,2.10575
0.127380000955,2.10575
0.127390000955,2.137
0.127400000955,2.137
0.127410000955,2.0745
0.127420000955,2.10575
0.127430000955,2.10575
0.127440000955,2.0745
0.127450000955,2.137
0.127460000955,2.10575
0.127470000955,2.10575
0.127480000955,2.137
0.127490000955,2.10575
0.127500000955,2.137
0.127510000955,2.0745
0.127520000955,2.137
0.127530000955,2.10575
0.127540000955,2.10575
0.127550000955,2.10575
0.127560000955,2.10575
0.127570000955,2.10575
0.127580000955,2.137
0.127590000955,2.0745
0.127600000955,2.137
0.127610000955,2.10575
0.127620000955,2.137
0.127630000955,2.10575
0.127640000955,2.10575
0.127650000955,2.137
0.127660000955,2.0745
0.127670000955,2.137
0.127680000955,2.137
0.127690000955,2.10575
0.127700000955,2.10575
0.127710000955,2.137
0.127720000955,2.137
0.127730000955,2.16825
0.127740000955,2.10575
0.127750000955,2.10575
0.127760000955,2.10575
0.127770000955,2.10575
0.127780000955,2.10575
0.127790000955,2.10575
0.127800000955,2.10575
0.127810000955,2.10575
0.127820000955,2.137
0.127830000955,2.10575
0.127840000955,2.10575
0.127850000955,2.0745
0.127860000955,2.0745
0.127870000955,2.10575
0.127880000955,2.10575
0.127890000955,2.10575
0.127900000955,2.10575
0.127910000955,2.137
0.127920000955,2.10575
0.127930000955,2.0745
0.127940000955,2.10575
0.127950000955,2.137
0.127960000955,2.0745
0.127970000955,2.10575
0.127980000955,2.10575
0.127990000955,2.10575
0.128000000955,2.10575
0.128010000955,2.10575
0.128020000955,2.10575
0.128030000955,2.10575
0.128040000955,2.10575
0.128050000955,2.10575
0.128060000955,2.137
0.128070000955,2.10575
0.128080000955,2.16825
0.128090000955,2.10575
0.128100000955,2.137
0.128110000955,2.0745
0.128120000955,2.137
0.128130000955,2.137
0.128140000955,2.137
0.128150000955,2.137
0.128160000955,2.10575
0.128170000955,2.10575
0.128180000955,2.10575
0.128190000955,2.137
0.128200000955,2.10575
0.128210000955,2.10575
0.128220000955,2.16825
0.128230000955,2.137
0.128240000955,2.16825
0.128250000955,2.0745
0.128260000955,2.10575
0.128270000955,2.10575
0.128280000955,2.137
0.128290000955,2.10575
0.128300000955,2.137
0.128310000955,2.16825
0.128320000955,2.10575
0.128330000955,2.16825
0.128340000955,2.137
0.128350000955,2.10575
0.128360000955,2.137
0.128370000955,2.137
0.128380000955,2.137
0.128390000955,2.10575
0.128400000955,2.10575
0.128410000955,2.10575
0.128420000955,2.10575
0.128430000955,2.137
0.128440000955,2.10575
0.128450000955,2.137
0.128460000955,2.137
0.128470000955,2.137
0.128480000955,2.137
0.128490000955,2.137
0.128500000955,2.137
0.128510000955,2.137
0.128520000955,2.10575
0.128530000955,2.10575
0.128540000955,2.137
0.128550000955,2.137
0.128560000955,2.10575
0.128570000955,2.10575
0.128580000955,2.10575
0.128590000955,2.10575
0.128600000955,2.137
0.128610000955,2.16825
0.128620000955,2.10575
0.128630000955,2.10575
0.128640000955,2.137
0.128650000955,2.137
0.128660000955,2.137
0.128670000955,2.10575
0.128680000955,2.10575
0.128690000955,2.16825
0.128700000955,2.137
0.128710000955,2.16825
0.128720000955,2.137
0.128730000955,2.10575
0.128740000955,2.10575
0.128750000955,2.10575
0.128760000955,2.137
0.128770000955,2.137
0.128780000955,2.137
0.128790000955,2.10575
0.128800000955,2.10575
0.128810000955,2.137
0.128820000955,2.137
0.128830000955,2.10575
0.128840000955,2.10575
0.128850000955,2.10575
0.128860000955,2.10575
0.128870000955,2.10575
0.128880000955,2.137
0.128890000955,2.10575
0.128900000955,2.137
0.128910000955,2.10575
0.128920000955,2.0745
0.128930000955,2.10575
0.128940000955,2.137
0.128950000955,2.137
0.128960000955,2.137
0.128970000955,2.10575
0.128980000955,2.137
0.128990000955,2.137
0.129000000955,2.137
0.129010000955,2.137
0.129020000955,2.10575
0.129030000955,2.10575
0.129040000955,2.10575
0.129050000955,2.10575
0.129060000955,2.137
0.129070000955,2.10575
0.129080000955,2.137
0.129090000955,2.137
0.129100000955,2.0745
0.129110000955,2.16825
0.129120000955,2.10575
0.129130000955,2.137
0.129140000955,2.137
0.129150000955,2.10575
0.129160000955,2.10575
0.129170000955,2.10575
0.129180000955,2.10575
0.129190000955,2.10575
0.129200000955,2.10575
0.129210000955,2.10575
0.129220000955,2.10575
0.129230000955,2.137
0.129240000955,2.10575
0.129250000955,2.137
0.129260000955,2.10575
0.129270000955,2.137
0.129280000955,2.10575
0.129290000955,2.137
0.129300000955,2.10575
0.129310000955,2.10575
0.129320000955,2.10575
0.129330000955,2.10575
0.129340000955,2.137
0.129350000955,2.137
0.129360000955,2.10575
0.129370000955,2.10575
0.129380000955,2.137
0.129390000955,2.137
0.129400000955,2.10575
0.129410000955,2.10575
0.129420000955,2.10575
0.129430000955,2.137
0.129440000955,2.10575
0.129450000955,2.137
0.129460000955,2.10575
0.129470000955,2.10575
0.129480000955,2.137
0.129490000955,2.137
0.129500000955,2.10575
0.129510000955,2.137
0.129520000955,2.10575
0.129530000955,2.137
0.129540000955,2.16825
0.129550000955,2.10575
0.129560000955,2.10575
0.129570000955,2.10575
0.129580000955,2.10575
0.129590000955,2.137
0.129600000955,2.137
0.129610000955,2.10575
0.129620000955,2.10575
0.129630000955,2.10575
0.129640000955,2.10575
0.129650000955,2.10575
0.129660000955,2.137
0.129670000955,2.0745
0.129680000955,2.137
0.129690000955,2.137
0.129700000955,2.10575
0.129710000955,2.10575
0.129720000955,2.137
0.129730000955,2.10575
0.129740000955,2.137
0.129750000955,2.10575
0.129760000955,2.10575
0.129770000955,2.10575
0.129780000955,2.137
0.129790000955,2.10575
0.129800000955,2.137
0.129810000955,2.137
0.129820000955,2.137
0.129830000955,2.10575
0.129840000955,2.10575
0.129850000955,2.10575
0.129860000955,2.137
0.129870000955,2.10575
0.129880000955,2.10575
0.129890000955,2.0745
0.129900000955,2.0745
0.129910000955,2.10575
0.129920000955,2.137
0.129930000955,2.137
0.129940000955,2.137
0.129950000955,2.10575
0.129960000955,2.10575
0.129970000955,2.137
0.129980000955,2.137
0.129990000955,2.137
0.130000000955,2.137
0.130010000955,2.10575
0.130020000955,2.10575
0.130030000955,2.10575
0.130040000955,2.137
0.130050000955,2.10575
0.130060000955,2.137
0.130070000955,2.10575
0.130080000955,2.137
0.130090000955,2.137
0.130100000955,2.137
0.130110000955,2.137
0.130120000955,2.137
0.130130000955,2.137
0.130140000955,2.10575
0.130150000955,2.10575
0.130160000955,2.137
0.130170000955,2.10575
0.130180000955,2.137
0.130190000955,2.137
0.130200000955,2.137
0.130210000955,2.10575
0.130220000955,2.137
0.130230000955,2.10575
0.130240000955,2.137
0.130250000955,2.137
0.130260000955,2.10575
0.130270000955,2.137
0.130280000955,2.10575
0.130290000955,2.10575
0.130300000955,2.137
0.130310000955,2.137
0.130320000955,2.10575
0.130330000955,2.10575
0.130340000955,2.10575
0.130350000955,2.10575
0.130360000955,2.137
0.130370000955,2.137
0.130380000955,2.10575
0.130390000955,2.137
0.130400000955,2.10575
0.130410000955,2.10575
0.130420000955,2.10575
0.130430000955,2.137
0.130440000955,2.137
0.130450000955,2.10575
0.130460000955,2.10575
0.130470000955,2.10575
0.130480000955,2.10575
0.130490000955,2.137
0.130500000955,2.16825
0.130510000955,2.10575
0.130520000955,2.10575
0.130530000955,2.10575
0.130540000955,2.10575
0.130550000955,2.137
0.130560000955,2.137
0.130570000955,2.0745
0.130580000955,2.10575
0.130590000955,2.137
0.130600000955,2.137
0.130610000955,2.10575
0.130620000955,2.10575
0.130630000955,2.137
0.130640000955,2.10575
0.130650000955,2.137
0.130660000955,2.10575
0.130670000955,2.137
0.130680000955,2.137
0.130690000955,2.10575
0.130700000955,2.137
0.130710000955,2.10575
0.130720000955,2.10575
0.130730000955,2.10575
0.130740000955,2.10575
0.130750000955,2.10575
0.130760000955,2.10575
0.130770000955,2.137
0.130780000955,2.10575
0.130790000955,2.137
0.130800000955,2.10575
0.130810000955,2.10575
0.130820000955,2.137
0.130830000955,2.10575
0.130840000955,2.137
0.130850000955,2.137
0.130860000955,2.10575
0.130870000955,2.0745
0.130880000955,2.137
0.130890000955,2.137
0.130900000955,2.137
0.130910000955,2.137
0.130920000955,2.10575
0.130930000955,2.10575
0.130940000955,2.137
0.130950000955,2.137
0.130960000955,2.137
0.130970000955,2.137
0.130980000955,2.137
0.130990000955,2.0745
0.131000000955,2.137
0.131010000955,2.0745
0.131020000955,2.10575
0.131030000955,2.10575
0.131040000955,2.10575
0.131050000955,2.137
0.131060000955,2.10575
0.131070000955,2.10575
0.131080000955,2.10575
0.131090000955,2.137
0.131100000955,2.137
0.131110000955,2.10575
0.131120000955,2.10575
0.131130000955,2.137
0.131140000955,2.10575
0.131150000955,2.0745
0.131160000955,2.137
0.131170000955,2.137
0.131180000955,2.10575
0.131190000955,2.137
0.131200000955,2.137
0.131210000955,2.137
0.131220000955,2.10575
0.131230000955,2.10575
0.131240000955,2.137
0.131250000955,2.137
0.131260000955,2.10575
0.131270000955,2.10575
0.131280000955,2.10575
0.131290000955,2.137
0.131300000955,2.10575
0.131310000955,2.137
0.131320000955,2.137
0.131330000955,2.137
0.131340000955,2.137
0.131350000955,2.10575
0.131360000955,2.137
0.131370000955,2.137
0.131380000955,2.10575
0.131390000955,2.137
0.131400000955,2.16825
0.131410000955,2.10575
0.131420000955,2.10575
0.131430000955,2.10575
0.131440000955,2.0745
0.131450000955,2.10575
0.131460000955,2.10575
0.131470000955,2.10575
0.131480000955,2.10575
0.131490000955,2.137
0.131500000955,2.10575
0.131510000955,2.137
0.131520000955,2.16825
0.131530000955,2.137
0.131540000955,2.137
0.131550000955,2.10575
0.131560000955,2.10575
0.131570000955,2.10575
0.131580000955,2.10575
0.131590000955,2.10575
0.131600000955,2.10575
0.131610000955,2.137
0.131620000955,2.137
0.131630000955,2.16825
0.131640000955,2.137
0.131650000955,2.137
0.131660000955,2.137
0.131670000955,2.137
0.131680000955,2.137
0.131690000955,2.10575
0.131700000955,2.0745
0.131710000955,2.137
0.131720000955,2.10575
0.131730000955,2.137
0.131740000955,2.16825
0.131750000955,2.137
0.131760000955,2.10575
0.131770000955,2.137
0.131780000955,2.10575
0.131790000955,2.10575
0.131800000955,2.10575
0.131810000955,2.137
0.131820000955,2.137
0.131830000955,2.10575
0.131840000955,2.137
0.131850000955,2.137
0.131860000955,2.137
0.131870000955,2.16825
0.131880000955,2.0745
0.131890000955,2.137
0.131900000955,2.137
0.131910000955,2.10575
0.131920000955,2.10575
0.131930000955,2.10575
0.131940000955,2.10575
0.131950000955,2.137
0.131960000955,2.137
0.131970000955,2.137
0.131980000955,2.137
0.131990000955,2.10575
0.132000000955,2.137
0.132010000955,2.137
0.132020000955,2.0745
0.132030000955,2.10575
0.132040000955,2.137
0.132050000955,2.10575
0.132060000955,2.137
0.132070000955,2.137
0.132080000955,2.137
0.132090000955,2.10575
0.132100000955,2.10575
0.132110000955,2.10575
0.132120000955,2.137
0.132130000955,2.10575
0.132140000955,2.137
0.132150000955,2.137
0.132160000955,2.137
0.132170000955,2.137
0.132180000955,2.137
0.132190000955,2.0745
0.132200000955,2.10575
0.132210000955,2.137
0.132220000955,2.137
0.132230000955,2.137
0.132240000955,2.137
0.132250000955,2.10575
0.132260000955,2.16825
0.132270000955,2.10575
0.132280000955,2.137
0.132290000955,2.10575
0.132300000955,2.0745
0.132310000955,2.137
0.132320000955,2.137
0.132330000955,2.16825
0.132340000955,2.137
0.132350000955,2.137
0.132360000955,2.10575
0.132370000955,2.0745
0.132380000955,2.10575
0.132390000955,2.137
0.132400000955,2.137
0.132410000955,2.137
0.132420000955,2.10575
0.132430000955,2.137
0.132440000955,2.10575
0.132450000955,2.10575
0.132460000955,2.10575
0.132470000955,2.137
0.132480000955,2.137
0.132490000955,2.137
0.132500000955,2.10575
0.132510000955,2.10575
0.132520000955,2.137
0.132530000955,2.137
0.132540000955,2.16825
0.132550000955,2.137
0.132560000955,2.10575
0.132570000955,2.10575
0.132580000955,2.10575
0.132590000955,2.10575
0.132600000955,2.137
0.132610000955,2.10575
0.132620000955,2.137
0.132630000955,2.137
0.132640000955,2.137
0.132650000955,2.10575
0.132660000955,2.10575
0.132670000955,2.137
0.132680000955,2.137
0.132690000955,2.137
0.132700000955,2.10575
0.132710000955,2.10575
0.132720000955,2.137
0.132730000955,2.137
0.132740000955,2.137
0.132750000955,2.10575
0.132760000955,2.10575
0.132770000955,2.137
0.132780000955,2.10575
0.132790000955,2.16825
0.132800000955,2.137
0.132810000955,2.137
0.132820000955,2.137
0.132830000955,2.137
0.132840000955,2.137
0.132850000955,2.137
0.132860000955,2.137
0.132870000955,2.10575
0.132880000955,2.137
0.132890000955,2.137
0.132900000955,2.137
0.132910000955,2.10575
0.132920000955,2.137
0.132930000955,2.10575
0.132940000955,2.137
0.132950000955,2.10575
0.132960000955,2.10575
0.132970000955,2.10575
0.132980000955,2.137
0.132990000955,2.10575
0.133000000955,2.137
0.133010000955,2.10575
0.133020000955,2.10575
0.133030000955,2.137
0.133040000955,2.137
0.133050000955,2.137
0.133060000955,2.10575
0.133070000955,2.137
0.133080000955,2.16825
0.133090000955,2.137
0.133100000955,2.137
0.133110000955,2.10575
0.133120000955,2.10575
0.133130000955,2.10575
0.133140000955,2.10575
0.133150000955,2.137
0.133160000955,2.137
0.133170000955,2.10575
0.133180000955,2.137
0.133190000955,2.137
0.133200000955,2.10575
0.133210000955,2.10575
0.133220000955,2.10575
0.133230000955,2.137
0.133240000955,2.137
0.133250000955,2.10575
0.133260000955,2.10575
0.133270000955,2.137
0.133280000955,2.137
0.133290000955,2.10575
0.133300000955,2.137
0.133310000955,2.137
0.133320000955,2.137
0.133330000955,2.137
0.133340000955,2.137
0.133350000955,2.16825
0.133360000955,2.137
0.133370000955,2.137
0.133380000955,2.137
0.133390000955,2.10575
0.133400000955,2.137
0.133410000955,2.137
0.133420000955,2.16825
0.133430000955,2.137
0.133440000955,2.137
0.133450000955,2.137
0.133460000955,2.137
0.133470000955,2.137
0.133480000955,2.137
0.133490000955,2.137
0.133500000955,2.10575
0.133510000955,2.137
0.133520000955,2.10575
0.133530000955,2.10575
0.133540000955,2.137
0.133550000955,2.10575
0.133560000955,2.137
0.133570000955,2.137
0.133580000955,2.10575
0.133590000955,2.137
0.133600000955,2.137
0.133610000955,2.137
0.133620000955,2.137
0.133630000955,2.10575
0.133640000955,2.16825
0.133650000955,2.10575
0.133660000955,2.0745
0.133670000955,2.137
0.133680000955,2.137
0.133690000955,2.137
0.133700000955,2.137
0.133710000955,2.10575
0.133720000955,2.137
0.133730000955,2.10575
0.133740000955,2.137
0.133750000955,2.137
0.133760000955,2.137
0.133770000955,2.137
0.133780000955,2.10575
0.133790000955,2.137
0.133800000955,2.10575
0.133810000955,2.137
0.133820000955,2.137
0.133830000955,2.16825
0.133840000955,2.137
0.133850000955,2.137
0.133860000955,2.137
0.133870000955,2.137
0.133880000955,2.137
0.133890000955,2.10575
0.133900000955,2.137
0.133910000955,2.137
0.133920000955,2.10575
0.133930000955,2.10575
0.133940000955,2.10575
0.133950000955,2.16825
0.133960000955,2.137
0.133970000955,2.137
0.133980000955,2.10575
0.133990000955,2.137
0.134000000955,2.137
0.134010000955,2.137
0.134020000955,2.10575
0.134030000955,2.137
0.134040000955,2.137
0.134050000955,2.137
0.134060000955,2.137
0.134070000955,2.10575
0.134080000955,2.137
0.134090000955,2.10575
0.134100000955,2.137
0.134110000955,2.16825
0.134120000955,2.10575
0.134130000955,2.137
0.134140000955,2.10575
0.134150000955,2.137
0.134160000955,2.10575
0.134170000955,2.16825
0.134180000955,2.10575
0.134190000955,2.137
0.134200000955,2.0745
0.134210000955,2.137
0.134220000955,2.137
0.134230000955,2.137
0.134240000955,2.137
0.134250000955,2.137
0.134260000955,2.16825
0.134270000955,2.10575
0.134280000955,2.137
0.134290000955,2.10575
0.134300000955,2.10575
0.134310000955,2.137
0.134320000955,2.10575
0.134330000955,2.10575
0.134340000955,2.10575
0.134350000955,2.10575
0.134360000955,2.137
0.134370000955,2.137
0.134380000955,2.137
0.134390000955,2.137
0.134400000955,2.10575
0.134410000955,2.137
0.134420000955,2.137
0.134430000955,2.137
0.134440000955,2.16825
0.134450000955,2.137
0.134460000955,2.137
0.134470000955,2.10575
0.134480000955,2.137
0.134490000955,2.10575
0.134500000955,2.10575
0.134510000955,2.10575
0.134520000955,2.137
0.134530000955,2.10575
0.134540000955,2.137
0.134550000955,2.10575
0.134560000955,2.16825
0.134570000955,2.137
0.134580000955,2.10575
0.134590000955,2.10575
0.134600000955,2.10575
0.134610000955,2.10575
0.134620000955,2.10575
0.134630000955,2.10575
0.134640000955,2.137
0.134650000955,2.137
0.134660000955,2.10575
0.134670000955,2.10575
0.134680000955,2.137
0.134690000955,2.0745
0.134700000955,2.137
0.134710000955,2.10575
0.134720000955,2.137
0.134730000955,2.137
0.134740000955,2.137
0.134750000955,2.10575
0.134760000955,2.137
0.134770000955,2.137
0.134780000955,2.137
0.134790000955,2.137
0.134800000955,2.137
0.134810000955,2.10575
0.134820000955,2.10575
0.134830000955,2.10575
0.134840000955,2.10575
0.134850000955,2.137
0.134860000955,2.10575
0.134870000955,2.10575
0.134880000955,2.10575
0.134890000955,2.16825
0.134900000955,2.10575
0.134910000955,2.137
0.134920000955,2.16825
0.134930000955,2.137
0.134940000955,2.16825
0.134950000955,2.137
0.134960000955,2.137
0.134970000955,2.10575
0.134980000955,2.10575
0.134990000955,2.137
0.135000000955,2.16825
0.135010000955,2.16825
0.135020000955,2.137
0.135030000955,2.137
0.135040000955,2.10575
0.135050000955,2.137
0.135060000955,2.10575
0.135070000955,2.10575
0.135080000955,2.10575
0.135090000955,2.10575
0.135100000955,2.137
0.135110000955,2.137
0.135120000955,2.10575
0.135130000955,2.137
0.135140000955,2.137
0.135150000955,2.137
0.135160000955,2.137
0.135170000955,2.16825
0.135180000955,2.137
0.135190000955,2.16825
0.135200000955,2.10575
0.135210000955,2.137
0.135220000955,2.0745
0.135230000955,2.10575
0.135240000955,2.137
0.135250000955,2.0745
0.135260000955,2.137
0.135270000955,2.137
0.135280000955,2.137
0.135290000955,2.16825
0.135300000955,2.10575
0.135310000955,2.137
0.135320000955,2.10575
0.135330000955,2.10575
0.135340000955,2.137
0.135350000955,2.10575
0.135360000955,2.0745
0.135370000955,2.10575
0.135380000955,2.137
0.135390000955,2.10575
0.135400000955,2.10575
0.135410000955,2.137
0.135420000955,2.137
0.135430000955,2.0745
0.135440000955,2.137
0.135450000955,2.10575
0.135460000955,2.10575
0.135470000955,2.10575
0.135480000955,2.137
0.135490000955,2.137
0.135500000955,2.10575
0.135510000955,2.10575
0.135520000955,2.137
0.135530000955,2.137
0.135540000955,2.137
0.135550000955,2.137
0.135560000955,2.10575
0.135570000955,2.137
0.135580000955,2.137
0.135590000955,2.137
0.135600000955,2.10575
0.135610000955,2.137
0.135620000955,2.137
0.135630000955,2.10575
0.135640000955,2.137
0.135650000955,2.137
0.135660000955,2.137
0.135670000955,2.16825
0.135680000955,2.137
0.135690000955,2.137
0.135700000955,2.10575
0.135710000955,2.137
0.135720000955,2.137
0.135730000955,2.10575
0.135740000955,2.137
0.135750000955,2.137
0.135760000955,2.10575
0.135770000955,2.137
0.135780000955,2.16825
0.135790000955,2.10575
0.135800000955,2.137
0.135810000955,2.10575
0.135820000955,2.10575
0.135830000955,2.10575
0.135840000955,2.16825
0.135850000955,2.10575
0.135860000955,2.137
0.135870000955,2.137
0.135880000955,2.137
0.135890000955,2.137
0.135900000955,2.10575
0.135910000955,2.137
0.135920000955,2.137
0.135930000955,2.10575
0.135940000955,2.137
0.135950000955,2.10575
0.135960000955,2.10575
0.135970000955,2.16825
0.135980000955,2.10575
0.135990000955,2.16825
0.136000000955,2.137
0.136010000955,2.137
0.136020000955,2.10575
0.136030000955,2.137
0.136040000955,2.0745
0.136050000955,2.137
0.136060000955,2.10575
0.136070000955,2.16825
0.136080000955,2.10575
0.136090000955,2.137
0.136100000955,2.10575
0.136110000955,2.0745
0.136120000955,2.137
0.136130000955,2.10575
0.136140000955,2.137
0.136150000955,2.10575
0.136160000955,2.137
0.136170000955,2.10575
0.136180000955,2.10575
0.136190000955,2.10575
0.136200000955,2.137
0.136210000955,2.137
0.136220000955,2.137
0.136230000955,2.16825
0.136240000955,2.137
0.136250000955,2.10575
0.136260000955,2.10575
0.136270000955,2.137
0.136280000955,2.137
0.136290000955,2.137
0.136300000955,2.137
0.136310000955,2.10575
0.136320000955,2.137
0.136330000955,2.137
0.136340000955,2.137
0.136350000955,2.10575
0.136360000955,2.10575
0.136370000955,2.10575
0.136380000955,2.10575
0.136390000955,2.10575
0.136400000955,2.137
0.136410000955,2.10575
0.136420000955,2.137
0.136430000955,2.137
0.136440000955,2.137
0.136450000955,2.16825
0.136460000955,2.10575
0.136470000955,2.10575
0.136480000955,2.10575
0.136490000955,2.16825
0.136500000955,2.137
0.136510000955,2.10575
0.136520000955,2.137
0.136530000955,2.10575
0.136540000955,2.137
0.136550000955,2.0745
0.136560000955,2.137
0.136570000955,2.137
0.136580000955,2.137
0.136590000955,2.137
0.136600000955,2.10575
0.136610000955,2.137
0.136620000955,2.10575
0.136630000955,2.137
0.136640000955,2.10575
0.136650000955,2.137
0.136660000955,2.137
0.136670000955,2.10575
0.136680000955,2.10575
0.136690000955,2.10575
0.136700000955,2.10575
0.136710000955,2.16825
0.136720000955,2.137
0.136730000955,2.137
0.136740000955,2.137
0.136750000955,2.137
0.136760000955,2.10575
0.136770000955,2.137
0.136780000955,2.10575
0.136790000955,2.0745
0.136800000955,2.137
0.136810000955,2.137
0.136820000955,2.137
0.136830000955,2.137
0.136840000955,2.137
0.136850000955,2.137
0.136860000955,2.137
0.136870000955,2.10575
0.136880000955,2.10575
0.136890000955,2.137
0.136900000955,2.16825
0.136910000955,2.10575
0.136920000955,2.137
0.136930000955,2.137
0.136940000955,2.137
0.136950000955,2.137
0.136960000955,2.16825
0.136970000955,2.16825
0.136980000955,2.137
0.136990000955,2.137
0.137000000955,2.10575
0.137010000955,2.137
0.137020000955,2.10575
0.137030000955,2.16825
0.137040000955,2.137
0.137050000955,2.137
0.137060000955,2.137
0.137070000955,2.137
0.137080000955,2.10575
0.137090000955,2.137
0.137100000955,2.137
0.137110000955,2.16825
0.137120000955,2.16825
0.137130000955,2.137
0.137140000955,2.10575
0.137150000955,2.10575
0.137160000955,2.137
0.137170000955,2.137
0.137180000955,2.137
0.137190000955,2.137
0.137200000955,2.10575
0.137210000955,2.137
0.137220000955,2.10575
0.137230000955,2.137
0.137240000955,2.10575
0.137250000955,2.10575
0.137260000955,2.137
0.137270000955,2.137
0.137280000955,2.137
0.137290000955,2.137
0.137300000955,2.16825
0.137310000955,2.137
0.137320000955,2.137
0.137330000955,2.10575
0.137340000955,2.137
0.137350000955,2.10575
0.137360000955,2.137
0.137370000955,2.16825
0.137380000955,2.137
0.137390000955,2.16825
0.137400000955,2.16825
0.137410000955,2.10575
0.137420000955,2.137
0.137430000955,2.10575
0.137440000955,2.16825
0.137450000955,2.137
0.137460000955,2.137
0.137470000955,2.137
0.137480000955,2.10575
0.137490000955,2.10575
0.137500000955,2.137
0.137510000955,2.10575
0.137520000955,2.16825
0.137530000955,2.10575
0.137540000955,2.10575
0.137550000955,2.10575
0.137560000955,2.137
0.137570000955,2.10575
0.137580000955,2.137
0.137590000955,2.137
0.137600000955,2.16825
0.137610000955,2.10575
0.137620000955,2.10575
0.137630000955,2.10575
0.137640000955,2.137
0.137650000955,2.10575
0.137660000955,2.137
0.137670000955,2.10575
0.137680000955,2.10575
0.137690000955,2.10575
0.137700000955,2.137
0.137710000955,2.16825
0.137720000955,2.10575
0.137730000955,2.10575
0.137740000955,2.137
0.137750000955,2.137
0.137760000955,2.16825
0.137770000955,2.16825
0.137780000955,2.137
0.137790000955,2.137
0.137800000955,2.137
0.137810000955,2.137
0.137820000955,2.137
0.137830000955,2.10575
0.137840000955,2.0745
0.137850000955,2.137
0.137860000955,2.137
0.137870000955,2.10575
0.137880000955,2.137
0.137890000955,2.16825
0.137900000955,2.137
0.137910000955,2.137
0.137920000955,2.137
0.137930000955,2.137
0.137940000955,2.10575
0.137950000955,2.137
0.137960000955,2.16825
0.137970000955,2.137
0.137980000955,2.10575
0.137990000955,2.137
0.138000000955,2.10575
0.138010000955,2.10575
0.138020000955,2.10575
0.138030000955,2.10575
0.138040000955,2.137
0.138050000955,2.10575
0.138060000955,2.0745
0.138070000955,2.137
0.138080000955,2.137
0.138090000955,2.137
0.138100000955,2.137
0.138110000955,2.10575
0.138120000955,2.137
0.138130000955,2.137
0.138140000955,2.10575
0.138150000955,2.137
0.138160000955,2.10575
0.138170000955,2.10575
0.138180000955,2.10575
0.138190000955,2.137
0.138200000955,2.137
0.138210000955,2.137
0.138220000955,2.137
0.138230000955,2.137
0.138240000955,2.16825
0.138250000955,2.137
0.138260000955,2.137
0.138270000955,2.137
0.138280000955,2.137
0.138290000955,2.137
0.138300000955,2.137
0.138310000955,2.16825
0.138320000955,2.137
0.138330000955,2.10575
0.138340000955,2.137
0.138350000955,2.137
0.138360000955,2.137
0.138370000955,2.16825
0.138380000955,2.10575
0.138390000955,2.10575
0.138400000955,2.137
0.138410000955,2.137
0.138420000955,2.137
0.138430000955,2.137
0.138440000955,2.137
0.138450000955,2.137
0.138460000955,2.137
0.138470000955,2.137
0.138480000955,2.10575
0.138490000955,2.137
0.138500000955,2.137
0.138510000955,2.137
0.138520000955,2.10575
0.138530000955,2.137
0.138540000955,2.137
0.138550000955,2.137
0.138560000955,2.137
0.138570000955,2.137
0.138580000955,2.137
0.138590000955,2.137
0.138600000955,2.16825
0.138610000955,2.137
0.138620000955,2.10575
0.138630000955,2.10575
0.138640000955,2.137
0.138650000955,2.137
0.138660000955,2.10575
0.138670000955,2.137
0.138680000955,2.10575
0.138690000955,2.10575
0.138700000955,2.10575
0.138710000955,2.10575
0.138720000955,2.16825
0.138730000955,2.137
0.138740000955,2.137
0.138750000955,2.10575
0.138760000955,2.137
0.138770000955,2.137
0.138780000955,2.137
0.138790000955,2.137
0.138800000955,2.137
0.138810000955,2.10575
0.138820000955,2.16825
0.138830000955,2.137
0.138840000955,2.10575
0.138850000955,2.10575
0.138860000955,2.16825
0.138870000955,2.137
0.138880000955,2.137
0.138890000955,2.16825
0.138900000955,2.137
0.138910000955,2.137
0.138920000955,2.137
0.138930000955,2.137
0.138940000955,2.137
0.138950000955,2.10575
0.138960000955,2.137
0.138970000955,2.137
0.138980000955,2.10575
0.138990000955,2.137
0.139000000955,2.137
0.139010000955,2.10575
0.139020000955,2.10575
0.139030000955,2.137
0.139040000955,2.10575
0.139050000955,2.16825
0.139060000955,2.137
0.139070000955,2.10575
0.139080000955,2.137
0.139090000955,2.137
0.139100000955,2.10575
0.139110000955,2.10575
0.139120000955,2.137
0.139130000955,2.137
0.139140000955,2.137
0.139150000955,2.16825
0.139160000955,2.10575
0.139170000955,2.137
0.139180000955,2.137
0.139190000955,2.137
0.139200000955,2.137
0.139210000955,2.10575
0.139220000955,2.137
0.139230000955,2.10575
0.139240000955,2.137
0.139250000955,2.137
0.139260000955,2.10575
0.139270000955,2.137
0.139280000955,2.10575
0.139290000955,2.10575
0.139300000955,2.137
0.139310000955,2.137
0.139320000955,2.137
0.139330000955,2.137
0.139340000955,2.10575
0.139350000955,2.137
0.139360000955,2.137
0.139370000955,2.10575
0.139380000955,2.16825
0.139390000955,2.16825
0.139400000955,2.16825
0.139410000955,2.10575
0.139420000955,2.137
0.139430000955,2.16825
0.139440000955,2.1995
0.139450000955,2.16825
0.139460000955,2.137
0.139470000955,2.137
0.139480000955,2.16825
0.139490000955,2.137
0.139500000955,2.10575
0.139510000955,2.137
0.139520000955,2.137
0.139530000955,2.137
0.139540000955,2.137
0.139550000955,2.137
0.139560000955,2.137
0.139570000955,2.137
0.139580000955,2.10575
0.139590000955,2.137
0.139600000955,2.137
0.139610000955,2.137
0.139620000955,2.137
0.139630000955,2.10575
0.139640000955,2.137
0.139650000955,2.16825
0.139660000955,2.137
0.139670000955,2.0745
0.139680000955,2.137
0.139690000955,2.16825
0.139700000955,2.10575
0.139710000955,2.137
0.139720000955,2.137
0.139730000955,2.16825
0.139740000955,2.10575
0.139750000955,2.10575
0.139760000955,2.137
0.139770000955,2.137
0.139780000955,2.10575
0.139790000955,2.137
0.139800000955,2.16825
0.139810000955,2.137
0.139820000955,2.16825
0.139830000955,2.10575
0.139840000955,2.10575
0.139850000955,2.137
0.139860000955,2.16825
0.139870000955,2.137
0.139880000955,2.10575
0.139890000955,2.0745
0.139900000955,2.137
0.139910000955,2.137
0.139920000955,2.16825
0.139930000955,2.137
0.139940000955,2.137
0.139950000955,2.137
0.139960000955,2.10575
0.139970000955,2.137
0.139980000955,2.137
0.139990000955,2.137
0.140000000955,2.137
0.140010000955,2.137
0.140020000955,2.137
0.140030000955,2.16825
0.140040000955,2.10575
0.140050000955,2.137
0.140060000955,2.137
0.140070000955,2.137
0.140080000955,2.137
0.140090000955,2.10575
0.140100000955,2.137
0.140110000955,2.137
0.140120000955,2.137
0.140130000955,2.137
0.140140000955,2.10575
0.140150000955,2.137
0.140160000955,2.10575
0.140170000955,2.137
0.140180000955,2.137
0.140190000955,2.10575
0.140200000955,2.137
0.140210000955,2.10575
0.140220000955,2.10575
0.140230000955,2.16825
0.140240000955,2.137
0.140250000955,2.137
0.140260000955,2.137
0.140270000955,2.137
0.140280000955,2.10575
0.140290000955,2.16825
0.140300000955,2.16825
0.140310000955,2.137
0.140320000955,2.10575
0.140330000955,2.137
0.140340000955,2.137
0.140350000955,2.10575
0.140360000955,2.137
0.140370000955,2.10575
0.140380000955,2.137
0.140390000955,2.137
0.140400000955,2.137
0.140410000955,2.10575
0.140420000955,2.16825
0.140430000955,2.137
0.140440000955,2.137
0.140450000955,2.137
0.140460000955,2.16825
0.140470000955,2.16825
0.140480000955,2.10575
0.140490000955,2.137
0.140500000955,2.137
0.140510000955,2.137
0.140520000955,2.137
0.140530000955,2.137
0.140540000955,2.137
0.140550000955,2.137
0.140560000955,2.137
0.140570000955,2.137
0.140580000955,2.137
0.140590000955,2.16825
0.140600000955,2.137
0.140610000955,2.10575
0.140620000955,2.137
0.140630000955,2.16825
0.140640000955,2.137
0.140650000955,2.137
0.140660000955,2.137
0.140670000955,2.137
0.140680000955,2.137
0.140690000955,2.10575
0.140700000955,2.10575
0.140710000955,2.137
0.140720000955,2.10575
0.140730000955,2.137
0.140740000955,2.137
0.140750000955,2.137
0.140760000955,2.16825
0.140770000955,2.137
0.140780000955,2.10575
0.140790000955,2.137
0.140800000955,2.137
0.140810000955,2.137
0.140820000955,2.137
0.140830000955,2.137
0.140840000955,2.10575
0.140850000955,2.137
0.140860000955,2.10575
0.140870000955,2.137
0.140880000955,2.137
0.140890000955,2.10575
0.140900000955,2.137
0.140910000955,2.16825
0.140920000955,2.10575
0.140930000955,2.137
0.140940000955,2.137
0.140950000955,2.137
0.140960000955,2.10575
0.140970000955,2.137
0.140980000955,2.10575
0.140990000955,2.137
0.141000000955,2.10575
0.141010000955,2.137
0.141020000955,2.137
0.141030000955,2.137
0.141040000955,2.10575
0.141050000955,2.16825
0.141060000955,2.137
0.141070000955,2.10575
0.141080000955,2.16825
0.141090000955,2.137
0.141100000955,2.16825
0.141110000955,2.16825
0.141120000955,2.137
0.141130000955,2.137
0.141140000955,2.137
0.141150000955,2.137
0.141160000955,2.10575
0.141170000955,2.10575
0.141180000955,2.137
0.141190000955,2.137
0.141200000955,2.137
0.141210000955,2.16825
0.141220000955,2.137
0.141230000955,2.137
0.141240000955,2.16825
0.141250000955,2.137
0.141260000955,2.137
0.141270000955,2.137
0.141280000955,2.137
0.141290000955,2.10575
0.141300000955,2.137
0.141310000955,2.137
0.141320000955,2.10575
0.141330000955,2.137
0.141340000955,2.137
0.141350000955,2.137
0.141360000955,2.137
0.141370000955,2.10575
0.141380000955,2.137
0.141390000955,2.10575
0.141400000955,2.16825
0.141410000955,2.137
0.141420000955,2.137
0.141430000955,2.137
0.141440000955,2.137
0.141450000955,2.16825
0.141460000955,2.137
0.141470000955,2.137
0.141480000955,2.137
0.141490000955,2.137
0.141500000955,2.10575
0.141510000955,2.137
0.141520000955,2.137
0.141530000955,2.137
0.141540000955,2.137
0.141550000955,2.137
0.141560000955,2.16825
0.141570000955,2.137
0.141580000955,2.137
0.141590000955,2.137
0.141600000955,2.137
0.141610000955,2.137
0.141620000955,2.137
0.141630000955,2.137
0.141640000955,2.137
0.141650000955,2.10575
0.141660000955,2.137
0.141670000955,2.137
0.141680000955,2.137
0.141690000955,2.137
0.141700000955,2.16825
0.141710000955,2.137
0.141720000955,2.137
0.141730000955,2.137
0.141740000955,2.137
0.141750000955,2.10575
0.141760000955,2.137
0.141770000955,2.10575
0.141780000955,2.10575
0.141790000955,2.137
0.141800000955,2.16825
0.141810000955,2.10575
0.141820000955,2.137
0.141830000955,2.137
0.141840000955,2.10575
0.141850000955,2.16825
0.141860000955,2.10575
0.141870000955,2.137
0.141880000955,2.137
0.141890000955,2.137
0.141900000955,2.16825
0.141910000955,2.137
0.141920000955,2.137
0.141930000955,2.137
0.141940000955,2.137
0.141950000955,2.137
0.141960000955,2.137
0.141970000955,2.10575
0.141980000955,2.10575
0.141990000955,2.137
0.142000000955,2.16825
0.142010000955,2.10575
0.142020000955,2.10575
0.142030000955,2.137
0.142040000955,2.10575
0.142050000955,2.10575
0.142060000955,2.137
0.142070000955,2.10575
0.142080000955,2.137
0.142090000955,2.16825
0.142100000955,2.137
0.142110000955,2.10575
0.142120000955,2.137
0.142130000955,2.10575
0.142140000955,2.0745
0.142150000955,2.10575
0.142160000955,2.137
0.142170000955,2.10575
0.142180000955,2.10575
0.142190000955,2.137
0.142200000955,2.10575
0.142210000955,2.16825
0.142220000955,2.137
0.142230000955,2.137
0.142240000955,2.10575
0.142250000955,2.137
0.142260000955,2.137
0.142270000955,2.137
0.142280000955,2.10575
0.142290000955,2.10575
0.142300000955,2.137
0.142310000955,2.137
0.142320000955,2.10575
0.142330000955,2.137
0.142340000955,2.10575
0.142350000955,2.16825
0.142360000955,2.137
0.142370000955,2.137
0.142380000955,2.137
0.142390000955,2.137
0.142400000955,2.10575
0.142410000955,2.10575
0.142420000955,2.16825
0.142430000955,2.10575
0.142440000955,2.10575
0.142450000955,2.137
0.142460000955,2.137
0.142470000955,2.10575
0.142480000955,2.137
0.142490000955,2.10575
0.142500000955,2.10575
0.142510000955,2.137
0.142520000955,2.10575
0.142530000955,2.137
0.142540000955,2.10575
0.142550000955,2.137
0.142560000955,2.10575
0.142570000955,2.137
0.142580000955,2.137
0.142590000955,2.10575
0.142600000955,2.10575
0.142610000955,2.16825
0.142620000955,2.137
0.142630000955,2.0745
0.142640000955,2.137
0.142650000955,2.137
0.142660000955,2.10575
0.142670000955,2.0745
0.142680000955,2.137
0.142690000955,2.137
0.142700000955,2.10575
0.142710000955,2.10575
0.142720000955,2.10575
0.142730000955,2.137
0.142740000955,2.10575
0.142750000955,2.137
0.142760000955,2.10575
0.142770000955,2.10575
0.142780000955,2.137
0.142790000955,2.10575
0.142800000955,2.10575
0.142810000955,2.10575
0.142820000955,2.10575
0.142830000955,2.10575
0.142840000955,2.10575
0.142850000955,2.10575
0.142860000955,2.16825
0.142870000955,2.10575
0.142880000955,2.137
0.142890000955,2.10575
0.142900000955,2.10575
0.142910000955,2.10575
0.142920000955,2.10575
0.142930000955,2.10575
0.142940000955,2.0745
0.142950000955,2.10575
0.142960000955,2.10575
0.142970000955,2.137
0.142980000955,2.10575
0.142990000955,2.137
0.143000000955,2.137
0.143010000955,2.10575
0.143020000955,2.10575
0.143030000955,2.10575
0.143040000955,2.137
0.143050000955,2.137
0.143060000955,2.137
0.143070000955,2.10575
0.143080000955,2.0745
0.143090000955,2.10575
0.143100000955,2.10575
0.143110000955,2.0745
0.143120000955,2.10575
0.143130000955,2.10575
0.143140000955,2.10575
0.143150000955,2.137
0.143160000955,2.10575
0.143170000955,2.137
0.143180000955,2.10575
0.143190000955,2.0745
0.143200000955,2.137
0.143210000955,2.10575
0.143220000955,2.10575
0.143230000955,2.10575
0.143240000955,2.10575
0.143250000955,2.10575
0.143260000955,2.10575
0.143270000955,2.10575
0.143280000955,2.0745
0.143290000955,2.0745
0.143300000955,2.10575
0.143310000955,2.137
0.143320000955,2.10575
0.143330000955,2.10575
0.143340000955,2.0745
0.143350000955,2.10575
0.143360000955,2.10575
0.143370000955,2.10575
0.143380000955,2.137
0.143390000955,2.10575
0.143400000955,2.10575
0.143410000955,2.137
0.143420000955,2.10575
0.143430000955,2.0745
0.143440000955,2.137
0.143450000955,2.10575
0.143460000955,2.10575
0.143470000955,2.10575
0.143480000955,2.137
0.143490000955,2.10575
0.143500000955,2.0745
0.143510000955,2.10575
0.143520000955,2.0745
0.143530000955,2.10575
0.143540000955,2.10575
0.143550000955,2.10575
0.143560000955,2.10575
0.143570000955,2.10575
0.143580000955,2.10575
0.143590000955,2.0745
0.143600000955,2.137
0.143610000955,2.0745
0.143620000955,2.10575
0.143630000955,2.0745
0.143640000955,2.0745
0.143650000955,2.0745
0.143660000955,2.0745
0.143670000955,2.137
0.143680000955,2.10575
0.143690000955,2.0745
0.143700000955,2.137
0.143710000955,2.0745
0.143720000955,2.0745
0.143730000955,2.0745
0.143740000955,2.10575
0.143750000955,2.10575
0.143760000955,2.10575
0.143770000955,2.0745
0.143780000955,2.10575
0.143790000955,2.0745
0.143800000955,2.10575
0.143810000955,2.10575
0.143820000955,2.0745
0.143830000955,2.0745
0.143840000955,2.10575
0.143850000955,2.0745
0.143860000955,2.10575
0.143870000955,2.0745
0.143880000955,2.0745
0.143890000955,2.10575
0.143900000955,2.10575
0.143910000955,2.10575
0.143920000955,2.10575
0.143930000955,2.137
0.143940000955,2.10575
0.143950000955,2.0745
0.143960000955,2.10575
0.143970000955,2.10575
0.143980000955,2.04325
0.143990000955,2.0745
0.144000000955,2.04325
0.144010000955,2.10575
0.144020000955,2.10575
0.144030000955,2.137
0.144040000955,2.0745
0.144050000955,2.0745
0.144060000955,2.10575
0.144070000955,2.10575
0.144080000955,2.10575
0.144090000955,2.10575
0.144100000955,2.0745
0.144110000955,2.0745
0.144120000955,2.0745
0.144130000955,2.0745
0.144140000955,2.10575
0.144150000955,2.10575
0.144160000955,2.0745
0.144170000955,2.0745
0.144180000955,2.10575
0.144190000955,2.0745
0.144200000955,2.10575
0.144210000955,2.0745
0.144220000955,2.0745
0.144230000955,2.0745
0.144240000955,2.04325
0.144250000955,2.10575
0.144260000955,2.10575
0.144270000955,2.0745
0.144280000955,2.10575
0.144290000955,2.0745
0.144300000955,2.0745
0.144310000955,2.0745
0.144320000955,2.0745
0.144330000955,2.10575
0.144340000955,2.0745
0.144350000955,2.04325
0.144360000955,2.10575
0.144370000955,2.0745
0.144380000955,2.04325
0.144390000955,2.10575
0.144400000955,2.10575
0.144410000955,2.10575
0.144420000955,2.10575
0.144430000955,2.0745
0.144440000955,2.0745
0.144450000955,2.0745
0.144460000955,2.10575
0.144470000955,2.0745
0.144480000955,2.10575
0.144490000955,2.0745
0.144500000955,2.137
0.144510000955,2.10575
0.144520000955,2.10575
0.144530000955,2.0745
0.144540000955,2.10575
0.144550000955,2.10575
0.144560000955,2.10575
0.144570000955,2.10575
0.144580000955,2.0745
0.144590000955,2.10575
0.144600000955,2.10575
0.144610000955,2.0745
0.144620000955,2.0745
0.144630000955,2.0745
0.144640000955,2.0745
0.144650000955,2.0745
0.144660000955,2.0745
0.144670000955,2.0745
0.144680000955,2.0745
0.144690000955,2.10575
0.144700000955,2.10575
0.144710000955,2.0745
0.144720000955,2.10575
0.144730000955,2.0745
0.144740000955,2.0745
0.144750000955,2.0745
0.144760000955,2.0745
0.144770000955,2.10575
0.144780000955,2.0745
0.144790000955,2.0745
0.144800000955,2.10575
0.144810000955,2.10575
0.144820000955,2.10575
0.144830000955,2.0745
0.144840000955,2.0745
0.144850000955,2.10575
0.144860000955,2.10575
0.144870000955,2.0745
0.144880000955,2.0745
0.144890000955,2.10575
0.144900000955,2.0745
0.144910000955,2.0745
0.144920000955,2.10575
0.144930000955,2.0745
0.144940000955,2.0745
0.144950000955,2.0745
0.144960000955,2.10575
0.144970000955,2.137
0.144980000955,2.0745
0.144990000955,2.10575
0.145000000955,2.0745
0.145010000955,2.0745
0.145020000955,2.10575
0.145030000955,2.137
0.145040000955,2.10575
0.145050000955,2.0745
0.145060000955,2.04325
0.145070000955,2.0745
0.145080000955,2.10575
0.145090000955,2.10575
0.145100000955,2.10575
0.145110000955,2.10575
0.145120000955,2.10575
0.145130000955,2.10575
0.145140000955,2.10575
0.145150000955,2.10575
0.145160000955,2.10575
0.145170000955,2.10575
0.145180000955,2.137
0.145190000955,2.10575
0.145200000955,2.0745
0.145210000955,2.10575
0.145220000955,2.0745
0.145230000955,2.10575
0.145240000955,2.10575
0.145250000955,2.10575
0.145260000955,2.10575
0.145270000955,2.10575
0.145280000955,2.0745
0.145290000955,2.0745
0.145300000955,2.10575
0.145310000955,2.10575
0.145320000955,2.0745
0.145330000955,2.137
0.145340000955,2.10575
0.145350000955,2.04325
0.145360000955,2.0745
0.145370000955,2.0745
0.145380000955,2.0745
0.145390000955,2.137
0.145400000955,2.137
0.145410000955,2.0745
0.145420000955,2.0745
0.145430000955,2.137
0.145440000955,2.10575
0.145450000955,2.10575
0.145460000955,2.0745
0.145470000955,2.0745
0.145480000955,2.10575
0.145490000955,2.0745
0.145500000955,2.0745
0.145510000955,2.0745
0.145520000955,2.10575
0.145530000955,2.10575
0.145540000955,2.10575
0.145550000955,2.10575
0.145560000955,2.10575
0.145570000955,2.10575
0.145580000955,2.0745
0.145590000955,2.10575
0.145600000955,2.0745
0.145610000955,2.10575
0.145620000955,2.0745
0.145630000955,2.10575
0.145640000955,2.137
0.145650000955,2.10575
0.145660000955,2.0745
0.145670000955,2.10575
0.145680000955,2.10575
0.145690000955,2.10575
0.145700000955,2.137
0.145710000955,2.04325
0.145720000955,2.0745
0.145730000955,2.10575
0.145740000955,2.0745
0.145750000955,2.0745
0.145760000955,2.0745
0.145770000955,2.0745
0.145780000955,2.137
0.145790000955,2.10575
0.145800000955,2.10575
0.145810000955,2.10575
0.145820000955,2.0745
0.145830000955,2.10575
0.145840000955,2.10575
0.145850000955,2.10575
0.145860000955,2.0745
0.145870000955,2.0745
0.145880000955,2.10575
0.145890000955,2.10575
0.145900000955,2.10575
0.145910000955,2.04325
0.145920000955,2.10575
0.145930000955,2.10575
0.145940000955,2.0745
0.145950000955,2.0745
0.145960000955,2.137
0.145970000955,2.0745
0.145980000955,2.0745
0.145990000955,2.0745
0.146000000955,2.10575
0.146010000955,2.10575
0.146020000955,2.10575
0.146030000955,2.0745
0.146040000955,2.0745
0.146050000955,2.0745
0.146060000955,2.137
0.146070000955,2.0745
0.146080000955,2.10575
0.146090000955,2.0745
0.146100000955,2.10575
0.146110000955,2.0745
0.146120000955,2.0745
0.146130000955,2.10575
0.146140000955,2.10575
0.146150000955,2.10575
0.146160000955,2.137
0.146170000955,2.0745
0.146180000955,2.137
0.146190000955,2.10575
0.146200000955,2.137
0.146210000955,2.0745
0.146220000955,2.137
0.146230000955,2.137
0.146240000955,2.10575
0.146250000955,2.10575
0.146260000955,2.0745
0.146270000955,2.0745
0.146280000955,2.10575
0.146290000955,2.10575
0.146300000955,2.0745
0.146310000955,2.10575
0.146320000955,2.10575
0.146330000955,2.10575
0.146340000955,2.0745
0.146350000955,2.10575
0.146360000955,2.0745
0.146370000955,2.0745
0.146380000955,2.0745
0.146390000955,2.137
0.146400000955,2.10575
0.146410000955,2.0745
0.146420000955,2.137
0.146430000955,2.0745
0.146440000955,2.10575
0.146450000955,2.0745
0.146460000955,2.0745
0.146470000955,2.10575
0.146480000955,2.10575
0.146490000955,2.0745
0.146500000955,2.0745
0.146510000955,2.137
0.146520000955,2.0745
0.146530000955,2.10575
0.146540000955,2.137
0.146550000955,2.10575
0.146560000955,2.10575
0.146570000955,2.10575
0.146580000955,2.10575
0.146590000955,2.10575
0.146600000955,2.0745
0.146610000955,2.10575
0.146620000955,2.10575
0.146630000955,2.137
0.146640000955,2.10575
0.146650000955,2.10575
0.146660000955,2.10575
0.146670000955,2.10575
0.146680000955,2.10575
0.146690000955,2.0745
0.146700000955,2.0745
0.146710000955,2.10575
0.146720000955,2.0745
0.146730000955,2.10575
0.146740000955,2.10575
0.146750000955,2.10575
0.146760000955,2.10575
0.146770000955,2.0745
0.146780000955,2.10575
0.146790000955,2.0745
0.146800000955,2.10575
0.146810000955,2.137
0.146820000955,2.10575
0.146830000955,2.10575
0.146840000955,2.0745
0.146850000955,2.137
0.146860000955,2.0745
0.146870000955,2.10575
0.146880000955,2.10575
0.146890000955,2.137
0.146900000955,2.137
0.146910000955,2.10575
0.146920000955,2.0745
0.146930000955,2.10575
0.146940000955,2.137
0.146950000955,2.10575
0.146960000955,2.0745
0.146970000955,2.137
0.146980000955,2.10575
0.146990000955,2.10575
0.147000000955,2.10575
0.147010000955,2.10575
0.147020000955,2.137
0.147030000955,2.10575
0.147040000955,2.0745
0.147050000955,2.0745
0.147060000955,2.10575
0.147070000955,2.10575
0.147080000955,2.10575
0.147090000955,2.0745
0.147100000955,2.10575
0.147110000955,2.10575
0.147120000955,2.137
0.147130000955,2.0745
0.147140000955,2.10575
0.147150000955,2.10575
0.147160000955,2.10575
0.147170000955,2.10575
0.147180000955,2.0745
0.147190000955,2.0745
0.147200000955,2.0745
0.147210000955,2.10575
0.147220000955,2.10575
0.147230000955,2.10575
0.147240000955,2.10575
0.147250000955,2.137
0.147260000955,2.10575
0.147270000955,2.10575
0.147280000955,2.137
0.147290000955,2.0745
0.147300000955,2.10575
0.147310000955,2.10575
0.147320000955,2.10575
0.147330000955,2.0745
0.147340000955,2.10575
0.147350000955,2.10575
0.147360000955,2.10575
0.147370000955,2.0745
0.147380000955,2.137
0.147390000955,2.137
0.147400000955,2.10575
0.147410000955,2.10575
0.147420000955,2.0745
0.147430000955,2.10575
0.147440000955,2.137
0.147450000955,2.10575
0.147460000955,2.137
0.147470000955,2.10575
0.147480000955,2.10575
0.147490000955,2.10575
0.147500000955,2.0745
0.147510000955,2.0745
0.147520000955,2.10575
0.147530000955,2.0745
0.147540000955,2.0745
0.147550000955,2.0745
0.147560000955,2.0745
0.147570000955,2.10575
0.147580000955,2.137
0.147590000955,2.10575
0.147600000955,2.10575
0.147610000955,2.10575
0.147620000955,2.10575
0.147630000955,2.10575
0.147640000955,2.10575
0.147650000955,2.10575
0.147660000955,2.10575
0.147670000955,2.10575
0.147680000955,2.10575
0.147690000955,2.10575
0.147700000955,2.10575
0.147710000955,2.10575
0.147720000955,2.137
0.147730000955,2.137
0.147740000955,2.10575
0.147750000955,2.10575
0.147760000955,2.137
0.147770000955,2.10575
0.147780000955,2.0745
0.147790000955,2.10575
0.147800000955,2.10575
0.147810000955,2.10575
0.147820000955,2.10575
0.147830000955,2.137
0.147840000955,2.137
0.147850000955,2.0745
0.147860000955,2.10575
0.147870000955,2.137
0.147880000955,2.0745
0.147890000955,2.10575
0.147900000955,2.10575
0.147910000955,2.0745
0.147920000955,2.0745
0.147930000955,2.10575
0.147940000955,2.0745
0.147950000955,2.137
0.147960000955,2.0745
0.147970000955,2.10575
0.147980000955,2.137
0.147990000955,2.0745
0.148000000955,2.10575
0.148010000955,2.10575
0.148020000955,2.137
0.148030000955,2.137
0.148040000955,2.0745
0.148050000955,2.137
0.148060000955,2.10575
0.148070000955,2.10575
0.148080000955,2.10575
0.148090000955,2.0745
0.148100000955,2.10575
0.148110000955,2.137
0.148120000955,2.137
0.148130000955,2.0745
0.148140000955,2.10575
0.148150000955,2.0745
0.148160000955,2.0745
0.148170000955,2.10575
0.148180000955,2.0745
0.148190000955,2.10575
0.148200000955,2.10575
0.148210000955,2.0745
0.148220000955,2.10575
0.148230000955,2.10575
0.148240000955,2.10575
0.148250000955,2.10575
0.148260000955,2.10575
0.148270000955,2.10575
0.148280000955,2.137
0.148290000955,2.137
0.148300000955,2.0745
0.148310000955,2.10575
0.148320000955,2.10575
0.148330000955,2.10575
0.148340000955,2.10575
0.148350000955,2.10575
0.148360000955,2.10575
0.148370000955,2.10575
0.148380000955,2.10575
0.148390000955,2.137
0.148400000955,2.10575
0.148410000955,2.137
0.148420000955,2.10575
0.148430000955,2.10575
0.148440000955,2.10575
0.148450000955,2.10575
0.148460000955,2.10575
0.148470000955,2.0745
0.148480000955,2.10575
0.148490000955,2.16825
0.148500000955,2.10575
0.148510000955,2.10575
0.148520000955,2.10575
0.148530000955,2.10575
0.148540000955,2.137
0.148550000955,2.10575
0.148560000955,2.10575
0.148570000955,2.10575
0.148580000955,2.16825
0.148590000955,2.137
0.148600000955,2.10575
0.148610000955,2.10575
0.148620000955,2.137
0.148630000955,2.10575
0.148640000955,2.10575
0.148650000955,2.10575
0.148660000955,2.10575
0.148670000955,2.04325
0.148680000955,2.137
0.148690000955,2.10575
0.148700000955,2.10575
0.148710000955,2.10575
0.148720000955,2.137
0.148730000955,2.10575
0.148740000955,2.137
0.148750000955,2.10575
0.148760000955,2.10575
0.148770000955,2.10575
0.148780000955,2.10575
0.148790000955,2.10575
0.148800000955,2.10575
0.148810000955,2.0745
0.148820000955,2.10575
0.148830000955,2.10575
0.148840000955,2.10575
0.148850000955,2.10575
0.148860000955,2.10575
0.148870000955,2.137
0.148880000955,2.10575
0.148890000955,2.137
0.148900000955,2.10575
0.148910000955,2.137
0.148920000955,2.0745
0.148930000955,2.137
0.148940000955,2.10575
0.148950000955,2.137
0.148960000955,2.10575
0.148970000955,2.137
0.148980000955,2.10575
0.148990000955,2.10575
0.149000000955,2.04325
0.149010000955,2.137
0.149020000955,2.10575
0.149030000955,2.0745
0.149040000955,2.137
0.149050000955,2.10575
0.149060000955,2.0745
0.149070000955,2.10575
0.149080000955,2.0745
0.149090000955,2.10575
0.149100000955,2.0745
0.149110000955,2.0745
0.149120000955,2.10575
0.149130000955,2.10575
0.149140000955,2.10575
0.149150000955,2.10575
0.149160000955,2.137
0.149170000955,2.10575
0.149180000955,2.0745
0.149190000955,2.0745
0.149200000955,2.10575
0.149210000955,2.137
0.149220000955,2.10575
0.149230000955,2.10575
0.149240000955,2.137
0.149250000955,2.10575
0.149260000955,2.10575
0.149270000955,2.10575
0.149280000955,2.10575
0.149290000955,2.10575
0.149300000955,2.10575
0.149310000955,2.10575
0.149320000955,2.137
0.149330000955,2.10575
0.149340000955,2.0745
0.149350000955,2.0745
0.149360000955,2.137
0.149370000955,2.10575
0.149380000955,2.10575
0.149390000955,2.16825
0.149400000955,2.10575
0.149410000955,2.10575
0.149420000955,2.10575
0.149430000955,2.137
0.149440000955,2.10575
0.149450000955,2.137
0.149460000955,2.0745
0.149470000955,2.10575
0.149480000955,2.0745
0.149490000955,2.10575
0.149500000955,2.10575
0.149510000955,2.0745
0.149520000955,2.10575
0.149530000955,2.0745
0.149540000955,2.10575
0.149550000955,2.10575
0.149560000955,2.10575
0.149570000955,2.10575
0.149580000955,2.137
0.149590000955,2.137
0.149600000955,2.0745
0.149610000955,2.0745
0.149620000955,2.137
0.149630000955,2.137
0.149640000955,2.10575
0.149650000955,2.10575
0.149660000955,2.10575
0.149670000955,2.10575
0.149680000955,2.0745
0.149690000955,2.10575
0.149700000955,2.0745
0.149710000955,2.10575
0.149720000955,2.10575
0.149730000955,2.10575
0.149740000955,2.10575
0.149750000955,2.10575
0.149760000955,2.10575
0.149770000955,2.10575
0.149780000955,2.0745
0.149790000955,2.10575
0.149800000955,2.10575
0.149810000955,2.10575
0.149820000955,2.0745
0.149830000955,2.10575
0.149840000955,2.0745
0.149850000955,2.0745
0.149860000955,2.137
0.149870000955,2.10575
0.149880000955,2.10575
0.149890000955,2.10575
0.149900000955,2.10575
0.149910000955,2.10575
0.149920000955,2.10575
0.149930000955,2.137
0.149940000955,2.10575
0.149950000955,2.0745
0.149960000955,2.137
0.149970000955,2.10575
0.149980000955,2.0745
0.149990000955,2.10575
0.150000000955,2.137
0.150010000955,2.10575
0.150020000955,2.10575
0.150030000955,2.10575
0.150040000955,2.10575
0.150050000955,2.137
0.150060000955,2.0745
0.150070000955,2.10575
0.150080000955,2.0745
0.150090000955,2.10575
0.150100000955,2.137
0.150110000955,2.10575
0.150120000955,2.137
0.150130000955,2.0745
0.150140000955,2.10575
0.150150000955,2.10575
0.150160000955,2.137
0.150170000955,2.10575
0.150180000955,2.10575
0.150190000955,2.10575
0.150200000955,2.137
0.150210000955,2.10575
0.150220000955,2.10575
0.150230000955,2.0745
0.150240000955,2.137
0.150250000955,2.10575
0.150260000955,2.0745
0.150270000955,2.10575
0.150280000955,2.10575
0.150290000955,2.0745
0.150300000955,2.137
0.150310000955,2.10575
0.150320000955,2.10575
0.150330000955,2.10575
0.150340000955,2.10575
0.150350000955,2.10575
0.150360000955,2.10575
0.150370000955,2.10575
0.150380000955,2.10575
0.150390000955,2.10575
0.150400000955,2.0745
0.150410000955,2.0745
0.150420000955,2.137
0.150430000955,2.10575
0.150440000955,2.0745
0.150450000955,2.0745
0.150460000955,2.10575
0.150470000955,2.10575
0.150480000955,2.137
0.150490000955,2.10575
0.150500000955,2.137
0.150510000955,2.0745
0.150520000955,2.10575
0.150530000955,2.0745
0.150540000955,2.10575
0.150550000955,2.10575
0.150560000955,2.10575
0.150570000955,2.10575
0.150580000955,2.10575
0.150590000955,2.10575
0.150600000955,2.0745
0.150610000955,2.10575
0.150620000955,2.0745
0.150630000955,2.10575
0.150640000955,2.137
0.150650000955,2.137
0.150660000955,2.0745
0.150670000955,2.0745
0.150680000955,2.10575
0.150690000955,2.10575
0.150700000955,2.0745
0.150710000955,2.10575
0.150720000955,2.10575
0.150730000955,2.137
0.150740000955,2.10575
0.150750000955,2.10575
0.150760000955,2.0745
0.150770000955,2.10575
0.150780000955,2.10575
0.150790000955,2.0745
0.150800000955,2.0745
0.150810000955,2.0745
0.150820000955,2.10575
0.150830000955,2.10575
0.150840000955,2.10575
0.150850000955,2.10575
0.150860000955,2.137
0.150870000955,2.10575
0.150880000955,2.10575
0.150890000955,2.10575
0.150900000955,2.0745
0.150910000955,2.10575
0.150920000955,2.0745
0.150930000955,2.10575
0.150940000955,2.137
0.150950000955,2.10575
0.150960000955,2.10575
0.150970000955,2.04325
0.150980000955,2.10575
0.150990000955,2.10575
0.151000000955,2.10575
0.151010000955,2.10575
0.151020000955,2.0745
0.151030000955,2.10575
0.151040000955,2.10575
0.151050000955,2.0745
0.151060000955,2.137
0.151070000955,2.10575
0.151080000955,2.10575
0.151090000955,2.16825
0.151100000955,2.137
0.151110000955,2.137
0.151120000955,2.10575
0.151130000955,2.10575
0.151140000955,2.10575
0.151150000955,2.10575
0.151160000955,2.10575
0.151170000955,2.0745
0.151180000955,2.10575
0.151190000955,2.10575
0.151200000955,2.10575
0.151210000955,2.10575
0.151220000955,2.10575
0.151230000955,2.10575
0.151240000955,2.10575
0.151250000955,2.137
0.151260000955,2.0745
0.151270000955,2.10575
0.151280000955,2.137
0.151290000955,2.10575
0.151300000955,2.137
0.151310000955,2.137
0.151320000955,2.10575
0.151330000955,2.10575
0.151340000955,2.10575
0.151350000955,2.10575
0.151360000955,2.137
0.151370000955,2.137
0.151380000955,2.0745
0.151390000955,2.10575
0.151400000955,2.10575
0.151410000955,2.10575
0.151420000955,2.137
0.151430000955,2.10575
0.151440000955,2.10575
0.151450000955,2.10575
0.151460000955,2.137
0.151470000955,2.137
0.151480000955,2.0745
0.151490000955,2.10575
0.151500000955,2.0745
0.151510000955,2.137
0.151520000955,2.10575
0.151530000955,2.0745
0.151540000955,2.10575
0.151550000955,2.10575
0.151560000955,2.10575
0.151570000955,2.137
0.151580000955,2.137
0.151590000955,2.137
0.151600000955,2.0745
0.151610000955,2.10575
0.151620000955,2.137
0.151630000955,2.0745
0.151640000955,2.10575
0.151650000955,2.10575
0.151660000955,2.10575
0.151670000955,2.0745
0.151680000955,2.137
0.151690000955,2.10575
0.151700000955,2.10575
0.151710000955,2.10575
0.151720000955,2.10575
0.151730000955,2.10575
0.151740000955,2.10575
0.151750000955,2.10575
0.151760000955,2.137
0.151770000955,2.10575
0.151780000955,2.10575
0.151790000955,2.10575
0.151800000955,2.10575
0.151810000955,2.10575
0.151820000955,2.10575
0.151830000955,2.10575
0.151840000955,2.0745
0.151850000955,2.10575
0.151860000955,2.137
0.151870000955,2.137
0.151880000955,2.10575
0.151890000955,2.16825
0.151900000955,2.10575
0.151910000955,2.10575
0.151920000955,2.10575
0.151930000955,2.137
0.151940000955,2.10575
0.151950000955,2.10575
0.151960000955,2.10575
0.151970000955,2.137
0.151980000955,2.10575
0.151990000955,2.10575
0.152000000955,2.10575
0.152010000955,2.137
0.152020000955,2.137
0.152030000955,2.10575
0.152040000955,2.10575
0.152050000955,2.137
0.152060000955,2.0745
0.152070000955,2.10575
0.152080000955,2.10575
0.152090000955,2.10575
0.152100000955,2.10575
0.152110000955,2.10575
0.152120000955,2.0745
0.152130000955,2.137
0.152140000955,2.10575
0.152150000955,2.10575
0.152160000955,2.10575
0.152170000955,2.10575
0.152180000955,2.10575
0.152190000955,2.0745
0.152200000955,2.10575
0.152210000955,2.137
0.152220000955,2.10575
0.152230000955,2.10575
0.152240000955,2.10575
0.152250000955,2.16825
0.152260000955,2.10575
0.152270000955,2.0745
0.152280000955,2.10575
0.152290000955,2.10575
0.152300000955,2.10575
0.152310000955,2.137
0.152320000955,2.10575
0.152330000955,2.10575
0.152340000955,2.137
0.152350000955,2.137
0.152360000955,2.10575
0.152370000955,2.10575
0.152380000955,2.137
0.152390000955,2.137
0.152400000955,2.10575
0.152410000955,2.10575
0.152420000955,2.10575
0.152430000955,2.10575
0.152440000955,2.10575
0.152450000955,2.10575
0.152460000955,2.10575
0.152470000955,2.10575
0.152480000955,2.10575
0.152490000955,2.0745
0.152500000955,2.0745
0.152510000955,2.137
0.152520000955,2.10575
0.152530000955,2.10575
0.152540000955,2.10575
0.152550000955,2.10575
0.152560000955,2.10575
0.152570000955,2.10575
0.152580000955,2.137
0.152590000955,2.10575
0.152600000955,2.10575
0.152610000955,2.137
0.152620000955,2.10575
0.152630000955,2.0745
0.152640000955,2.10575
0.152650000955,2.137
0.152660000955,2.10575
0.152670000955,2.10575
0.152680000955,2.10575
0.152690000955,2.10575
0.152700000955,2.10575
0.152710000955,2.137
0.152720000955,2.0745
0.152730000955,2.10575
0.152740000955,2.10575
0.152750000955,2.137
0.152760000955,2.10575
0.152770000955,2.137
0.152780000955,2.10575
0.152790000955,2.10575
0.152800000955,2.10575
0.152810000955,2.137
0.152820000955,2.10575
0.152830000955,2.137
0.152840000955,2.10575
0.152850000955,2.10575
0.152860000955,2.10575
0.152870000955,2.137
0.152880000955,2.10575
0.152890000955,2.10575
0.152900000955,2.10575
0.152910000955,2.10575
0.152920000955,2.10575
0.152930000955,2.0745
0.152940000955,2.10575
0.152950000955,2.10575
0.152960000955,2.10575
0.152970000955,2.0745
0.152980000955,2.137
0.152990000955,2.0745
0.153000000955,2.0745
0.153010000955,2.137
0.153020000955,2.10575
0.153030000955,2.0745
0.153040000955,2.137
0.153050000955,2.10575
0.153060000955,2.10575
0.153070000955,2.10575
0.153080000955,2.10575
0.153090000955,2.137
0.153100000955,2.137
0.153110000955,2.0745
0.153120000955,2.10575
0.153130000955,2.10575
0.153140000955,2.10575
0.153150000955,2.137
0.153160000955,2.10575
0.153170000955,2.10575
0.153180000955,2.137
0.153190000955,2.10575
0.153200000955,2.137
0.153210000955,2.10575
0.153220000955,2.0745
0.153230000955,2.0745
0.153240000955,2.137
0.153250000955,2.10575
0.153260000955,2.0745
0.153270000955,2.10575
0.153280000955,2.10575
0.153290000955,2.10575
0.153300000955,2.10575
0.153310000955,2.137
0.153320000955,2.10575
0.153330000955,2.10575
0.153340000955,2.10575
0.153350000955,2.10575
0.153360000955,2.10575
0.153370000955,2.0745
0.153380000955,2.0745
0.153390000955,2.137
0.153400000955,2.10575
0.153410000955,2.137
0.153420000955,2.0745
0.153430000955,2.10575
0.153440000955,2.10575
0.153450000955,2.10575
0.153460000955,2.137
0.153470000955,2.137
0.153480000955,2.10575
0.153490000955,2.137
0.153500000955,2.137
0.153510000955,2.10575
0.153520000955,2.10575
0.153530000955,2.10575
0.153540000955,2.137
0.153550000955,2.10575
0.153560000955,2.0745
0.153570000955,2.10575
0.153580000955,2.10575
0.153590000955,2.10575
0.153600000955,2.10575
0.153610000955,2.10575
0.153620000955,2.10575
0.153630000955,2.137
0.153640000955,2.10575
0.153650000955,2.137
0.153660000955,2.10575
0.153670000955,2.10575
0.153680000955,2.137
0.153690000955,2.10575
0.153700000955,2.10575
0.153710000955,2.10575
0.153720000955,2.10575
0.153730000955,2.10575
0.153740000955,2.0745
0.153750000955,2.10575
0.153760000955,2.137
0.153770000955,2.10575
0.153780000955,2.0745
0.153790000955,2.16825
0.153800000955,2.10575
0.153810000955,2.137
0.153820000955,2.10575
0.153830000955,2.10575
0.153840000955,2.10575
0.153850000955,2.137
0.153860000955,2.10575
0.153870000955,2.0745
0.153880000955,2.10575
0.153890000955,2.137
0.153900000955,2.137
0.153910000955,2.137
0.153920000955,2.10575
0.153930000955,2.137
0.153940000955,2.137
0.153950000955,2.10575
0.153960000955,2.10575
0.153970000955,2.10575
0.153980000955,2.0745
0.153990000955,2.0745
0.154000000955,2.0745
0.154010000955,2.10575
0.154020000955,2.16825
0.154030000955,2.137
0.154040000955,2.10575
0.154050000955,2.0745
0.154060000955,2.137
0.154070000955,2.137
0.154080000955,2.137
0.154090000955,2.137
0.154100000955,2.10575
0.154110000955,2.137
0.154120000955,2.10575
0.154130000955,2.10575
0.154140000955,2.10575
0.154150000955,2.137
0.154160000955,2.10575
0.154170000955,2.10575
0.154180000955,2.10575
0.154190000955,2.10575
0.154200000955,2.137
0.154210000955,2.10575
0.154220000955,2.10575
0.154230000955,2.137
0.154240000955,2.10575
0.154250000955,2.137
0.154260000955,2.10575
0.154270000955,2.137
0.154280000955,2.137
0.154290000955,2.137
0.154300000955,2.10575
0.154310000955,2.10575
0.154320000955,2.10575
0.154330000955,2.10575
0.154340000955,2.10575
0.154350000955,2.137
0.154360000955,2.0745
0.154370000955,2.0745
0.154380000955,2.10575
0.154390000955,2.10575
0.154400000955,2.137
0.154410000955,2.137
0.154420000955,2.137
0.154430000955,2.16825
0.154440000955,2.137
0.154450000955,2.137
0.154460000955,2.137
0.154470000955,2.10575
0.154480000955,2.137
0.154490000955,2.137
0.154500000955,2.137
0.154510000955,2.16825
0.154520000955,2.10575
0.154530000955,2.10575
0.154540000955,2.137
0.154550000955,2.16825
0.154560000955,2.10575
0.154570000955,2.10575
0.154580000955,2.10575
0.154590000955,2.137
0.154600000955,2.10575
0.154610000955,2.10575
0.154620000955,2.10575
0.154630000955,2.137
0.154640000955,2.137
0.154650000955,2.10575
0.154660000955,2.10575
0.154670000955,2.10575
0.154680000955,2.137
0.154690000955,2.16825
0.154700000955,2.10575
0.154710000955,2.137
0.154720000955,2.137
0.154730000955,2.137
0.154740000955,2.10575
0.154750000955,2.137
0.154760000955,2.137
0.154770000955,2.0745
0.154780000955,2.10575
0.154790000955,2.137
0.154800000955,2.137
0.154810000955,2.137
0.154820000955,2.10575
0.154830000955,2.137
0.154840000955,2.10575
0.154850000955,2.137
0.154860000955,2.10575
0.154870000955,2.10575
0.154880000955,2.10575
0.154890000955,2.10575
0.154900000955,2.137
0.154910000955,2.10575
0.154920000955,2.137
0.154930000955,2.137
0.154940000955,2.10575
0.154950000955,2.137
0.154960000955,2.10575
0.154970000955,2.10575
0.154980000955,2.137
0.154990000955,2.10575
0.155000000955,2.137
0.155010000955,2.10575
0.155020000955,2.10575
0.155030000955,2.137
0.155040000955,2.10575
0.155050000955,2.10575
0.155060000955,2.137
0.155070000955,2.10575
0.155080000955,2.137
0.155090000955,2.10575
0.155100000955,2.137
0.155110000955,2.10575
0.155120000955,2.137
0.155130000955,2.137
0.155140000955,2.10575
0.155150000955,2.137
0.155160000955,2.137
0.155170000955,2.10575
0.155180000955,2.10575
0.155190000955,2.137
0.155200000955,2.137
0.155210000955,2.137
0.155220000955,2.137
0.155230000955,2.10575
0.155240000955,2.10575
0.155250000955,2.10575
0.155260000955,2.10575
0.155270000955,2.137
0.155280000955,2.0745
0.155290000955,2.137
0.155300000955,2.10575
0.155310000955,2.16825
0.155320000955,2.10575
0.155330000955,2.137
0.155340000955,2.137
0.155350000955,2.137
0.155360000955,2.137
0.155370000955,2.137
0.155380000955,2.10575
0.155390000955,2.10575
0.155400000955,2.137
0.155410000955,2.137
0.155420000955,2.137
0.155430000955,2.137
0.155440000955,2.10575
0.155450000955,2.10575
0.155460000955,2.10575
0.155470000955,2.10575
0.155480000955,2.10575
0.155490000955,2.137
0.155500000955,2.10575
0.155510000955,2.10575
0.155520000955,2.137
0.155530000955,2.10575
0.155540000955,2.10575
0.155550000955,2.10575
0.155560000955,2.137
0.155570000955,2.10575
0.155580000955,2.10575
0.155590000955,2.10575
0.155600000955,2.137
0.155610000955,2.137
0.155620000955,2.10575
0.155630000955,2.16825
0.155640000955,2.10575
0.155650000955,2.10575
0.155660000955,2.137
0.155670000955,2.10575
0.155680000955,2.137
0.155690000955,2.137
0.155700000955,2.10575
0.155710000955,2.137
0.155720000955,2.10575
0.155730000955,2.10575
0.155740000955,2.10575
0.155750000955,2.16825
0.155760000955,2.137
0.155770000955,2.137
0.155780000955,2.137
0.155790000955,2.137
0.155800000955,2.10575
0.155810000955,2.137
0.155820000955,2.10575
0.155830000955,2.10575
0.155840000955,2.137
0.155850000955,2.137
0.155860000955,2.10575
0.155870000955,2.10575
0.155880000955,2.10575
0.155890000955,2.10575
0.155900000955,2.137
0.155910000955,2.137
0.155920000955,2.10575
0.155930000955,2.10575
0.155940000955,2.10575
0.155950000955,2.137
0.155960000955,2.0745
0.155970000955,2.10575
0.155980000955,2.137
0.155990000955,2.137
0.156000000955,2.137
0.156010000955,2.137
0.156020000955,2.10575
0.156030000955,2.10575
0.156040000955,2.10575
0.156050000955,2.137
0.156060000955,2.137
0.156070000955,2.10575
0.156080000955,2.137
0.156090000955,2.10575
0.156100000955,2.137
0.156110000955,2.137
0.156120000955,2.137
0.156130000955,2.10575
0.156140000955,2.137
0.156150000955,2.10575
0.156160000955,2.137
0.156170000955,2.137
0.156180000955,2.10575
0.156190000955,2.10575
0.156200000955,2.137
0.156210000955,2.137
0.156220000955,2.137
0.156230000955,2.10575
0.156240000955,2.10575
0.156250000955,2.137
0.156260000955,2.0745
0.156270000955,2.10575
0.156280000955,2.137
0.156290000955,2.10575
0.156300000955,2.16825
0.156310000955,2.137
0.156320000955,2.10575
0.156330000955,2.10575
0.156340000955,2.10575
0.156350000955,2.137
0.156360000955,2.10575
0.156370000955,2.10575
0.156380000955,2.137
0.156390000955,2.10575
0.156400000955,2.137
0.156410000955,2.137
0.156420000955,2.10575
0.156430000955,2.10575
0.156440000955,2.137
0.156450000955,2.137
0.156460000955,2.137
0.156470000955,2.10575
0.156480000955,2.137
0.156490000955,2.10575
0.156500000955,2.10575
0.156510000955,2.137
0.156520000955,2.137
0.156530000955,2.137
0.156540000955,2.10575
0.156550000955,2.137
0.156560000955,2.10575
0.156570000955,2.10575
0.156580000955,2.137
0.156590000955,2.137
0.156600000955,2.137
0.156610000955,2.10575
0.156620000955,2.137
0.156630000955,2.10575
0.156640000955,2.10575
0.156650000955,2.137
0.156660000955,2.10575
0.156670000955,2.16825
0.156680000955,2.137
0.156690000955,2.10575
0.156700000955,2.137
0.156710000955,2.10575
0.156720000955,2.10575
0.156730000955,2.137
0.156740000955,2.137
0.156750000955,2.137
0.156760000955,2.10575
0.156770000955,2.16825
0.156780000955,2.137
0.156790000955,2.137
0.156800000955,2.10575
0.156810000955,2.16825
0.156820000955,2.10575
0.156830000955,2.137
0.156840000955,2.137
0.156850000955,2.1995
0.156860000955,2.10575
0.156870000955,2.10575
0.156880000955,2.10575
0.156890000955,2.137
0.156900000955,2.10575
0.156910000955,2.137
0.156920000955,2.10575
0.156930000955,2.137
0.156940000955,2.137
0.156950000955,2.10575
0.156960000955,2.16825
0.156970000955,2.10575
0.156980000955,2.137
0.156990000955,2.137
0.157000000955,2.137
0.157010000955,2.137
0.157020000955,2.137
0.157030000955,2.10575
0.157040000955,2.16825
0.157050000955,2.137
0.157060000955,2.10575
0.157070000955,2.16825
0.157080000955,2.137
0.157090000955,2.137
0.157100000955,2.137
0.157110000955,2.137
0.157120000955,2.10575
0.157130000955,2.10575
0.157140000955,2.10575
0.157150000955,2.137
0.157160000955,2.137
0.157170000955,2.10575
0.157180000955,2.16825
0.157190000955,2.137
0.157200000955,2.137
0.157210000955,2.137
0.157220000955,2.137
0.157230000955,2.137
0.157240000955,2.137
0.157250000955,2.16825
0.157260000955,2.10575
0.157270000955,2.137
0.157280000955,2.137
0.157290000955,2.137
0.157300000955,2.16825
0.157310000955,2.137
0.157320000955,2.137
0.157330000955,2.0745
0.157340000955,2.137
0.157350000955,2.10575
0.157360000955,2.137
0.157370000955,2.137
0.157380000955,2.10575
0.157390000955,2.16825
0.157400000955,2.137
0.157410000955,2.137
0.157420000955,2.137
0.157430000955,2.10575
0.157440000955,2.137
0.157450000955,2.16825
0.157460000955,2.137
0.157470000955,2.137
0.157480000955,2.137
0.157490000955,2.137
0.157500000955,2.0745
0.157510000955,2.137
0.157520000955,2.16825
0.157530000955,2.10575
0.157540000955,2.10575
0.157550000955,2.10575
0.157560000955,2.137
0.157570000955,2.10575
0.157580000955,2.137
0.157590000955,2.137
0.157600000955,2.10575
0.157610000955,2.10575
0.157620000955,2.10575
0.157630000955,2.10575
0.157640000955,2.10575
0.157650000955,2.137
0.157660000955,2.10575
0.157670000955,2.137
0.157680000955,2.137
0.157690000955,2.10575
0.157700000955,2.16825
0.157710000955,2.10575
0.157720000955,2.10575
0.157730000955,2.137
0.157740000955,2.10575
0.157750000955,2.10575
0.157760000955,2.137
0.157770000955,2.137
0.157780000955,2.10575
0.157790000955,2.10575
0.157800000955,2.10575
0.157810000955,2.137
0.157820000955,2.10575
0.157830000955,2.10575
0.157840000955,2.137
0.157850000955,2.137
0.157860000955,2.16825
0.157870000955,2.10575
0.157880000955,2.10575
0.157890000955,2.16825
0.157900000955,2.137
0.157910000955,2.10575
0.157920000955,2.10575
0.157930000955,2.10575
0.157940000955,2.10575
0.157950000955,2.137
0.157960000955,2.10575
0.157970000955,2.137
0.157980000955,2.137
0.157990000955,2.137
0.158000000955,2.137
0.158010000955,2.137
0.158020000955,2.137
0.158030000955,2.137
0.158040000955,2.137
0.158050000955,2.137
0.158060000955,2.137
0.158070000955,2.137
0.158080000955,2.137
0.158090000955,2.10575
0.158100000955,2.137
0.158110000955,2.137
0.158120000955,2.137
0.158130000955,2.10575
0.158140000955,2.10575
0.158150000955,2.137
0.158160000955,2.10575
0.158170000955,2.10575
0.158180000955,2.137
0.158190000955,2.0745
0.158200000955,2.10575
0.158210000955,2.10575
0.158220000955,2.137
0.158230000955,2.137
0.158240000955,2.10575
0.158250000955,2.137
0.158260000955,2.137
0.158270000955,2.137
0.158280000955,2.137
0.158290000955,2.10575
0.158300000955,2.10575
0.158310000955,2.137
0.158320000955,2.10575
0.158330000955,2.137
0.158340000955,2.137
0.158350000955,2.137
0.158360000955,2.137
0.158370000955,2.137
0.158380000955,2.137
0.158390000955,2.137
0.158400000955,2.137
0.158410000955,2.137
0.158420000955,2.16825
0.158430000955,2.0745
0.158440000955,2.10575
0.158450000955,2.137
0.158460000955,2.137
0.158470000955,2.137
0.158480000955,2.137
0.158490000955,2.10575
0.158500000955,2.137
0.158510000955,2.16825
0.158520000955,2.10575
0.158530000955,2.10575
0.158540000955,2.16825
0.158550000955,2.137
0.158560000955,2.137
0.158570000955,2.10575
0.158580000955,2.137
0.158590000955,2.137
0.158600000955,2.10575
0.158610000955,2.10575
0.158620000955,2.10575
0.158630000955,2.10575
0.158640000955,2.137
0.158650000955,2.137
0.158660000955,2.137
0.158670000955,2.137
0.158680000955,2.137
0.158690000955,2.10575
0.158700000955,2.137
0.158710000955,2.137
0.158720000955,2.137
0.158730000955,2.137
0.158740000955,2.10575
0.158750000955,2.137
0.158760000955,2.16825
0.158770000955,2.137
0.158780000955,2.10575
0.158790000955,2.137
0.158800000955,2.10575
0.158810000955,2.137
0.158820000955,2.10575
0.158830000955,2.16825
0.158840000955,2.10575
0.158850000955,2.10575
0.158860000955,2.16825
0.158870000955,2.137
0.158880000955,2.16825
0.158890000955,2.10575
0.158900000955,2.137
0.158910000955,2.137
0.158920000955,2.10575
0.158930000955,2.137
0.158940000955,2.137
0.158950000955,2.10575
0.158960000955,2.137
0.158970000955,2.137
0.158980000955,2.16825
0.158990000955,2.137
0.159000000955,2.10575
0.159010000955,2.10575
0.159020000955,2.10575
0.159030000955,2.137
0.159040000955,2.137
0.159050000955,2.16825
0.159060000955,2.10575
0.159070000955,2.16825
0.159080000955,2.10575
0.159090000955,2.137
0.159100000955,2.137
0.159110000955,2.137
0.159120000955,2.16825
0.159130000955,2.137
0.159140000955,2.137
0.159150000955,2.137
0.159160000955,2.137
0.159170000955,2.10575
0.159180000955,2.137
0.159190000955,2.10575
0.159200000955,2.137
0.159210000955,2.10575
0.159220000955,2.137
0.159230000955,2.137
0.159240000955,2.137
0.159250000955,2.10575
0.159260000955,2.137
0.159270000955,2.137
0.159280000955,2.137
0.159290000955,2.137
0.159300000955,2.137
0.159310000955,2.10575
0.159320000955,2.16825
0.159330000955,2.137
0.159340000955,2.137
0.159350000955,2.137
0.159360000955,2.16825
0.159370000955,2.0745
0.159380000955,2.137
0.159390000955,2.137
0.159400000955,2.137
0.159410000955,2.137
0.159420000955,2.137
0.159430000955,2.10575
0.159440000955,2.137
0.159450000955,2.10575
0.159460000955,2.137
0.159470000955,2.137
0.159480000955,2.10575
0.159490000955,2.137
0.159500000955,2.137
0.159510000955,2.10575
0.159520000955,2.137
0.159530000955,2.137
0.159540000955,2.137
0.159550000955,2.10575
0.159560000955,2.16825
0.159570000955,2.137
0.159580000955,2.137
0.159590000955,2.137
0.159600000955,2.16825
0.159610000955,2.16825
0.159620000955,2.137
0.159630000955,2.16825
0.159640000955,2.137
0.159650000955,2.10575
0.159660000955,2.137
0.159670000955,2.137
0.159680000955,2.16825
0.159690000955,2.137
0.159700000955,2.137
0.159710000955,2.137
0.159720000955,2.137
0.159730000955,2.137
0.159740000955,2.10575
0.159750000955,2.137
0.159760000955,2.137
0.159770000955,2.137
0.159780000955,2.137
0.159790000955,2.10575
0.159800000955,2.10575
0.159810000955,2.137
0.159820000955,2.137
0.159830000955,2.137
0.159840000955,2.16825
0.159850000955,2.137
0.159860000955,2.137
0.159870000955,2.137
0.159880000955,2.137
0.159890000955,2.137
0.159900000955,2.10575
0.159910000955,2.137
0.159920000955,2.137
0.159930000955,2.10575
0.159940000955,2.137
0.159950000955,2.137
0.159960000955,2.10575
0.159970000955,2.10575
0.159980000955,2.16825
0.159990000955,2.137
0.160000000955,2.10575
0.160010000955,2.137
0.160020000955,2.137
0.160030000955,2.16825
0.160040000955,2.137
0.160050000955,2.137
0.160060000955,2.137
0.160070000955,2.10575
0.160080000955,2.137
0.160090000955,2.10575
0.160100000955,2.137
0.160110000955,2.16825
0.160120000955,2.137
0.160130000955,2.137
0.160140000955,2.137
0.160150000955,2.137
0.160160000955,2.16825
0.160170000955,2.10575
0.160180000955,2.16825
0.160190000955,2.137
0.160200000955,2.137
0.160210000955,2.10575
0.160220000955,2.137
0.160230000955,2.16825
0.160240000955,2.137
0.160250000955,2.137
0.160260000955,2.16825
0.160270000955,2.137
0.160280000955,2.10575
0.160290000955,2.137
0.160300000955,2.16825
0.160310000955,2.137
0.160320000955,2.137
0.160330000955,2.10575
0.160340000955,2.10575
0.160350000955,2.137
0.160360000955,2.10575
0.160370000955,2.137
0.160380000955,2.137
0.160390000955,2.16825
0.160400000955,2.137
0.160410000955,2.10575
0.160420000955,2.137
0.160430000955,2.137
0.160440000955,2.10575
0.160450000955,2.137
0.160460000955,2.137
0.160470000955,2.137
0.160480000955,2.137
0.160490000955,2.137
0.160500000955,2.137
0.160510000955,2.137
0.160520000955,2.137
0.160530000955,2.137
0.160540000955,2.137
0.160550000955,2.137
0.160560000955,2.10575
0.160570000955,2.137
0.160580000955,2.137
0.160590000955,2.16825
0.160600000955,2.137
0.160610000955,2.0745
0.160620000955,2.10575
0.160630000955,2.137
0.160640000955,2.137
0.160650000955,2.10575
0.160660000955,2.10575
0.160670000955,2.16825
0.160680000955,2.137
0.160690000955,2.137
0.160700000955,2.16825
0.160710000955,2.137
0.160720000955,2.137
0.160730000955,2.10575
0.160740000955,2.137
0.160750000955,2.137
0.160760000955,2.137
0.160770000955,2.137
0.160780000955,2.137
0.160790000955,2.10575
0.160800000955,2.137
0.160810000955,2.16825
0.160820000955,2.10575
0.160830000955,2.10575
0.160840000955,2.137
0.160850000955,2.137
0.160860000955,2.137
0.160870000955,2.10575
0.160880000955,2.16825
0.160890000955,2.10575
0.160900000955,2.137
0.160910000955,2.137
0.160920000955,2.137
0.160930000955,2.10575
0.160940000955,2.16825
0.160950000955,2.16825
0.160960000955,2.10575
0.160970000955,2.10575
0.160980000955,2.16825
0.160990000955,2.137
0.161000000955,2.10575
0.161010000955,2.10575
0.161020000955,2.137
0.161030000955,2.16825
0.161040000955,2.10575
0.161050000955,2.137
0.161060000955,2.16825
0.161070000955,2.16825
0.161080000955,2.10575
0.161090000955,2.10575
0.161100000955,2.137
0.161110000955,2.16825
0.161120000955,2.137
0.161130000955,2.10575
0.161140000955,2.137
0.161150000955,2.137
0.161160000955,2.16825
0.161170000955,2.137
0.161180000955,2.16825
0.161190000955,2.137
0.161200000955,2.137
0.161210000955,2.16825
0.161220000955,2.10575
0.161230000955,2.137
0.161240000955,2.137
0.161250000955,2.137
0.161260000955,2.137
0.161270000955,2.137
0.161280000955,2.10575
0.161290000955,2.16825
0.161300000955,2.137
0.161310000955,2.16825
0.161320000955,2.137
0.161330000955,2.137
0.161340000955,2.16825
0.161350000955,2.137
0.161360000955,2.137
0.161370000955,2.16825
0.161380000955,2.137
0.161390000955,2.137
0.161400000955,2.137
0.161410000955,2.137
0.161420000955,2.137
0.161430000955,2.137
0.161440000955,2.137
0.161450000955,2.137
0.161460000955,2.137
0.161470000955,2.16825
0.161480000955,2.137
0.161490000955,2.137
0.161500000955,2.137
0.161510000955,2.10575
0.161520000955,2.16825
0.161530000955,2.137
0.161540000955,2.137
0.161550000955,2.137
0.161560000955,2.137
0.161570000955,2.137
0.161580000955,2.10575
0.161590000955,2.137
0.161600000955,2.137
0.161610000955,2.137
0.161620000955,2.137
0.161630000955,2.16825
0.161640000955,2.137
0.161650000955,2.137
0.161660000955,2.16825
0.161670000955,2.10575
0.161680000955,2.137
0.161690000955,2.137
0.161700000955,2.16825
0.161710000955,2.137
0.161720000955,2.16825
0.161730000955,2.137
0.161740000955,2.137
0.161750000955,2.137
0.161760000955,2.16825
0.161770000955,2.137
0.161780000955,2.137
0.161790000955,2.137
0.161800000955,2.137
0.161810000955,2.137
0.161820000955,2.137
0.161830000955,2.10575
0.161840000955,2.137
0.161850000955,2.137
0.161860000955,2.16825
0.161870000955,2.137
0.161880000955,2.137
0.161890000955,2.10575
0.161900000955,2.10575
0.161910000955,2.10575
0.161920000955,2.137
0.161930000955,2.137
0.161940000955,2.137
0.161950000955,2.137
0.161960000955,2.16825
0.161970000955,2.137
0.161980000955,2.137
0.161990000955,2.16825
0.162000000955,2.10575
0.162010000955,2.137
0.162020000955,2.10575
0.162030000955,2.137
0.162040000955,2.10575
0.162050000955,2.16825
0.162060000955,2.10575
0.162070000955,2.137
0.162080000955,2.137
0.162090000955,2.10575
0.162100000955,2.137
0.162110000955,2.137
0.162120000955,2.137
0.162130000955,2.137
0.162140000955,2.137
0.162150000955,2.16825
0.162160000955,2.16825
0.162170000955,2.137
0.162180000955,2.137
0.162190000955,2.137
0.162200000955,2.137
0.162210000955,2.10575
0.162220000955,2.10575
0.162230000955,2.137
0.162240000955,2.137
0.162250000955,2.137
0.162260000955,2.10575
0.162270000955,2.10575
0.162280000955,2.16825
0.162290000955,2.16825
0.162300000955,2.137
0.162310000955,2.10575
0.162320000955,2.16825
0.162330000955,2.10575
0.162340000955,2.16825
0.162350000955,2.137
0.162360000955,2.16825
0.162370000955,2.10575
0.162380000955,2.137
0.162390000955,2.16825
0.162400000955,2.137
0.162410000955,2.16825
0.162420000955,2.137
0.162430000955,2.137
0.162440000955,2.137
0.162450000955,2.16825
0.162460000955,2.137
0.162470000955,2.10575
0.162480000955,2.137
0.162490000955,2.16825
0.162500000955,2.137
0.162510000955,2.10575
0.162520000955,2.137
0.162530000955,2.137
0.162540000955,2.16825
0.162550000955,2.16825
0.162560000955,2.137
0.162570000955,2.16825
0.162580000955,2.137
0.162590000955,2.137
0.162600000955,2.137
0.162610000955,2.137
0.162620000955,2.137
0.162630000955,2.137
0.162640000955,2.10575
0.162650000955,2.137
0.162660000955,2.16825
0.162670000955,2.137
0.162680000955,2.137
0.162690000955,2.137
0.162700000955,2.137
0.162710000955,2.137
0.162720000955,2.16825
0.162730000955,2.137
0.162740000955,2.137
0.162750000955,2.137
0.162760000955,2.10575
0.162770000955,2.137
0.162780000955,2.137
0.162790000955,2.137
0.162800000955,2.137
0.162810000955,2.137
0.162820000955,2.137
0.162830000955,2.137
0.162840000955,2.16825
0.162850000955,2.137
0.162860000955,2.10575
0.162870000955,2.137
0.162880000955,2.137
0.162890000955,2.137
0.162900000955,2.10575
0.162910000955,2.137
0.162920000955,2.16825
0.162930000955,2.137
0.162940000955,2.16825
0.162950000955,2.10575
0.162960000955,2.137
0.162970000955,2.137
0.162980000955,2.137
0.162990000955,2.16825
0.163000000955,2.16825
0.163010000955,2.137
0.163020000955,2.10575
0.163030000955,2.137
0.163040000955,2.1995
0.163050000955,2.137
0.163060000955,2.16825
0.163070000955,2.137
0.163080000955,2.137
0.163090000955,2.16825
0.163100000955,2.137
0.163110000955,2.137
0.163120000955,2.16825
0.163130000955,2.10575
0.163140000955,2.137
0.163150000955,2.137
0.163160000955,2.10575
0.163170000955,2.137
0.163180000955,2.137
0.163190000955,2.16825
0.163200000955,2.137
0.163210000955,2.137
0.163220000955,2.10575
0.163230000955,2.10575
0.163240000955,2.16825
0.163250000955,2.10575
0.163260000955,2.137
0.163270000955,2.16825
0.163280000955,2.16825
0.163290000955,2.137
0.163300000955,2.137
0.163310000955,2.137
0.163320000955,2.137
0.163330000955,2.137
0.163340000955,2.137
0.163350000955,2.137
0.163360000955,2.16825
0.163370000955,2.137
0.163380000955,2.137
0.163390000955,2.137
0.163400000955,2.10575
0.163410000955,2.137
0.163420000955,2.137
0.163430000955,2.137
0.163440000955,2.137
0.163450000955,2.137
0.163460000955,2.137
0.163470000955,2.137
0.163480000955,2.137
0.163490000955,2.137
0.163500000955,2.137
0.163510000955,2.10575
0.163520000955,2.10575
0.163530000955,2.137
0.163540000955,2.137
0.163550000955,2.137
0.163560000955,2.10575
0.163570000955,2.137
0.163580000955,2.137
0.163590000955,2.137
0.163600000955,2.16825
0.163610000955,2.137
0.163620000955,2.10575
0.163630000955,2.137
0.163640000955,2.16825
0.163650000955,2.16825
0.163660000955,2.137
0.163670000955,2.137
0.163680000955,2.137
0.163690000955,2.10575
0.163700000955,2.137
0.163710000955,2.10575
0.163720000955,2.137
0.163730000955,2.10575
0.163740000955,2.137
0.163750000955,2.137
0.163760000955,2.137
0.163770000955,2.16825
0.163780000955,2.137
0.163790000955,2.16825
0.163800000955,2.137
0.163810000955,2.10575
0.163820000955,2.137
0.163830000955,2.16825
0.163840000955,2.137
0.163850000955,2.16825
0.163860000955,2.137
0.163870000955,2.16825
0.163880000955,2.137
0.163890000955,2.10575
0.163900000955,2.137
0.163910000955,2.137
0.163920000955,2.137
0.163930000955,2.137
0.163940000955,2.16825
0.163950000955,2.137
0.163960000955,2.16825
0.163970000955,2.137
0.163980000955,2.16825
0.163990000955,2.137
0.164000000955,2.137
0.164010000955,2.137
0.164020000955,2.137
0.164030000955,2.137
0.164040000955,2.16825
0.164050000955,2.137
0.164060000955,2.137
0.164070000955,2.137
0.164080000955,2.10575
0.164090000955,2.137
0.164100000955,2.137
0.164110000955,2.16825
0.164120000955,2.10575
0.164130000955,2.137
0.164140000955,2.16825
0.164150000955,2.137
0.164160000955,2.16825
0.164170000955,2.10575
0.164180000955,2.16825
0.164190000955,2.16825
0.164200000955,2.137
0.164210000955,2.137
0.164220000955,2.16825
0.164230000955,2.137
0.164240000955,2.137
0.164250000955,2.16825
0.164260000955,2.137
0.164270000955,2.16825
0.164280000955,2.137
0.164290000955,2.137
0.164300000955,2.137
0.164310000955,2.16825
0.164320000955,2.16825
0.164330000955,2.137
0.164340000955,2.137
0.164350000955,2.137
0.164360000955,2.137
0.164370000955,2.137
0.164380000955,2.137
0.164390000955,2.137
0.164400000955,2.137
0.164410000955,2.10575
0.164420000955,2.10575
0.164430000955,2.16825
0.164440000955,2.137
0.164450000955,2.16825
0.164460000955,2.137
0.164470000955,2.137
0.164480000955,2.137
0.164490000955,2.137
0.164500000955,2.137
0.164510000955,2.10575
0.164520000955,2.16825
0.164530000955,2.137
0.164540000955,2.10575
0.164550000955,2.137
0.164560000955,2.137
0.164570000955,2.137
0.164580000955,2.137
0.164590000955,2.137
0.164600000955,2.16825
0.164610000955,2.16825
0.164620000955,2.137
0.164630000955,2.16825
0.164640000955,2.137
0.164650000955,2.16825
0.164660000955,2.137
0.164670000955,2.137
0.164680000955,2.137
0.164690000955,2.10575
0.164700000955,2.137
0.164710000955,2.137
0.164720000955,2.137
0.164730000955,2.137
0.164740000955,2.16825
0.164750000955,2.137
0.164760000955,2.16825
0.164770000955,2.137
0.164780000955,2.137
0.164790000955,2.137
0.164800000955,2.137
0.164810000955,2.137
0.164820000955,2.10575
0.164830000955,2.16825
0.164840000955,2.137
0.164850000955,2.137
0.164860000955,2.10575
0.164870000955,2.137
0.164880000955,2.16825
0.164890000955,2.137
0.164900000955,2.137
0.164910000955,2.16825
0.164920000955,2.10575
0.164930000955,2.137
0.164940000955,2.137
0.164950000955,2.137
0.164960000955,2.137
0.164970000955,2.16825
0.164980000955,2.10575
0.164990000955,2.137
0.165000000955,2.137
0.165010000955,2.10575
0.165020000955,2.16825
0.165030000955,2.16825
0.165040000955,2.137
0.165050000955,2.16825
0.165060000955,2.137
0.165070000955,2.137
0.165080000955,2.16825
0.165090000955,2.137
0.165100000955,2.137
0.165110000955,2.137
0.165120000955,2.137
0.165130000955,2.16825
0.165140000955,2.137
0.165150000955,2.137
0.165160000955,2.16825
0.165170000955,2.16825
0.165180000955,2.16825
0.165190000955,2.137
0.165200000955,2.137
0.165210000955,2.10575
0.165220000955,2.137
0.165230000955,2.16825
0.165240000955,2.137
0.165250000955,2.16825
0.165260000955,2.137
0.165270000955,2.137
0.165280000955,2.16825
0.165290000955,2.10575
0.165300000955,2.137
0.165310000955,2.137
0.165320000955,2.137
0.165330000955,2.137
0.165340000955,2.16825
0.165350000955,2.10575
0.165360000955,2.16825
0.165370000955,2.16825
0.165380000955,2.137
0.165390000955,2.16825
0.165400000955,2.10575
0.165410000955,2.137
0.165420000955,2.137
0.165430000955,2.16825
0.165440000955,2.16825
0.165450000955,2.10575
0.165460000955,2.137
0.165470000955,2.137
0.165480000955,2.16825
0.165490000955,2.137
0.165500000955,2.16825
0.165510000955,2.137
0.165520000955,2.137
0.165530000955,2.137
0.165540000955,2.10575
0.165550000955,2.137
0.165560000955,2.137
0.165570000955,2.10575
0.165580000955,2.137
0.165590000955,2.137
0.165600000955,2.137
0.165610000955,2.16825
0.165620000955,2.137
0.165630000955,2.16825
0.165640000955,2.137
0.165650000955,2.137
0.165660000955,2.16825
0.165670000955,2.137
0.165680000955,2.16825
0.165690000955,2.137
0.165700000955,2.137
0.165710000955,2.16825
0.165720000955,2.137
0.165730000955,2.16825
0.165740000955,2.16825
0.165750000955,2.10575
0.165760000955,2.137
0.165770000955,2.16825
0.165780000955,2.16825
0.165790000955,2.137
0.165800000955,2.137
0.165810000955,2.137
0.165820000955,2.16825
0.165830000955,2.137
0.165840000955,2.16825
0.165850000955,2.16825
0.165860000955,2.16825
0.165870000955,2.137
0.165880000955,2.137
0.165890000955,2.16825
0.165900000955,2.16825
0.165910000955,2.137
0.165920000955,2.137
0.165930000955,2.137
0.165940000955,2.16825
0.165950000955,2.137
0.165960000955,2.137
0.165970000955,2.16825
0.165980000955,2.137
0.165990000955,2.137
0.166000000955,2.137
0.166010000955,2.10575
0.166020000955,2.137
0.166030000955,2.16825
0.166040000955,2.16825
0.166050000955,2.10575
0.166060000955,2.16825
0.166070000955,2.10575
0.166080000955,2.137
0.166090000955,2.137
0.166100000955,2.137
0.166110000955,2.16825
0.166120000955,2.10575
0.166130000955,2.16825
0.166140000955,2.137
0.166150000955,2.137
0.166160000955,2.137
0.166170000955,2.16825
0.166180000955,2.137
0.166190000955,2.137
0.166200000955,2.137
0.166210000955,2.10575
0.166220000955,2.10575
0.166230000955,2.137
0.166240000955,2.137
0.166250000955,2.137
0.166260000955,2.137
0.166270000955,2.16825
0.166280000955,2.137
0.166290000955,2.16825
0.166300000955,2.137
0.166310000955,2.137
0.166320000955,2.16825
0.166330000955,2.137
0.166340000955,2.137
0.166350000955,2.1995
0.166360000955,2.137
0.166370000955,2.137
0.166380000955,2.16825
0.166390000955,2.137
0.166400000955,2.16825
0.166410000955,2.10575
0.166420000955,2.137
0.166430000955,2.137
0.166440000955,2.137
0.166450000955,2.137
0.166460000955,2.137
0.166470000955,2.10575
0.166480000955,2.10575
0.166490000955,2.137
0.166500000955,2.137
0.166510000955,2.137
0.166520000955,2.137
0.166530000955,2.137
0.166540000955,2.137
0.166550000955,2.137
0.166560000955,2.16825
0.166570000955,2.16825
0.166580000955,2.16825
0.166590000955,2.137
0.166600000955,2.16825
0.166610000955,2.137
0.166620000955,2.16825
0.166630000955,2.16825
0.166640000955,2.16825
0.166650000955,2.137
0.166660000955,2.137
0.166670000955,2.16825
0.166680000955,2.137
0.166690000955,2.137
0.166700000955,2.137
0.166710000955,2.137
0.166720000955,2.10575
0.166730000955,2.137
0.166740000955,2.10575
0.166750000955,2.137
0.166760000955,2.16825
0.166770000955,2.1995
0.166780000955,2.137
0.166790000955,2.16825
0.166800000955,2.16825
0.166810000955,2.16825
0.166820000955,2.10575
0.166830000955,2.16825
0.166840000955,2.16825
0.166850000955,2.137
0.166860000955,2.10575
0.166870000955,2.137
0.166880000955,2.16825
0.166890000955,2.137
0.166900000955,2.10575
0.166910000955,2.16825
0.166920000955,2.137
0.166930000955,2.16825
0.166940000955,2.137
0.166950000955,2.16825
0.166960000955,2.137
0.166970000955,2.16825
0.166980000955,2.137
0.166990000955,2.137
0.167000000955,2.10575
0.167010000955,2.137
0.167020000955,2.137
0.167030000955,2.137
0.167040000955,2.137
0.167050000955,2.137
0.167060000955,2.16825
0.167070000955,2.16825
0.167080000955,2.10575
0.167090000955,2.16825
0.167100000955,2.16825
0.167110000955,2.16825
0.167120000955,2.16825
0.167130000955,2.16825
0.167140000955,2.16825
0.167150000955,2.16825
0.167160000955,2.137
0.167170000955,2.10575
0.167180000955,2.137
0.167190000955,2.16825
0.167200000955,2.16825
0.167210000955,2.16825
0.167220000955,2.137
0.167230000955,2.137
0.167240000955,2.16825
0.167250000955,2.137
0.167260000955,2.137
0.167270000955,2.137
0.167280000955,2.16825
0.167290000955,2.137
0.167300000955,2.137
0.167310000955,2.16825
0.167320000955,2.137
0.167330000955,2.16825
0.167340000955,2.16825
0.167350000955,2.137
0.167360000955,2.137
0.167370000955,2.16825
0.167380000955,2.137
0.167390000955,2.137
0.167400000955,2.16825
0.167410000955,2.137
0.167420000955,2.137
0.167430000955,2.137
0.167440000955,2.137
0.167450000955,2.137
0.167460000955,2.137
0.167470000955,2.137
0.167480000955,2.137
0.167490000955,2.10575
0.167500000955,2.137
0.167510000955,2.137
0.167520000955,2.16825
0.167530000955,2.137
0.167540000955,2.137
0.167550000955,2.137
0.167560000955,2.137
0.167570000955,2.16825
0.167580000955,2.10575
0.167590000955,2.137
0.167600000955,2.16825
0.167610000955,2.137
0.167620000955,2.137
0.167630000955,2.137
0.167640000955,2.137
0.167650000955,2.137
0.167660000955,2.137
0.167670000955,2.137
0.167680000955,2.10575
0.167690000955,2.137
0.167700000955,2.137
0.167710000955,2.137
0.167720000955,2.137
0.167730000955,2.137
0.167740000955,2.137
0.167750000955,2.137
0.167760000955,2.137
0.167770000955,2.16825
0.167780000955,2.16825
0.167790000955,2.16825
0.167800000955,2.16825
0.167810000955,2.16825
0.167820000955,2.137
0.167830000955,2.137
0.167840000955,2.137
0.167850000955,2.137
0.167860000955,2.16825
0.167870000955,2.16825
0.167880000955,2.10575
0.167890000955,2.137
0.167900000955,2.16825
0.167910000955,2.137
0.167920000955,2.137
0.167930000955,2.137
0.167940000955,2.137
0.167950000955,2.16825
0.167960000955,2.16825
0.167970000955,2.137
0.167980000955,2.137
0.167990000955,2.137
0.168000000955,2.16825
0.168010000955,2.16825
0.168020000955,2.16825
0.168030000955,2.137
0.168040000955,2.137
0.168050000955,2.137
0.168060000955,2.10575
0.168070000955,2.16825
0.168080000955,2.137
0.168090000955,2.137
0.168100000955,2.16825
0.168110000955,2.137
0.168120000955,2.137
0.168130000955,2.137
0.168140000955,2.137
0.168150000955,2.16825
0.168160000955,2.137
0.168170000955,2.137
0.168180000955,2.16825
0.168190000955,2.137
0.168200000955,2.137
0.168210000955,2.10575
0.168220000955,2.137
0.168230000955,2.16825
0.168240000955,2.137
0.168250000955,2.16825
0.168260000955,2.10575
0.168270000955,2.137
0.168280000955,2.16825
0.168290000955,2.16825
0.168300000955,2.1995
0.168310000955,2.10575
0.168320000955,2.16825
0.168330000955,2.137
0.168340000955,2.137
0.168350000955,2.137
0.168360000955,2.137
0.168370000955,2.10575
0.168380000955,2.1995
0.168390000955,2.137
0.168400000955,2.137
0.168410000955,2.137
0.168420000955,2.16825
0.168430000955,2.137
0.168440000955,2.137
0.168450000955,2.10575
0.168460000955,2.16825
0.168470000955,2.16825
0.168480000955,2.137
0.168490000955,2.137
0.168500000955,2.137
0.168510000955,2.16825
0.168520000955,2.137
0.168530000955,2.10575
0.168540000955,2.137
0.168550000955,2.137
0.168560000955,2.137
0.168570000955,2.16825
0.168580000955,2.137
0.168590000955,2.16825
0.168600000955,2.137
0.168610000955,2.137
0.168620000955,2.137
0.168630000955,2.16825
0.168640000955,2.16825
0.168650000955,2.137
0.168660000955,2.16825
0.168670000955,2.137
0.168680000955,2.137
0.168690000955,2.10575
0.168700000955,2.137
0.168710000955,2.137
0.168720000955,2.137
0.168730000955,2.16825
0.168740000955,2.137
0.168750000955,2.16825
0.168760000955,2.16825
0.168770000955,2.137
0.168780000955,2.16825
0.168790000955,2.137
0.168800000955,2.16825
0.168810000955,2.16825
0.168820000955,2.137
0.168830000955,2.137
0.168840000955,2.16825
0.168850000955,2.16825
0.168860000955,2.16825
0.168870000955,2.10575
0.168880000955,2.16825
0.168890000955,2.10575
0.168900000955,2.137
0.168910000955,2.137
0.168920000955,2.16825
0.168930000955,2.137
0.168940000955,2.137
0.168950000955,2.137
0.168960000955,2.137
0.168970000955,2.137
0.168980000955,2.137
0.168990000955,2.10575
0.169000000955,2.137
0.169010000955,2.137
0.169020000955,2.1995
0.169030000955,2.137
0.169040000955,2.137
0.169050000955,2.16825
0.169060000955,2.16825
0.169070000955,2.16825
0.169080000955,2.137
0.169090000955,2.16825
0.169100000955,2.16825
0.169110000955,2.137
0.169120000955,2.137
0.169130000955,2.10575
0.169140000955,2.137
0.169150000955,2.16825
0.169160000955,2.137
0.169170000955,2.137
0.169180000955,2.137
0.169190000955,2.137
0.169200000955,2.137
0.169210000955,2.137
0.169220000955,2.137
0.169230000955,2.137
0.169240000955,2.16825
0.169250000955,2.16825
0.169260000955,2.137
0.169270000955,2.1995
0.169280000955,2.16825
0.169290000955,2.137
0.169300000955,2.16825
0.169310000955,2.16825
0.169320000955,2.137
0.169330000955,2.16825
0.169340000955,2.137
0.169350000955,2.137
0.169360000955,2.137
0.169370000955,2.16825
0.169380000955,2.16825
0.169390000955,2.16825
0.169400000955,2.137
0.169410000955,2.16825
0.169420000955,2.16825
0.169430000955,2.137
0.169440000955,2.16825
0.169450000955,2.10575
0.169460000955,2.137
0.169470000955,2.16825
0.169480000955,2.137
0.169490000955,2.137
0.169500000955,2.16825
0.169510000955,2.137
0.169520000955,2.137
0.169530000955,2.137
0.169540000955,2.10575
0.169550000955,2.16825
0.169560000955,2.16825
0.169570000955,2.137
0.169580000955,2.16825
0.169590000955,2.16825
0.169600000955,2.137
0.169610000955,2.137
0.169620000955,2.137
0.169630000955,2.16825
0.169640000955,2.137
0.169650000955,2.16825
0.169660000955,2.137
0.169670000955,2.137
0.169680000955,2.16825
0.169690000955,2.10575
0.169700000955,2.137
0.169710000955,2.16825
0.169720000955,2.16825
0.169730000955,2.16825
0.169740000955,2.137
0.169750000955,2.16825
0.169760000955,2.137
0.169770000955,2.137
0.169780000955,2.16825
0.169790000955,2.137
0.169800000955,2.16825
0.169810000955,2.16825
0.169820000955,2.137
0.169830000955,2.16825
0.169840000955,2.16825
0.169850000955,2.16825
0.169860000955,2.137
0.169870000955,2.137
0.169880000955,2.16825
0.169890000955,2.137
0.169900000955,2.137
0.169910000955,2.16825
0.169920000955,2.137
0.169930000955,2.16825
0.169940000955,2.16825
0.169950000955,2.137
0.169960000955,2.10575
0.169970000955,2.137
0.169980000955,2.137
0.169990000955,2.16825
0.170000000955,2.137
0.170010000955,2.10575
0.170020000955,2.137
0.170030000955,2.16825
0.170040000955,2.137
0.170050000955,2.16825
0.170060000955,2.137
0.170070000955,2.137
0.170080000955,2.137
0.170090000955,2.1995
0.170100000955,2.16825
0.170110000955,2.137
0.170120000955,2.16825
0.170130000955,2.137
0.170140000955,2.137
0.170150000955,2.137
0.170160000955,2.16825
0.170170000955,2.137
0.170180000955,2.10575
0.170190000955,2.1995
0.170200000955,2.137
0.170210000955,2.137
0.170220000955,2.137
0.170230000955,2.16825
0.170240000955,2.16825
0.170250000955,2.137
0.170260000955,2.16825
0.170270000955,2.16825
0.170280000955,2.137
0.170290000955,2.1995
0.170300000955,2.16825
0.170310000955,2.10575
0.170320000955,2.137
0.170330000955,2.137
0.170340000955,2.137
0.170350000955,2.16825
0.170360000955,2.16825
0.170370000955,2.16825
0.170380000955,2.137
0.170390000955,2.16825
0.170400000955,2.16825
0.170410000955,2.1995
0.170420000955,2.16825
0.170430000955,2.16825
0.170440000955,2.16825
0.170450000955,2.16825
0.170460000955,2.137
0.170470000955,2.16825
0.170480000955,2.137
0.170490000955,2.137
0.170500000955,2.1995
0.170510000955,2.137
0.170520000955,2.137
0.170530000955,2.137
0.170540000955,2.16825
0.170550000955,2.137
0.170560000955,2.16825
0.170570000955,2.1995
0.170580000955,2.16825
0.170590000955,2.137
0.170600000955,2.137
0.170610000955,2.16825
0.170620000955,2.137
0.170630000955,2.137
0.170640000955,2.1995
0.170650000955,2.16825
0.170660000955,2.16825
0.170670000955,2.16825
0.170680000955,2.16825
0.170690000955,2.137
0.170700000955,2.137
0.170710000955,2.16825
0.170720000955,2.137
0.170730000955,2.137
0.170740000955,2.137
0.170750000955,2.137
0.170760000955,2.137
0.170770000955,2.137
0.170780000955,2.16825
0.170790000955,2.137
0.170800000955,2.137
0.170810000955,2.10575
0.170820000955,2.16825
0.170830000955,2.137
0.170840000955,2.1995
0.170850000955,2.137
0.170860000955,2.137
0.170870000955,2.137
0.170880000955,2.1995
0.170890000955,2.16825
0.170900000955,2.16825
0.170910000955,2.137
0.170920000955,2.16825
0.170930000955,2.16825
0.170940000955,2.137
0.170950000955,2.16825
0.170960000955,2.16825
0.170970000955,2.137
0.170980000955,2.16825
0.170990000955,2.137
0.171000000955,2.137
0.171010000955,2.137
0.171020000955,2.137
0.171030000955,2.137
0.171040000955,2.137
0.171050000955,2.16825
0.171060000955,2.16825
0.171070000955,2.137
0.171080000955,2.16825
0.171090000955,2.10575
0.171100000955,2.1995
0.171110000955,2.137
0.171120000955,2.137
0.171130000955,2.16825
0.171140000955,2.16825
0.171150000955,2.16825
0.171160000955,2.137
0.171170000955,2.1995
0.171180000955,2.16825
0.171190000955,2.16825
0.171200000955,2.16825
0.171210000955,2.137
0.171220000955,2.137
0.171230000955,2.137
0.171240000955,2.137
0.171250000955,2.16825
0.171260000955,2.16825
0.171270000955,2.16825
0.171280000955,2.137
0.171290000955,2.16825
0.171300000955,2.137
0.171310000955,2.16825
0.171320000955,2.137
0.171330000955,2.16825
0.171340000955,2.10575
0.171350000955,2.137
0.171360000955,2.16825
0.171370000955,2.137
0.171380000955,2.16825
0.171390000955,2.16825
0.171400000955,2.137
0.171410000955,2.16825
0.171420000955,2.137
0.171430000955,2.16825
0.171440000955,2.1995
0.171450000955,2.137
0.171460000955,2.1995
0.171470000955,2.137
0.171480000955,2.16825
0.171490000955,2.16825
0.171500000955,2.16825
0.171510000955,2.16825
0.171520000955,2.16825
0.171530000955,2.16825
0.171540000955,2.137
0.171550000955,2.137
0.171560000955,2.137
0.171570000955,2.137
0.171580000955,2.137
0.171590000955,2.137
0.171600000955,2.16825
0.171610000955,2.137
0.171620000955,2.137
0.171630000955,2.137
0.171640000955,2.137
0.171650000955,2.137
0.171660000955,2.16825
0.171670000955,2.1995
0.171680000955,2.16825
0.171690000955,2.137
0.171700000955,2.137
0.171710000955,2.137
0.171720000955,2.16825
0.171730000955,2.137
0.171740000955,2.16825
0.171750000955,2.16825
0.171760000955,2.137
0.171770000955,2.137
0.171780000955,2.16825
0.171790000955,2.137
0.171800000955,2.16825
0.171810000955,2.137
0.171820000955,2.10575
0.171830000955,2.137
0.171840000955,2.16825
0.171850000955,2.137
0.171860000955,2.16825
0.171870000955,2.16825
0.171880000955,2.1995
0.171890000955,2.16825
0.171900000955,2.137
0.171910000955,2.1995
0.171920000955,2.137
0.171930000955,2.137
0.171940000955,2.16825
0.171950000955,2.137
0.171960000955,2.16825
0.171970000955,2.137
0.171980000955,2.16825
0.171990000955,2.16825
0.172000000955,2.16825
0.172010000955,2.16825
0.172020000955,2.137
0.172030000955,2.137
0.172040000955,2.16825
0.172050000955,2.137
0.172060000955,2.137
0.172070000955,2.16825
0.172080000955,2.137
0.172090000955,2.137
0.172100000955,2.137
0.172110000955,2.137
0.172120000955,2.137
0.172130000955,2.137
0.172140000955,2.137
0.172150000955,2.16825
0.172160000955,2.16825
0.172170000955,2.16825
0.172180000955,2.16825
0.172190000955,2.16825
0.172200000955,2.137
0.172210000955,2.137
0.172220000955,2.16825
0.172230000955,2.10575
0.172240000955,2.16825
0.172250000955,2.16825
0.172260000955,2.16825
0.172270000955,2.137
0.172280000955,2.16825
0.172290000955,2.137
0.172300000955,2.137
0.172310000955,2.16825
0.172320000955,2.137
0.172330000955,2.137
0.172340000955,2.16825
0.172350000955,2.137
0.172360000955,2.16825
0.172370000955,2.16825
0.172380000955,2.16825
0.172390000955,2.137
0.172400000955,2.16825
0.172410000955,2.16825
0.172420000955,2.16825
0.172430000955,2.137
0.172440000955,2.16825
0.172450000955,2.16825
0.172460000955,2.16825
0.172470000955,2.16825
0.172480000955,2.16825
0.172490000955,2.16825
0.172500000955,2.16825
0.172510000955,2.16825
0.172520000955,2.137
0.172530000955,2.137
0.172540000955,2.16825
0.172550000955,2.16825
0.172560000955,2.137
0.172570000955,2.137
0.172580000955,2.137
0.172590000955,2.137
0.172600000955,2.1995
0.172610000955,2.16825
0.172620000955,2.137
0.172630000955,2.16825
0.172640000955,2.137
0.172650000955,2.16825
0.172660000955,2.137
0.172670000955,2.137
0.172680000955,2.137
0.172690000955,2.16825
0.172700000955,2.16825
0.172710000955,2.16825
0.172720000955,2.137
0.172730000955,2.137
0.172740000955,2.137
0.172750000955,2.137
0.172760000955,2.10575
0.172770000955,2.16825
0.172780000955,2.137
0.172790000955,2.137
0.172800000955,2.16825
0.172810000955,2.1995
0.172820000955,2.16825
0.172830000955,2.1995
0.172840000955,2.137
0.172850000955,2.137
0.172860000955,2.16825
0.172870000955,2.137
0.172880000955,2.16825
0.172890000955,2.16825
0.172900000955,2.1995
0.172910000955,2.1995
0.172920000955,2.16825
0.172930000955,2.1995
0.172940000955,2.137
0.172950000955,2.16825
0.172960000955,2.16825
0.172970000955,2.137
0.172980000955,2.16825
0.172990000955,2.16825
0.173000000955,2.1995
0.173010000955,2.137
0.173020000955,2.16825
0.173030000955,2.137
0.173040000955,2.137
0.173050000955,2.16825
0.173060000955,2.16825
0.173070000955,2.16825
0.173080000955,2.16825
0.173090000955,2.16825
0.173100000955,2.137
0.173110000955,2.137
0.173120000955,2.1995
0.173130000955,2.16825
0.173140000955,2.16825
0.173150000955,2.137
0.173160000955,2.16825
0.173170000955,2.16825
0.173180000955,2.137
0.173190000955,2.137
0.173200000955,2.16825
0.173210000955,2.137
0.173220000955,2.16825
0.173230000955,2.137
0.173240000955,2.16825
0.173250000955,2.16825
0.173260000955,2.16825
0.173270000955,2.16825
0.173280000955,2.137
0.173290000955,2.137
0.173300000955,2.137
0.173310000955,2.16825
0.173320000955,2.16825
0.173330000955,2.137
0.173340000955,2.1995
0.173350000955,2.16825
0.173360000955,2.16825
0.173370000955,2.137
0.173380000955,2.16825
0.173390000955,2.137
0.173400000955,2.1995
0.173410000955,2.16825
0.173420000955,2.137
0.173430000955,2.137
0.173440000955,2.16825
0.173450000955,2.137
0.173460000955,2.137
0.173470000955,2.16825
0.173480000955,2.16825
0.173490000955,2.16825
0.173500000955,2.16825
0.173510000955,2.16825
0.173520000955,2.16825
0.173530000955,2.16825
0.173540000955,2.16825
0.173550000955,2.137
0.173560000955,2.137
0.173570000955,2.137
0.173580000955,2.137
0.173590000955,2.16825
0.173600000955,2.16825
0.173610000955,2.1995
0.173620000955,2.137
0.173630000955,2.137
0.173640000955,2.137
0.173650000955,2.137
0.173660000955,2.137
0.173670000955,2.16825
0.173680000955,2.16825
0.173690000955,2.137
0.173700000955,2.137
0.173710000955,2.137
0.173720000955,2.137
0.173730000955,2.137
0.173740000955,2.16825
0.173750000955,2.137
0.173760000955,2.137
0.173770000955,2.16825
0.173780000955,2.16825
0.173790000955,2.1995
0.173800000955,2.16825
0.173810000955,2.137
0.173820000955,2.16825
0.173830000955,2.137
0.173840000955,2.137
0.173850000955,2.137
0.173860000955,2.137
0.173870000955,2.16825
0.173880000955,2.16825
0.173890000955,2.137
0.173900000955,2.16825
0.173910000955,2.137
0.173920000955,2.137
0.173930000955,2.16825
0.173940000955,2.137
0.173950000955,2.16825
0.173960000955,2.137
0.173970000955,2.1995
0.173980000955,2.137
0.173990000955,2.16825
0.174000000955,2.137
0.174010000955,2.137
0.174020000955,2.137
0.174030000955,2.16825
0.174040000955,2.16825
0.174050000955,2.16825
0.174060000955,2.16825
0.174070000955,2.137
0.174080000955,2.16825
0.174090000955,2.16825
0.174100000955,2.16825
0.174110000955,2.137
0.174120000955,2.137
0.174130000955,2.16825
0.174140000955,2.16825
0.174150000955,2.16825
0.174160000955,2.16825
0.174170000955,2.137
0.174180000955,2.137
0.174190000955,2.137
0.174200000955,2.137
0.174210000955,2.16825
0.174220000955,2.16825
0.174230000955,2.16825
0.174240000955,2.137
0.174250000955,2.137
0.174260000955,2.16825
0.174270000955,2.137
0.174280000955,2.16825
0.174290000955,2.16825
0.174300000955,2.16825
0.174310000955,2.16825
0.174320000955,2.10575
0.174330000955,2.137
0.174340000955,2.16825
0.174350000955,2.16825
0.174360000955,2.137
0.174370000955,2.16825
0.174380000955,2.137
0.174390000955,2.137
0.174400000955,2.16825
0.174410000955,2.137
0.174420000955,2.16825
0.174430000955,2.16825
0.174440000955,2.16825
0.174450000955,2.137
0.174460000955,2.1995
0.174470000955,2.10575
0.174480000955,2.16825
0.174490000955,2.137
0.174500000955,2.137
0.174510000955,2.137
0.174520000955,2.137
0.174530000955,2.16825
0.174540000955,2.137
0.174550000955,2.137
0.174560000955,2.137
0.174570000955,2.1995
0.174580000955,2.16825
0.174590000955,2.137
0.174600000955,2.137
0.174610000955,2.16825
0.174620000955,2.16825
0.174630000955,2.16825
0.174640000955,2.16825
0.174650000955,2.16825
0.174660000955,2.16825
0.174670000955,2.16825
0.174680000955,2.137
0.174690000955,2.137
0.174700000955,2.16825
0.174710000955,2.16825
0.174720000955,2.16825
0.174730000955,2.16825
0.174740000955,2.10575
0.174750000955,2.16825
0.174760000955,2.137
0.174770000955,2.137
0.174780000955,2.16825
0.174790000955,2.16825
0.174800000955,2.137
0.174810000955,2.137
0.174820000955,2.137
0.174830000955,2.16825
0.174840000955,2.137
0.174850000955,2.137
0.174860000955,2.137
0.174870000955,2.137
0.174880000955,2.16825
0.174890000955,2.1995
0.174900000955,2.137
0.174910000955,2.137
0.174920000955,2.16825
0.174930000955,2.137
0.174940000955,2.137
0.174950000955,2.16825
0.174960000955,2.137
0.174970000955,2.16825
0.174980000955,2.16825
0.174990000955,2.16825
0.175000000955,2.16825
0.175010000955,2.16825
0.175020000955,2.137
0.175030000955,2.137
0.175040000955,2.16825
0.175050000955,2.10575
0.175060000955,2.16825
0.175070000955,2.137
0.175080000955,2.16825
0.175090000955,2.16825
0.175100000955,2.137
0.175110000955,2.1995
0.175120000955,2.16825
0.175130000955,2.16825
0.175140000955,2.16825
0.175150000955,2.137
0.175160000955,2.137
0.175170000955,2.1995
0.175180000955,2.16825
0.175190000955,2.137
0.175200000955,2.16825
0.175210000955,2.16825
0.175220000955,2.1995
0.175230000955,2.16825
0.175240000955,2.137
0.175250000955,2.10575
0.175260000955,2.137
0.175270000955,2.137
0.175280000955,2.16825
0.175290000955,2.137
0.175300000955,2.16825
0.175310000955,2.16825
0.175320000955,2.16825
0.175330000955,2.1995
0.175340000955,2.16825
0.175350000955,2.16825
0.175360000955,2.16825
0.175370000955,2.16825
0.175380000955,2.16825
0.175390000955,2.16825
0.175400000955,2.1995
0.175410000955,2.16825
0.175420000955,2.137
0.175430000955,2.16825
0.175440000955,2.16825
0.175450000955,2.137
0.175460000955,2.16825
0.175470000955,2.137
0.175480000955,2.137
0.175490000955,2.16825
0.175500000955,2.137
0.175510000955,2.137
0.175520000955,2.137
0.175530000955,2.16825
0.175540000955,2.16825
0.175550000955,2.1995
0.175560000955,2.137
0.175570000955,2.137
0.175580000955,2.16825
0.175590000955,2.16825
0.175600000955,2.16825
0.175610000955,2.137
0.175620000955,2.137
0.175630000955,2.16825
0.175640000955,2.16825
0.175650000955,2.137
0.175660000955,2.16825
0.175670000955,2.137
0.175680000955,2.16825
0.175690000955,2.137
0.175700000955,2.1995
0.175710000955,2.16825
0.175720000955,2.1995
0.175730000955,2.137
0.175740000955,2.137
0.175750000955,2.16825
0.175760000955,2.1995
0.175770000955,2.16825
0.175780000955,2.1995
0.175790000955,2.16825
0.175800000955,2.137
0.175810000955,2.16825
0.175820000955,2.137
0.175830000955,2.137
0.175840000955,2.16825
0.175850000955,2.16825
0.175860000955,2.137
0.175870000955,2.137
0.175880000955,2.137
0.175890000955,2.137
0.175900000955,2.16825
0.175910000955,2.16825
0.175920000955,2.137
0.175930000955,2.137
0.175940000955,2.16825
0.175950000955,2.137
0.175960000955,2.16825
0.175970000955,2.1995
0.175980000955,2.16825
0.175990000955,2.16825
0.176000000955,2.16825
0.176010000955,2.137
0.176020000955,2.16825
0.176030000955,2.137
0.176040000955,2.137
0.176050000955,2.16825
0.176060000955,2.137
0.176070000955,2.16825
0.176080000955,2.137
0.176090000955,2.137
0.176100000955,2.137
0.176110000955,2.137
0.176120000955,2.137
0.176130000955,2.16825
0.176140000955,2.16825
0.176150000955,2.16825
0.176160000955,2.16825
0.176170000955,2.137
0.176180000955,2.10575
0.176190000955,2.16825
0.176200000955,2.1995
0.176210000955,2.16825
0.176220000955,2.16825
0.176230000955,2.16825
0.176240000955,2.16825
0.176250000955,2.16825
0.176260000955,2.10575
0.176270000955,2.16825
0.176280000955,2.16825
0.176290000955,2.137
0.176300000955,2.16825
0.176310000955,2.16825
0.176320000955,2.137
0.176330000955,2.16825
0.176340000955,2.16825
0.176350000955,2.137
0.176360000955,2.16825
0.176370000955,2.137
0.176380000955,2.137
0.176390000955,2.137
0.176400000955,2.137
0.176410000955,2.137
0.176420000955,2.137
0.176430000955,2.16825
0.176440000955,2.16825
0.176450000955,2.137
0.176460000955,2.16825
0.176470000955,2.16825
0.176480000955,2.16825
0.176490000955,2.1995
0.176500000955,2.16825
0.176510000955,2.16825
0.176520000955,2.1995
0.176530000955,2.16825
0.176540000955,2.137
0.176550000955,2.137
0.176560000955,2.16825
0.176570000955,2.16825
0.176580000955,2.137
0.176590000955,2.16825
0.176600000955,2.1995
0.176610000955,2.16825
0.176620000955,2.1995
0.176630000955,2.137
0.176640000955,2.137
0.176650000955,2.16825
0.176660000955,2.16825
0.176670000955,2.16825
0.176680000955,2.16825
0.176690000955,2.16825
0.176700000955,2.16825
0.176710000955,2.137
0.176720000955,2.16825
0.176730000955,2.137
0.176740000955,2.1995
0.176750000955,2.137
0.176760000955,2.137
0.176770000955,2.16825
0.176780000955,2.137
0.176790000955,2.16825
0.176800000955,2.137
0.176810000955,2.137
0.176820000955,2.137
0.176830000955,2.137
0.176840000955,2.16825
0.176850000955,2.137
0.176860000955,2.137
0.176870000955,2.137
0.176880000955,2.1995
0.176890000955,2.16825
0.176900000955,2.16825
0.176910000955,2.1995
0.176920000955,2.16825
0.176930000955,2.16825
0.176940000955,2.1995
0.176950000955,2.16825
0.176960000955,2.16825
0.176970000955,2.137
0.176980000955,2.137
0.176990000955,2.137
0.177000000955,2.137
0.177010000955,2.16825
0.177020000955,2.16825
0.177030000955,2.137
0.177040000955,2.137
0.177050000955,2.137
0.177060000955,2.137
0.177070000955,2.137
0.177080000955,2.16825
0.177090000955,2.1995
0.177100000955,2.16825
0.177110000955,2.137
0.177120000955,2.16825
0.177130000955,2.16825
0.177140000955,2.16825
0.177150000955,2.16825
0.177160000955,2.16825
0.177170000955,2.16825
0.177180000955,2.137
0.177190000955,2.137
0.177200000955,2.16825
0.177210000955,2.1995
0.177220000955,2.16825
0.177230000955,2.16825
0.177240000955,2.137
0.177250000955,2.16825
0.177260000955,2.137
0.177270000955,2.1995
0.177280000955,2.16825
0.177290000955,2.16825
0.177300000955,2.1995
0.177310000955,2.16825
0.177320000955,2.16825
0.177330000955,2.137
0.177340000955,2.16825
0.177350000955,2.137
0.177360000955,2.16825
0.177370000955,2.16825
0.177380000955,2.137
0.177390000955,2.137
0.177400000955,2.1995
0.177410000955,2.16825
0.177420000955,2.16825
0.177430000955,2.137
0.177440000955,2.1995
0.177450000955,2.1995
0.177460000955,2.16825
0.177470000955,2.16825
0.177480000955,2.1995
0.177490000955,2.16825
0.177500000955,2.16825
0.177510000955,2.16825
0.177520000955,2.16825
0.177530000955,2.1995
0.177540000955,2.16825
0.177550000955,2.137
0.177560000955,2.16825
0.177570000955,2.16825
0.177580000955,2.16825
0.177590000955,2.16825
0.177600000955,2.16825
0.177610000955,2.137
0.177620000955,2.16825
0.177630000955,2.137
0.177640000955,2.16825
0.177650000955,2.137
0.177660000955,2.16825
0.177670000955,2.16825
0.177680000955,2.16825
0.177690000955,2.16825
0.177700000955,2.16825
0.177710000955,2.16825
0.177720000955,2.10575
0.177730000955,2.1995
0.177740000955,2.16825
0.177750000955,2.16825
0.177760000955,2.16825
0.177770000955,2.16825
0.177780000955,2.137
0.177790000955,2.16825
0.177800000955,2.137
0.177810000955,2.137
0.177820000955,2.1995
0.177830000955,2.16825
0.177840000955,2.137
0.177850000955,2.137
0.177860000955,2.137
0.177870000955,2.1995
0.177880000955,2.137
0.177890000955,2.137
0.177900000955,2.16825
0.177910000955,2.16825
0.177920000955,2.137
0.177930000955,2.16825
0.177940000955,2.137
0.177950000955,2.1995
0.177960000955,2.137
0.177970000955,2.16825
0.177980000955,2.16825
0.177990000955,2.16825
0.178000000955,2.16825
0.178010000955,2.16825
0.178020000955,2.16825
0.178030000955,2.16825
0.178040000955,2.16825
0.178050000955,2.137
0.178060000955,2.16825
0.178070000955,2.16825
0.178080000955,2.16825
0.178090000955,2.16825
0.178100000955,2.16825
0.178110000955,2.16825
0.178120000955,2.16825
0.178130000955,2.137
0.178140000955,2.16825
0.178150000955,2.16825
0.178160000955,2.16825
0.178170000955,2.16825
0.178180000955,2.1995
0.178190000955,2.137
0.178200000955,2.16825
0.178210000955,2.16825
0.178220000955,2.137
0.178230000955,2.16825
0.178240000955,2.16825
0.178250000955,2.137
0.178260000955,2.137
0.178270000955,2.1995
0.178280000955,2.16825
0.178290000955,2.16825
0.178300000955,2.137
0.178310000955,2.16825
0.178320000955,2.16825
0.178330000955,2.137
0.178340000955,2.16825
0.178350000955,2.137
0.178360000955,2.137
0.178370000955,2.16825
0.178380000955,2.137
0.178390000955,2.137
0.178400000955,2.137
0.178410000955,2.16825
0.178420000955,2.137
0.178430000955,2.16825
0.178440000955,2.1995
0.178450000955,2.16825
0.178460000955,2.16825
0.178470000955,2.137
0.178480000955,2.16825
0.178490000955,2.16825
0.178500000955,2.16825
0.178510000955,2.1995
0.178520000955,2.10575
0.178530000955,2.137
0.178540000955,2.137
0.178550000955,2.1995
0.178560000955,2.16825
0.178570000955,2.1995
0.178580000955,2.16825
0.178590000955,2.137
0.178600000955,2.137
0.178610000955,2.137
0.178620000955,2.16825
0.178630000955,2.137
0.178640000955,2.137
0.178650000955,2.16825
0.178660000955,2.137
0.178670000955,2.16825
0.178680000955,2.1995
0.178690000955,2.16825
0.178700000955,2.16825
0.178710000955,2.16825
0.178720000955,2.16825
0.178730000955,2.1995
0.178740000955,2.10575
0.178750000955,2.137
0.178760000955,2.16825
0.178770000955,2.16825
0.178780000955,2.137
0.178790000955,2.16825
0.178800000955,2.137
0.178810000955,2.16825
0.178820000955,2.16825
0.178830000955,2.10575
0.178840000955,2.16825
0.178850000955,2.137
0.178860000955,2.16825
0.178870000955,2.16825
0.178880000955,2.16825
0.178890000955,2.10575
0.178900000955,2.16825
0.178910000955,2.1995
0.178920000955,2.1995
0.178930000955,2.16825
0.178940000955,2.16825
0.178950000955,2.137
0.178960000955,2.16825
0.178970000955,2.16825
0.178980000955,2.16825
0.178990000955,2.137
0.179000000955,2.16825
0.179010000955,2.137
0.179020000955,2.16825
0.179030000955,2.16825
0.179040000955,2.16825
0.179050000955,2.16825
0.179060000955,2.16825
0.179070000955,2.1995
0.179080000955,2.16825
0.179090000955,2.16825
0.179100000955,2.137
0.179110000955,2.16825
0.179120000955,2.16825
0.179130000955,2.137
0.179140000955,2.16825
0.179150000955,2.137
0.179160000955,2.1995
0.179170000955,2.16825
0.179180000955,2.16825
0.179190000955,2.137
0.179200000955,2.16825
0.179210000955,2.16825
0.179220000955,2.16825
0.179230000955,2.137
0.179240000955,2.16825
0.179250000955,2.137
0.179260000955,2.1995
0.179270000955,2.16825
0.179280000955,2.16825
0.179290000955,2.1995
0.179300000955,2.16825
0.179310000955,2.137
0.179320000955,2.137
0.179330000955,2.16825
0.179340000955,2.16825
0.179350000955,2.137
0.179360000955,2.16825
0.179370000955,2.16825
0.179380000955,2.137
0.179390000955,2.1995
0.179400000955,2.1995
0.179410000955,2.16825
0.179420000955,2.16825
0.179430000955,2.137
0.179440000955,2.16825
0.179450000955,2.16825
0.179460000955,2.137
0.179470000955,2.16825
0.179480000955,2.16825
0.179490000955,2.16825
0.179500000955,2.16825
0.179510000955,2.16825
0.179520000955,2.16825
0.179530000955,2.137
0.179540000955,2.137
0.179550000955,2.137
0.179560000955,2.16825
0.179570000955,2.16825
0.179580000955,2.10575
0.179590000955,2.16825
0.179600000955,2.16825
0.179610000955,2.1995
0.179620000955,2.16825
0.179630000955,2.16825
0.179640000955,2.137
0.179650000955,2.1995
0.179660000955,2.137
0.179670000955,2.16825
0.179680000955,2.16825
0.179690000955,2.1995
0.179700000955,2.16825
0.179710000955,2.16825
0.179720000955,2.1995
0.179730000955,2.16825
0.179740000955,2.16825
0.179750000955,2.16825
0.179760000955,2.16825
0.179770000955,2.1995
0.179780000955,2.1995
0.179790000955,2.137
0.179800000955,2.16825
0.179810000955,2.16825
0.179820000955,2.16825
0.179830000955,2.16825
0.179840000955,2.137
0.179850000955,2.16825
0.179860000955,2.137
0.179870000955,2.137
0.179880000955,2.16825
0.179890000955,2.1995
0.179900000955,2.16825
0.179910000955,2.16825
0.179920000955,2.16825
0.179930000955,2.16825
0.179940000955,2.16825
0.179950000955,2.16825
0.179960000955,2.16825
0.179970000955,2.10575
0.179980000955,2.16825
0.179990000955,2.16825
0.180000000955,2.16825
0.180010000955,2.16825
0.180020000955,2.16825
0.180030000955,2.16825
0.180040000955,2.16825
0.180050000955,2.16825
0.180060000955,2.1995
0.180070000955,2.16825
0.180080000955,2.16825
0.180090000955,2.16825
0.180100000955,2.1995
0.180110000955,2.1995
0.180120000955,2.137
0.180130000955,2.1995
0.180140000955,2.16825
0.180150000955,2.16825
0.180160000955,2.16825
0.180170000955,2.16825
0.180180000955,2.16825
0.180190000955,2.137
0.180200000955,2.10575
0.180210000955,2.16825
0.180220000955,2.16825
0.180230000955,2.137
0.180240000955,2.16825
0.180250000955,2.137
0.180260000955,2.16825
0.180270000955,2.16825
0.180280000955,2.137
0.180290000955,2.16825
0.180300000955,2.1995
0.180310000955,2.137
0.180320000955,2.10575
0.180330000955,2.16825
0.180340000955,2.137
0.180350000955,2.1995
0.180360000955,2.137
0.180370000955,2.137
0.180380000955,2.16825
0.180390000955,2.1995
0.180400000955,2.137
0.180410000955,2.16825
0.180420000955,2.16825
0.180430000955,2.16825
0.180440000955,2.137
0.180450000955,2.137
0.180460000955,2.16825
0.180470000955,2.16825
0.180480000955,2.16825
0.180490000955,2.137
0.180500000955,2.16825
0.180510000955,2.137
0.180520000955,2.16825
0.180530000955,2.137
0.180540000955,2.137
0.180550000955,2.16825
0.180560000955,2.1995
0.180570000955,2.137
0.180580000955,2.137
0.180590000955,2.16825
0.180600000955,2.137
0.180610000955,2.1995
0.180620000955,2.16825
0.180630000955,2.16825
0.180640000955,2.1995
0.180650000955,2.16825
0.180660000955,2.1995
0.180670000955,2.1995
0.180680000955,2.1995
0.180690000955,2.16825
0.180700000955,2.1995
0.180710000955,2.1995
0.180720000955,2.16825
0.180730000955,2.16825
0.180740000955,2.137
0.180750000955,2.137
0.180760000955,2.137
0.180770000955,2.16825
0.180780000955,2.16825
0.180790000955,2.137
0.180800000955,2.16825
0.180810000955,2.16825
0.180820000955,2.16825
0.180830000955,2.137
0.180840000955,2.16825
0.180850000955,2.16825
0.180860000955,2.16825
0.180870000955,2.137
0.180880000955,2.137
0.180890000955,2.16825
0.180900000955,2.16825
0.180910000955,2.16825
0.180920000955,2.16825
0.180930000955,2.16825
0.180940000955,2.137
0.180950000955,2.137
0.180960000955,2.16825
0.180970000955,2.16825
0.180980000955,2.16825
0.180990000955,2.16825
0.181000000955,2.16825
0.181010000955,2.137
0.181020000955,2.16825
0.181030000955,2.16825
0.181040000955,2.10575
0.181050000955,2.137
0.181060000955,2.137
0.181070000955,2.16825
0.181080000955,2.137
0.181090000955,2.16825
0.181100000955,2.1995
0.181110000955,2.1995
0.181120000955,2.16825
0.181130000955,2.137
0.181140000955,2.16825
0.181150000955,2.1995
0.181160000955,2.16825
0.181170000955,2.1995
0.181180000955,2.16825
0.181190000955,2.16825
0.181200000955,2.137
0.181210000955,2.16825
0.181220000955,2.137
0.181230000955,2.16825
0.181240000955,2.137
0.181250000955,2.16825
0.181260000955,2.137
0.181270000955,2.1995
0.181280000955,2.1995
0.181290000955,2.1995
0.181300000955,2.16825
0.181310000955,2.16825
0.181320000955,2.16825
0.181330000955,2.1995
0.181340000955,2.137
0.181350000955,2.137
0.181360000955,2.16825
0.181370000955,2.16825
0.181380000955,2.16825
0.181390000955,2.16825
0.181400000955,2.137
0.181410000955,2.137
0.181420000955,2.137
0.181430000955,2.1995
0.181440000955,2.16825
0.181450000955,2.16825
0.181460000955,2.137
0.181470000955,2.137
0.181480000955,2.16825
0.181490000955,2.16825
0.181500000955,2.137
0.181510000955,2.137
0.181520000955,2.16825
0.181530000955,2.137
0.181540000955,2.137
0.181550000955,2.1995
0.181560000955,2.16825
0.181570000955,2.137
0.181580000955,2.16825
0.181590000955,2.137
0.181600000955,2.16825
0.181610000955,2.16825
0.181620000955,2.16825
0.181630000955,2.16825
0.181640000955,2.16825
0.181650000955,2.16825
0.181660000955,2.16825
0.181670000955,2.16825
0.181680000955,2.16825
0.181690000955,2.16825
0.181700000955,2.137
0.181710000955,2.137
0.181720000955,2.16825
0.181730000955,2.137
0.181740000955,2.16825
0.181750000955,2.16825
0.181760000955,2.16825
0.181770000955,2.137
0.181780000955,2.16825
0.181790000955,2.16825
0.181800000955,2.16825
0.181810000955,2.16825
0.181820000955,2.16825
0.181830000955,2.16825
0.181840000955,2.16825
0.181850000955,2.137
0.181860000955,2.137
0.181870000955,2.16825
0.181880000955,2.16825
0.181890000955,2.16825
0.181900000955,2.16825
0.181910000955,2.137
0.181920000955,2.137
0.181930000955,2.16825
0.181940000955,2.137
0.181950000955,2.16825
0.181960000955,2.1995
0.181970000955,2.1995
0.181980000955,2.137
0.181990000955,2.16825
0.182000000955,2.16825
0.182010000955,2.137
0.182020000955,2.16825
0.182030000955,2.16825
0.182040000955,2.16825
0.182050000955,2.16825
0.182060000955,2.16825
0.182070000955,2.16825
0.182080000955,2.16825
0.182090000955,2.16825
0.182100000955,2.16825
0.182110000955,2.137
0.182120000955,2.1995
0.182130000955,2.137
0.182140000955,2.137
0.182150000955,2.137
0.182160000955,2.137
0.182170000955,2.16825
0.182180000955,2.137
0.182190000955,2.1995
0.182200000955,2.137
0.182210000955,2.137
0.182220000955,2.16825
0.182230000955,2.137
0.182240000955,2.16825
0.182250000955,2.16825
0.182260000955,2.16825
0.182270000955,2.16825
0.182280000955,2.137
0.182290000955,2.1995
0.182300000955,2.16825
0.182310000955,2.16825
0.182320000955,2.1995
0.182330000955,2.137
0.182340000955,2.16825
0.182350000955,2.1995
0.182360000955,2.137
0.182370000955,2.1995
0.182380000955,2.137
0.182390000955,2.1995
0.182400000955,2.16825
0.182410000955,2.137
0.182420000955,2.137
0.182430000955,2.16825
0.182440000955,2.16825
0.182450000955,2.16825
0.182460000955,2.137
0.182470000955,2.16825
0.182480000955,2.137
0.182490000955,2.137
0.182500000955,2.1995
0.182510000955,2.16825
0.182520000955,2.16825
0.182530000955,2.16825
0.182540000955,2.16825
0.182550000955,2.137
0.182560000955,2.16825
0.182570000955,2.16825
0.182580000955,2.16825
0.182590000955,2.137
0.182600000955,2.16825
0.182610000955,2.16825
0.182620000955,2.16825
0.182630000955,2.1995
0.182640000955,2.16825
0.182650000955,2.1995
0.182660000955,2.16825
0.182670000955,2.137
0.182680000955,2.16825
0.182690000955,2.16825
0.182700000955,2.137
0.182710000955,2.137
0.182720000955,2.16825
0.182730000955,2.16825
0.182740000955,2.137
0.182750000955,2.16825
0.182760000955,2.137
0.182770000955,2.16825
0.182780000955,2.16825
0.182790000955,2.16825
0.182800000955,2.10575
0.182810000955,2.16825
0.182820000955,2.16825
0.182830000955,2.16825
0.182840000955,2.16825
0.182850000955,2.16825
0.182860000955,2.16825
0.182870000955,2.16825
0.182880000955,2.1995
0.182890000955,2.137
0.182900000955,2.137
0.182910000955,2.16825
0.182920000955,2.16825
0.182930000955,2.16825
0.182940000955,2.16825
0.182950000955,2.16825
0.182960000955,2.137
0.182970000955,2.137
0.182980000955,2.16825
0.182990000955,2.16825
0.183000000955,2.16825
0.183010000955,2.23075
0.183020000955,2.1995
0.183030000955,2.16825
0.183040000955,2.137
0.183050000955,2.16825
0.183060000955,2.137
0.183070000955,2.16825
0.183080000955,2.16825
0.183090000955,2.16825
0.183100000955,2.16825
0.183110000955,2.137
0.183120000955,2.1995
0.183130000955,2.16825
0.183140000955,2.16825
0.183150000955,2.16825
0.183160000955,2.1995
0.183170000955,2.16825
0.183180000955,2.16825
0.183190000955,2.10575
0.183200000955,2.16825
0.183210000955,2.16825
0.183220000955,2.137
0.183230000955,2.16825
0.183240000955,2.137
0.183250000955,2.16825
0.183260000955,2.16825
0.183270000955,2.1995
0.183280000955,2.16825
0.183290000955,2.16825
0.183300000955,2.16825
0.183310000955,2.137
0.183320000955,2.137
0.183330000955,2.1995
0.183340000955,2.16825
0.183350000955,2.137
0.183360000955,2.137
0.183370000955,2.16825
0.183380000955,2.16825
0.183390000955,2.16825
0.183400000955,2.16825
0.183410000955,2.16825
0.183420000955,2.1995
0.183430000955,2.1995
0.183440000955,2.137
0.183450000955,2.16825
0.183460000955,2.16825
0.183470000955,2.1995
0.183480000955,2.16825
0.183490000955,2.16825
0.183500000955,2.16825
0.183510000955,2.137
0.183520000955,2.137
0.183530000955,2.16825
0.183540000955,2.16825
0.183550000955,2.137
0.183560000955,2.137
0.183570000955,2.16825
0.183580000955,2.16825
0.183590000955,2.16825
0.183600000955,2.16825
0.183610000955,2.16825
0.183620000955,2.16825
0.183630000955,2.137
0.183640000955,2.16825
0.183650000955,2.16825
0.183660000955,2.137
0.183670000955,2.137
0.183680000955,2.16825
0.183690000955,2.16825
0.183700000955,2.16825
0.183710000955,2.16825
0.183720000955,2.1995
0.183730000955,2.16825
0.183740000955,2.137
0.183750000955,2.1995
0.183760000955,2.16825
0.183770000955,2.137
0.183780000955,2.16825
0.183790000955,2.16825
0.183800000955,2.137
0.183810000955,2.16825
0.183820000955,2.16825
0.183830000955,2.137
0.183840000955,2.137
0.183850000955,2.16825
0.183860000955,2.1995
0.183870000955,2.16825
0.183880000955,2.16825
0.183890000955,2.137
0.183900000955,2.16825
0.183910000955,2.137
0.183920000955,2.16825
0.183930000955,2.16825
0.183940000955,2.137
0.183950000955,2.137
0.183960000955,2.16825
0.183970000955,2.1995
0.183980000955,2.137
0.183990000955,2.137
0.184000000955,2.16825
0.184010000955,2.16825
0.184020000955,2.1995
0.184030000955,2.16825
0.184040000955,2.1995
0.184050000955,2.16825
0.184060000955,2.16825
0.184070000955,2.16825
0.184080000955,2.1995
0.184090000955,2.1995
0.184100000955,2.16825
0.184110000955,2.16825
0.184120000955,2.16825
0.184130000955,2.16825
0.184140000955,2.16825
0.184150000955,2.137
0.184160000955,2.16825
0.184170000955,2.16825
0.184180000955,2.137
0.184190000955,2.16825
0.184200000955,2.16825
0.184210000955,2.137
0.184220000955,2.10575
0.184230000955,2.16825
0.184240000955,2.1995
0.184250000955,2.16825
0.184260000955,2.1995
0.184270000955,2.16825
0.184280000955,2.16825
0.184290000955,2.16825
0.184300000955,2.16825
0.184310000955,2.137
0.184320000955,2.1995
0.184330000955,2.16825
0.184340000955,2.16825
0.184350000955,2.137
0.184360000955,2.16825
0.184370000955,2.137
0.184380000955,2.16825
0.184390000955,2.1995
0.184400000955,2.137
0.184410000955,2.16825
0.184420000955,2.16825
0.184430000955,2.137
0.184440000955,2.16825
0.184450000955,2.16825
0.184460000955,2.16825
0.184470000955,2.16825
0.184480000955,2.16825
0.184490000955,2.1995
0.184500000955,2.1995
0.184510000955,2.16825
0.184520000955,2.137
0.184530000955,2.137
0.184540000955,2.16825
0.184550000955,2.16825
0.184560000955,2.137
0.184570000955,2.16825
0.184580000955,2.16825
0.184590000955,2.137
0.184600000955,2.1995
0.184610000955,2.16825
0.184620000955,2.16825
0.184630000955,2.16825
0.184640000955,2.16825
0.184650000955,2.16825
0.184660000955,2.16825
0.184670000955,2.137
0.184680000955,2.16825
0.184690000955,2.16825
0.184700000955,2.137
0.184710000955,2.137
0.184720000955,2.137
0.184730000955,2.16825
0.184740000955,2.1995
0.184750000955,2.1995
0.184760000955,2.137
0.184770000955,2.16825
0.184780000955,2.16825
0.184790000955,2.137
0.184800000955,2.137
0.184810000955,2.16825
0.184820000955,2.137
0.184830000955,2.16825
0.184840000955,2.137
0.184850000955,2.16825
0.184860000955,2.16825
0.184870000955,2.16825
0.184880000955,2.1995
0.184890000955,2.16825
0.184900000955,2.137
0.184910000955,2.137
0.184920000955,2.137
0.184930000955,2.137
0.184940000955,2.16825
0.184950000955,2.16825
0.184960000955,2.137
0.184970000955,2.137
0.184980000955,2.16825
0.184990000955,2.137
0.185000000955,2.16825
0.185010000955,2.16825
0.185020000955,2.16825
0.185030000955,2.1995
0.185040000955,2.16825
0.185050000955,2.1995
0.185060000955,2.16825
0.185070000955,2.16825
0.185080000955,2.137
0.185090000955,2.16825
0.185100000955,2.16825
0.185110000955,2.16825
0.185120000955,2.137
0.185130000955,2.1995
0.185140000955,2.137
0.185150000955,2.16825
0.185160000955,2.16825
0.185170000955,2.137
0.185180000955,2.16825
0.185190000955,2.1995
0.185200000955,2.137
0.185210000955,2.137
0.185220000955,2.137
0.185230000955,2.1995
0.185240000955,2.16825
0.185250000955,2.16825
0.185260000955,2.137
0.185270000955,2.137
0.185280000955,2.16825
0.185290000955,2.16825
0.185300000955,2.1995
0.185310000955,2.137
0.185320000955,2.16825
0.185330000955,2.137
0.185340000955,2.1995
0.185350000955,2.16825
0.185360000955,2.16825
0.185370000955,2.16825
0.185380000955,2.16825
0.185390000955,2.16825
0.185400000955,2.137
0.185410000955,2.1995
0.185420000955,2.16825
0.185430000955,2.16825
0.185440000955,2.1995
0.185450000955,2.16825
0.185460000955,2.16825
0.185470000955,2.16825
0.185480000955,2.16825
0.185490000955,2.16825
0.185500000955,2.16825
0.185510000955,2.16825
0.185520000955,2.16825
0.185530000955,2.16825
0.185540000955,2.16825
0.185550000955,2.16825
0.185560000955,2.137
0.185570000955,2.137
0.185580000955,2.137
0.185590000955,2.137
0.185600000955,2.16825
0.185610000955,2.137
0.185620000955,2.137
0.185630000955,2.16825
0.185640000955,2.16825
0.185650000955,2.16825
0.185660000955,2.16825
0.185670000955,2.1995
0.185680000955,2.137
0.185690000955,2.16825
0.185700000955,2.16825
0.185710000955,2.16825
0.185720000955,2.16825
0.185730000955,2.16825
0.185740000955,2.16825
0.185750000955,2.16825
0.185760000955,2.16825
0.185770000955,2.137
0.185780000955,2.1995
0.185790000955,2.16825
0.185800000955,2.16825
0.185810000955,2.137
0.185820000955,2.16825
0.185830000955,2.1995
0.185840000955,2.137
0.185850000955,2.16825
0.185860000955,2.16825
0.185870000955,2.16825
0.185880000955,2.16825
0.185890000955,2.137
0.185900000955,2.16825
0.185910000955,2.1995
0.185920000955,2.10575
0.185930000955,2.1995
0.185940000955,2.137
0.185950000955,2.16825
0.185960000955,2.16825
0.185970000955,2.137
0.185980000955,2.16825
0.185990000955,2.16825
0.186000000955,2.16825
0.186010000955,2.16825
0.186020000955,2.16825
0.186030000955,2.16825
0.186040000955,2.16825
0.186050000955,2.16825
0.186060000955,2.16825
0.186070000955,2.16825
0.186080000955,2.16825
0.186090000955,2.137
0.186100000955,2.1995
0.186110000955,2.16825
0.186120000955,2.16825
0.186130000955,2.16825
0.186140000955,2.16825
0.186150000955,2.16825
0.186160000955,2.16825
0.186170000955,2.137
0.186180000955,2.16825
0.186190000955,2.16825
0.186200000955,2.16825
0.186210000955,2.137
0.186220000955,2.16825
0.186230000955,2.16825
0.186240000955,2.1995
0.186250000955,2.16825
0.186260000955,2.16825
0.186270000955,2.16825
0.186280000955,2.137
0.186290000955,2.1995
0.186300000955,2.10575
0.186310000955,2.16825
0.186320000955,2.16825
0.186330000955,2.137
0.186340000955,2.16825
0.186350000955,2.16825
0.186360000955,2.16825
0.186370000955,2.16825
0.186380000955,2.137
0.186390000955,2.1995
0.186400000955,2.16825
0.186410000955,2.16825
0.186420000955,2.16825
0.186430000955,2.16825
0.186440000955,2.16825
0.186450000955,2.1995
0.186460000955,2.16825
0.186470000955,2.1995
0.186480000955,2.16825
0.186490000955,2.16825
0.186500000955,2.16825
0.186510000955,2.1995
0.186520000955,2.1995
0.186530000955,2.1995
0.186540000955,2.16825
0.186550000955,2.137
0.186560000955,2.16825
0.186570000955,2.1995
0.186580000955,2.16825
0.186590000955,2.16825
0.186600000955,2.137
0.186610000955,2.16825
0.186620000955,2.16825
0.186630000955,2.16825
0.186640000955,2.16825
0.186650000955,2.16825
0.186660000955,2.137
0.186670000955,2.23075
0.186680000955,2.137
0.186690000955,2.137
0.186700000955,2.16825
0.186710000955,2.16825
0.186720000955,2.137
0.186730000955,2.1995
0.186740000955,2.16825
0.186750000955,2.16825
0.186760000955,2.16825
0.186770000955,2.16825
0.186780000955,2.1995
0.186790000955,2.1995
0.186800000955,2.16825
0.186810000955,2.16825
0.186820000955,2.137
0.186830000955,2.16825
0.186840000955,2.16825
0.186850000955,2.16825
0.186860000955,2.16825
0.186870000955,2.16825
0.186880000955,2.16825
0.186890000955,2.16825
0.186900000955,2.16825
0.186910000955,2.16825
0.186920000955,2.137
0.186930000955,2.137
0.186940000955,2.1995
0.186950000955,2.16825
0.186960000955,2.10575
0.186970000955,2.16825
0.186980000955,2.1995
0.186990000955,2.137
0.187000000955,2.16825
0.187010000955,2.16825
0.187020000955,2.16825
0.187030000955,2.137
0.187040000955,2.137
0.187050000955,2.16825
0.187060000955,2.137
0.187070000955,2.137
0.187080000955,2.16825
0.187090000955,2.137
0.187100000955,2.16825
0.187110000955,2.16825
0.187120000955,2.16825
0.187130000955,2.16825
0.187140000955,2.1995
0.187150000955,2.16825
0.187160000955,2.16825
0.187170000955,2.1995
0.187180000955,2.16825
0.187190000955,2.16825
0.187200000955,2.137
0.187210000955,2.23075
0.187220000955,2.137
0.187230000955,2.16825
0.187240000955,2.137
0.187250000955,2.1995
0.187260000955,2.137
0.187270000955,2.16825
0.187280000955,2.137
0.187290000955,2.16825
0.187300000955,2.1995
0.187310000955,2.16825
0.187320000955,2.16825
0.187330000955,2.16825
0.187340000955,2.1995
0.187350000955,2.16825
0.187360000955,2.137
0.187370000955,2.137
0.187380000955,2.16825
0.187390000955,2.16825
0.187400000955,2.16825
0.187410000955,2.10575
0.187420000955,2.16825
0.187430000955,2.16825
0.187440000955,2.137
0.187450000955,2.137
0.187460000955,2.137
0.187470000955,2.16825
0.187480000955,2.16825
0.187490000955,2.16825
0.187500000955,2.16825
0.187510000955,2.1995
0.187520000955,2.16825
0.187530000955,2.1995
0.187540000955,2.1995
0.187550000955,2.137
0.187560000955,2.16825
0.187570000955,2.1995
0.187580000955,2.137
0.187590000955,2.16825
0.187600000955,2.137
0.187610000955,2.137
0.187620000955,2.16825
0.187630000955,2.16825
0.187640000955,2.137
0.187650000955,2.16825
0.187660000955,2.137
0.187670000955,2.16825
0.187680000955,2.16825
0.187690000955,2.137
0.187700000955,2.16825
0.187710000955,2.137
0.187720000955,2.16825
0.187730000955,2.137
0.187740000955,2.16825
0.187750000955,2.1995
0.187760000955,2.16825
0.187770000955,2.16825
0.187780000955,2.16825
0.187790000955,2.137
0.187800000955,2.16825
0.187810000955,2.16825
0.187820000955,2.1995
0.187830000955,2.16825
0.187840000955,2.137
0.187850000955,2.16825
0.187860000955,2.137
0.187870000955,2.16825
0.187880000955,2.16825
0.187890000955,2.137
0.187900000955,2.16825
0.187910000955,2.1995
0.187920000955,2.16825
0.187930000955,2.16825
0.187940000955,2.16825
0.187950000955,2.16825
0.187960000955,2.16825
0.187970000955,2.16825
0.187980000955,2.16825
0.187990000955,2.16825
0.188000000955,2.1995
0.188010000955,2.16825
0.188020000955,2.137
0.188030000955,2.16825
0.188040000955,2.137
0.188050000955,2.137
0.188060000955,2.16825
0.188070000955,2.16825
0.188080000955,2.16825
0.188090000955,2.137
0.188100000955,2.16825
0.188110000955,2.16825
0.188120000955,2.16825
0.188130000955,2.137
0.188140000955,2.16825
0.188150000955,2.137
0.188160000955,2.1995
0.188170000955,2.16825
0.188180000955,2.16825
0.188190000955,2.16825
0.188200000955,2.137
0.188210000955,2.137
0.188220000955,2.137
0.188230000955,2.16825
0.188240000955,2.137
0.188250000955,2.16825
0.188260000955,2.137
0.188270000955,2.137
0.188280000955,2.16825
0.188290000955,2.1995
0.188300000955,2.137
0.188310000955,2.16825
0.188320000955,2.1995
0.188330000955,2.137
0.188340000955,2.16825
0.188350000955,2.16825
0.188360000955,2.16825
0.188370000955,2.137
0.188380000955,2.16825
0.188390000955,2.16825
0.188400000955,2.16825
0.188410000955,2.16825
0.188420000955,2.16825
0.188430000955,2.137
0.188440000955,2.16825
0.188450000955,2.137
0.188460000955,2.137
0.188470000955,2.16825
0.188480000955,2.10575
0.188490000955,2.1995
0.188500000955,2.137
0.188510000955,2.137
0.188520000955,2.16825
0.188530000955,2.16825
0.188540000955,2.137
0.188550000955,2.16825
0.188560000955,2.137
0.188570000955,2.137
0.188580000955,2.16825
0.188590000955,2.10575
0.188600000955,2.137
0.188610000955,2.16825
0.188620000955,2.16825
0.188630000955,2.137
0.188640000955,2.137
0.188650000955,2.16825
0.188660000955,2.16825
0.188670000955,2.137
0.188680000955,2.10575
0.188690000955,2.137
0.188700000955,2.137
0.188710000955,2.137
0.188720000955,2.16825
0.188730000955,2.137
0.188740000955,2.16825
0.188750000955,2.16825
0.188760000955,2.16825
0.188770000955,2.16825
0.188780000955,2.16825
0.188790000955,2.16825
0.188800000955,2.16825
0.188810000955,2.16825
0.188820000955,2.16825
0.188830000955,2.137
0.188840000955,2.16825
0.188850000955,2.16825
0.188860000955,2.1995
0.188870000955,2.16825
0.188880000955,2.16825
0.188890000955,2.137
0.188900000955,2.137
0.188910000955,2.137
0.188920000955,2.137
0.188930000955,2.16825
0.188940000955,2.137
0.188950000955,2.10575
0.188960000955,2.137
0.188970000955,2.137
0.188980000955,2.16825
0.188990000955,2.137
0.189000000955,2.16825
0.189010000955,2.137
0.189020000955,2.1995
0.189030000955,2.16825
0.189040000955,2.137
0.189050000955,2.1995
0.189060000955,2.16825
0.189070000955,2.16825
0.189080000955,2.137
0.189090000955,2.16825
0.189100000955,2.137
0.189110000955,2.137
0.189120000955,2.137
0.189130000955,2.137
0.189140000955,2.137
0.189150000955,2.10575
0.189160000955,2.137
0.189170000955,2.16825
0.189180000955,2.1995
0.189190000955,2.137
0.189200000955,2.16825
0.189210000955,2.1995
0.189220000955,2.137
0.189230000955,2.137
0.189240000955,2.16825
0.189250000955,2.137
0.189260000955,2.16825
0.189270000955,2.137
0.189280000955,2.137
0.189290000955,2.137
0.189300000955,2.137
0.189310000955,2.137
0.189320000955,2.137
0.189330000955,2.137
0.189340000955,2.137
0.189350000955,2.16825
0.189360000955,2.16825
0.189370000955,2.137
0.189380000955,2.137
0.189390000955,2.137
0.189400000955,2.16825
0.189410000955,2.137
0.189420000955,2.137
0.189430000955,2.137
0.189440000955,2.137
0.189450000955,2.137
0.189460000955,2.137
0.189470000955,2.16825
0.189480000955,2.137
0.189490000955,2.16825
0.189500000955,2.137
0.189510000955,2.16825
0.189520000955,2.137
0.189530000955,2.137
0.189540000955,2.1995
0.189550000955,2.16825
0.189560000955,2.16825
0.189570000955,2.16825
0.189580000955,2.16825
0.189590000955,2.16825
0.189600000955,2.137
0.189610000955,2.137
0.189620000955,2.137
0.189630000955,2.137
0.189640000955,2.137
0.189650000955,2.137
0.189660000955,2.137
0.189670000955,2.137
0.189680000955,2.16825
0.189690000955,2.137
0.189700000955,2.137
0.189710000955,2.16825
0.189720000955,2.137
0.189730000955,2.137
0.189740000955,2.16825
0.189750000955,2.137
0.189760000955,2.137
0.189770000955,2.137
0.189780000955,2.137
0.189790000955,2.137
0.189800000955,2.137
0.189810000955,2.16825
0.189820000955,2.16825
0.189830000955,2.16825
0.189840000955,2.137
0.189850000955,2.137
0.189860000955,2.1995
0.189870000955,2.16825
0.189880000955,2.16825
0.189890000955,2.16825
0.189900000955,2.137
0.189910000955,2.137
0.189920000955,2.1995
0.189930000955,2.16825
0.189940000955,2.1995
0.189950000955,2.137
0.189960000955,2.16825
0.189970000955,2.16825
0.189980000955,2.137
0.189990000955,2.137
0.190000000955,2.16825
0.190010000955,2.137
0.190020000955,2.137
0.190030000955,2.137
0.190040000955,2.137
0.190050000955,2.16825
0.190060000955,2.137
0.190070000955,2.16825
0.190080000955,2.137
0.190090000955,2.137
0.190100000955,2.137
0.190110000955,2.137
0.190120000955,2.16825
0.190130000955,2.1995
0.190140000955,2.137
0.190150000955,2.16825
0.190160000955,2.16825
0.190170000955,2.137
0.190180000955,2.137
0.190190000955,2.16825
0.190200000955,2.137
0.190210000955,2.137
0.190220000955,2.16825
0.190230000955,2.16825
0.190240000955,2.137
0.190250000955,2.137
0.190260000955,2.137
0.190270000955,2.16825
0.190280000955,2.16825
0.190290000955,2.16825
0.190300000955,2.137
0.190310000955,2.10575
0.190320000955,2.137
0.190330000955,2.137
0.190340000955,2.16825
0.190350000955,2.137
0.190360000955,2.137
0.190370000955,2.16825
0.190380000955,2.137
0.190390000955,2.137
0.190400000955,2.137
0.190410000955,2.16825
0.190420000955,2.137
0.190430000955,2.137
0.190440000955,2.137
0.190450000955,2.137
0.190460000955,2.10575
0.190470000955,2.137
0.190480000955,2.16825
0.190490000955,2.16825
0.190500000955,2.10575
0.190510000955,2.137
0.190520000955,2.16825
0.190530000955,2.137
0.190540000955,2.137
0.190550000955,2.137
0.190560000955,2.16825
0.190570000955,2.137
0.190580000955,2.137
0.190590000955,2.137
0.190600000955,2.137
0.190610000955,2.137
0.190620000955,2.10575
0.190630000955,2.137
0.190640000955,2.137
0.190650000955,2.16825
0.190660000955,2.137
0.190670000955,2.137
0.190680000955,2.10575
0.190690000955,2.16825
0.190700000955,2.10575
0.190710000955,2.16825
0.190720000955,2.16825
0.190730000955,2.16825
0.190740000955,2.137
0.190750000955,2.137
0.190760000955,2.137
0.190770000955,2.16825
0.190780000955,2.16825
0.190790000955,2.137
0.190800000955,2.10575
0.190810000955,2.137
0.190820000955,2.137
0.190830000955,2.137
0.190840000955,2.137
0.190850000955,2.137
0.190860000955,2.137
0.190870000955,2.137
0.190880000955,2.137
0.190890000955,2.137
0.190900000955,2.16825
0.190910000955,2.137
0.190920000955,2.16825
0.190930000955,2.137
0.190940000955,2.137
0.190950000955,2.137
0.190960000955,2.137
0.190970000955,2.16825
0.190980000955,2.16825
0.190990000955,2.16825
0.191000000955,2.10575
0.191010000955,2.137
0.191020000955,2.137
0.191030000955,2.16825
0.191040000955,2.137
0.191050000955,2.16825
0.191060000955,2.16825
0.191070000955,2.137
0.191080000955,2.10575
0.191090000955,2.10575
0.191100000955,2.137
0.191110000955,2.137
0.191120000955,2.137
0.191130000955,2.16825
0.191140000955,2.16825
0.191150000955,2.137
0.191160000955,2.137
0.191170000955,2.137
0.191180000955,2.16825
0.191190000955,2.137
0.191200000955,2.137
0.191210000955,2.16825
0.191220000955,2.10575
0.191230000955,2.137
0.191240000955,2.137
0.191250000955,2.10575
0.191260000955,2.16825
0.191270000955,2.137
0.191280000955,2.137
0.191290000955,2.10575
0.191300000955,2.16825
0.191310000955,2.137
0.191320000955,2.137
0.191330000955,2.137
0.191340000955,2.10575
0.191350000955,2.137
0.191360000955,2.16825
0.191370000955,2.137
0.191380000955,2.16825
0.191390000955,2.137
0.191400000955,2.137
0.191410000955,2.137
0.191420000955,2.137
0.191430000955,2.10575
0.191440000955,2.10575
0.191450000955,2.137
0.191460000955,2.137
0.191470000955,2.137
0.191480000955,2.16825
0.191490000955,2.10575
0.191500000955,2.137
0.191510000955,2.137
0.191520000955,2.137
0.191530000955,2.137
0.191540000955,2.10575
0.191550000955,2.137
0.191560000955,2.16825
0.191570000955,2.137
0.191580000955,2.137
0.191590000955,2.137
0.191600000955,2.137
0.191610000955,2.137
0.191620000955,2.10575
0.191630000955,2.137
0.191640000955,2.137
0.191650000955,2.16825
0.191660000955,2.137
0.191670000955,2.137
0.191680000955,2.137
0.191690000955,2.10575
0.191700000955,2.137
0.191710000955,2.137
0.191720000955,2.137
0.191730000955,2.137
0.191740000955,2.16825
0.191750000955,2.16825
0.191760000955,2.16825
0.191770000955,2.137
0.191780000955,2.137
0.191790000955,2.16825
0.191800000955,2.137
0.191810000955,2.137
0.191820000955,2.137
0.191830000955,2.137
0.191840000955,2.137
0.191850000955,2.16825
0.191860000955,2.137
0.191870000955,2.137
0.191880000955,2.16825
0.191890000955,2.137
0.191900000955,2.137
0.191910000955,2.1995
0.191920000955,2.137
0.191930000955,2.16825
0.191940000955,2.16825
0.191950000955,2.137
0.191960000955,2.137
0.191970000955,2.137
0.191980000955,2.137
0.191990000955,2.137
0.192000000955,2.137
0.192010000955,2.137
0.192020000955,2.16825
0.192030000955,2.10575
0.192040000955,2.16825
0.192050000955,2.16825
0.192060000955,2.137
0.192070000955,2.137
0.192080000955,2.10575
0.192090000955,2.137
0.192100000955,2.137
0.192110000955,2.16825
0.192120000955,2.16825
0.192130000955,2.137
0.192140000955,2.10575
0.192150000955,2.137
0.192160000955,2.16825
0.192170000955,2.16825
0.192180000955,2.137
0.192190000955,2.137
0.192200000955,2.137
0.192210000955,2.137
0.192220000955,2.137
0.192230000955,2.10575
0.192240000955,2.137
0.192250000955,2.10575
0.192260000955,2.10575
0.192270000955,2.137
0.192280000955,2.137
0.192290000955,2.137
0.192300000955,2.10575
0.192310000955,2.16825
0.192320000955,2.10575
0.192330000955,2.16825
0.192340000955,2.137
0.192350000955,2.137
0.192360000955,2.10575
0.192370000955,2.137
0.192380000955,2.16825
0.192390000955,2.16825
0.192400000955,2.16825
0.192410000955,2.16825
0.192420000955,2.137
0.192430000955,2.137
0.192440000955,2.137
0.192450000955,2.16825
0.192460000955,2.137
0.192470000955,2.16825
0.192480000955,2.16825
0.192490000955,2.16825
0.192500000955,2.137
0.192510000955,2.16825
0.192520000955,2.137
0.192530000955,2.137
0.192540000955,2.10575
0.192550000955,2.137
0.192560000955,2.16825
0.192570000955,2.10575
0.192580000955,2.16825
0.192590000955,2.137
0.192600000955,2.137
0.192610000955,2.16825
0.192620000955,2.137
0.192630000955,2.16825
0.192640000955,2.137
0.192650000955,2.137
0.192660000955,2.137
0.192670000955,2.10575
0.192680000955,2.16825
0.192690000955,2.10575
0.192700000955,2.137
0.192710000955,2.137
0.192720000955,2.16825
0.192730000955,2.137
0.192740000955,2.16825
0.192750000955,2.137
0.192760000955,2.137
0.192770000955,2.137
0.192780000955,2.10575
0.192790000955,2.10575
0.192800000955,2.137
0.192810000955,2.137
0.192820000955,2.16825
0.192830000955,2.137
0.192840000955,2.137
0.192850000955,2.137
0.192860000955,2.16825
0.192870000955,2.137
0.192880000955,2.16825
0.192890000955,2.10575
0.192900000955,2.16825
0.192910000955,2.16825
0.192920000955,2.137
0.192930000955,2.137
0.192940000955,2.137
0.192950000955,2.137
0.192960000955,2.137
0.192970000955,2.10575
0.192980000955,2.137
0.192990000955,2.16825
0.193000000955,2.137
0.193010000955,2.16825
0.193020000955,2.10575
0.193030000955,2.137
0.193040000955,2.137
0.193050000955,2.137
0.193060000955,2.137
0.193070000955,2.137
0.193080000955,2.10575
0.193090000955,2.137
0.193100000955,2.137
0.193110000955,2.137
0.193120000955,2.137
0.193130000955,2.137
0.193140000955,2.16825
0.193150000955,2.137
0.193160000955,2.137
0.193170000955,2.137
0.193180000955,2.16825
0.193190000955,2.16825
0.193200000955,2.16825
0.193210000955,2.137
0.193220000955,2.137
0.193230000955,2.137
0.193240000955,2.10575
0.193250000955,2.137
0.193260000955,2.137
0.193270000955,2.137
0.193280000955,2.137
0.193290000955,2.10575
0.193300000955,2.10575
0.193310000955,2.137
0.193320000955,2.137
0.193330000955,2.137
0.193340000955,2.137
0.193350000955,2.16825
0.193360000955,2.137
0.193370000955,2.137
0.193380000955,2.16825
0.193390000955,2.10575
0.193400000955,2.137
0.193410000955,2.137
0.193420000955,2.137
0.193430000955,2.137
0.193440000955,2.137
0.193450000955,2.1995
0.193460000955,2.137
0.193470000955,2.16825
0.193480000955,2.16825
0.193490000955,2.16825
0.193500000955,2.10575
0.193510000955,2.10575
0.193520000955,2.137
0.193530000955,2.16825
0.193540000955,2.137
0.193550000955,2.137
0.193560000955,2.16825
0.193570000955,2.137
0.193580000955,2.137
0.193590000955,2.137
0.193600000955,2.137
0.193610000955,2.137
0.193620000955,2.16825
0.193630000955,2.137
0.193640000955,2.137
0.193650000955,2.137
0.193660000955,2.16825
0.193670000955,2.137
0.193680000955,2.16825
0.193690000955,2.137
0.193700000955,2.16825
0.193710000955,2.137
0.193720000955,2.10575
0.193730000955,2.16825
0.193740000955,2.137
0.193750000955,2.10575
0.193760000955,2.137
0.193770000955,2.16825
0.193780000955,2.137
0.193790000955,2.137
0.193800000955,2.137
0.193810000955,2.137
0.193820000955,2.137
0.193830000955,2.137
0.193840000955,2.137
0.193850000955,2.137
0.193860000955,2.137
0.193870000955,2.137
0.193880000955,2.137
0.193890000955,2.16825
0.193900000955,2.137
0.193910000955,2.16825
0.193920000955,2.137
0.193930000955,2.16825
0.193940000955,2.10575
0.193950000955,2.10575
0.193960000955,2.137
0.193970000955,2.137
0.193980000955,2.137
0.193990000955,2.10575
0.194000000955,2.16825
0.194010000955,2.137
0.194020000955,2.137
0.194030000955,2.137
0.194040000955,2.137
0.194050000955,2.137
0.194060000955,2.137
0.194070000955,2.137
0.194080000955,2.16825
0.194090000955,2.137
0.194100000955,2.137
0.194110000955,2.137
0.194120000955,2.137
0.194130000955,2.137
0.194140000955,2.16825
0.194150000955,2.10575
0.194160000955,2.137
0.194170000955,2.137
0.194180000955,2.137
0.194190000955,2.137
0.194200000955,2.137
0.194210000955,2.137
0.194220000955,2.137
0.194230000955,2.10575
0.194240000955,2.10575
0.194250000955,2.137
0.194260000955,2.16825
0.194270000955,2.137
0.194280000955,2.137
0.194290000955,2.1995
0.194300000955,2.137
0.194310000955,2.137
0.194320000955,2.137
0.194330000955,2.16825
0.194340000955,2.16825
0.194350000955,2.137
0.194360000955,2.137
0.194370000955,2.137
0.194380000955,2.10575
0.194390000955,2.16825
0.194400000955,2.16825
0.194410000955,2.137
0.194420000955,2.16825
0.194430000955,2.137
0.194440000955,2.137
0.194450000955,2.137
0.194460000955,2.137
0.194470000955,2.137
0.194480000955,2.16825
0.194490000955,2.10575
0.194500000955,2.137
0.194510000955,2.137
0.194520000955,2.16825
0.194530000955,2.137
0.194540000955,2.137
0.194550000955,2.137
0.194560000955,2.16825
0.194570000955,2.10575
0.194580000955,2.1995
0.194590000955,2.137
0.194600000955,2.137
0.194610000955,2.16825
0.194620000955,2.16825
0.194630000955,2.16825
0.194640000955,2.137
0.194650000955,2.10575
0.194660000955,2.10575
0.194670000955,2.137
0.194680000955,2.137
0.194690000955,2.10575
0.194700000955,2.137
0.194710000955,2.10575
0.194720000955,2.16825
0.194730000955,2.137
0.194740000955,2.137
0.194750000955,2.137
0.194760000955,2.10575
0.194770000955,2.16825
0.194780000955,2.137
0.194790000955,2.1995
0.194800000955,2.137
0.194810000955,2.137
0.194820000955,2.137
0.194830000955,2.137
0.194840000955,2.137
0.194850000955,2.137
0.194860000955,2.137
0.194870000955,2.16825
0.194880000955,2.16825
0.194890000955,2.137
0.194900000955,2.16825
0.194910000955,2.137
0.194920000955,2.137
0.194930000955,2.16825
0.194940000955,2.16825
0.194950000955,2.16825
0.194960000955,2.16825
0.194970000955,2.137
0.194980000955,2.10575
0.194990000955,2.16825
0.195000000955,2.10575
0.195010000955,2.137
0.195020000955,2.16825
0.195030000955,2.137
0.195040000955,2.137
0.195050000955,2.16825
0.195060000955,2.10575
0.195070000955,2.137
0.195080000955,2.16825
0.195090000955,2.137
0.195100000955,2.137
0.195110000955,2.10575
0.195120000955,2.137
0.195130000955,2.137
0.195140000955,2.10575
0.195150000955,2.137
0.195160000955,2.137
0.195170000955,2.137
0.195180000955,2.16825
0.195190000955,2.16825
0.195200000955,2.137
0.195210000955,2.137
0.195220000955,2.137
0.195230000955,2.16825
0.195240000955,2.137
0.195250000955,2.137
0.195260000955,2.137
0.195270000955,2.137
0.195280000955,2.137
0.195290000955,2.16825
0.195300000955,2.137
0.195310000955,2.137
0.195320000955,2.137
0.195330000955,2.10575
0.195340000955,2.137
0.195350000955,2.137
0.195360000955,2.16825
0.195370000955,2.137
0.195380000955,2.137
0.195390000955,2.16825
0.195400000955,2.137
0.195410000955,2.137
0.195420000955,2.16825
0.195430000955,2.137
0.195440000955,2.1995
0.195450000955,2.137
0.195460000955,2.10575
0.195470000955,2.137
0.195480000955,2.137
0.195490000955,2.137
0.195500000955,2.137
0.195510000955,2.137
0.195520000955,2.16825
0.195530000955,2.137
0.195540000955,2.16825
0.195550000955,2.10575
0.195560000955,2.10575
0.195570000955,2.137
0.195580000955,2.137
0.195590000955,2.137
0.195600000955,2.137
0.195610000955,2.137
0.195620000955,2.16825
0.195630000955,2.16825
0.195640000955,2.137
0.195650000955,2.137
0.195660000955,2.137
0.195670000955,2.137
0.195680000955,2.137
0.195690000955,2.137
0.195700000955,2.137
0.195710000955,2.10575
0.195720000955,2.137
0.195730000955,2.10575
0.195740000955,2.16825
0.195750000955,2.16825
0.195760000955,2.10575
0.195770000955,2.137
0.195780000955,2.137
0.195790000955,2.137
0.195800000955,2.137
0.195810000955,2.137
0.195820000955,2.137
0.195830000955,2.137
0.195840000955,2.137
0.195850000955,2.137
0.195860000955,2.10575
0.195870000955,2.137
0.195880000955,2.137
0.195890000955,2.137
0.195900000955,2.137
0.195910000955,2.16825
0.195920000955,2.16825
0.195930000955,2.16825
0.195940000955,2.137
0.195950000955,2.137
0.195960000955,2.16825
0.195970000955,2.10575
0.195980000955,2.137
0.195990000955,2.10575
0.196000000955,2.16825
0.196010000955,2.137
0.196020000955,2.137
0.196030000955,2.137
0.196040000955,2.137
0.196050000955,2.137
0.196060000955,2.137
0.196070000955,2.137
0.196080000955,2.1995
0.196090000955,2.16825
0.196100000955,2.137
0.196110000955,2.10575
0.196120000955,2.16825
0.196130000955,2.16825
0.196140000955,2.16825
0.196150000955,2.16825
0.196160000955,2.16825
0.196170000955,2.16825
0.196180000955,2.137
0.196190000955,2.16825
0.196200000955,2.137
0.196210000955,2.137
0.196220000955,2.137
0.196230000955,2.10575
0.196240000955,2.16825
0.196250000955,2.137
0.196260000955,2.16825
0.196270000955,2.10575
0.196280000955,2.16825
0.196290000955,2.16825
0.196300000955,2.16825
0.196310000955,2.16825
0.196320000955,2.137
0.196330000955,2.16825
0.196340000955,2.16825
0.196350000955,2.16825
0.196360000955,2.137
0.196370000955,2.137
0.196380000955,2.16825
0.196390000955,2.137
0.196400000955,2.16825
0.196410000955,2.137
0.196420000955,2.16825
0.196430000955,2.137
0.196440000955,2.137
0.196450000955,2.137
0.196460000955,2.137
0.196470000955,2.16825
0.196480000955,2.137
0.196490000955,2.137
0.196500000955,2.137
0.196510000955,2.137
0.196520000955,2.137
0.196530000955,2.137
0.196540000955,2.137
0.196550000955,2.137
0.196560000955,2.16825
0.196570000955,2.137
0.196580000955,2.16825
0.196590000955,2.16825
0.196600000955,2.16825
0.196610000955,2.137
0.196620000955,2.137
0.196630000955,2.137
0.196640000955,2.137
0.196650000955,2.16825
0.196660000955,2.137
0.196670000955,2.10575
0.196680000955,2.16825
0.196690000955,2.16825
0.196700000955,2.137
0.196710000955,2.16825
0.196720000955,2.137
0.196730000955,2.137
0.196740000955,2.16825
0.196750000955,2.137
0.196760000955,2.137
0.196770000955,2.16825
0.196780000955,2.137
0.196790000955,2.16825
0.196800000955,2.16825
0.196810000955,2.16825
0.196820000955,2.137
0.196830000955,2.137
0.196840000955,2.16825
0.196850000955,2.137
0.196860000955,2.137
0.196870000955,2.137
0.196880000955,2.137
0.196890000955,2.137
0.196900000955,2.137
0.196910000955,2.16825
0.196920000955,2.137
0.196930000955,2.16825
0.196940000955,2.16825
0.196950000955,2.137
0.196960000955,2.16825
0.196970000955,2.16825
0.196980000955,2.137
0.196990000955,2.1995
0.197000000955,2.137
0.197010000955,2.137
0.197020000955,2.16825
0.197030000955,2.137
0.197040000955,2.137
0.197050000955,2.16825
0.197060000955,2.137
0.197070000955,2.1995
0.197080000955,2.137
0.197090000955,2.137
0.197100000955,2.137
0.197110000955,2.16825
0.197120000955,2.10575
0.197130000955,2.16825
0.197140000955,2.137
0.197150000955,2.16825
0.197160000955,2.137
0.197170000955,2.16825
0.197180000955,2.137
0.197190000955,2.16825
0.197200000955,2.16825
0.197210000955,2.137
0.197220000955,2.137
0.197230000955,2.16825
0.197240000955,2.10575
0.197250000955,2.16825
0.197260000955,2.137
0.197270000955,2.137
0.197280000955,2.16825
0.197290000955,2.16825
0.197300000955,2.10575
0.197310000955,2.137
0.197320000955,2.16825
0.197330000955,2.137
0.197340000955,2.16825
0.197350000955,2.10575
0.197360000955,2.16825
0.197370000955,2.1995
0.197380000955,2.137
0.197390000955,2.137
0.197400000955,2.10575
0.197410000955,2.10575
0.197420000955,2.137
0.197430000955,2.16825
0.197440000955,2.137
0.197450000955,2.137
0.197460000955,2.137
0.197470000955,2.10575
0.197480000955,2.137
0.197490000955,2.16825
0.197500000955,2.16825
0.197510000955,2.0745
0.197520000955,2.10575
0.197530000955,2.137
0.197540000955,2.10575
0.197550000955,2.137
0.197560000955,2.137
0.197570000955,2.137
0.197580000955,2.137
0.197590000955,2.16825
0.197600000955,2.137
0.197610000955,2.137
0.197620000955,2.137
0.197630000955,2.16825
0.197640000955,2.1995
0.197650000955,2.10575
0.197660000955,2.137
0.197670000955,2.16825
0.197680000955,2.137
0.197690000955,2.137
0.197700000955,2.16825
0.197710000955,2.10575
0.197720000955,2.137
0.197730000955,2.16825
0.197740000955,2.137
0.197750000955,2.137
0.197760000955,2.137
0.197770000955,2.137
0.197780000955,2.137
0.197790000955,2.137
0.197800000955,2.137
0.197810000955,2.10575
0.197820000955,2.16825
0.197830000955,2.16825
0.197840000955,2.137
0.197850000955,2.137
0.197860000955,2.16825
0.197870000955,2.137
0.197880000955,2.16825
0.197890000955,2.137
0.197900000955,2.16825
0.197910000955,2.137
0.197920000955,2.137
0.197930000955,2.137
0.197940000955,2.16825
0.197950000955,2.137
0.197960000955,2.137
0.197970000955,2.137
0.197980000955,2.16825
0.197990000955,2.137
0.198000000955,2.16825
0.198010000955,2.16825
0.198020000955,2.16825
0.198030000955,2.16825
0.198040000955,2.16825
0.198050000955,2.16825
0.198060000955,2.137
0.198070000955,2.137
0.198080000955,2.137
0.198090000955,2.1995
0.198100000955,2.137
0.198110000955,2.16825
0.198120000955,2.137
0.198130000955,2.16825
0.198140000955,2.10575
0.198150000955,2.1995
0.198160000955,2.10575
0.198170000955,2.16825
0.198180000955,2.137
0.198190000955,2.16825
0.198200000955,2.16825
0.198210000955,2.16825
0.198220000955,2.137
0.198230000955,2.137
0.198240000955,2.137
0.198250000955,2.16825
0.198260000955,2.10575
0.198270000955,2.137
0.198280000955,2.16825
0.198290000955,2.137
0.198300000955,2.137
0.198310000955,2.16825
0.198320000955,2.137
0.198330000955,2.10575
0.198340000955,2.137
0.198350000955,2.16825
0.198360000955,2.137
0.198370000955,2.137
0.198380000955,2.137
0.198390000955,2.10575
0.198400000955,2.137
0.198410000955,2.16825
0.198420000955,2.16825
0.198430000955,2.137
0.198440000955,2.137
0.198450000955,2.137
0.198460000955,2.16825
0.198470000955,2.10575
0.198480000955,2.137
0.198490000955,2.10575
0.198500000955,2.16825
0.198510000955,2.137
0.198520000955,2.16825
0.198530000955,2.137
0.198540000955,2.137
0.198550000955,2.137
0.198560000955,2.16825
0.198570000955,2.16825
0.198580000955,2.137
0.198590000955,2.137
0.198600000955,2.137
0.198610000955,2.16825
0.198620000955,2.137
0.198630000955,2.137
0.198640000955,2.16825
0.198650000955,2.16825
0.198660000955,2.137
0.198670000955,2.137
0.198680000955,2.137
0.198690000955,2.16825
0.198700000955,2.137
0.198710000955,2.137
0.198720000955,2.16825
0.198730000955,2.137
0.198740000955,2.137
0.198750000955,2.137
0.198760000955,2.137
0.198770000955,2.10575
0.198780000955,2.137
0.198790000955,2.16825
0.198800000955,2.16825
0.198810000955,2.10575
0.198820000955,2.16825
0.198830000955,2.137
0.198840000955,2.10575
0.198850000955,2.16825
0.198860000955,2.137
0.198870000955,2.16825
0.198880000955,2.16825
0.198890000955,2.137
0.198900000955,2.137
0.198910000955,2.137
0.198920000955,2.137
0.198930000955,2.137
0.198940000955,2.137
0.198950000955,2.137
0.198960000955,2.137
0.198970000955,2.16825
0.198980000955,2.16825
0.198990000955,2.137
0.199000000955,2.137
0.199010000955,2.137
0.199020000955,2.16825
0.199030000955,2.137
0.199040000955,2.16825
0.199050000955,2.16825
0.199060000955,2.137
0.199070000955,2.16825
0.199080000955,2.16825
0.199090000955,2.137
0.199100000955,2.137
0.199110000955,2.137
0.199120000955,2.137
0.199130000955,2.16825
0.199140000955,2.16825
0.199150000955,2.137
0.199160000955,2.16825
0.199170000955,2.137
0.199180000955,2.16825
0.199190000955,2.137
0.199200000955,2.137
0.199210000955,2.16825
0.199220000955,2.16825
0.199230000955,2.137
0.199240000955,2.137
0.199250000955,2.137
0.199260000955,2.137
0.199270000955,2.137
0.199280000955,2.137
0.199290000955,2.16825
0.199300000955,2.137
0.199310000955,2.16825
0.199320000955,2.137
0.199330000955,2.16825
0.199340000955,2.16825
0.199350000955,2.16825
0.199360000955,2.16825
0.199370000955,2.16825
0.199380000955,2.137
0.199390000955,2.137
0.199400000955,2.10575
0.199410000955,2.137
0.199420000955,2.16825
0.199430000955,2.137
0.199440000955,2.137
0.199450000955,2.16825
0.199460000955,2.137
0.199470000955,2.16825
0.199480000955,2.137
0.199490000955,2.16825
0.199500000955,2.137
0.199510000955,2.137
0.199520000955,2.137
0.199530000955,2.16825
0.199540000955,2.1995
0.199550000955,2.16825
0.199560000955,2.16825
0.199570000955,2.16825
0.199580000955,2.16825
0.199590000955,2.16825
0.199600000955,2.16825
0.199610000955,2.16825
0.199620000955,2.16825
0.199630000955,2.16825
0.199640000955,2.16825
0.199650000955,2.16825
0.199660000955,2.137
0.199670000955,2.16825
0.199680000955,2.137
0.199690000955,2.10575
0.199700000955,2.16825
0.199710000955,2.16825
0.199720000955,2.16825
0.199730000955,2.16825
0.199740000955,2.137
0.199750000955,2.137
0.199760000955,2.16825
0.199770000955,2.137
0.199780000955,2.137
0.199790000955,2.16825
0.199800000955,2.137
0.199810000955,2.16825
0.199820000955,2.16825
0.199830000955,2.137
0.199840000955,2.16825
0.199850000955,2.16825
0.199860000955,2.137
0.199870000955,2.16825
0.199880000955,2.16825
0.199890000955,2.1995
0.199900000955,2.137
0.199910000955,2.137
0.199920000955,2.137
0.199930000955,2.16825
0.199940000955,2.137
0.199950000955,2.137
0.199960000955,2.137
0.199970000955,2.137
0.199980000955,2.16825
0.199990000955,2.10575
0.200000000955,2.16825
0.200010000955,2.16825
0.200020000955,2.16825
0.200030000955,2.10575
0.200040000955,2.137
0.200050000955,2.1995
0.200060000955,2.137
0.200070000955,2.16825
0.200080000955,2.16825
0.200090000955,2.137
0.200100000955,2.16825
0.200110000955,2.16825
0.200120000955,2.16825
0.200130000955,2.137
0.200140000955,2.16825
0.200150000955,2.10575
0.200160000955,2.137
0.200170000955,2.16825
0.200180000955,2.16825
0.200190000955,2.137
0.200200000955,2.137
0.200210000955,2.16825
0.200220000955,2.16825
0.200230000955,2.16825
0.200240000955,2.137
0.200250000955,2.137
0.200260000955,2.16825
0.200270000955,2.137
0.200280000955,2.137
0.200290000955,2.137
0.200300000955,2.16825
0.200310000955,2.1995
0.200320000955,2.137
0.200330000955,2.16825
0.200340000955,2.137
0.200350000955,2.137
0.200360000955,2.137
0.200370000955,2.137
0.200380000955,2.16825
0.200390000955,2.16825
0.200400000955,2.137
0.200410000955,2.137
0.200420000955,2.137
0.200430000955,2.16825
0.200440000955,2.137
0.200450000955,2.16825
0.200460000955,2.16825
0.200470000955,2.1995
0.200480000955,2.16825
0.200490000955,2.137
0.200500000955,2.16825
0.200510000955,2.16825
0.200520000955,2.16825
0.200530000955,2.10575
0.200540000955,2.16825
0.200550000955,2.16825
0.200560000955,2.137
0.200570000955,2.16825
0.200580000955,2.16825
0.200590000955,2.137
0.200600000955,2.137
0.200610000955,2.137
0.200620000955,2.137
0.200630000955,2.137
0.200640000955,2.137
0.200650000955,2.137
0.200660000955,2.16825
0.200670000955,2.137
0.200680000955,2.137
0.200690000955,2.10575
0.200700000955,2.16825
0.200710000955,2.16825
0.200720000955,2.137
0.200730000955,2.16825
0.200740000955,2.137
0.200750000955,2.16825
0.200760000955,2.16825
0.200770000955,2.137
0.200780000955,2.10575
0.200790000955,2.16825
0.200800000955,2.1995
0.200810000955,2.16825
0.200820000955,2.1995
0.200830000955,2.137
0.200840000955,2.16825
0.200850000955,2.137
0.200860000955,2.137
0.200870000955,2.16825
0.200880000955,2.16825
0.200890000955,2.137
0.200900000955,2.137
0.200910000955,2.16825
0.200920000955,2.16825
0.200930000955,2.137
0.200940000955,2.137
0.200950000955,2.137
0.200960000955,2.16825
0.200970000955,2.137
0.200980000955,2.16825
0.200990000955,2.10575
0.201000000955,2.16825
0.201010000955,2.137
0.201020000955,2.1995
0.201030000955,2.1995
0.201040000955,2.137
0.201050000955,2.16825
0.201060000955,2.16825
0.201070000955,2.16825
0.201080000955,2.137
0.201090000955,2.16825
0.201100000955,2.16825
0.201110000955,2.16825
0.201120000955,2.16825
0.201130000955,2.16825
0.201140000955,2.137
0.201150000955,2.137
0.201160000955,2.16825
0.201170000955,2.16825
0.201180000955,2.16825
0.201190000955,2.137
0.201200000955,2.1995
0.201210000955,2.137
0.201220000955,2.16825
0.201230000955,2.137
0.201240000955,2.137
0.201250000955,2.16825
0.201260000955,2.137
0.201270000955,2.16825
0.201280000955,2.16825
0.201290000955,2.16825
0.201300000955,2.10575
0.201310000955,2.137
0.201320000955,2.16825
0.201330000955,2.16825
0.201340000955,2.137
0.201350000955,2.16825
0.201360000955,2.16825
0.201370000955,2.137
0.201380000955,2.137
0.201390000955,2.1995
0.201400000955,2.16825
0.201410000955,2.137
0.201420000955,2.1995
0.201430000955,2.137
0.201440000955,2.137
0.201450000955,2.137
0.201460000955,2.16825
0.201470000955,2.10575
0.201480000955,2.16825
0.201490000955,2.1995
0.201500000955,2.137
0.201510000955,2.16825
0.201520000955,2.16825
0.201530000955,2.137
0.201540000955,2.1995
0.201550000955,2.10575
0.201560000955,2.137
0.201570000955,2.16825
0.201580000955,2.16825
0.201590000955,2.1995
0.201600000955,2.137
0.201610000955,2.16825
0.201620000955,2.16825
0.201630000955,2.137
0.201640000955,2.137
0.201650000955,2.16825
0.201660000955,2.1995
0.201670000955,2.16825
0.201680000955,2.16825
0.201690000955,2.16825
0.201700000955,2.16825
0.201710000955,2.137
0.201720000955,2.16825
0.201730000955,2.137
0.201740000955,2.16825
0.201750000955,2.16825
0.201760000955,2.16825
0.201770000955,2.137
0.201780000955,2.16825
0.201790000955,2.16825
0.201800000955,2.16825
0.201810000955,2.137
0.201820000955,2.137
0.201830000955,2.137
0.201840000955,2.16825
0.201850000955,2.16825
0.201860000955,2.16825
0.201870000955,2.16825
0.201880000955,2.137
0.201890000955,2.1995
0.201900000955,2.137
0.201910000955,2.137
0.201920000955,2.16825
0.201930000955,2.16825
0.201940000955,2.16825
0.201950000955,2.16825
0.201960000955,2.16825
0.201970000955,2.16825
0.201980000955,2.137
0.201990000955,2.137
0.202000000955,2.16825
0.202010000955,2.16825
0.202020000955,2.1995
0.202030000955,2.137
0.202040000955,2.1995
0.202050000955,2.137
0.202060000955,2.1995
0.202070000955,2.137
0.202080000955,2.16825
0.202090000955,2.16825
0.202100000955,2.137
0.202110000955,2.1995
0.202120000955,2.16825
0.202130000955,2.137
0.202140000955,2.137
0.202150000955,2.137
0.202160000955,2.137
0.202170000955,2.16825
0.202180000955,2.16825
0.202190000955,2.137
0.202200000955,2.137
0.202210000955,2.16825
0.202220000955,2.137
0.202230000955,2.137
0.202240000955,2.16825
0.202250000955,2.1995
0.202260000955,2.16825
0.202270000955,2.137
0.202280000955,2.1995
0.202290000955,2.137
0.202300000955,2.137
0.202310000955,2.137
0.202320000955,2.16825
0.202330000955,2.137
0.202340000955,2.16825
0.202350000955,2.137
0.202360000955,2.16825
0.202370000955,2.16825
0.202380000955,2.16825
0.202390000955,2.137
0.202400000955,2.16825
0.202410000955,2.16825
0.202420000955,2.1995
0.202430000955,2.16825
0.202440000955,2.10575
0.202450000955,2.137
0.202460000955,2.137
0.202470000955,2.16825
0.202480000955,2.16825
0.202490000955,2.16825
0.202500000955,2.10575
0.202510000955,2.137
0.202520000955,2.137
0.202530000955,2.137
0.202540000955,2.16825
0.202550000955,2.16825
0.202560000955,2.16825
0.202570000955,2.16825
0.202580000955,2.16825
0.202590000955,2.16825
0.202600000955,2.16825
0.202610000955,2.16825
0.202620000955,2.16825
0.202630000955,2.137
0.202640000955,2.16825
0.202650000955,2.16825
0.202660000955,2.137
0.202670000955,2.10575
0.202680000955,2.16825
0.202690000955,2.137
0.202700000955,2.16825
0.202710000955,2.16825
0.202720000955,2.137
0.202730000955,2.137
0.202740000955,2.137
0.202750000955,2.16825
0.202760000955,2.16825
0.202770000955,2.16825
0.202780000955,2.137
0.202790000955,2.137
0.202800000955,2.137
0.202810000955,2.16825
0.202820000955,2.16825
0.202830000955,2.16825
0.202840000955,2.137
0.202850000955,2.16825
0.202860000955,2.16825
0.202870000955,2.16825
0.202880000955,2.137
0.202890000955,2.16825
0.202900000955,2.16825
0.202910000955,2.137
0.202920000955,2.137
0.202930000955,2.137
0.202940000955,2.16825
0.202950000955,2.16825
0.202960000955,2.16825
0.202970000955,2.137
0.202980000955,2.16825
0.202990000955,2.16825
0.203000000955,2.137
0.203010000955,2.137
0.203020000955,2.137
0.203030000955,2.137
0.203040000955,2.137
0.203050000955,2.137
0.203060000955,2.16825
0.203070000955,2.16825
0.203080000955,2.137
0.203090000955,2.16825
0.203100000955,2.16825
0.203110000955,2.16825
0.203120000955,2.137
0.203130000955,2.16825
0.203140000955,2.16825
0.203150000955,2.1995
0.203160000955,2.16825
0.203170000955,2.16825
0.203180000955,2.16825
0.203190000955,2.16825
0.203200000955,2.137
0.203210000955,2.1995
0.203220000955,2.137
0.203230000955,2.137
0.203240000955,2.137
0.203250000955,2.16825
0.203260000955,2.16825
0.203270000955,2.16825
0.203280000955,2.137
0.203290000955,2.137
0.203300000955,2.137
0.203310000955,2.137
0.203320000955,2.137
0.203330000955,2.16825
0.203340000955,2.137
0.203350000955,2.16825
0.203360000955,2.16825
0.203370000955,2.16825
0.203380000955,2.16825
0.203390000955,2.137
0.203400000955,2.16825
0.203410000955,2.137
0.203420000955,2.137
0.203430000955,2.137
0.203440000955,2.137
0.203450000955,2.137
0.203460000955,2.16825
0.203470000955,2.137
0.203480000955,2.137
0.203490000955,2.137
0.203500000955,2.1995
0.203510000955,2.16825
0.203520000955,2.16825
0.203530000955,2.137
0.203540000955,2.137
0.203550000955,2.16825
0.203560000955,2.10575
0.203570000955,2.10575
0.203580000955,2.16825
0.203590000955,2.137
0.203600000955,2.16825
0.203610000955,2.16825
0.203620000955,2.16825
0.203630000955,2.16825
0.203640000955,2.137
0.203650000955,2.16825
0.203660000955,2.16825
0.203670000955,2.137
0.203680000955,2.1995
0.203690000955,2.137
0.203700000955,2.16825
0.203710000955,2.16825
0.203720000955,2.16825
0.203730000955,2.16825
0.203740000955,2.16825
0.203750000955,2.16825
0.203760000955,2.16825
0.203770000955,2.137
0.203780000955,2.16825
0.203790000955,2.137
0.203800000955,2.16825
0.203810000955,2.16825
0.203820000955,2.1995
0.203830000955,2.137
0.203840000955,2.16825
0.203850000955,2.137
0.203860000955,2.137
0.203870000955,2.16825
0.203880000955,2.137
0.203890000955,2.16825
0.203900000955,2.16825
0.203910000955,2.16825
0.203920000955,2.137
0.203930000955,2.137
0.203940000955,2.16825
0.203950000955,2.16825
0.203960000955,2.137
0.203970000955,2.16825
0.203980000955,2.16825
0.203990000955,2.16825
0.204000000955,2.137
0.204010000955,2.137
0.204020000955,2.137
0.204030000955,2.16825
0.204040000955,2.1995
0.204050000955,2.16825
0.204060000955,2.16825
0.204070000955,2.16825
0.204080000955,2.137
0.204090000955,2.16825
0.204100000955,2.16825
0.204110000955,2.137
0.204120000955,2.137
0.204130000955,2.16825
0.204140000955,2.16825
0.204150000955,2.137
0.204160000955,2.137
0.204170000955,2.16825
0.204180000955,2.16825
0.204190000955,2.16825
0.204200000955,2.137
0.204210000955,2.16825
0.204220000955,2.137
0.204230000955,2.16825
0.204240000955,2.16825
0.204250000955,2.137
0.204260000955,2.137
0.204270000955,2.1995
0.204280000955,2.16825
0.204290000955,2.137
0.204300000955,2.1995
0.204310000955,2.137
0.204320000955,2.137
0.204330000955,2.16825
0.204340000955,2.23075
0.204350000955,2.16825
0.204360000955,2.16825
0.204370000955,2.137
0.204380000955,2.137
0.204390000955,2.16825
0.204400000955,2.16825
0.204410000955,2.16825
0.204420000955,2.1995
0.204430000955,2.16825
0.204440000955,2.16825
0.204450000955,2.137
0.204460000955,2.16825
0.204470000955,2.137
0.204480000955,2.137
0.204490000955,2.16825
0.204500000955,2.16825
0.204510000955,2.16825
0.204520000955,2.16825
0.204530000955,2.16825
0.204540000955,2.137
0.204550000955,2.137
0.204560000955,2.137
0.204570000955,2.16825
0.204580000955,2.1995
0.204590000955,2.16825
0.204600000955,2.16825
0.204610000955,2.137
0.204620000955,2.16825
0.204630000955,2.137
0.204640000955,2.16825
0.204650000955,2.137
0.204660000955,2.137
0.204670000955,2.16825
0.204680000955,2.137
0.204690000955,2.137
0.204700000955,2.1995
0.204710000955,2.16825
0.204720000955,2.16825
0.204730000955,2.16825
0.204740000955,2.137
0.204750000955,2.16825
0.204760000955,2.137
0.204770000955,2.137
0.204780000955,2.16825
0.204790000955,2.137
0.204800000955,2.16825
0.204810000955,2.137
0.204820000955,2.16825
0.204830000955,2.16825
0.204840000955,2.137
0.204850000955,2.16825
0.204860000955,2.16825
0.204870000955,2.16825
0.204880000955,2.137
0.204890000955,2.137
0.204900000955,2.16825
0.204910000955,2.16825
0.204920000955,2.137
0.204930000955,2.16825
0.204940000955,2.16825
0.204950000955,2.16825
0.204960000955,2.137
0.204970000955,2.137
0.204980000955,2.16825
0.204990000955,2.137
0.205000000955,2.137
0.205010000955,2.137
0.205020000955,2.16825
0.205030000955,2.16825
0.205040000955,2.137
0.205050000955,2.137
0.205060000955,2.16825
0.205070000955,2.137
0.205080000955,2.137
0.205090000955,2.137
0.205100000955,2.16825
0.205110000955,2.137
0.205120000955,2.16825
0.205130000955,2.137
0.205140000955,2.16825
0.205150000955,2.10575
0.205160000955,2.137
0.205170000955,2.1995
0.205180000955,2.1995
0.205190000955,2.16825
0.205200000955,2.16825
0.205210000955,2.137
0.205220000955,2.16825
0.205230000955,2.137
0.205240000955,2.16825
0.205250000955,2.137
0.205260000955,2.16825
0.205270000955,2.16825
0.205280000955,2.16825
0.205290000955,2.16825
0.205300000955,2.16825
0.205310000955,2.16825
0.205320000955,2.137
0.205330000955,2.137
0.205340000955,2.16825
0.205350000955,2.16825
0.205360000955,2.137
0.205370000955,2.10575
0.205380000955,2.16825
0.205390000955,2.1995
0.205400000955,2.137
0.205410000955,2.137
0.205420000955,2.16825
0.205430000955,2.16825
0.205440000955,2.16825
0.205450000955,2.16825
0.205460000955,2.16825
0.205470000955,2.137
0.205480000955,2.137
0.205490000955,2.137
0.205500000955,2.16825
0.205510000955,2.16825
0.205520000955,2.1995
0.205530000955,2.137
0.205540000955,2.16825
0.205550000955,2.137
0.205560000955,2.16825
0.205570000955,2.1995
0.205580000955,2.16825
0.205590000955,2.16825
0.205600000955,2.137
0.205610000955,2.1995
0.205620000955,2.137
0.205630000955,2.137
0.205640000955,2.10575
0.205650000955,2.137
0.205660000955,2.16825
0.205670000955,2.1995
0.205680000955,2.16825
0.205690000955,2.16825
0.205700000955,2.137
0.205710000955,2.16825
0.205720000955,2.137
0.205730000955,2.137
0.205740000955,2.137
0.205750000955,2.137
0.205760000955,2.16825
0.205770000955,2.16825
0.205780000955,2.137
0.205790000955,2.16825
0.205800000955,2.137
0.205810000955,2.137
0.205820000955,2.16825
0.205830000955,2.16825
0.205840000955,2.16825
0.205850000955,2.16825
0.205860000955,2.1995
0.205870000955,2.137
0.205880000955,2.137
0.205890000955,2.137
0.205900000955,2.16825
0.205910000955,2.16825
0.205920000955,2.16825
0.205930000955,2.16825
0.205940000955,2.137
0.205950000955,2.137
0.205960000955,2.137
0.205970000955,2.137
0.205980000955,2.137
0.205990000955,2.16825
0.206000000955,2.137
0.206010000955,2.10575
0.206020000955,2.16825
0.206030000955,2.16825
0.206040000955,2.16825
0.206050000955,2.137
0.206060000955,2.1995
0.206070000955,2.16825
0.206080000955,2.137
0.206090000955,2.16825
0.206100000955,2.16825
0.206110000955,2.137
0.206120000955,2.1995
0.206130000955,2.16825
0.206140000955,2.16825
0.206150000955,2.137
0.206160000955,2.16825
0.206170000955,2.16825
0.206180000955,2.16825
0.206190000955,2.137
0.206200000955,2.137
0.206210000955,2.137
0.206220000955,2.16825
0.206230000955,2.137
0.206240000955,2.16825
0.206250000955,2.137
0.206260000955,2.1995
0.206270000955,2.137
0.206280000955,2.137
0.206290000955,2.137
0.206300000955,2.137
0.206310000955,2.16825
0.206320000955,2.16825
0.206330000955,2.16825
0.206340000955,2.16825
0.206350000955,2.16825
0.206360000955,2.137
0.206370000955,2.16825
0.206380000955,2.137
0.206390000955,2.16825
0.206400000955,2.137
0.206410000955,2.137
0.206420000955,2.16825
0.206430000955,2.137
0.206440000955,2.1995
0.206450000955,2.16825
0.206460000955,2.16825
0.206470000955,2.137
0.206480000955,2.10575
0.206490000955,2.1995
0.206500000955,2.1995
0.206510000955,2.137
0.206520000955,2.16825
0.206530000955,2.16825
0.206540000955,2.137
0.206550000955,2.16825
0.206560000955,2.16825
0.206570000955,2.16825
0.206580000955,2.16825
0.206590000955,2.1995
0.206600000955,2.137
0.206610000955,2.137
0.206620000955,2.16825
0.206630000955,2.16825
0.206640000955,2.137
0.206650000955,2.1995
0.206660000955,2.137
0.206670000955,2.137
0.206680000955,2.137
0.206690000955,2.16825
0.206700000955,2.16825
0.206710000955,2.16825
0.206720000955,2.16825
0.206730000955,2.16825
0.206740000955,2.137
0.206750000955,2.137
0.206760000955,2.16825
0.206770000955,2.16825
0.206780000955,2.16825
0.206790000955,2.137
0.206800000955,2.16825
0.206810000955,2.137
0.206820000955,2.1995
0.206830000955,2.16825
0.206840000955,2.16825
0.206850000955,2.16825
0.206860000955,2.1995
0.206870000955,2.16825
0.206880000955,2.16825
0.206890000955,2.137
0.206900000955,2.137
0.206910000955,2.137
0.206920000955,2.137
0.206930000955,2.137
0.206940000955,2.137
0.206950000955,2.16825
0.206960000955,2.16825
0.206970000955,2.137
0.206980000955,2.1995
0.206990000955,2.137
0.207000000955,2.16825
0.207010000955,2.16825
0.207020000955,2.16825
0.207030000955,2.16825
0.207040000955,2.16825
0.207050000955,2.137
0.207060000955,2.137
0.207070000955,2.16825
0.207080000955,2.16825
0.207090000955,2.16825
0.207100000955,2.1995
0.207110000955,2.16825
0.207120000955,2.16825
0.207130000955,2.16825
0.207140000955,2.16825
0.207150000955,2.16825
0.207160000955,2.16825
0.207170000955,2.16825
0.207180000955,2.1995
0.207190000955,2.16825
0.207200000955,2.1995
0.207210000955,2.16825
0.207220000955,2.137
0.207230000955,2.16825
0.207240000955,2.137
0.207250000955,2.16825
0.207260000955,2.16825
0.207270000955,2.137
0.207280000955,2.137
0.207290000955,2.16825
0.207300000955,2.16825
0.207310000955,2.16825
0.207320000955,2.16825
0.207330000955,2.137
0.207340000955,2.10575
0.207350000955,2.1995
0.207360000955,2.16825
0.207370000955,2.16825
0.207380000955,2.137
0.207390000955,2.137
0.207400000955,2.137
0.207410000955,2.16825
0.207420000955,2.16825
0.207430000955,2.1995
0.207440000955,2.16825
0.207450000955,2.137
0.207460000955,2.137
0.207470000955,2.16825
0.207480000955,2.1995
0.207490000955,2.16825
0.207500000955,2.16825
0.207510000955,2.16825
0.207520000955,2.16825
0.207530000955,2.137
0.207540000955,2.16825
0.207550000955,2.16825
0.207560000955,2.16825
0.207570000955,2.1995
0.207580000955,2.1995
0.207590000955,2.137
0.207600000955,2.16825
0.207610000955,2.137
0.207620000955,2.137
0.207630000955,2.16825
0.207640000955,2.137
0.207650000955,2.137
0.207660000955,2.137
0.207670000955,2.16825
0.207680000955,2.16825
0.207690000955,2.16825
0.207700000955,2.16825
0.207710000955,2.137
0.207720000955,2.1995
0.207730000955,2.137
0.207740000955,2.16825
0.207750000955,2.1995
0.207760000955,2.16825
0.207770000955,2.16825
0.207780000955,2.137
0.207790000955,2.16825
0.207800000955,2.137
0.207810000955,2.16825
0.207820000955,2.137
0.207830000955,2.16825
0.207840000955,2.137
0.207850000955,2.137
0.207860000955,2.16825
0.207870000955,2.137
0.207880000955,2.16825
0.207890000955,2.16825
0.207900000955,2.16825
0.207910000955,2.137
0.207920000955,2.1995
0.207930000955,2.16825
0.207940000955,2.16825
0.207950000955,2.16825
0.207960000955,2.1995
0.207970000955,2.16825
0.207980000955,2.16825
0.207990000955,2.16825
0.208000000955,2.1995
0.208010000955,2.16825
0.208020000955,2.137
0.208030000955,2.16825
0.208040000955,2.1995
0.208050000955,2.16825
0.208060000955,2.16825
0.208070000955,2.1995
0.208080000955,2.137
0.208090000955,2.16825
0.208100000955,2.16825
0.208110000955,2.16825
0.208120000955,2.16825
0.208130000955,2.137
0.208140000955,2.137
0.208150000955,2.137
0.208160000955,2.137
0.208170000955,2.137
0.208180000955,2.137
0.208190000955,2.137
0.208200000955,2.16825
0.208210000955,2.16825
0.208220000955,2.16825
0.208230000955,2.16825
0.208240000955,2.137
0.208250000955,2.137
0.208260000955,2.137
0.208270000955,2.16825
0.208280000955,2.16825
0.208290000955,2.137
0.208300000955,2.10575
0.208310000955,2.16825
0.208320000955,2.16825
0.208330000955,2.1995
0.208340000955,2.16825
0.208350000955,2.16825
0.208360000955,2.137
0.208370000955,2.16825
0.208380000955,2.16825
0.208390000955,2.16825
0.208400000955,2.16825
0.208410000955,2.137
0.208420000955,2.16825
0.208430000955,2.137
0.208440000955,2.16825
0.208450000955,2.137
0.208460000955,2.16825
0.208470000955,2.16825
0.208480000955,2.16825
0.208490000955,2.16825
0.208500000955,2.137
0.208510000955,2.137
0.208520000955,2.137
0.208530000955,2.16825
0.208540000955,2.1995
0.208550000955,2.16825
0.208560000955,2.1995
0.208570000955,2.16825
0.208580000955,2.137
0.208590000955,2.16825
0.208600000955,2.16825
0.208610000955,2.16825
0.208620000955,2.137
0.208630000955,2.16825
0.208640000955,2.16825
0.208650000955,2.16825
0.208660000955,2.16825
0.208670000955,2.16825
0.208680000955,2.1995
0.208690000955,2.16825
0.208700000955,2.16825
0.208710000955,2.16825
0.208720000955,2.16825
0.208730000955,2.16825
0.208740000955,2.16825
0.208750000955,2.16825
0.208760000955,2.16825
0.208770000955,2.16825
0.208780000955,2.1995
0.208790000955,2.137
0.208800000955,2.16825
0.208810000955,2.16825
0.208820000955,2.16825
0.208830000955,2.16825
0.208840000955,2.137
0.208850000955,2.16825
0.208860000955,2.16825
0.208870000955,2.137
0.208880000955,2.137
0.208890000955,2.16825
0.208900000955,2.16825
0.208910000955,2.16825
0.208920000955,2.16825
0.208930000955,2.16825
0.208940000955,2.137
0.208950000955,2.137
0.208960000955,2.1995
0.208970000955,2.16825
0.208980000955,2.16825
0.208990000955,2.137
0.209000000955,2.137
0.209010000955,2.16825
0.209020000955,2.1995
0.209030000955,2.16825
0.209040000955,2.137
0.209050000955,2.16825
0.209060000955,2.16825
0.209070000955,2.137
0.209080000955,2.1995
0.209090000955,2.16825
0.209100000955,2.16825
0.209110000955,2.16825
0.209120000955,2.16825
0.209130000955,2.137
0.209140000955,2.137
0.209150000955,2.16825
0.209160000955,2.137
0.209170000955,2.16825
0.209180000955,2.16825
0.209190000955,2.16825
0.209200000955,2.16825
0.209210000955,2.137
0.209220000955,2.16825
0.209230000955,2.1995
0.209240000955,2.16825
0.209250000955,2.16825
0.209260000955,2.16825
0.209270000955,2.1995
0.209280000955,2.137
0.209290000955,2.16825
0.209300000955,2.16825
0.209310000955,2.137
0.209320000955,2.1995
0.209330000955,2.16825
0.209340000955,2.1995
0.209350000955,2.137
0.209360000955,2.137
0.209370000955,2.16825
0.209380000955,2.10575
0.209390000955,2.137
0.209400000955,2.137
0.209410000955,2.16825
0.209420000955,2.16825
0.209430000955,2.16825
0.209440000955,2.16825
0.209450000955,2.16825
0.209460000955,2.137
0.209470000955,2.16825
0.209480000955,2.16825
0.209490000955,2.16825
0.209500000955,2.16825
0.209510000955,2.1995
0.209520000955,2.16825
0.209530000955,2.137
0.209540000955,2.137
0.209550000955,2.137
0.209560000955,2.16825
0.209570000955,2.16825
0.209580000955,2.137
0.209590000955,2.137
0.209600000955,2.16825
0.209610000955,2.1995
0.209620000955,2.16825
0.209630000955,2.137
0.209640000955,2.16825
0.209650000955,2.16825
0.209660000955,2.16825
0.209670000955,2.16825
0.209680000955,2.16825
0.209690000955,2.10575
0.209700000955,2.16825
0.209710000955,2.137
0.209720000955,2.137
0.209730000955,2.16825
0.209740000955,2.16825
0.209750000955,2.16825
0.209760000955,2.16825
0.209770000955,2.1995
0.209780000955,2.137
0.209790000955,2.16825
0.209800000955,2.16825
0.209810000955,2.16825
0.209820000955,2.1995
0.209830000955,2.137
0.209840000955,2.137
0.209850000955,2.137
0.209860000955,2.137
0.209870000955,2.137
0.209880000955,2.16825
0.209890000955,2.10575
0.209900000955,2.16825
0.209910000955,2.16825
0.209920000955,2.137
0.209930000955,2.16825
0.209940000955,2.16825
0.209950000955,2.137
0.209960000955,2.16825
0.209970000955,2.16825
0.209980000955,2.137
0.209990000955,2.16825
0.210000000955,2.16825
0.210010000955,2.1995
0.210020000955,2.16825
0.210030000955,2.137
0.210040000955,2.16825
0.210050000955,2.1995
0.210060000955,2.137
0.210070000955,2.16825
0.210080000955,2.137
0.210090000955,2.10575
0.210100000955,2.16825
0.210110000955,2.16825
0.210120000955,2.137
0.210130000955,2.16825
0.210140000955,2.137
0.210150000955,2.16825
0.210160000955,2.16825
0.210170000955,2.1995
0.210180000955,2.16825
0.210190000955,2.137
0.210200000955,2.137
0.210210000955,2.16825
0.210220000955,2.1995
0.210230000955,2.16825
0.210240000955,2.16825
0.210250000955,2.16825
0.210260000955,2.16825
0.210270000955,2.16825
0.210280000955,2.16825
0.210290000955,2.16825
0.210300000955,2.16825
0.210310000955,2.137
0.210320000955,2.16825
0.210330000955,2.137
0.210340000955,2.137
0.210350000955,2.16825
0.210360000955,2.137
0.210370000955,2.137
0.210380000955,2.16825
0.210390000955,2.16825
0.210400000955,2.1995
0.210410000955,2.1995
0.210420000955,2.16825
0.210430000955,2.16825
0.210440000955,2.1995
0.210450000955,2.16825
0.210460000955,2.16825
0.210470000955,2.137
0.210480000955,2.16825
0.210490000955,2.137
0.210500000955,2.16825
0.210510000955,2.16825
0.210520000955,2.137
0.210530000955,2.10575
0.210540000955,2.16825
0.210550000955,2.16825
0.210560000955,2.137
0.210570000955,2.137
0.210580000955,2.16825
0.210590000955,2.137
0.210600000955,2.137
0.210610000955,2.137
0.210620000955,2.1995
0.210630000955,2.16825
0.210640000955,2.16825
0.210650000955,2.137
0.210660000955,2.16825
0.210670000955,2.16825
0.210680000955,2.1995
0.210690000955,2.16825
0.210700000955,2.1995
0.210710000955,2.16825
0.210720000955,2.16825
0.210730000955,2.1995
0.210740000955,2.16825
0.210750000955,2.16825
0.210760000955,2.16825
0.210770000955,2.10575
0.210780000955,2.137
0.210790000955,2.137
0.210800000955,2.16825
0.210810000955,2.16825
0.210820000955,2.16825
0.210830000955,2.137
0.210840000955,2.16825
0.210850000955,2.16825
0.210860000955,2.16825
0.210870000955,2.16825
0.210880000955,2.16825
0.210890000955,2.16825
0.210900000955,2.137
0.210910000955,2.10575
0.210920000955,2.16825
0.210930000955,2.16825
0.210940000955,2.16825
0.210950000955,2.16825
0.210960000955,2.16825
0.210970000955,2.16825
0.210980000955,2.16825
0.210990000955,2.16825
0.211000000955,2.16825
0.211010000955,2.16825
0.211020000955,2.137
0.211030000955,2.137
0.211040000955,2.16825
0.211050000955,2.16825
0.211060000955,2.137
0.211070000955,2.137
0.211080000955,2.137
0.211090000955,2.137
0.211100000955,2.16825
0.211110000955,2.16825
0.211120000955,2.16825
0.211130000955,2.1995
0.211140000955,2.137
0.211150000955,2.16825
0.211160000955,2.16825
0.211170000955,2.137
0.211180000955,2.16825
0.211190000955,2.16825
0.211200000955,2.137
0.211210000955,2.137
0.211220000955,2.10575
0.211230000955,2.16825
0.211240000955,2.137
0.211250000955,2.137
0.211260000955,2.16825
0.211270000955,2.16825
0.211280000955,2.16825
0.211290000955,2.137
0.211300000955,2.16825
0.211310000955,2.16825
0.211320000955,2.137
0.211330000955,2.16825
0.211340000955,2.16825
0.211350000955,2.137
0.211360000955,2.16825
0.211370000955,2.137
0.211380000955,2.16825
0.211390000955,2.137
0.211400000955,2.16825
0.211410000955,2.137
0.211420000955,2.137
0.211430000955,2.137
0.211440000955,2.137
0.211450000955,2.137
0.211460000955,2.16825
0.211470000955,2.137
0.211480000955,2.16825
0.211490000955,2.137
0.211500000955,2.16825
0.211510000955,2.16825
0.211520000955,2.16825
0.211530000955,2.137
0.211540000955,2.137
0.211550000955,2.137
0.211560000955,2.16825
0.211570000955,2.16825
0.211580000955,2.137
0.211590000955,2.16825
0.211600000955,2.137
0.211610000955,2.137
0.211620000955,2.137
0.211630000955,2.1995
0.211640000955,2.137
0.211650000955,2.16825
0.211660000955,2.137
0.211670000955,2.137
0.211680000955,2.10575
0.211690000955,2.16825
0.211700000955,2.137
0.211710000955,2.16825
0.211720000955,2.137
0.211730000955,2.16825
0.211740000955,2.16825
0.211750000955,2.137
0.211760000955,2.16825
0.211770000955,2.16825
0.211780000955,2.137
0.211790000955,2.137
0.211800000955,2.16825
0.211810000955,2.137
0.211820000955,2.137
0.211830000955,2.137
0.211840000955,2.137
0.211850000955,2.16825
0.211860000955,2.137
0.211870000955,2.16825
0.211880000955,2.16825
0.211890000955,2.1995
0.211900000955,2.137
0.211910000955,2.137
0.211920000955,2.137
0.211930000955,2.137
0.211940000955,2.137
0.211950000955,2.137
0.211960000955,2.137
0.211970000955,2.16825
0.211980000955,2.1995
0.211990000955,2.137
0.212000000955,2.16825
0.212010000955,2.16825
0.212020000955,2.137
0.212030000955,2.16825
0.212040000955,2.16825
0.212050000955,2.137
0.212060000955,2.137
0.212070000955,2.16825
0.212080000955,2.16825
0.212090000955,2.1995
0.212100000955,2.1995
0.212110000955,2.16825
0.212120000955,2.16825
0.212130000955,2.137
0.212140000955,2.137
0.212150000955,2.137
0.212160000955,2.137
0.212170000955,2.137
0.212180000955,2.16825
0.212190000955,2.16825
0.212200000955,2.16825
0.212210000955,2.137
0.212220000955,2.137
0.212230000955,2.137
0.212240000955,2.137
0.212250000955,2.137
0.212260000955,2.16825
0.212270000955,2.137
0.212280000955,2.137
0.212290000955,2.137
0.212300000955,2.137
0.212310000955,2.137
0.212320000955,2.16825
0.212330000955,2.16825
0.212340000955,2.137
0.212350000955,2.16825
0.212360000955,2.16825
0.212370000955,2.16825
0.212380000955,2.137
0.212390000955,2.137
0.212400000955,2.16825
0.212410000955,2.16825
0.212420000955,2.16825
0.212430000955,2.16825
0.212440000955,2.16825
0.212450000955,2.16825
0.212460000955,2.137
0.212470000955,2.16825
0.212480000955,2.137
0.212490000955,2.16825
0.212500000955,2.10575
0.212510000955,2.16825
0.212520000955,2.16825
0.212530000955,2.137
0.212540000955,2.16825
0.212550000955,2.137
0.212560000955,2.137
0.212570000955,2.16825
0.212580000955,2.16825
0.212590000955,2.16825
0.212600000955,2.137
0.212610000955,2.16825
0.212620000955,2.16825
0.212630000955,2.137
0.212640000955,2.16825
0.212650000955,2.137
0.212660000955,2.137
0.212670000955,2.137
0.212680000955,2.137
0.212690000955,2.16825
0.212700000955,2.16825
0.212710000955,2.137
0.212720000955,2.137
0.212730000955,2.137
0.212740000955,2.137
0.212750000955,2.10575
0.212760000955,2.137
0.212770000955,2.16825
0.212780000955,2.137
0.212790000955,2.137
0.212800000955,2.16825
0.212810000955,2.137
0.212820000955,2.137
0.212830000955,2.137
0.212840000955,2.16825
0.212850000955,2.137
0.212860000955,2.16825
0.212870000955,2.137
0.212880000955,2.137
0.212890000955,2.137
0.212900000955,2.137
0.212910000955,2.16825
0.212920000955,2.16825
0.212930000955,2.1995
0.212940000955,2.16825
0.212950000955,2.137
0.212960000955,2.137
0.212970000955,2.16825
0.212980000955,2.137
0.212990000955,2.16825
0.213000000955,2.137
0.213010000955,2.16825
0.213020000955,2.137
0.213030000955,2.16825
0.213040000955,2.137
0.213050000955,2.16825
0.213060000955,2.137
0.213070000955,2.137
0.213080000955,2.16825
0.213090000955,2.137
0.213100000955,2.137
0.213110000955,2.10575
0.213120000955,2.137
0.213130000955,2.137
0.213140000955,2.137
0.213150000955,2.137
0.213160000955,2.137
0.213170000955,2.137
0.213180000955,2.10575
0.213190000955,2.137
0.213200000955,2.16825
0.213210000955,2.16825
0.213220000955,2.137
0.213230000955,2.137
0.213240000955,2.10575
0.213250000955,2.137
0.213260000955,2.16825
0.213270000955,2.16825
0.213280000955,2.137
0.213290000955,2.16825
0.213300000955,2.137
0.213310000955,2.137
0.213320000955,2.137
0.213330000955,2.137
0.213340000955,2.16825
0.213350000955,2.137
0.213360000955,2.137
0.213370000955,2.137
0.213380000955,2.137
0.213390000955,2.16825
0.213400000955,2.137
0.213410000955,2.137
0.213420000955,2.16825
0.213430000955,2.10575
0.213440000955,2.16825
0.213450000955,2.137
0.213460000955,2.16825
0.213470000955,2.137
0.213480000955,2.137
0.213490000955,2.137
0.213500000955,2.137
0.213510000955,2.137
0.213520000955,2.137
0.213530000955,2.137
0.213540000955,2.16825
0.213550000955,2.16825
0.213560000955,2.10575
0.213570000955,2.10575
0.213580000955,2.16825
0.213590000955,2.10575
0.213600000955,2.10575
0.213610000955,2.16825
0.213620000955,2.16825
0.213630000955,2.137
0.213640000955,2.137
0.213650000955,2.137
0.213660000955,2.10575
0.213670000955,2.137
0.213680000955,2.16825
0.213690000955,2.16825
0.213700000955,2.16825
0.213710000955,2.137
0.213720000955,2.137
0.213730000955,2.16825
0.213740000955,2.137
0.213750000955,2.137
0.213760000955,2.16825
0.213770000955,2.16825
0.213780000955,2.137
0.213790000955,2.137
0.213800000955,2.137
0.213810000955,2.16825
0.213820000955,2.137
0.213830000955,2.137
0.213840000955,2.137
0.213850000955,2.137
0.213860000955,2.137
0.213870000955,2.10575
0.213880000955,2.16825
0.213890000955,2.137
0.213900000955,2.16825
0.213910000955,2.16825
0.213920000955,2.137
0.213930000955,2.137
0.213940000955,2.137
0.213950000955,2.16825
0.213960000955,2.16825
0.213970000955,2.137
0.213980000955,2.137
0.213990000955,2.137
0.214000000955,2.137
0.214010000955,2.16825
0.214020000955,2.137
0.214030000955,2.137
0.214040000955,2.16825
0.214050000955,2.10575
0.214060000955,2.16825
0.214070000955,2.137
0.214080000955,2.137
0.214090000955,2.16825
0.214100000955,2.10575
0.214110000955,2.10575
0.214120000955,2.137
0.214130000955,2.137
0.214140000955,2.16825
0.214150000955,2.16825
0.214160000955,2.137
0.214170000955,2.137
0.214180000955,2.137
0.214190000955,2.16825
0.214200000955,2.137
0.214210000955,2.137
0.214220000955,2.137
0.214230000955,2.137
0.214240000955,2.137
0.214250000955,2.137
0.214260000955,2.137
0.214270000955,2.137
0.214280000955,2.137
0.214290000955,2.137
0.214300000955,2.0745
0.214310000955,2.10575
0.214320000955,2.137
0.214330000955,2.137
0.214340000955,2.137
0.214350000955,2.137
0.214360000955,2.16825
0.214370000955,2.137
0.214380000955,2.10575
0.214390000955,2.137
0.214400000955,2.137
0.214410000955,2.137
0.214420000955,2.16825
0.214430000955,2.16825
0.214440000955,2.137
0.214450000955,2.16825
0.214460000955,2.16825
0.214470000955,2.10575
0.214480000955,2.137
0.214490000955,2.10575
0.214500000955,2.137
0.214510000955,2.137
0.214520000955,2.137
0.214530000955,2.137
0.214540000955,2.137
0.214550000955,2.16825
0.214560000955,2.137
0.214570000955,2.137
0.214580000955,2.137
0.214590000955,2.10575
0.214600000955,2.16825
0.214610000955,2.137
0.214620000955,2.137
0.214630000955,2.137
0.214640000955,2.16825
0.214650000955,2.137
0.214660000955,2.137
0.214670000955,2.137
0.214680000955,2.137
0.214690000955,2.16825
0.214700000955,2.137
0.214710000955,2.137
0.214720000955,2.10575
0.214730000955,2.10575
0.214740000955,2.137
0.214750000955,2.137
0.214760000955,2.10575
0.214770000955,2.16825
0.214780000955,2.137
0.214790000955,2.16825
0.214800000955,2.137
0.214810000955,2.10575
0.214820000955,2.137
0.214830000955,2.16825
0.214840000955,2.137
0.214850000955,2.16825
0.214860000955,2.137
0.214870000955,2.16825
0.214880000955,2.16825
0.214890000955,2.16825
0.214900000955,2.137
0.214910000955,2.137
0.214920000955,2.10575
0.214930000955,2.137
0.214940000955,2.16825
0.214950000955,2.16825
0.214960000955,2.137
0.214970000955,2.137
0.214980000955,2.137
0.214990000955,2.16825
0.215000000955,2.137
0.215010000955,2.10575
0.215020000955,2.137
0.215030000955,2.137
0.215040000955,2.137
0.215050000955,2.137
0.215060000955,2.137
0.215070000955,2.137
0.215080000955,2.16825
0.215090000955,2.16825
0.215100000955,2.16825
0.215110000955,2.137
0.215120000955,2.137
0.215130000955,2.137
0.215140000955,2.137
0.215150000955,2.16825
0.215160000955,2.137
0.215170000955,2.10575
0.215180000955,2.10575
0.215190000955,2.137
0.215200000955,2.137
0.215210000955,2.137
0.215220000955,2.137
0.215230000955,2.137
0.215240000955,2.16825
0.215250000955,2.16825
0.215260000955,2.137
0.215270000955,2.16825
0.215280000955,2.137
0.215290000955,2.16825
0.215300000955,2.16825
0.215310000955,2.137
0.215320000955,2.137
0.215330000955,2.137
0.215340000955,2.137
0.215350000955,2.137
0.215360000955,2.137
0.215370000955,2.16825
0.215380000955,2.16825
0.215390000955,2.137
0.215400000955,2.16825
0.215410000955,2.137
0.215420000955,2.137
0.215430000955,2.137
0.215440000955,2.137
0.215450000955,2.16825
0.215460000955,2.10575
0.215470000955,2.16825
0.215480000955,2.137
0.215490000955,2.16825
0.215500000955,2.137
0.215510000955,2.16825
0.215520000955,2.137
0.215530000955,2.16825
0.215540000955,2.137
0.215550000955,2.16825
0.215560000955,2.137
0.215570000955,2.137
0.215580000955,2.137
0.215590000955,2.16825
0.215600000955,2.137
0.215610000955,2.137
0.215620000955,2.1995
0.215630000955,2.137
0.215640000955,2.137
0.215650000955,2.137
0.215660000955,2.137
0.215670000955,2.137
0.215680000955,2.16825
0.215690000955,2.10575
0.215700000955,2.16825
0.215710000955,2.16825
0.215720000955,2.137
0.215730000955,2.16825
0.215740000955,2.10575
0.215750000955,2.137
0.215760000955,2.137
0.215770000955,2.137
0.215780000955,2.137
0.215790000955,2.137
0.215800000955,2.16825
0.215810000955,2.16825
0.215820000955,2.10575
0.215830000955,2.137
0.215840000955,2.137
0.215850000955,2.10575
0.215860000955,2.137
0.215870000955,2.137
0.215880000955,2.137
0.215890000955,2.137
0.215900000955,2.137
0.215910000955,2.16825
0.215920000955,2.137
0.215930000955,2.16825
0.215940000955,2.137
0.215950000955,2.137
0.215960000955,2.137
0.215970000955,2.10575
0.215980000955,2.16825
0.215990000955,2.16825
0.216000000955,2.16825
0.216010000955,2.10575
0.216020000955,2.16825
0.216030000955,2.137
0.216040000955,2.137
0.216050000955,2.137
0.216060000955,2.137
0.216070000955,2.1995
0.216080000955,2.137
0.216090000955,2.16825
0.216100000955,2.137
0.216110000955,2.16825
0.216120000955,2.137
0.216130000955,2.137
0.216140000955,2.137
0.216150000955,2.137
0.216160000955,2.16825
0.216170000955,2.10575
0.216180000955,2.16825
0.216190000955,2.16825
0.216200000955,2.137
0.216210000955,2.137
0.216220000955,2.16825
0.216230000955,2.137
0.216240000955,2.137
0.216250000955,2.16825
0.216260000955,2.10575
0.216270000955,2.137
0.216280000955,2.137
0.216290000955,2.137
0.216300000955,2.16825
0.216310000955,2.137
0.216320000955,2.137
0.216330000955,2.16825
0.216340000955,2.16825
0.216350000955,2.16825
0.216360000955,2.137
0.216370000955,2.10575
0.216380000955,2.16825
0.216390000955,2.137
0.216400000955,2.10575
0.216410000955,2.16825
0.216420000955,2.137
0.216430000955,2.16825
0.216440000955,2.137
0.216450000955,2.137
0.216460000955,2.137
0.216470000955,2.137
0.216480000955,2.16825
0.216490000955,2.16825
0.216500000955,2.16825
0.216510000955,2.137
0.216520000955,2.137
0.216530000955,2.16825
0.216540000955,2.137
0.216550000955,2.10575
0.216560000955,2.137
0.216570000955,2.16825
0.216580000955,2.137
0.216590000955,2.16825
0.216600000955,2.16825
0.216610000955,2.137
0.216620000955,2.137
0.216630000955,2.137
0.216640000955,2.16825
0.216650000955,2.10575
0.216660000955,2.137
0.216670000955,2.137
0.216680000955,2.137
0.216690000955,2.16825
0.216700000955,2.137
0.216710000955,2.16825
0.216720000955,2.16825
0.216730000955,2.137
0.216740000955,2.16825
0.216750000955,2.16825
0.216760000955,2.137
0.216770000955,2.16825
0.216780000955,2.137
0.216790000955,2.137
0.216800000955,2.137
0.216810000955,2.16825
0.216820000955,2.16825
0.216830000955,2.137
0.216840000955,2.137
0.216850000955,2.16825
0.216860000955,2.16825
0.216870000955,2.16825
0.216880000955,2.16825
0.216890000955,2.137
0.216900000955,2.10575
0.216910000955,2.10575
0.216920000955,2.137
0.216930000955,2.137
0.216940000955,2.137
0.216950000955,2.16825
0.216960000955,2.137
0.216970000955,2.137
0.216980000955,2.16825
0.216990000955,2.137
0.217000000955,2.137
0.217010000955,2.137
0.217020000955,2.137
0.217030000955,2.137
0.217040000955,2.137
0.217050000955,2.137
0.217060000955,2.137
0.217070000955,2.137
0.217080000955,2.16825
0.217090000955,2.137
0.217100000955,2.10575
0.217110000955,2.16825
0.217120000955,2.10575
0.217130000955,2.16825
0.217140000955,2.137
0.217150000955,2.16825
0.217160000955,2.137
0.217170000955,2.137
0.217180000955,2.137
0.217190000955,2.137
0.217200000955,2.16825
0.217210000955,2.16825
0.217220000955,2.137
0.217230000955,2.16825
0.217240000955,2.16825
0.217250000955,2.16825
0.217260000955,2.10575
0.217270000955,2.137
0.217280000955,2.137
0.217290000955,2.137
0.217300000955,2.137
0.217310000955,2.16825
0.217320000955,2.137
0.217330000955,2.16825
0.217340000955,2.137
0.217350000955,2.137
0.217360000955,2.16825
0.217370000955,2.16825
0.217380000955,2.1995
0.217390000955,2.16825
0.217400000955,2.16825
0.217410000955,2.16825
0.217420000955,2.137
0.217430000955,2.16825
0.217440000955,2.16825
0.217450000955,2.137
0.217460000955,2.16825
0.217470000955,2.16825
0.217480000955,2.137
0.217490000955,2.137
0.217500000955,2.137
0.217510000955,2.137
0.217520000955,2.16825
0.217530000955,2.137
0.217540000955,2.137
0.217550000955,2.16825
0.217560000955,2.16825
0.217570000955,2.16825
0.217580000955,2.137
0.217590000955,2.16825
0.217600000955,2.10575
0.217610000955,2.137
0.217620000955,2.137
0.217630000955,2.137
0.217640000955,2.10575
0.217650000955,2.16825
0.217660000955,2.1995
0.217670000955,2.137
0.217680000955,2.16825
0.217690000955,2.16825
0.217700000955,2.10575
0.217710000955,2.137
0.217720000955,2.10575
0.217730000955,2.16825
0.217740000955,2.16825
0.217750000955,2.137
0.217760000955,2.137
0.217770000955,2.137
0.217780000955,2.16825
0.217790000955,2.16825
0.217800000955,2.16825
0.217810000955,2.137
0.217820000955,2.137
0.217830000955,2.137
0.217840000955,2.137
0.217850000955,2.16825
0.217860000955,2.137
0.217870000955,2.137
0.217880000955,2.10575
0.217890000955,2.137
0.217900000955,2.137
0.217910000955,2.137
0.217920000955,2.137
0.217930000955,2.1995
0.217940000955,2.137
0.217950000955,2.16825
0.217960000955,2.137
0.217970000955,2.137
0.217980000955,2.137
0.217990000955,2.16825
0.218000000955,2.16825
0.218010000955,2.16825
0.218020000955,2.16825
0.218030000955,2.16825
0.218040000955,2.16825
0.218050000955,2.137
0.218060000955,2.137
0.218070000955,2.137
0.218080000955,2.16825
0.218090000955,2.16825
0.218100000955,2.137
0.218110000955,2.137
0.218120000955,2.1995
0.218130000955,2.16825
0.218140000955,2.137
0.218150000955,2.16825
0.218160000955,2.137
0.218170000955,2.16825
0.218180000955,2.1995
0.218190000955,2.16825
0.218200000955,2.16825
0.218210000955,2.16825
0.218220000955,2.137
0.218230000955,2.10575
0.218240000955,2.137
0.218250000955,2.16825
0.218260000955,2.137
0.218270000955,2.137
0.218280000955,2.137
0.218290000955,2.137
0.218300000955,2.16825
0.218310000955,2.137
0.218320000955,2.16825
0.218330000955,2.16825
0.218340000955,2.16825
0.218350000955,2.137
0.218360000955,2.137
0.218370000955,2.137
0.218380000955,2.137
0.218390000955,2.137
0.218400000955,2.137
0.218410000955,2.10575
0.218420000955,2.10575
0.218430000955,2.137
0.218440000955,2.137
0.218450000955,2.137
0.218460000955,2.16825
0.218470000955,2.137
0.218480000955,2.137
0.218490000955,2.10575
0.218500000955,2.137
0.218510000955,2.16825
0.218520000955,2.16825
0.218530000955,2.16825
0.218540000955,2.16825
0.218550000955,2.16825
0.218560000955,2.10575
0.218570000955,2.137
0.218580000955,2.137
0.218590000955,2.16825
0.218600000955,2.10575
0.218610000955,2.137
0.218620000955,2.16825
0.218630000955,2.137
0.218640000955,2.137
0.218650000955,2.16825
0.218660000955,2.137
0.218670000955,2.137
0.218680000955,2.137
0.218690000955,2.137
0.218700000955,2.137
0.218710000955,2.137
0.218720000955,2.16825
0.218730000955,2.16825
0.218740000955,2.16825
0.218750000955,2.137
0.218760000955,2.137
0.218770000955,2.16825
0.218780000955,2.16825
0.218790000955,2.137
0.218800000955,2.137
0.218810000955,2.16825
0.218820000955,2.10575
0.218830000955,2.16825
0.218840000955,2.137
0.218850000955,2.137
0.218860000955,2.137
0.218870000955,2.137
0.218880000955,2.137
0.218890000955,2.137
0.218900000955,2.16825
0.218910000955,2.1995
0.218920000955,2.137
0.218930000955,2.137
0.218940000955,2.16825
0.218950000955,2.10575
0.218960000955,2.137
0.218970000955,2.16825
0.218980000955,2.137
0.218990000955,2.16825
0.219000000955,2.137
0.219010000955,2.137
0.219020000955,2.137
0.219030000955,2.16825
0.219040000955,2.16825
0.219050000955,2.1995
0.219060000955,2.16825
0.219070000955,2.16825
0.219080000955,2.137
0.219090000955,2.137
0.219100000955,2.16825
0.219110000955,2.137
0.219120000955,2.16825
0.219130000955,2.16825
0.219140000955,2.137
0.219150000955,2.16825
0.219160000955,2.1995
0.219170000955,2.137
0.219180000955,2.10575
0.219190000955,2.16825
0.219200000955,2.137
0.219210000955,2.16825
0.219220000955,2.16825
0.219230000955,2.137
0.219240000955,2.10575
0.219250000955,2.137
0.219260000955,2.137
0.219270000955,2.137
0.219280000955,2.137
0.219290000955,2.16825
0.219300000955,2.16825
0.219310000955,2.137
0.219320000955,2.137
0.219330000955,2.16825
0.219340000955,2.137
0.219350000955,2.137
0.219360000955,2.137
0.219370000955,2.16825
0.219380000955,2.137
0.219390000955,2.1995
0.219400000955,2.137
0.219410000955,2.16825
0.219420000955,2.16825
0.219430000955,2.16825
0.219440000955,2.16825
0.219450000955,2.16825
0.219460000955,2.137
0.219470000955,2.137
0.219480000955,2.137
0.219490000955,2.16825
0.219500000955,2.16825
0.219510000955,2.16825
0.219520000955,2.16825
0.219530000955,2.16825
0.219540000955,2.16825
0.219550000955,2.16825
0.219560000955,2.16825
0.219570000955,2.16825
0.219580000955,2.137
0.219590000955,2.16825
0.219600000955,2.137
0.219610000955,2.137
0.219620000955,2.16825
0.219630000955,2.137
0.219640000955,2.16825
0.219650000955,2.16825
0.219660000955,2.137
0.219670000955,2.137
0.219680000955,2.16825
0.219690000955,2.137
0.219700000955,2.137
0.219710000955,2.10575
0.219720000955,2.16825
0.219730000955,2.10575
0.219740000955,2.16825
0.219750000955,2.16825
0.219760000955,2.137
0.219770000955,2.16825
0.219780000955,2.137
0.219790000955,2.137
0.219800000955,2.137
0.219810000955,2.137
0.219820000955,2.16825
0.219830000955,2.16825
0.219840000955,2.137
0.219850000955,2.137
0.219860000955,2.16825
0.219870000955,2.10575
0.219880000955,2.137
0.219890000955,2.137
0.219900000955,2.16825
0.219910000955,2.137
0.219920000955,2.16825
0.219930000955,2.137
0.219940000955,2.137
0.219950000955,2.16825
0.219960000955,2.137
0.219970000955,2.137
0.219980000955,2.10575
0.219990000955,2.16825
0.220000000955,2.16825
0.220010000955,2.137
0.220020000955,2.137
0.220030000955,2.137
0.220040000955,2.16825
0.220050000955,2.16825
0.220060000955,2.16825
0.220070000955,2.16825
0.220080000955,2.10575
0.220090000955,2.137
0.220100000955,2.16825
0.220110000955,2.16825
0.220120000955,2.137
0.220130000955,2.16825
0.220140000955,2.137
0.220150000955,2.137
0.220160000955,2.1995
0.220170000955,2.10575
0.220180000955,2.137
0.220190000955,2.137
0.220200000955,2.16825
0.220210000955,2.16825
0.220220000955,2.137
0.220230000955,2.16825
0.220240000955,2.1995
0.220250000955,2.137
0.220260000955,2.16825
0.220270000955,2.137
0.220280000955,2.16825
0.220290000955,2.137
0.220300000955,2.16825
0.220310000955,2.16825
0.220320000955,2.16825
0.220330000955,2.137
0.220340000955,2.16825
0.220350000955,2.16825
0.220360000955,2.16825
0.220370000955,2.137
0.220380000955,2.137
0.220390000955,2.137
0.220400000955,2.10575
0.220410000955,2.16825
0.220420000955,2.16825
0.220430000955,2.16825
0.220440000955,2.137
0.220450000955,2.137
0.220460000955,2.137
0.220470000955,2.137
0.220480000955,2.16825
0.220490000955,2.137
0.220500000955,2.16825
0.220510000955,2.16825
0.220520000955,2.137
0.220530000955,2.137
0.220540000955,2.10575
0.220550000955,2.137
0.220560000955,2.16825
0.220570000955,2.16825
0.220580000955,2.137
0.220590000955,2.137
0.220600000955,2.137
0.220610000955,2.16825
0.220620000955,2.16825
0.220630000955,2.137
0.220640000955,2.1995
0.220650000955,2.137
0.220660000955,2.16825
0.220670000955,2.16825
0.220680000955,2.16825
0.220690000955,2.137
0.220700000955,2.16825
0.220710000955,2.16825
0.220720000955,2.16825
0.220730000955,2.137
0.220740000955,2.137
0.220750000955,2.137
0.220760000955,2.16825
0.220770000955,2.137
0.220780000955,2.16825
0.220790000955,2.137
0.220800000955,2.16825
0.220810000955,2.137
0.220820000955,2.10575
0.220830000955,2.137
0.220840000955,2.137
0.220850000955,2.16825
0.220860000955,2.137
0.220870000955,2.16825
0.220880000955,2.16825
0.220890000955,2.137
0.220900000955,2.137
0.220910000955,2.137
0.220920000955,2.137
0.220930000955,2.137
0.220940000955,2.16825
0.220950000955,2.16825
0.220960000955,2.16825
0.220970000955,2.16825
0.220980000955,2.137
0.220990000955,2.1995
0.221000000955,2.137
0.221010000955,2.137
0.221020000955,2.16825
0.221030000955,2.1995
0.221040000955,2.16825
0.221050000955,2.137
0.221060000955,2.137
0.221070000955,2.137
0.221080000955,2.137
0.221090000955,2.16825
0.221100000955,2.16825
0.221110000955,2.10575
0.221120000955,2.137
0.221130000955,2.16825
0.221140000955,2.16825
0.221150000955,2.16825
0.221160000955,2.137
0.221170000955,2.16825
0.221180000955,2.137
0.221190000955,2.10575
0.221200000955,2.137
0.221210000955,2.137
0.221220000955,2.137
0.221230000955,2.10575
0.221240000955,2.137
0.221250000955,2.16825
0.221260000955,2.137
0.221270000955,2.16825
0.221280000955,2.16825
0.221290000955,2.16825
0.221300000955,2.16825
0.221310000955,2.137
0.221320000955,2.137
0.221330000955,2.137
0.221340000955,2.16825
0.221350000955,2.137
0.221360000955,2.137
0.221370000955,2.16825
0.221380000955,2.137
0.221390000955,2.16825
0.221400000955,2.137
0.221410000955,2.137
0.221420000955,2.16825
0.221430000955,2.16825
0.221440000955,2.137
0.221450000955,2.137
0.221460000955,2.16825
0.221470000955,2.16825
0.221480000955,2.137
0.221490000955,2.137
0.221500000955,2.16825
0.221510000955,2.137
0.221520000955,2.137
0.221530000955,2.16825
0.221540000955,2.137
0.221550000955,2.16825
0.221560000955,2.10575
0.221570000955,2.16825
0.221580000955,2.137
0.221590000955,2.137
0.221600000955,2.137
0.221610000955,2.137
0.221620000955,2.16825
0.221630000955,2.137
0.221640000955,2.16825
0.221650000955,2.137
0.221660000955,2.10575
0.221670000955,2.137
0.221680000955,2.137
0.221690000955,2.137
0.221700000955,2.16825
0.221710000955,2.16825
0.221720000955,2.16825
0.221730000955,2.16825
0.221740000955,2.137
0.221750000955,2.137
0.221760000955,2.16825
0.221770000955,2.16825
0.221780000955,2.137
0.221790000955,2.16825
0.221800000955,2.23075
0.221810000955,2.16825
0.221820000955,2.137
0.221830000955,2.16825
0.221840000955,2.16825
0.221850000955,2.137
0.221860000955,2.10575
0.221870000955,2.16825
0.221880000955,2.137
0.221890000955,2.16825
0.221900000955,2.137
0.221910000955,2.16825
0.221920000955,2.16825
0.221930000955,2.16825
0.221940000955,2.16825
0.221950000955,2.16825
0.221960000955,2.16825
0.221970000955,2.137
0.221980000955,2.16825
0.221990000955,2.16825
0.222000000955,2.137
0.222010000955,2.137
0.222020000955,2.137
0.222030000955,2.16825
0.222040000955,2.1995
0.222050000955,2.137
0.222060000955,2.137
0.222070000955,2.137
0.222080000955,2.16825
0.222090000955,2.137
0.222100000955,2.137
0.222110000955,2.16825
0.222120000955,2.137
0.222130000955,2.16825
0.222140000955,2.10575
0.222150000955,2.137
0.222160000955,2.16825
0.222170000955,2.16825
0.222180000955,2.1995
0.222190000955,2.16825
0.222200000955,2.137
0.222210000955,2.16825
0.222220000955,2.16825
0.222230000955,2.137
0.222240000955,2.10575
0.222250000955,2.16825
0.222260000955,2.16825
0.222270000955,2.137
0.222280000955,2.137
0.222290000955,2.16825
0.222300000955,2.16825
0.222310000955,2.137
0.222320000955,2.1995
0.222330000955,2.137
0.222340000955,2.137
0.222350000955,2.16825
0.222360000955,2.1995
0.222370000955,2.16825
0.222380000955,2.137
0.222390000955,2.137
0.222400000955,2.16825
0.222410000955,2.137
0.222420000955,2.137
0.222430000955,2.1995
0.222440000955,2.137
0.222450000955,2.16825
0.222460000955,2.137
0.222470000955,2.137
0.222480000955,2.16825
0.222490000955,2.16825
0.222500000955,2.16825
0.222510000955,2.137
0.222520000955,2.16825
0.222530000955,2.137
0.222540000955,2.137
0.222550000955,2.16825
0.222560000955,2.1995
0.222570000955,2.16825
0.222580000955,2.137
0.222590000955,2.137
0.222600000955,2.16825
0.222610000955,2.137
0.222620000955,2.137
0.222630000955,2.16825
0.222640000955,2.1995
0.222650000955,2.137
0.222660000955,2.1995
0.222670000955,2.137
0.222680000955,2.16825
0.222690000955,2.16825
0.222700000955,2.16825
0.222710000955,2.137
0.222720000955,2.16825
0.222730000955,2.1995
0.222740000955,2.16825
0.222750000955,2.16825
0.222760000955,2.16825
0.222770000955,2.137
0.222780000955,2.16825
0.222790000955,2.16825
0.222800000955,2.16825
0.222810000955,2.137
0.222820000955,2.16825
0.222830000955,2.16825
0.222840000955,2.137
0.222850000955,2.1995
0.222860000955,2.137
0.222870000955,2.16825
0.222880000955,2.137
0.222890000955,2.16825
0.222900000955,2.10575
0.222910000955,2.137
0.222920000955,2.1995
0.222930000955,2.16825
0.222940000955,2.16825
0.222950000955,2.16825
0.222960000955,2.1995
0.222970000955,2.137
0.222980000955,2.137
0.222990000955,2.137
0.223000000955,2.16825
0.223010000955,2.137
0.223020000955,2.137
0.223030000955,2.16825
0.223040000955,2.137
0.223050000955,2.137
0.223060000955,2.10575
0.223070000955,2.16825
0.223080000955,2.137
0.223090000955,2.137
0.223100000955,2.16825
0.223110000955,2.137
0.223120000955,2.16825
0.223130000955,2.137
0.223140000955,2.16825
0.223150000955,2.16825
0.223160000955,2.16825
0.223170000955,2.16825
0.223180000955,2.16825
0.223190000955,2.137
0.223200000955,2.137
0.223210000955,2.137
0.223220000955,2.137
0.223230000955,2.16825
0.223240000955,2.16825
0.223250000955,2.1995
0.223260000955,2.16825
0.223270000955,2.16825
0.223280000955,2.16825
0.223290000955,2.16825
0.223300000955,2.16825
0.223310000955,2.16825
0.223320000955,2.16825
0.223330000955,2.10575
0.223340000955,2.137
0.223350000955,2.1995
0.223360000955,2.16825
0.223370000955,2.16825
0.223380000955,2.16825
0.223390000955,2.137
0.223400000955,2.16825
0.223410000955,2.137
0.223420000955,2.16825
0.223430000955,2.137
0.223440000955,2.137
0.223450000955,2.16825
0.223460000955,2.137
0.223470000955,2.16825
0.223480000955,2.16825
0.223490000955,2.137
0.223500000955,2.1995
0.223510000955,2.137
0.223520000955,2.16825
0.223530000955,2.16825
0.223540000955,2.16825
0.223550000955,2.16825
0.223560000955,2.137
0.223570000955,2.16825
0.223580000955,2.1995
0.223590000955,2.16825
0.223600000955,2.16825
0.223610000955,2.16825
0.223620000955,2.16825
0.223630000955,2.137
0.223640000955,2.16825
0.223650000955,2.137
0.223660000955,2.16825
0.223670000955,2.16825
0.223680000955,2.137
0.223690000955,2.16825
0.223700000955,2.137
0.223710000955,2.1995
0.223720000955,2.16825
0.223730000955,2.16825
0.223740000955,2.16825
0.223750000955,2.16825
0.223760000955,2.16825
0.223770000955,2.1995
0.223780000955,2.16825
0.223790000955,2.137
0.223800000955,2.137
0.223810000955,2.16825
0.223820000955,2.16825
0.223830000955,2.16825
0.223840000955,2.16825
0.223850000955,2.137
0.223860000955,2.16825
0.223870000955,2.10575
0.223880000955,2.16825
0.223890000955,2.137
0.223900000955,2.16825
0.223910000955,2.16825
0.223920000955,2.16825
0.223930000955,2.137
0.223940000955,2.137
0.223950000955,2.16825
0.223960000955,2.16825
0.223970000955,2.1995
0.223980000955,2.16825
0.223990000955,2.137
0.224000000955,2.16825
0.224010000955,2.137
0.224020000955,2.16825
0.224030000955,2.137
0.224040000955,2.16825
0.224050000955,2.16825
0.224060000955,2.1995
0.224070000955,2.137
0.224080000955,2.16825
0.224090000955,2.137
0.224100000955,2.16825
0.224110000955,2.16825
0.224120000955,2.16825
0.224130000955,2.137
0.224140000955,2.16825
0.224150000955,2.16825
0.224160000955,2.137
0.224170000955,2.16825
0.224180000955,2.137
0.224190000955,2.137
0.224200000955,2.137
0.224210000955,2.137
0.224220000955,2.137
0.224230000955,2.1995
0.224240000955,2.16825
0.224250000955,2.1995
0.224260000955,2.137
0.224270000955,2.16825
0.224280000955,2.16825
0.224290000955,2.137
0.224300000955,2.16825
0.224310000955,2.137
0.224320000955,2.137
0.224330000955,2.137
0.224340000955,2.137
0.224350000955,2.16825
0.224360000955,2.137
0.224370000955,2.16825
0.224380000955,2.137
0.224390000955,2.137
0.224400000955,2.137
0.224410000955,2.16825
0.224420000955,2.137
0.224430000955,2.16825
0.224440000955,2.137
0.224450000955,2.137
0.224460000955,2.1995
0.224470000955,2.16825
0.224480000955,2.137
0.224490000955,2.16825
0.224500000955,2.16825
0.224510000955,2.137
0.224520000955,2.16825
0.224530000955,2.16825
0.224540000955,2.16825
0.224550000955,2.16825
0.224560000955,2.1995
0.224570000955,2.16825
0.224580000955,2.16825
0.224590000955,2.16825
0.224600000955,2.16825
0.224610000955,2.16825
0.224620000955,2.16825
0.224630000955,2.16825
0.224640000955,2.16825
0.224650000955,2.16825
0.224660000955,2.16825
0.224670000955,2.16825
0.224680000955,2.16825
0.224690000955,2.137
0.224700000955,2.16825
0.224710000955,2.16825
0.224720000955,2.137
0.224730000955,2.16825
0.224740000955,2.16825
0.224750000955,2.16825
0.224760000955,2.137
0.224770000955,2.137
0.224780000955,2.16825
0.224790000955,2.16825
0.224800000955,2.16825
0.224810000955,2.16825
0.224820000955,2.137
0.224830000955,2.16825
0.224840000955,2.1995
0.224850000955,2.16825
0.224860000955,2.16825
0.224870000955,2.16825
0.224880000955,2.16825
0.224890000955,2.16825
0.224900000955,2.16825
0.224910000955,2.16825
0.224920000955,2.16825
0.224930000955,2.16825
0.224940000955,2.137
0.224950000955,2.16825
0.224960000955,2.16825
0.224970000955,2.137
0.224980000955,2.16825
0.224990000955,2.137
0.225000000955,2.16825
0.225010000955,2.16825
0.225020000955,2.16825
0.225030000955,2.16825
0.225040000955,2.16825
0.225050000955,2.16825
0.225060000955,2.137
0.225070000955,2.137
0.225080000955,2.137
0.225090000955,2.16825
0.225100000955,2.137
0.225110000955,2.16825
0.225120000955,2.16825
0.225130000955,2.16825
0.225140000955,2.1995
0.225150000955,2.16825
0.225160000955,2.16825
0.225170000955,2.16825
0.225180000955,2.137
0.225190000955,2.1995
0.225200000955,2.16825
0.225210000955,2.16825
0.225220000955,2.16825
0.225230000955,2.16825
0.225240000955,2.16825
0.225250000955,2.1995
0.225260000955,2.16825
0.225270000955,2.137
0.225280000955,2.16825
0.225290000955,2.137
0.225300000955,2.137
0.225310000955,2.137
0.225320000955,2.16825
0.225330000955,2.137
0.225340000955,2.137
0.225350000955,2.137
0.225360000955,2.16825
0.225370000955,2.137
0.225380000955,2.137
0.225390000955,2.137
0.225400000955,2.1995
0.225410000955,2.16825
0.225420000955,2.16825
0.225430000955,2.137
0.225440000955,2.137
0.225450000955,2.16825
0.225460000955,2.137
0.225470000955,2.1995
0.225480000955,2.10575
0.225490000955,2.16825
0.225500000955,2.16825
0.225510000955,2.16825
0.225520000955,2.137
0.225530000955,2.16825
0.225540000955,2.137
0.225550000955,2.16825
0.225560000955,2.137
0.225570000955,2.16825
0.225580000955,2.16825
0.225590000955,2.16825
0.225600000955,2.1995
0.225610000955,2.16825
0.225620000955,2.23075
0.225630000955,2.137
0.225640000955,2.16825
0.225650000955,2.16825
0.225660000955,2.16825
0.225670000955,2.137
0.225680000955,2.137
0.225690000955,2.16825
0.225700000955,2.137
0.225710000955,2.16825
0.225720000955,2.16825
0.225730000955,2.16825
0.225740000955,2.16825
0.225750000955,2.16825
0.225760000955,2.137
0.225770000955,2.16825
0.225780000955,2.1995
0.225790000955,2.16825
0.225800000955,2.16825
0.225810000955,2.16825
0.225820000955,2.16825
0.225830000955,2.16825
0.225840000955,2.16825
0.225850000955,2.137
0.225860000955,2.137
0.225870000955,2.16825
0.225880000955,2.137
0.225890000955,2.16825
0.225900000955,2.16825
0.225910000955,2.137
0.225920000955,2.16825
0.225930000955,2.16825
0.225940000955,2.137
0.225950000955,2.16825
0.225960000955,2.137
0.225970000955,2.16825
0.225980000955,2.137
0.225990000955,2.137
0.226000000955,2.137
0.226010000955,2.137
0.226020000955,2.16825
0.226030000955,2.137
0.226040000955,2.137
0.226050000955,2.137
0.226060000955,2.16825
0.226070000955,2.16825
0.226080000955,2.16825
0.226090000955,2.16825
0.226100000955,2.16825
0.226110000955,2.10575
0.226120000955,2.16825
0.226130000955,2.10575
0.226140000955,2.137
0.226150000955,2.137
0.226160000955,2.137
0.226170000955,2.16825
0.226180000955,2.16825
0.226190000955,2.16825
0.226200000955,2.1995
0.226210000955,2.16825
0.226220000955,2.1995
0.226230000955,2.137
0.226240000955,2.16825
0.226250000955,2.16825
0.226260000955,2.137
0.226270000955,2.1995
0.226280000955,2.137
0.226290000955,2.16825
0.226300000955,2.16825
0.226310000955,2.16825
0.226320000955,2.16825
0.226330000955,2.16825
0.226340000955,2.16825
0.226350000955,2.137
0.226360000955,2.137
0.226370000955,2.137
0.226380000955,2.16825
0.226390000955,2.16825
0.226400000955,2.137
0.226410000955,2.137
0.226420000955,2.137
0.226430000955,2.137
0.226440000955,2.1995
0.226450000955,2.16825
0.226460000955,2.16825
0.226470000955,2.137
0.226480000955,2.16825
0.226490000955,2.16825
0.226500000955,2.16825
0.226510000955,2.16825
0.226520000955,2.137
0.226530000955,2.137
0.226540000955,2.137
0.226550000955,2.137
0.226560000955,2.137
0.226570000955,2.16825
0.226580000955,2.16825
0.226590000955,2.16825
0.226600000955,2.137
0.226610000955,2.1995
0.226620000955,2.16825
0.226630000955,2.16825
0.226640000955,2.16825
0.226650000955,2.1995
0.226660000955,2.137
0.226670000955,2.16825
0.226680000955,2.137
0.226690000955,2.16825
0.226700000955,2.137
0.226710000955,2.137
0.226720000955,2.137
0.226730000955,2.1995
0.226740000955,2.16825
0.226750000955,2.16825
0.226760000955,2.16825
0.226770000955,2.16825
0.226780000955,2.16825
0.226790000955,2.137
0.226800000955,2.16825
0.226810000955,2.137
0.226820000955,2.137
0.226830000955,2.137
0.226840000955,2.137
0.226850000955,2.16825
0.226860000955,2.1995
0.226870000955,2.137
0.226880000955,2.137
0.226890000955,2.16825
0.226900000955,2.16825
0.226910000955,2.137
0.226920000955,2.1995
0.226930000955,2.137
0.226940000955,2.16825
0.226950000955,2.16825
0.226960000955,2.16825
0.226970000955,2.16825
0.226980000955,2.137
0.226990000955,2.16825
0.227000000955,2.16825
0.227010000955,2.137
0.227020000955,2.16825
0.227030000955,2.16825
0.227040000955,2.16825
0.227050000955,2.16825
0.227060000955,2.16825
0.227070000955,2.16825
0.227080000955,2.16825
0.227090000955,2.16825
0.227100000955,2.16825
0.227110000955,2.1995
0.227120000955,2.16825
0.227130000955,2.137
0.227140000955,2.137
0.227150000955,2.16825
0.227160000955,2.137
0.227170000955,2.16825
0.227180000955,2.137
0.227190000955,2.137
0.227200000955,2.16825
0.227210000955,2.137
0.227220000955,2.137
0.227230000955,2.16825
0.227240000955,2.16825
0.227250000955,2.137
0.227260000955,2.16825
0.227270000955,2.16825
0.227280000955,2.137
0.227290000955,2.16825
0.227300000955,2.16825
0.227310000955,2.16825
0.227320000955,2.16825
0.227330000955,2.137
0.227340000955,2.137
0.227350000955,2.16825
0.227360000955,2.16825
0.227370000955,2.16825
0.227380000955,2.137
0.227390000955,2.137
0.227400000955,2.16825
0.227410000955,2.137
0.227420000955,2.16825
0.227430000955,2.16825
0.227440000955,2.137
0.227450000955,2.16825
0.227460000955,2.16825
0.227470000955,2.16825
0.227480000955,2.16825
0.227490000955,2.16825
0.227500000955,2.16825
0.227510000955,2.16825
0.227520000955,2.16825
0.227530000955,2.16825
0.227540000955,2.16825
0.227550000955,2.16825
0.227560000955,2.137
0.227570000955,2.16825
0.227580000955,2.16825
0.227590000955,2.16825
0.227600000955,2.16825
0.227610000955,2.16825
0.227620000955,2.1995
0.227630000955,2.16825
0.227640000955,2.16825
0.227650000955,2.16825
0.227660000955,2.1995
0.227670000955,2.16825
0.227680000955,2.16825
0.227690000955,2.137
0.227700000955,2.16825
0.227710000955,2.137
0.227720000955,2.16825
0.227730000955,2.137
0.227740000955,2.16825
0.227750000955,2.16825
0.227760000955,2.16825
0.227770000955,2.16825
0.227780000955,2.137
0.227790000955,2.16825
0.227800000955,2.137
0.227810000955,2.16825
0.227820000955,2.137
0.227830000955,2.16825
0.227840000955,2.1995
0.227850000955,2.16825
0.227860000955,2.16825
0.227870000955,2.137
0.227880000955,2.16825
0.227890000955,2.16825
0.227900000955,2.16825
0.227910000955,2.137
0.227920000955,2.16825
0.227930000955,2.137
0.227940000955,2.137
0.227950000955,2.16825
0.227960000955,2.16825
0.227970000955,2.16825
0.227980000955,2.1995
0.227990000955,2.137
0.228000000955,2.16825
0.228010000955,2.137
0.228020000955,2.16825
0.228030000955,2.1995
0.228040000955,2.137
0.228050000955,2.16825
0.228060000955,2.16825
0.228070000955,2.10575
0.228080000955,2.137
0.228090000955,2.16825
0.228100000955,2.16825
0.228110000955,2.137
0.228120000955,2.137
0.228130000955,2.137
0.228140000955,2.16825
0.228150000955,2.137
0.228160000955,2.16825
0.228170000955,2.1995
0.228180000955,2.1995
0.228190000955,2.137
0.228200000955,2.16825
0.228210000955,2.16825
0.228220000955,2.16825
0.228230000955,2.16825
0.228240000955,2.137
0.228250000955,2.16825
0.228260000955,2.16825
0.228270000955,2.137
0.228280000955,2.137
0.228290000955,2.16825
0.228300000955,2.16825
0.228310000955,2.16825
0.228320000955,2.16825
0.228330000955,2.10575
0.228340000955,2.137
0.228350000955,2.16825
0.228360000955,2.16825
0.228370000955,2.16825
0.228380000955,2.16825
0.228390000955,2.16825
0.228400000955,2.16825
0.228410000955,2.1995
0.228420000955,2.16825
0.228430000955,2.16825
0.228440000955,2.137
0.228450000955,2.16825
0.228460000955,2.137
0.228470000955,2.137
0.228480000955,2.16825
0.228490000955,2.16825
0.228500000955,2.137
0.228510000955,2.16825
0.228520000955,2.16825
0.228530000955,2.16825
0.228540000955,2.16825
0.228550000955,2.16825
0.228560000955,2.16825
0.228570000955,2.137
0.228580000955,2.137
0.228590000955,2.16825
0.228600000955,2.137
0.228610000955,2.1995
0.228620000955,2.16825
0.228630000955,2.16825
0.228640000955,2.137
0.228650000955,2.16825
0.228660000955,2.16825
0.228670000955,2.137
0.228680000955,2.16825
0.228690000955,2.16825
0.228700000955,2.1995
0.228710000955,2.137
0.228720000955,2.137
0.228730000955,2.137
0.228740000955,2.137
0.228750000955,2.16825
0.228760000955,2.16825
0.228770000955,2.16825
0.228780000955,2.16825
0.228790000955,2.16825
0.228800000955,2.16825
0.228810000955,2.16825
0.228820000955,2.137
0.228830000955,2.137
0.228840000955,2.16825
0.228850000955,2.16825
0.228860000955,2.1995
0.228870000955,2.16825
0.228880000955,2.16825
0.228890000955,2.137
0.228900000955,2.16825
0.228910000955,2.1995
0.228920000955,2.16825
0.228930000955,2.137
0.228940000955,2.16825
0.228950000955,2.137
0.228960000955,2.1995
0.228970000955,2.137
0.228980000955,2.16825
0.228990000955,2.1995
0.229000000955,2.16825
0.229010000955,2.137
0.229020000955,2.137
0.229030000955,2.137
0.229040000955,2.16825
0.229050000955,2.16825
0.229060000955,2.1995
0.229070000955,2.16825
0.229080000955,2.137
0.229090000955,2.137
0.229100000955,2.137
0.229110000955,2.137
0.229120000955,2.16825
0.229130000955,2.16825
0.229140000955,2.16825
0.229150000955,2.16825
0.229160000955,2.137
0.229170000955,2.137
0.229180000955,2.1995
0.229190000955,2.16825
0.229200000955,2.137
0.229210000955,2.1995
0.229220000955,2.137
0.229230000955,2.1995
0.229240000955,2.137
0.229250000955,2.16825
0.229260000955,2.1995
0.229270000955,2.1995
0.229280000955,2.1995
0.229290000955,2.16825
0.229300000955,2.16825
0.229310000955,2.16825
0.229320000955,2.1995
0.229330000955,2.16825
0.229340000955,2.16825
0.229350000955,2.137
0.229360000955,2.137
0.229370000955,2.137
0.229380000955,2.137
0.229390000955,2.137
0.229400000955,2.137
0.229410000955,2.16825
0.229420000955,2.16825
0.229430000955,2.1995
0.229440000955,2.137
0.229450000955,2.16825
0.229460000955,2.137
0.229470000955,2.16825
0.229480000955,2.16825
0.229490000955,2.16825
0.229500000955,2.16825
0.229510000955,2.16825
0.229520000955,2.16825
0.229530000955,2.16825
0.229540000955,2.16825
0.229550000955,2.16825
0.229560000955,2.137
0.229570000955,2.16825
0.229580000955,2.16825
0.229590000955,2.137
0.229600000955,2.16825
0.229610000955,2.16825
0.229620000955,2.1995
0.229630000955,2.16825
0.229640000955,2.16825
0.229650000955,2.16825
0.229660000955,2.16825
0.229670000955,2.137
0.229680000955,2.16825
0.229690000955,2.137
0.229700000955,2.1995
0.229710000955,2.1995
0.229720000955,2.137
0.229730000955,2.1995
0.229740000955,2.1995
0.229750000955,2.16825
0.229760000955,2.16825
0.229770000955,2.16825
0.229780000955,2.16825
0.229790000955,2.16825
0.229800000955,2.137
0.229810000955,2.137
0.229820000955,2.16825
0.229830000955,2.137
0.229840000955,2.137
0.229850000955,2.16825
0.229860000955,2.16825
0.229870000955,2.137
0.229880000955,2.16825
0.229890000955,2.137
0.229900000955,2.137
0.229910000955,2.16825
0.229920000955,2.1995
0.229930000955,2.16825
0.229940000955,2.16825
0.229950000955,2.1995
0.229960000955,2.137
0.229970000955,2.16825
0.229980000955,2.137
0.229990000955,2.16825
0.230000000955,2.16825
0.230010000955,2.16825
0.230020000955,2.16825
0.230030000955,2.16825
0.230040000955,2.16825
0.230050000955,2.16825
0.230060000955,2.1995
0.230070000955,2.16825
0.230080000955,2.137
0.230090000955,2.1995
0.230100000955,2.16825
0.230110000955,2.16825
0.230120000955,2.16825
0.230130000955,2.16825
0.230140000955,2.16825
0.230150000955,2.1995
0.230160000955,2.137
0.230170000955,2.16825
0.230180000955,2.16825
0.230190000955,2.137
0.230200000955,2.16825
0.230210000955,2.137
0.230220000955,2.137
0.230230000955,2.137
0.230240000955,2.16825
0.230250000955,2.16825
0.230260000955,2.16825
0.230270000955,2.137
0.230280000955,2.137
0.230290000955,2.16825
0.230300000955,2.137
0.230310000955,2.1995
0.230320000955,2.16825
0.230330000955,2.16825
0.230340000955,2.16825
0.230350000955,2.16825
0.230360000955,2.137
0.230370000955,2.16825
0.230380000955,2.16825
0.230390000955,2.16825
0.230400000955,2.16825
0.230410000955,2.16825
0.230420000955,2.1995
0.230430000955,2.137
0.230440000955,2.16825
0.230450000955,2.16825
0.230460000955,2.16825
0.230470000955,2.16825
0.230480000955,2.1995
0.230490000955,2.16825
0.230500000955,2.1995
0.230510000955,2.16825
0.230520000955,2.137
0.230530000955,2.137
0.230540000955,2.137
0.230550000955,2.16825
0.230560000955,2.137
0.230570000955,2.137
0.230580000955,2.23075
0.230590000955,2.16825
0.230600000955,2.16825
0.230610000955,2.16825
0.230620000955,2.16825
0.230630000955,2.16825
0.230640000955,2.137
0.230650000955,2.137
0.230660000955,2.16825
0.230670000955,2.16825
0.230680000955,2.16825
0.230690000955,2.1995
0.230700000955,2.1995
0.230710000955,2.16825
0.230720000955,2.16825
0.230730000955,2.137
0.230740000955,2.16825
0.230750000955,2.16825
0.230760000955,2.16825
0.230770000955,2.16825
0.230780000955,2.1995
0.230790000955,2.137
0.230800000955,2.16825
0.230810000955,2.137
0.230820000955,2.16825
0.230830000955,2.16825
0.230840000955,2.137
0.230850000955,2.16825
0.230860000955,2.137
0.230870000955,2.16825
0.230880000955,2.16825
0.230890000955,2.16825
0.230900000955,2.137
0.230910000955,2.16825
0.230920000955,2.16825
0.230930000955,2.16825
0.230940000955,2.16825
0.230950000955,2.16825
0.230960000955,2.137
0.230970000955,2.16825
0.230980000955,2.137
0.230990000955,2.16825
0.231000000955,2.1995
0.231010000955,2.16825
0.231020000955,2.137
0.231030000955,2.16825
0.231040000955,2.16825
0.231050000955,2.1995
0.231060000955,2.16825
0.231070000955,2.16825
0.231080000955,2.137
0.231090000955,2.16825
0.231100000955,2.137
0.231110000955,2.16825
0.231120000955,2.137
0.231130000955,2.16825
0.231140000955,2.16825
0.231150000955,2.16825
0.231160000955,2.137
0.231170000955,2.16825
0.231180000955,2.137
0.231190000955,2.16825
0.231200000955,2.137
0.231210000955,2.137
0.231220000955,2.137
0.231230000955,2.16825
0.231240000955,2.16825
0.231250000955,2.16825
0.231260000955,2.16825
0.231270000955,2.16825
0.231280000955,2.16825
0.231290000955,2.16825
0.231300000955,2.16825
0.231310000955,2.16825
0.231320000955,2.1995
0.231330000955,2.16825
0.231340000955,2.16825
0.231350000955,2.16825
0.231360000955,2.1995
0.231370000955,2.16825
0.231380000955,2.16825
0.231390000955,2.137
0.231400000955,2.1995
0.231410000955,2.16825
0.231420000955,2.1995
0.231430000955,2.1995
0.231440000955,2.16825
0.231450000955,2.137
0.231460000955,2.16825
0.231470000955,2.1995
0.231480000955,2.16825
0.231490000955,2.16825
0.231500000955,2.1995
0.231510000955,2.16825
0.231520000955,2.16825
0.231530000955,2.16825
0.231540000955,2.1995
0.231550000955,2.137
0.231560000955,2.137
0.231570000955,2.16825
0.231580000955,2.16825
0.231590000955,2.16825
0.231600000955,2.1995
0.231610000955,2.16825
0.231620000955,2.16825
0.231630000955,2.16825
0.231640000955,2.137
0.231650000955,2.137
0.231660000955,2.16825
0.231670000955,2.16825
0.231680000955,2.137
0.231690000955,2.16825
0.231700000955,2.16825
0.231710000955,2.1995
0.231720000955,2.16825
0.231730000955,2.1995
0.231740000955,2.1995
0.231750000955,2.16825
0.231760000955,2.16825
0.231770000955,2.16825
0.231780000955,2.16825
0.231790000955,2.1995
0.231800000955,2.16825
0.231810000955,2.16825
0.231820000955,2.1995
0.231830000955,2.1995
0.231840000955,2.137
0.231850000955,2.1995
0.231860000955,2.16825
0.231870000955,2.16825
0.231880000955,2.16825
0.231890000955,2.16825
0.231900000955,2.16825
0.231910000955,2.137
0.231920000955,2.16825
0.231930000955,2.16825
0.231940000955,2.16825
0.231950000955,2.16825
0.231960000955,2.16825
0.231970000955,2.16825
0.231980000955,2.16825
0.231990000955,2.16825
0.232000000955,2.16825
0.232010000955,2.16825
0.232020000955,2.16825
0.232030000955,2.16825
0.232040000955,2.16825
0.232050000955,2.137
0.232060000955,2.16825
0.232070000955,2.16825
0.232080000955,2.16825
0.232090000955,2.1995
0.232100000955,2.137
0.232110000955,2.16825
0.232120000955,2.16825
0.232130000955,2.16825
0.232140000955,2.16825
0.232150000955,2.137
0.232160000955,2.16825
0.232170000955,2.1995
0.232180000955,2.16825
0.232190000955,2.16825
0.232200000955,2.16825
0.232210000955,2.16825
0.232220000955,2.16825
0.232230000955,2.137
0.232240000955,2.16825
0.232250000955,2.137
0.232260000955,2.1995
0.232270000955,2.10575
0.232280000955,2.16825
0.232290000955,2.16825
0.232300000955,2.16825
0.232310000955,2.16825
0.232320000955,2.137
0.232330000955,2.137
0.232340000955,2.1995
0.232350000955,2.137
0.232360000955,2.16825
0.232370000955,2.16825
0.232380000955,2.16825
0.232390000955,2.1995
0.232400000955,2.16825
0.232410000955,2.16825
0.232420000955,2.16825
0.232430000955,2.16825
0.232440000955,2.16825
0.232450000955,2.1995
0.232460000955,2.16825
0.232470000955,2.137
0.232480000955,2.16825
0.232490000955,2.16825
0.232500000955,2.1995
0.232510000955,2.16825
0.232520000955,2.137
0.232530000955,2.16825
0.232540000955,2.16825
0.232550000955,2.16825
0.232560000955,2.16825
0.232570000955,2.16825
0.232580000955,2.16825
0.232590000955,2.1995
0.232600000955,2.16825
0.232610000955,2.16825
0.232620000955,2.137
0.232630000955,2.16825
0.232640000955,2.137
0.232650000955,2.137
0.232660000955,2.16825
0.232670000955,2.16825
0.232680000955,2.16825
0.232690000955,2.16825
0.232700000955,2.16825
0.232710000955,2.16825
0.232720000955,2.16825
0.232730000955,2.16825
0.232740000955,2.16825
0.232750000955,2.16825
0.232760000955,2.16825
0.232770000955,2.137
0.232780000955,2.137
0.232790000955,2.16825
0.232800000955,2.16825
0.232810000955,2.1995
0.232820000955,2.137
0.232830000955,2.137
0.232840000955,2.16825
0.232850000955,2.137
0.232860000955,2.16825
0.232870000955,2.1995
0.232880000955,2.137
0.232890000955,2.1995
0.232900000955,2.16825
0.232910000955,2.16825
0.232920000955,2.1995
0.232930000955,2.16825
0.232940000955,2.16825
0.232950000955,2.1995
0.232960000955,2.16825
0.232970000955,2.137
0.232980000955,2.16825
0.232990000955,2.16825
0.233000000955,2.16825
0.233010000955,2.137
0.233020000955,2.16825
0.233030000955,2.16825
0.233040000955,2.16825
0.233050000955,2.137
0.233060000955,2.137
0.233070000955,2.137
0.233080000955,2.16825
0.233090000955,2.1995
0.233100000955,2.16825
0.233110000955,2.16825
0.233120000955,2.1995
0.233130000955,2.16825
0.233140000955,2.16825
0.233150000955,2.137
0.233160000955,2.16825
0.233170000955,2.16825
0.233180000955,2.16825
0.233190000955,2.137
0.233200000955,2.137
0.233210000955,2.16825
0.233220000955,2.16825
0.233230000955,2.1995
0.233240000955,2.16825
0.233250000955,2.16825
0.233260000955,2.137
0.233270000955,2.16825
0.233280000955,2.16825
0.233290000955,2.16825
0.233300000955,2.16825
0.233310000955,2.16825
0.233320000955,2.16825
0.233330000955,2.16825
0.233340000955,2.137
0.233350000955,2.16825
0.233360000955,2.137
0.233370000955,2.1995
0.233380000955,2.1995
0.233390000955,2.137
0.233400000955,2.16825
0.233410000955,2.16825
0.233420000955,2.1995
0.233430000955,2.16825
0.233440000955,2.16825
0.233450000955,2.16825
0.233460000955,2.16825
0.233470000955,2.137
0.233480000955,2.137
0.233490000955,2.1995
0.233500000955,2.16825
0.233510000955,2.16825
0.233520000955,2.1995
0.233530000955,2.16825
0.233540000955,2.16825
0.233550000955,2.16825
0.233560000955,2.16825
0.233570000955,2.137
0.233580000955,2.16825
0.233590000955,2.137
0.233600000955,2.16825
0.233610000955,2.137
0.233620000955,2.137
0.233630000955,2.16825
0.233640000955,2.16825
0.233650000955,2.16825
0.233660000955,2.16825
0.233670000955,2.137
0.233680000955,2.16825
0.233690000955,2.16825
0.233700000955,2.16825
0.233710000955,2.16825
0.233720000955,2.16825
0.233730000955,2.137
0.233740000955,2.137
0.233750000955,2.16825
0.233760000955,2.16825
0.233770000955,2.137
0.233780000955,2.16825
0.233790000955,2.137
0.233800000955,2.137
0.233810000955,2.137
0.233820000955,2.137
0.233830000955,2.10575
0.233840000955,2.16825
0.233850000955,2.16825
0.233860000955,2.16825
0.233870000955,2.137
0.233880000955,2.137
0.233890000955,2.16825
0.233900000955,2.137
0.233910000955,2.16825
0.233920000955,2.1995
0.233930000955,2.137
0.233940000955,2.16825
0.233950000955,2.1995
0.233960000955,2.16825
0.233970000955,2.137
0.233980000955,2.16825
0.233990000955,2.16825
0.234000000955,2.1995
0.234010000955,2.137
0.234020000955,2.1995
0.234030000955,2.16825
0.234040000955,2.137
0.234050000955,2.16825
0.234060000955,2.137
0.234070000955,2.137
0.234080000955,2.16825
0.234090000955,2.137
0.234100000955,2.137
0.234110000955,2.137
0.234120000955,2.16825
0.234130000955,2.137
0.234140000955,2.16825
0.234150000955,2.137
0.234160000955,2.137
0.234170000955,2.16825
0.234180000955,2.1995
0.234190000955,2.137
0.234200000955,2.137
0.234210000955,2.16825
0.234220000955,2.137
0.234230000955,2.16825
0.234240000955,2.137
0.234250000955,2.137
0.234260000955,2.16825
0.234270000955,2.16825
0.234280000955,2.16825
0.234290000955,2.137
0.234300000955,2.137
0.234310000955,2.137
0.234320000955,2.16825
0.234330000955,2.16825
0.234340000955,2.16825
0.234350000955,2.137
0.234360000955,2.137
0.234370000955,2.137
0.234380000955,2.137
0.234390000955,2.137
0.234400000955,2.137
0.234410000955,2.16825
0.234420000955,2.16825
0.234430000955,2.16825
0.234440000955,2.137
0.234450000955,2.16825
0.234460000955,2.137
0.234470000955,2.1995
0.234480000955,2.16825
0.234490000955,2.137
0.234500000955,2.16825
0.234510000955,2.16825
0.234520000955,2.137
0.234530000955,2.16825
0.234540000955,2.1995
0.234550000955,2.1995
0.234560000955,2.16825
0.234570000955,2.16825
0.234580000955,2.16825
0.234590000955,2.137
0.234600000955,2.137
0.234610000955,2.16825
0.234620000955,2.10575
0.234630000955,2.137
0.234640000955,2.137
0.234650000955,2.137
0.234660000955,2.16825
0.234670000955,2.1995
0.234680000955,2.16825
0.234690000955,2.137
0.234700000955,2.137
0.234710000955,2.16825
0.234720000955,2.137
0.234730000955,2.1995
0.234740000955,2.137
0.234750000955,2.137
0.234760000955,2.137
0.234770000955,2.137
0.234780000955,2.16825
0.234790000955,2.137
0.234800000955,2.16825
0.234810000955,2.16825
0.234820000955,2.137
0.234830000955,2.16825
0.234840000955,2.16825
0.234850000955,2.16825
0.234860000955,2.137
0.234870000955,2.1995
0.234880000955,2.137
0.234890000955,2.137
0.234900000955,2.137
0.234910000955,2.16825
0.234920000955,2.137
0.234930000955,2.10575
0.234940000955,2.137
0.234950000955,2.16825
0.234960000955,2.1995
0.234970000955,2.10575
0.234980000955,2.16825
0.234990000955,2.137
0.235000000955,2.137
0.235010000955,2.16825
0.235020000955,2.137
0.235030000955,2.137
0.235040000955,2.16825
0.235050000955,2.137
0.235060000955,2.16825
0.235070000955,2.16825
0.235080000955,2.137
0.235090000955,2.137
0.235100000955,2.137
0.235110000955,2.10575
0.235120000955,2.16825
0.235130000955,2.137
0.235140000955,2.16825
0.235150000955,2.1995
0.235160000955,2.137
0.235170000955,2.137
0.235180000955,2.137
0.235190000955,2.16825
0.235200000955,2.16825
0.235210000955,2.10575
0.235220000955,2.137
0.235230000955,2.137
0.235240000955,2.137
0.235250000955,2.137
0.235260000955,2.1995
0.235270000955,2.137
0.235280000955,2.137
0.235290000955,2.137
0.235300000955,2.16825
0.235310000955,2.137
0.235320000955,2.137
0.235330000955,2.137
0.235340000955,2.137
0.235350000955,2.137
0.235360000955,2.137
0.235370000955,2.16825
0.235380000955,2.137
0.235390000955,2.137
0.235400000955,2.137
0.235410000955,2.137
0.235420000955,2.16825
0.235430000955,2.10575
0.235440000955,2.137
0.235450000955,2.137
0.235460000955,2.137
0.235470000955,2.137
0.235480000955,2.16825
0.235490000955,2.16825
0.235500000955,2.137
0.235510000955,2.16825
0.235520000955,2.16825
0.235530000955,2.137
0.235540000955,2.137
0.235550000955,2.16825
0.235560000955,2.16825
0.235570000955,2.137
0.235580000955,2.137
0.235590000955,2.137
0.235600000955,2.16825
0.235610000955,2.137
0.235620000955,2.137
0.235630000955,2.137
0.235640000955,2.137
0.235650000955,2.16825
0.235660000955,2.16825
0.235670000955,2.137
0.235680000955,2.137
0.235690000955,2.137
0.235700000955,2.16825
0.235710000955,2.16825
0.235720000955,2.137
0.235730000955,2.137
0.235740000955,2.137
0.235750000955,2.16825
0.235760000955,2.16825
0.235770000955,2.137
0.235780000955,2.16825
0.235790000955,2.137
0.235800000955,2.137
0.235810000955,2.137
0.235820000955,2.137
0.235830000955,2.16825
0.235840000955,2.16825
0.235850000955,2.1995
0.235860000955,2.137
0.235870000955,2.16825
0.235880000955,2.137
0.235890000955,2.137
0.235900000955,2.10575
0.235910000955,2.16825
0.235920000955,2.16825
0.235930000955,2.137
0.235940000955,2.137
0.235950000955,2.137
0.235960000955,2.137
0.235970000955,2.16825
0.235980000955,2.16825
0.235990000955,2.137
0.236000000955,2.137
0.236010000955,2.16825
0.236020000955,2.16825
0.236030000955,2.137
0.236040000955,2.137
0.236050000955,2.16825
0.236060000955,2.137
0.236070000955,2.137
0.236080000955,2.137
0.236090000955,2.16825
0.236100000955,2.137
0.236110000955,2.137
0.236120000955,2.16825
0.236130000955,2.137
0.236140000955,2.137
0.236150000955,2.137
0.236160000955,2.137
0.236170000955,2.137
0.236180000955,2.137
0.236190000955,2.16825
0.236200000955,2.137
0.236210000955,2.137
0.236220000955,2.16825
0.236230000955,2.137
0.236240000955,2.137
0.236250000955,2.16825
0.236260000955,2.16825
0.236270000955,2.16825
0.236280000955,2.16825
0.236290000955,2.137
0.236300000955,2.137
0.236310000955,2.137
0.236320000955,2.1995
0.236330000955,2.10575
0.236340000955,2.16825
0.236350000955,2.1995
0.236360000955,2.137
0.236370000955,2.137
0.236380000955,2.137
0.236390000955,2.137
0.236400000955,2.137
0.236410000955,2.137
0.236420000955,2.10575
0.236430000955,2.137
0.236440000955,2.137
0.236450000955,2.16825
0.236460000955,2.16825
0.236470000955,2.10575
0.236480000955,2.137
0.236490000955,2.137
0.236500000955,2.137
0.236510000955,2.16825
0.236520000955,2.137
0.236530000955,2.137
0.236540000955,2.137
0.236550000955,2.16825
0.236560000955,2.137
0.236570000955,2.16825
0.236580000955,2.137
0.236590000955,2.137
0.236600000955,2.137
0.236610000955,2.16825
0.236620000955,2.137
0.236630000955,2.137
0.236640000955,2.137
0.236650000955,2.16825
0.236660000955,2.137
0.236670000955,2.137
0.236680000955,2.16825
0.236690000955,2.137
0.236700000955,2.16825
0.236710000955,2.137
0.236720000955,2.137
0.236730000955,2.137
0.236740000955,2.137
0.236750000955,2.137
0.236760000955,2.10575
0.236770000955,2.137
0.236780000955,2.16825
0.236790000955,2.137
0.236800000955,2.137
0.236810000955,2.16825
0.236820000955,2.137
0.236830000955,2.16825
0.236840000955,2.16825
0.236850000955,2.10575
0.236860000955,2.16825
0.236870000955,2.137
0.236880000955,2.16825
0.236890000955,2.16825
0.236900000955,2.137
0.236910000955,2.137
0.236920000955,2.137
0.236930000955,2.137
0.236940000955,2.137
0.236950000955,2.16825
0.236960000955,2.16825
0.236970000955,2.137
0.236980000955,2.137
0.236990000955,2.137
0.237000000955,2.137
0.237010000955,2.137
0.237020000955,2.16825
0.237030000955,2.137
0.237040000955,2.137
0.237050000955,2.137
0.237060000955,2.137
0.237070000955,2.137
0.237080000955,2.16825
0.237090000955,2.10575
0.237100000955,2.137
0.237110000955,2.16825
0.237120000955,2.16825
0.237130000955,2.137
0.237140000955,2.137
0.237150000955,2.16825
0.237160000955,2.16825
0.237170000955,2.137
0.237180000955,2.16825
0.237190000955,2.137
0.237200000955,2.137
0.237210000955,2.16825
0.237220000955,2.16825
0.237230000955,2.16825
0.237240000955,2.137
0.237250000955,2.1995
0.237260000955,2.137
0.237270000955,2.137
0.237280000955,2.137
0.237290000955,2.16825
0.237300000955,2.16825
0.237310000955,2.10575
0.237320000955,2.137
0.237330000955,2.16825
0.237340000955,2.16825
0.237350000955,2.16825
0.237360000955,2.16825
0.237370000955,2.10575
0.237380000955,2.16825
0.237390000955,2.137
0.237400000955,2.137
0.237410000955,2.16825
0.237420000955,2.16825
0.237430000955,2.137
0.237440000955,2.16825
0.237450000955,2.137
0.237460000955,2.137
0.237470000955,2.137
0.237480000955,2.137
0.237490000955,2.137
0.237500000955,2.16825
0.237510000955,2.137
0.237520000955,2.137
0.237530000955,2.10575
0.237540000955,2.137
0.237550000955,2.137
0.237560000955,2.137
0.237570000955,2.16825
0.237580000955,2.137
0.237590000955,2.16825
0.237600000955,2.137
0.237610000955,2.16825
0.237620000955,2.137
0.237630000955,2.16825
0.237640000955,2.16825
0.237650000955,2.137
0.237660000955,2.137
0.237670000955,2.16825
0.237680000955,2.137
0.237690000955,2.137
0.237700000955,2.16825
0.237710000955,2.16825
0.237720000955,2.137
0.237730000955,2.10575
0.237740000955,2.1995
0.237750000955,2.137
0.237760000955,2.137
0.237770000955,2.16825
0.237780000955,2.137
0.237790000955,2.137
0.237800000955,2.16825
0.237810000955,2.10575
0.237820000955,2.137
0.237830000955,2.16825
0.237840000955,2.137
0.237850000955,2.137
0.237860000955,2.137
0.237870000955,2.137
0.237880000955,2.16825
0.237890000955,2.16825
0.237900000955,2.16825
0.237910000955,2.16825
0.237920000955,2.137
0.237930000955,2.137
0.237940000955,2.137
0.237950000955,2.16825
0.237960000955,2.137
0.237970000955,2.137
0.237980000955,2.16825
0.237990000955,2.16825
0.238000000955,2.16825
0.238010000955,2.137
0.238020000955,2.137
0.238030000955,2.16825
0.238040000955,2.16825
0.238050000955,2.137
0.238060000955,2.16825
0.238070000955,2.16825
0.238080000955,2.137
0.238090000955,2.137
0.238100000955,2.137
0.238110000955,2.137
0.238120000955,2.16825
0.238130000955,2.10575
0.238140000955,2.137
0.238150000955,2.16825
0.238160000955,2.16825
0.238170000955,2.16825
0.238180000955,2.16825
0.238190000955,2.137
0.238200000955,2.16825
0.238210000955,2.137
0.238220000955,2.16825
0.238230000955,2.16825
0.238240000955,2.16825
0.238250000955,2.16825
0.238260000955,2.16825
0.238270000955,2.137
0.238280000955,2.16825
0.238290000955,2.10575
0.238300000955,2.16825
0.238310000955,2.137
0.238320000955,2.137
0.238330000955,2.137
0.238340000955,2.137
0.238350000955,2.137
0.238360000955,2.10575
0.238370000955,2.1995
0.238380000955,2.137
0.238390000955,2.137
0.238400000955,2.16825
0.238410000955,2.137
0.238420000955,2.10575
0.238430000955,2.16825
0.238440000955,2.1995
0.238450000955,2.16825
0.238460000955,2.16825
0.238470000955,2.16825
0.238480000955,2.16825
0.238490000955,2.137
0.238500000955,2.137
0.238510000955,2.10575
0.238520000955,2.16825
0.238530000955,2.137
0.238540000955,2.16825
0.238550000955,2.137
0.238560000955,2.16825
0.238570000955,2.137
0.238580000955,2.137
0.238590000955,2.137
0.238600000955,2.1995
0.238610000955,2.16825
0.238620000955,2.137
0.238630000955,2.16825
0.238640000955,2.16825
0.238650000955,2.16825
0.238660000955,2.137
0.238670000955,2.16825
0.238680000955,2.137
0.238690000955,2.137
0.238700000955,2.137
0.238710000955,2.137
0.238720000955,2.137
0.238730000955,2.16825
0.238740000955,2.16825
0.238750000955,2.137
0.238760000955,2.16825
0.238770000955,2.16825
0.238780000955,2.10575
0.238790000955,2.137
0.238800000955,2.137
0.238810000955,2.137
0.238820000955,2.16825
0.238830000955,2.1995
0.238840000955,2.137
0.238850000955,2.16825
0.238860000955,2.10575
0.238870000955,2.137
0.238880000955,2.137
0.238890000955,2.16825
0.238900000955,2.16825
0.238910000955,2.16825
0.238920000955,2.137
0.238930000955,2.137
0.238940000955,2.16825
0.238950000955,2.16825
0.238960000955,2.1995
0.238970000955,2.137
0.238980000955,2.137
0.238990000955,2.10575
0.239000000955,2.137
0.239010000955,2.16825
0.239020000955,2.16825
0.239030000955,2.16825
0.239040000955,2.16825
0.239050000955,2.137
0.239060000955,2.16825
0.239070000955,2.137
0.239080000955,2.16825
0.239090000955,2.16825
0.239100000955,2.16825
0.239110000955,2.16825
0.239120000955,2.137
0.239130000955,2.10575
0.239140000955,2.16825
0.239150000955,2.137
0.239160000955,2.137
0.239170000955,2.16825
0.239180000955,2.16825
0.239190000955,2.137
0.239200000955,2.137
0.239210000955,2.137
0.239220000955,2.137
0.239230000955,2.10575
0.239240000955,2.137
0.239250000955,2.137
0.239260000955,2.1995
0.239270000955,2.16825
0.239280000955,2.16825
0.239290000955,2.137
0.239300000955,2.137
0.239310000955,2.137
0.239320000955,2.137
0.239330000955,2.16825
0.239340000955,2.137
0.239350000955,2.137
0.239360000955,2.16825
0.239370000955,2.16825
0.239380000955,2.137
0.239390000955,2.1995
0.239400000955,2.16825
0.239410000955,2.16825
0.239420000955,2.16825
0.239430000955,2.137
0.239440000955,2.137
0.239450000955,2.10575
0.239460000955,2.16825
0.239470000955,2.16825
0.239480000955,2.16825
0.239490000955,2.16825
0.239500000955,2.16825
0.239510000955,2.16825
0.239520000955,2.16825
0.239530000955,2.1995
0.239540000955,2.137
0.239550000955,2.137
0.239560000955,2.16825
0.239570000955,2.137
0.239580000955,2.16825
0.239590000955,2.16825
0.239600000955,2.16825
0.239610000955,2.137
0.239620000955,2.137
0.239630000955,2.10575
0.239640000955,2.16825
0.239650000955,2.137
0.239660000955,2.137
0.239670000955,2.137
0.239680000955,2.137
0.239690000955,2.137
0.239700000955,2.10575
0.239710000955,2.10575
0.239720000955,2.137
0.239730000955,2.137
0.239740000955,2.16825
0.239750000955,2.16825
0.239760000955,2.16825
0.239770000955,2.137
0.239780000955,2.16825
0.239790000955,2.16825
0.239800000955,2.137
0.239810000955,2.16825
0.239820000955,2.137
0.239830000955,2.10575
0.239840000955,2.16825
0.239850000955,2.137
0.239860000955,2.137
0.239870000955,2.137
0.239880000955,2.137
0.239890000955,2.137
0.239900000955,2.16825
0.239910000955,2.16825
0.239920000955,2.137
0.239930000955,2.16825
0.239940000955,2.16825
0.239950000955,2.137
0.239960000955,2.16825
0.239970000955,2.137
0.239980000955,2.137
0.239990000955,2.137
0.240000000955,2.16825
0.240010000955,2.137
0.240020000955,2.137
0.240030000955,2.16825
0.240040000955,2.16825
0.240050000955,2.16825
0.240060000955,2.137
0.240070000955,2.137
0.240080000955,2.137
0.240090000955,2.16825
0.240100000955,2.137
0.240110000955,2.137
0.240120000955,2.16825
0.240130000955,2.137
0.240140000955,2.16825
0.240150000955,2.137
0.240160000955,2.16825
0.240170000955,2.137
0.240180000955,2.16825
0.240190000955,2.16825
0.240200000955,2.16825
0.240210000955,2.137
0.240220000955,2.10575
0.240230000955,2.16825
0.240240000955,2.137
0.240250000955,2.137
0.240260000955,2.137
0.240270000955,2.16825
0.240280000955,2.137
0.240290000955,2.16825
0.240300000955,2.16825
0.240310000955,2.137
0.240320000955,2.16825
0.240330000955,2.16825
0.240340000955,2.137
0.240350000955,2.137
0.240360000955,2.137
0.240370000955,2.137
0.240380000955,2.16825
0.240390000955,2.137
0.240400000955,2.137
0.240410000955,2.16825
0.240420000955,2.137
0.240430000955,2.16825
0.240440000955,2.137
0.240450000955,2.1995
0.240460000955,2.10575
0.240470000955,2.16825
0.240480000955,2.137
0.240490000955,2.137
0.240500000955,2.16825
0.240510000955,2.16825
0.240520000955,2.16825
0.240530000955,2.137
0.240540000955,2.137
0.240550000955,2.16825
0.240560000955,2.16825
0.240570000955,2.16825
0.240580000955,2.16825
0.240590000955,2.137
0.240600000955,2.16825
0.240610000955,2.16825
0.240620000955,2.10575
0.240630000955,2.16825
0.240640000955,2.16825
0.240650000955,2.16825
0.240660000955,2.137
0.240670000955,2.16825
0.240680000955,2.16825
0.240690000955,2.137
0.240700000955,2.137
0.240710000955,2.16825
0.240720000955,2.16825
0.240730000955,2.16825
0.240740000955,2.16825
0.240750000955,2.16825
0.240760000955,2.1995
0.240770000955,2.137
0.240780000955,2.16825
0.240790000955,2.137
0.240800000955,2.16825
0.240810000955,2.137
0.240820000955,2.137
0.240830000955,2.137
0.240840000955,2.16825
0.240850000955,2.137
0.240860000955,2.137
0.240870000955,2.137
0.240880000955,2.16825
0.240890000955,2.16825
0.240900000955,2.137
0.240910000955,2.16825
0.240920000955,2.137
0.240930000955,2.16825
0.240940000955,2.137
0.240950000955,2.16825
0.240960000955,2.10575
0.240970000955,2.137
0.240980000955,2.16825
0.240990000955,2.137
0.241000000955,2.16825
0.241010000955,2.16825
0.241020000955,2.16825
0.241030000955,2.16825
0.241040000955,2.137
0.241050000955,2.137
0.241060000955,2.16825
0.241070000955,2.16825
0.241080000955,2.137
0.241090000955,2.16825
0.241100000955,2.1995
0.241110000955,2.137
0.241120000955,2.137
0.241130000955,2.137
0.241140000955,2.137
0.241150000955,2.137
0.241160000955,2.16825
0.241170000955,2.16825
0.241180000955,2.137
0.241190000955,2.137
0.241200000955,2.16825
0.241210000955,2.10575
0.241220000955,2.16825
0.241230000955,2.16825
0.241240000955,2.16825
0.241250000955,2.16825
0.241260000955,2.10575
0.241270000955,2.16825
0.241280000955,2.16825
0.241290000955,2.16825
0.241300000955,2.16825
0.241310000955,2.16825
0.241320000955,2.16825
0.241330000955,2.16825
0.241340000955,2.16825
0.241350000955,2.137
0.241360000955,2.16825
0.241370000955,2.10575
0.241380000955,2.16825
0.241390000955,2.16825
0.241400000955,2.16825
0.241410000955,2.16825
0.241420000955,2.137
0.241430000955,2.1995
0.241440000955,2.16825
0.241450000955,2.16825
0.241460000955,2.137
0.241470000955,2.1995
0.241480000955,2.137
0.241490000955,2.137
0.241500000955,2.16825
0.241510000955,2.16825
0.241520000955,2.137
0.241530000955,2.16825
0.241540000955,2.16825
0.241550000955,2.137
0.241560000955,2.16825
0.241570000955,2.137
0.241580000955,2.16825
0.241590000955,2.16825
0.241600000955,2.137
0.241610000955,2.137
0.241620000955,2.16825
0.241630000955,2.16825
0.241640000955,2.16825
0.241650000955,2.137
0.241660000955,2.137
0.241670000955,2.137
0.241680000955,2.1995
0.241690000955,2.16825
0.241700000955,2.16825
0.241710000955,2.137
0.241720000955,2.137
0.241730000955,2.16825
0.241740000955,2.16825
0.241750000955,2.137
0.241760000955,2.16825
0.241770000955,2.137
0.241780000955,2.137
0.241790000955,2.16825
0.241800000955,2.137
0.241810000955,2.137
0.241820000955,2.16825
0.241830000955,2.16825
0.241840000955,2.16825
0.241850000955,2.137
0.241860000955,2.16825
0.241870000955,2.16825
0.241880000955,2.16825
0.241890000955,2.16825
0.241900000955,2.137
0.241910000955,2.16825
0.241920000955,2.137
0.241930000955,2.137
0.241940000955,2.137
0.241950000955,2.16825
0.241960000955,2.16825
0.241970000955,2.137
0.241980000955,2.16825
0.241990000955,2.16825
0.242000000955,2.137
0.242010000955,2.16825
0.242020000955,2.137
0.242030000955,2.1995
0.242040000955,2.16825
0.242050000955,2.16825
0.242060000955,2.137
0.242070000955,2.16825
0.242080000955,2.16825
0.242090000955,2.137
0.242100000955,2.16825
0.242110000955,2.137
0.242120000955,2.137
0.242130000955,2.16825
0.242140000955,2.16825
0.242150000955,2.10575
0.242160000955,2.16825
0.242170000955,2.16825
0.242180000955,2.137
0.242190000955,2.16825
0.242200000955,2.16825
0.242210000955,2.16825
0.242220000955,2.16825
0.242230000955,2.16825
0.242240000955,2.16825
0.242250000955,2.137
0.242260000955,2.16825
0.242270000955,2.16825
0.242280000955,2.137
0.242290000955,2.137
0.242300000955,2.137
0.242310000955,2.16825
0.242320000955,2.16825
0.242330000955,2.1995
0.242340000955,2.137
0.242350000955,2.16825
0.242360000955,2.137
0.242370000955,2.16825
0.242380000955,2.137
0.242390000955,2.16825
0.242400000955,2.137
0.242410000955,2.137
0.242420000955,2.16825
0.242430000955,2.1995
0.242440000955,2.137
0.242450000955,2.137
0.242460000955,2.137
0.242470000955,2.16825
0.242480000955,2.1995
0.242490000955,2.137
0.242500000955,2.137
0.242510000955,2.137
0.242520000955,2.137
0.242530000955,2.16825
0.242540000955,2.16825
0.242550000955,2.16825
0.242560000955,2.137
0.242570000955,2.137
0.242580000955,2.137
0.242590000955,2.1995
0.242600000955,2.10575
0.242610000955,2.1995
0.242620000955,2.16825
0.242630000955,2.137
0.242640000955,2.16825
0.242650000955,2.137
0.242660000955,2.137
0.242670000955,2.137
0.242680000955,2.16825
0.242690000955,2.1995
0.242700000955,2.16825
0.242710000955,2.1995
0.242720000955,2.10575
0.242730000955,2.137
0.242740000955,2.16825
0.242750000955,2.16825
0.242760000955,2.137
0.242770000955,2.16825
0.242780000955,2.137
0.242790000955,2.16825
0.242800000955,2.1995
0.242810000955,2.16825
0.242820000955,2.1995
0.242830000955,2.16825
0.242840000955,2.16825
0.242850000955,2.137
0.242860000955,2.137
0.242870000955,2.137
0.242880000955,2.137
0.242890000955,2.16825
0.242900000955,2.16825
0.242910000955,2.137
0.242920000955,2.16825
0.242930000955,2.137
0.242940000955,2.1995
0.242950000955,2.16825
0.242960000955,2.16825
0.242970000955,2.16825
0.242980000955,2.1995
0.242990000955,2.1995
0.243000000955,2.16825
0.243010000955,2.137
0.243020000955,2.16825
0.243030000955,2.16825
0.243040000955,2.16825
0.243050000955,2.16825
0.243060000955,2.137
0.243070000955,2.16825
0.243080000955,2.137
0.243090000955,2.137
0.243100000955,2.10575
0.243110000955,2.137
0.243120000955,2.16825
0.243130000955,2.16825
0.243140000955,2.16825
0.243150000955,2.1995
0.243160000955,2.16825
0.243170000955,2.16825
0.243180000955,2.16825
0.243190000955,2.137
0.243200000955,2.1995
0.243210000955,2.137
0.243220000955,2.137
0.243230000955,2.16825
0.243240000955,2.16825
0.243250000955,2.137
0.243260000955,2.16825
0.243270000955,2.16825
0.243280000955,2.16825
0.243290000955,2.10575
0.243300000955,2.137
0.243310000955,2.16825
0.243320000955,2.137
0.243330000955,2.1995
0.243340000955,2.16825
0.243350000955,2.1995
0.243360000955,2.16825
0.243370000955,2.137
0.243380000955,2.137
0.243390000955,2.137
0.243400000955,2.16825
0.243410000955,2.1995
0.243420000955,2.137
0.243430000955,2.137
0.243440000955,2.137
0.243450000955,2.137
0.243460000955,2.137
0.243470000955,2.16825
0.243480000955,2.10575
0.243490000955,2.16825
0.243500000955,2.16825
0.243510000955,2.16825
0.243520000955,2.137
0.243530000955,2.1995
0.243540000955,2.16825
0.243550000955,2.1995
0.243560000955,2.16825
0.243570000955,2.137
0.243580000955,2.16825
0.243590000955,2.137
0.243600000955,2.16825
0.243610000955,2.16825
0.243620000955,2.137
0.243630000955,2.16825
0.243640000955,2.16825
0.243650000955,2.1995
0.243660000955,2.16825
0.243670000955,2.16825
0.243680000955,2.16825
0.243690000955,2.137
0.243700000955,2.16825
0.243710000955,2.16825
0.243720000955,2.16825
0.243730000955,2.16825
0.243740000955,2.16825
0.243750000955,2.16825
0.243760000955,2.137
0.243770000955,2.16825
0.243780000955,2.16825
0.243790000955,2.16825
0.243800000955,2.137
0.243810000955,2.16825
0.243820000955,2.16825
0.243830000955,2.137
0.243840000955,2.16825
0.243850000955,2.16825
0.243860000955,2.137
0.243870000955,2.137
0.243880000955,2.16825
0.243890000955,2.137
0.243900000955,2.137
0.243910000955,2.137
0.243920000955,2.137
0.243930000955,2.137
0.243940000955,2.16825
0.243950000955,2.16825
0.243960000955,2.137
0.243970000955,2.16825
0.243980000955,2.10575
0.243990000955,2.137
0.244000000955,2.16825
0.244010000955,2.16825
0.244020000955,2.137
0.244030000955,2.16825
0.244040000955,2.137
0.244050000955,2.137
0.244060000955,2.16825
0.244070000955,2.137
0.244080000955,2.16825
0.244090000955,2.16825
0.244100000955,2.137
0.244110000955,2.137
0.244120000955,2.16825
0.244130000955,2.16825
0.244140000955,2.137
0.244150000955,2.137
0.244160000955,2.16825
0.244170000955,2.16825
0.244180000955,2.16825
0.244190000955,2.16825
0.244200000955,2.16825
0.244210000955,2.137
0.244220000955,2.137
0.244230000955,2.16825
0.244240000955,2.137
0.244250000955,2.16825
0.244260000955,2.16825
0.244270000955,2.137
0.244280000955,2.137
0.244290000955,2.137
0.244300000955,2.16825
0.244310000955,2.137
0.244320000955,2.16825
0.244330000955,2.16825
0.244340000955,2.137
0.244350000955,2.16825
0.244360000955,2.16825
0.244370000955,2.137
0.244380000955,2.16825
0.244390000955,2.137
0.244400000955,2.16825
0.244410000955,2.16825
0.244420000955,2.16825
0.244430000955,2.137
0.244440000955,2.1995
0.244450000955,2.16825
0.244460000955,2.16825
0.244470000955,2.16825
0.244480000955,2.137
0.244490000955,2.1995
0.244500000955,2.16825
0.244510000955,2.16825
0.244520000955,2.16825
0.244530000955,2.1995
0.244540000955,2.137
0.244550000955,2.137
0.244560000955,2.16825
0.244570000955,2.137
0.244580000955,2.137
0.244590000955,2.1995
0.244600000955,2.1995
0.244610000955,2.16825
0.244620000955,2.1995
0.244630000955,2.16825
0.244640000955,2.16825
0.244650000955,2.16825
0.244660000955,2.137
0.244670000955,2.137
0.244680000955,2.16825
0.244690000955,2.137
0.244700000955,2.137
0.244710000955,2.16825
0.244720000955,2.16825
0.244730000955,2.1995
0.244740000955,2.16825
0.244750000955,2.16825
0.244760000955,2.16825
0.244770000955,2.16825
0.244780000955,2.137
0.244790000955,2.137
0.244800000955,2.16825
0.244810000955,2.16825
0.244820000955,2.137
0.244830000955,2.16825
0.244840000955,2.16825
0.244850000955,2.137
0.244860000955,2.137
0.244870000955,2.16825
0.244880000955,2.16825
0.244890000955,2.16825
0.244900000955,2.137
0.244910000955,2.137
0.244920000955,2.137
0.244930000955,2.1995
0.244940000955,2.16825
0.244950000955,2.137
0.244960000955,2.137
0.244970000955,2.137
0.244980000955,2.16825
0.244990000955,2.16825
0.245000000955,2.137
0.245010000955,2.1995
0.245020000955,2.137
0.245030000955,2.16825
0.245040000955,2.137
0.245050000955,2.137
0.245060000955,2.1995
0.245070000955,2.16825
0.245080000955,2.16825
0.245090000955,2.16825
0.245100000955,2.137
0.245110000955,2.137
0.245120000955,2.16825
0.245130000955,2.137
0.245140000955,2.23075
0.245150000955,2.16825
0.245160000955,2.16825
0.245170000955,2.137
0.245180000955,2.1995
0.245190000955,2.137
0.245200000955,2.137
0.245210000955,2.16825
0.245220000955,2.16825
0.245230000955,2.137
0.245240000955,2.137
0.245250000955,2.16825
0.245260000955,2.137
0.245270000955,2.16825
0.245280000955,2.16825
0.245290000955,2.137
0.245300000955,2.16825
0.245310000955,2.137
0.245320000955,2.137
0.245330000955,2.16825
0.245340000955,2.1995
0.245350000955,2.16825
0.245360000955,2.137
0.245370000955,2.16825
0.245380000955,2.137
0.245390000955,2.16825
0.245400000955,2.16825
0.245410000955,2.16825
0.245420000955,2.137
0.245430000955,2.16825
0.245440000955,2.16825
0.245450000955,2.137
0.245460000955,2.1995
0.245470000955,2.137
0.245480000955,2.16825
0.245490000955,2.137
0.245500000955,2.137
0.245510000955,2.16825
0.245520000955,2.137
0.245530000955,2.137
0.245540000955,2.16825
0.245550000955,2.16825
0.245560000955,2.16825
0.245570000955,2.16825
0.245580000955,2.16825
0.245590000955,2.16825
0.245600000955,2.1995
0.245610000955,2.137
0.245620000955,2.16825
0.245630000955,2.16825
0.245640000955,2.137
0.245650000955,2.16825
0.245660000955,2.137
0.245670000955,2.137
0.245680000955,2.137
0.245690000955,2.137
0.245700000955,2.16825
0.245710000955,2.16825
0.245720000955,2.16825
0.245730000955,2.137
0.245740000955,2.137
0.245750000955,2.16825
0.245760000955,2.16825
0.245770000955,2.16825
0.245780000955,2.137
0.245790000955,2.137
0.245800000955,2.137
0.245810000955,2.16825
0.245820000955,2.1995
0.245830000955,2.16825
0.245840000955,2.137
0.245850000955,2.137
0.245860000955,2.16825
0.245870000955,2.137
0.245880000955,2.16825
0.245890000955,2.16825
0.245900000955,2.16825
0.245910000955,2.16825
0.245920000955,2.16825
0.245930000955,2.16825
0.245940000955,2.16825
0.245950000955,2.16825
0.245960000955,2.16825
0.245970000955,2.16825
0.245980000955,2.16825
0.245990000955,2.16825
0.246000000955,2.16825
0.246010000955,2.16825
0.246020000955,2.16825
0.246030000955,2.16825
0.246040000955,2.16825
0.246050000955,2.137
0.246060000955,2.137
0.246070000955,2.16825
0.246080000955,2.137
0.246090000955,2.16825
0.246100000955,2.16825
0.246110000955,2.137
0.246120000955,2.137
0.246130000955,2.16825
0.246140000955,2.16825
0.246150000955,2.137
0.246160000955,2.137
0.246170000955,2.137
0.246180000955,2.16825
0.246190000955,2.137
0.246200000955,2.16825
0.246210000955,2.137
0.246220000955,2.137
0.246230000955,2.137
0.246240000955,2.16825
0.246250000955,2.16825
0.246260000955,2.137
0.246270000955,2.16825
0.246280000955,2.137
0.246290000955,2.16825
0.246300000955,2.16825
0.246310000955,2.16825
0.246320000955,2.137
0.246330000955,2.16825
0.246340000955,2.137
0.246350000955,2.16825
0.246360000955,2.137
0.246370000955,2.16825
0.246380000955,2.16825
0.246390000955,2.137
0.246400000955,2.16825
0.246410000955,2.16825
0.246420000955,2.16825
0.246430000955,2.16825
0.246440000955,2.16825
0.246450000955,2.137
0.246460000955,2.137
0.246470000955,2.137
0.246480000955,2.16825
0.246490000955,2.137
0.246500000955,2.16825
0.246510000955,2.16825
0.246520000955,2.16825
0.246530000955,2.16825
0.246540000955,2.1995
0.246550000955,2.16825
0.246560000955,2.137
0.246570000955,2.16825
0.246580000955,2.16825
0.246590000955,2.137
0.246600000955,2.16825
0.246610000955,2.16825
0.246620000955,2.137
0.246630000955,2.1995
0.246640000955,2.16825
0.246650000955,2.16825
0.246660000955,2.16825
0.246670000955,2.16825
0.246680000955,2.16825
0.246690000955,2.16825
0.246700000955,2.1995
0.246710000955,2.137
0.246720000955,2.16825
0.246730000955,2.16825
0.246740000955,2.16825
0.246750000955,2.137
0.246760000955,2.16825
0.246770000955,2.16825
0.246780000955,2.137
0.246790000955,2.1995
0.246800000955,2.1995
0.246810000955,2.16825
0.246820000955,2.16825
0.246830000955,2.137
0.246840000955,2.137
0.246850000955,2.16825
0.246860000955,2.16825
0.246870000955,2.137
0.246880000955,2.137
0.246890000955,2.1995
0.246900000955,2.137
0.246910000955,2.137
0.246920000955,2.16825
0.246930000955,2.1995
0.246940000955,2.137
0.246950000955,2.16825
0.246960000955,2.137
0.246970000955,2.16825
0.246980000955,2.137
0.246990000955,2.16825
0.247000000955,2.137
0.247010000955,2.1995
0.247020000955,2.137
0.247030000955,2.1995
0.247040000955,2.137
0.247050000955,2.137
0.247060000955,2.16825
0.247070000955,2.16825
0.247080000955,2.16825
0.247090000955,2.16825
0.247100000955,2.16825
0.247110000955,2.16825
0.247120000955,2.137
0.247130000955,2.16825
0.247140000955,2.137
0.247150000955,2.16825
0.247160000955,2.16825
0.247170000955,2.137
0.247180000955,2.16825
0.247190000955,2.16825
0.247200000955,2.16825
0.247210000955,2.16825
0.247220000955,2.1995
0.247230000955,2.16825
0.247240000955,2.16825
0.247250000955,2.16825
0.247260000955,2.16825
0.247270000955,2.137
0.247280000955,2.16825
0.247290000955,2.16825
0.247300000955,2.16825
0.247310000955,2.10575
0.247320000955,2.137
0.247330000955,2.137
0.247340000955,2.137
0.247350000955,2.1995
0.247360000955,2.16825
0.247370000955,2.16825
0.247380000955,2.16825
0.247390000955,2.16825
0.247400000955,2.16825
0.247410000955,2.16825
0.247420000955,2.23075
0.247430000955,2.16825
0.247440000955,2.16825
0.247450000955,2.16825
0.247460000955,2.16825
0.247470000955,2.137
0.247480000955,2.137
0.247490000955,2.16825
0.247500000955,2.16825
0.247510000955,2.16825
0.247520000955,2.16825
0.247530000955,2.16825
0.247540000955,2.16825
0.247550000955,2.137
0.247560000955,2.16825
0.247570000955,2.137
0.247580000955,2.16825
0.247590000955,2.1995
0.247600000955,2.137
0.247610000955,2.16825
0.247620000955,2.137
0.247630000955,2.1995
0.247640000955,2.16825
0.247650000955,2.16825
0.247660000955,2.137
0.247670000955,2.137
0.247680000955,2.16825
0.247690000955,2.16825
0.247700000955,2.137
0.247710000955,2.137
0.247720000955,2.10575
0.247730000955,2.16825
0.247740000955,2.137
0.247750000955,2.137
0.247760000955,2.137
0.247770000955,2.16825
0.247780000955,2.137
0.247790000955,2.137
0.247800000955,2.16825
0.247810000955,2.16825
0.247820000955,2.137
0.247830000955,2.16825
0.247840000955,2.16825
0.247850000955,2.16825
0.247860000955,2.137
0.247870000955,2.1995
0.247880000955,2.16825
0.247890000955,2.16825
0.247900000955,2.16825
0.247910000955,2.16825
0.247920000955,2.137
0.247930000955,2.16825
0.247940000955,2.137
0.247950000955,2.137
0.247960000955,2.16825
0.247970000955,2.16825
0.247980000955,2.137
0.247990000955,2.137
0.248000000955,2.16825
0.248010000955,2.137
0.248020000955,2.16825
0.248030000955,2.137
0.248040000955,2.16825
0.248050000955,2.137
0.248060000955,2.10575
0.248070000955,2.16825
0.248080000955,2.10575
0.248090000955,2.1995
0.248100000955,2.16825
0.248110000955,2.137
0.248120000955,2.16825
0.248130000955,2.137
0.248140000955,2.137
0.248150000955,2.16825
0.248160000955,2.16825
0.248170000955,2.137
0.248180000955,2.16825
0.248190000955,2.16825
0.248200000955,2.16825
0.248210000955,2.16825
0.248220000955,2.16825
0.248230000955,2.1995
0.248240000955,2.16825
0.248250000955,2.1995
0.248260000955,2.137
0.248270000955,2.16825
0.248280000955,2.16825
0.248290000955,2.16825
0.248300000955,2.1995
0.248310000955,2.16825
0.248320000955,2.137
0.248330000955,2.16825
0.248340000955,2.137
0.248350000955,2.16825
0.248360000955,2.16825
0.248370000955,2.1995
0.248380000955,2.16825
0.248390000955,2.16825
0.248400000955,2.1995
0.248410000955,2.137
0.248420000955,2.16825
0.248430000955,2.16825
0.248440000955,2.16825
0.248450000955,2.1995
0.248460000955,2.16825
0.248470000955,2.16825
0.248480000955,2.16825
0.248490000955,2.16825
0.248500000955,2.16825
0.248510000955,2.16825
0.248520000955,2.16825
0.248530000955,2.1995
0.248540000955,2.1995
0.248550000955,2.16825
0.248560000955,2.16825
0.248570000955,2.16825
0.248580000955,2.1995
0.248590000955,2.16825
0.248600000955,2.16825
0.248610000955,2.137
0.248620000955,2.16825
0.248630000955,2.16825
0.248640000955,2.16825
0.248650000955,2.137
0.248660000955,2.137
0.248670000955,2.1995
0.248680000955,2.1995
0.248690000955,2.16825
0.248700000955,2.16825
0.248710000955,2.16825
0.248720000955,2.16825
0.248730000955,2.16825
0.248740000955,2.16825
0.248750000955,2.16825
0.248760000955,2.16825
0.248770000955,2.16825
0.248780000955,2.1995
0.248790000955,2.16825
0.248800000955,2.16825
0.248810000955,2.137
0.248820000955,2.1995
0.248830000955,2.1995
0.248840000955,2.16825
0.248850000955,2.16825
0.248860000955,2.1995
0.248870000955,2.137
0.248880000955,2.1995
0.248890000955,2.16825
0.248900000955,2.137
0.248910000955,2.16825
0.248920000955,2.16825
0.248930000955,2.16825
0.248940000955,2.16825
0.248950000955,2.16825
0.248960000955,2.16825
0.248970000955,2.1995
0.248980000955,2.1995
0.248990000955,2.16825
0.249000000955,2.16825
0.249010000955,2.16825
0.249020000955,2.1995
0.249030000955,2.1995
0.249040000955,2.1995
0.249050000955,2.137
0.249060000955,2.16825
0.249070000955,2.1995
0.249080000955,2.16825
0.249090000955,2.1995
0.249100000955,2.16825
0.249110000955,2.16825
0.249120000955,2.16825
0.249130000955,2.1995
0.249140000955,2.16825
0.249150000955,2.16825
0.249160000955,2.1995
0.249170000955,2.16825
0.249180000955,2.16825
0.249190000955,2.137
0.249200000955,2.16825
0.249210000955,2.137
0.249220000955,2.16825
0.249230000955,2.16825
0.249240000955,2.137
0.249250000955,2.16825
0.249260000955,2.137
0.249270000955,2.137
0.249280000955,2.1995
0.249290000955,2.137
0.249300000955,2.16825
0.249310000955,2.16825
0.249320000955,2.16825
0.249330000955,2.1995
0.249340000955,2.137
0.249350000955,2.16825
0.249360000955,2.16825
0.249370000955,2.16825
0.249380000955,2.137
0.249390000955,2.137
0.249400000955,2.16825
0.249410000955,2.137
0.249420000955,2.16825
0.249430000955,2.16825
0.249440000955,2.137
0.249450000955,2.137
0.249460000955,2.16825
0.249470000955,2.16825
0.249480000955,2.16825
0.249490000955,2.16825
0.249500000955,2.16825
0.249510000955,2.137
0.249520000955,2.16825
0.249530000955,2.16825
0.249540000955,2.16825
0.249550000955,2.16825
0.249560000955,2.1995
0.249570000955,2.16825
0.249580000955,2.137
0.249590000955,2.16825
0.249600000955,2.1995
0.249610000955,2.16825
0.249620000955,2.16825
0.249630000955,2.16825
0.249640000955,2.16825
0.249650000955,2.16825
0.249660000955,2.16825
0.249670000955,2.16825
0.249680000955,2.16825
0.249690000955,2.137
0.249700000955,2.16825
0.249710000955,2.1995
0.249720000955,2.137
0.249730000955,2.1995
0.249740000955,2.16825
0.249750000955,2.137
0.249760000955,2.16825
0.249770000955,2.16825
0.249780000955,2.16825
0.249790000955,2.16825
0.249800000955,2.137
0.249810000955,2.16825
0.249820000955,2.16825
0.249830000955,2.16825
0.249840000955,2.16825
0.249850000955,2.16825
0.249860000955,2.16825
0.249870000955,2.16825
0.249880000955,2.16825
0.249890000955,2.16825
0.249900000955,2.16825
0.249910000955,2.16825
0.249920000955,2.137
0.249930000955,2.16825
0.249940000955,2.137
0.249950000955,2.137
0.249960000955,2.1995
0.249970000955,2.16825
0.249980000955,2.16825
0.249990000955,2.16825
0.250000000955,2.16825
0.250010000955,2.137
0.250020000955,2.16825
0.250030000955,2.16825
0.250040000955,2.16825
0.250050000955,2.16825
0.250060000955,2.16825
0.250070000955,2.137
0.250080000955,2.16825
0.250090000955,2.16825
0.250100000955,2.16825
0.250110000955,2.137
0.250120000955,2.1995
0.250130000955,2.16825
0.250140000955,2.16825
0.250150000955,2.137
0.250160000955,2.16825
0.250170000955,2.1995
0.250180000955,2.16825
0.250190000955,2.137
0.250200000955,2.16825
0.250210000955,2.16825
0.250220000955,2.16825
0.250230000955,2.16825
0.250240000955,2.137
0.250250000955,2.16825
0.250260000955,2.16825
0.250270000955,2.16825
0.250280000955,2.1995
0.250290000955,2.1995
0.250300000955,2.137
0.250310000955,2.137
0.250320000955,2.16825
0.250330000955,2.16825
0.250340000955,2.16825
0.250350000955,2.16825
0.250360000955,2.1995
0.250370000955,2.137
0.250380000955,2.137
0.250390000955,2.137
0.250400000955,2.16825
0.250410000955,2.16825
0.250420000955,2.16825
0.250430000955,2.137
0.250440000955,2.137
0.250450000955,2.137
0.250460000955,2.16825
0.250470000955,2.1995
0.250480000955,2.16825
0.250490000955,2.16825
0.250500000955,2.137
0.250510000955,2.16825
0.250520000955,2.137
0.250530000955,2.16825
0.250540000955,2.1995
0.250550000955,2.137
0.250560000955,2.137
0.250570000955,2.137
0.250580000955,2.1995
0.250590000955,2.137
0.250600000955,2.1995
0.250610000955,2.137
0.250620000955,2.16825
0.250630000955,2.16825
0.250640000955,2.137
0.250650000955,2.1995
0.250660000955,2.16825
0.250670000955,2.16825
0.250680000955,2.137
0.250690000955,2.1995
0.250700000955,2.16825
0.250710000955,2.16825
0.250720000955,2.16825
0.250730000955,2.16825
0.250740000955,2.16825
0.250750000955,2.10575
0.250760000955,2.16825
0.250770000955,2.16825
0.250780000955,2.1995
0.250790000955,2.16825
0.250800000955,2.16825
0.250810000955,2.16825
0.250820000955,2.137
0.250830000955,2.137
0.250840000955,2.137
0.250850000955,2.16825
0.250860000955,2.16825
0.250870000955,2.16825
0.250880000955,2.16825
0.250890000955,2.1995
0.250900000955,2.16825
0.250910000955,2.16825
0.250920000955,2.137
0.250930000955,2.16825
0.250940000955,2.137
0.250950000955,2.137
0.250960000955,2.16825
0.250970000955,2.16825
0.250980000955,2.137
0.250990000955,2.16825
0.251000000955,2.1995
0.251010000955,2.16825
0.251020000955,2.16825
0.251030000955,2.16825
0.251040000955,2.16825
0.251050000955,2.137
0.251060000955,2.137
0.251070000955,2.137
0.251080000955,2.16825
0.251090000955,2.16825
0.251100000955,2.16825
0.251110000955,2.137
0.251120000955,2.137
0.251130000955,2.16825
0.251140000955,2.16825
0.251150000955,2.137
0.251160000955,2.16825
0.251170000955,2.16825
0.251180000955,2.16825
0.251190000955,2.16825
0.251200000955,2.16825
0.251210000955,2.137
0.251220000955,2.16825
0.251230000955,2.16825
0.251240000955,2.16825
0.251250000955,2.1995
0.251260000955,2.16825
0.251270000955,2.16825
0.251280000955,2.137
0.251290000955,2.10575
0.251300000955,2.16825
0.251310000955,2.16825
0.251320000955,2.16825
0.251330000955,2.16825
0.251340000955,2.16825
0.251350000955,2.16825
0.251360000955,2.16825
0.251370000955,2.16825
0.251380000955,2.16825
0.251390000955,2.137
0.251400000955,2.137
0.251410000955,2.16825
0.251420000955,2.16825
0.251430000955,2.16825
0.251440000955,2.16825
0.251450000955,2.16825
0.251460000955,2.16825
0.251470000955,2.1995
0.251480000955,2.16825
0.251490000955,2.137
0.251500000955,2.16825
0.251510000955,2.16825
0.251520000955,2.16825
0.251530000955,2.16825
0.251540000955,2.137
0.251550000955,2.16825
0.251560000955,2.137
0.251570000955,2.137
0.251580000955,2.137
0.251590000955,2.16825
0.251600000955,2.137
0.251610000955,2.137
0.251620000955,2.16825
0.251630000955,2.16825
0.251640000955,2.1995
0.251650000955,2.16825
0.251660000955,2.16825
0.251670000955,2.137
0.251680000955,2.1995
0.251690000955,2.137
0.251700000955,2.1995
0.251710000955,2.16825
0.251720000955,2.16825
0.251730000955,2.16825
0.251740000955,2.137
0.251750000955,2.16825
0.251760000955,2.16825
0.251770000955,2.16825
0.251780000955,2.137
0.251790000955,2.16825
0.251800000955,2.137
0.251810000955,2.16825
0.251820000955,2.16825
0.251830000955,2.137
0.251840000955,2.16825
0.251850000955,2.137
0.251860000955,2.16825
0.251870000955,2.23075
0.251880000955,2.16825
0.251890000955,2.137
0.251900000955,2.16825
0.251910000955,2.16825
0.251920000955,2.16825
0.251930000955,2.16825
0.251940000955,2.137
0.251950000955,2.16825
0.251960000955,2.1995
0.251970000955,2.137
0.251980000955,2.16825
0.251990000955,2.1995
0.252000000955,2.16825
0.252010000955,2.16825
0.252020000955,2.137
0.252030000955,2.16825
0.252040000955,2.137
0.252050000955,2.16825
0.252060000955,2.1995
0.252070000955,2.137
0.252080000955,2.137
0.252090000955,2.16825
0.252100000955,2.137
0.252110000955,2.16825
0.252120000955,2.137
0.252130000955,2.16825
0.252140000955,2.16825
0.252150000955,2.1995
0.252160000955,2.16825
0.252170000955,2.16825
0.252180000955,2.16825
0.252190000955,2.1995
0.252200000955,2.137
0.252210000955,2.137
0.252220000955,2.16825
0.252230000955,2.16825
0.252240000955,2.16825
0.252250000955,2.16825
0.252260000955,2.16825
0.252270000955,2.1995
0.252280000955,2.16825
0.252290000955,2.16825
0.252300000955,2.16825
0.252310000955,2.1995
0.252320000955,2.16825
0.252330000955,2.16825
0.252340000955,2.16825
0.252350000955,2.137
0.252360000955,2.16825
0.252370000955,2.16825
0.252380000955,2.16825
0.252390000955,2.16825
0.252400000955,2.16825
0.252410000955,2.137
0.252420000955,2.137
0.252430000955,2.16825
0.252440000955,2.16825
0.252450000955,2.137
0.252460000955,2.1995
0.252470000955,2.16825
0.252480000955,2.137
0.252490000955,2.137
0.252500000955,2.1995
0.252510000955,2.137
0.252520000955,2.16825
0.252530000955,2.16825
0.252540000955,2.16825
0.252550000955,2.16825
0.252560000955,2.16825
0.252570000955,2.137
0.252580000955,2.137
0.252590000955,2.16825
0.252600000955,2.137
0.252610000955,2.16825
0.252620000955,2.16825
0.252630000955,2.16825
0.252640000955,2.1995
0.252650000955,2.1995
0.252660000955,2.16825
0.252670000955,2.16825
0.252680000955,2.16825
0.252690000955,2.16825
0.252700000955,2.1995
0.252710000955,2.1995
0.252720000955,2.16825
0.252730000955,2.16825
0.252740000955,2.137
0.252750000955,2.16825
0.252760000955,2.137
0.252770000955,2.16825
0.252780000955,2.16825
0.252790000955,2.16825
0.252800000955,2.1995
0.252810000955,2.1995
0.252820000955,2.16825
0.252830000955,2.16825
0.252840000955,2.16825
0.252850000955,2.16825
0.252860000955,2.16825
0.252870000955,2.1995
0.252880000955,2.137
0.252890000955,2.16825
0.252900000955,2.16825
0.252910000955,2.137
0.252920000955,2.1995
0.252930000955,2.16825
0.252940000955,2.16825
0.252950000955,2.137
0.252960000955,2.16825
0.252970000955,2.16825
0.252980000955,2.23075
0.252990000955,2.1995
0.253000000955,2.16825
0.253010000955,2.16825
0.253020000955,2.137
0.253030000955,2.16825
0.253040000955,2.16825
0.253050000955,2.137
0.253060000955,2.1995
0.253070000955,2.16825
0.253080000955,2.16825
0.253090000955,2.16825
0.253100000955,2.16825
0.253110000955,2.1995
0.253120000955,2.16825
0.253130000955,2.16825
0.253140000955,2.16825
0.253150000955,2.16825
0.253160000955,2.16825
0.253170000955,2.16825
0.253180000955,2.16825
0.253190000955,2.16825
0.253200000955,2.16825
0.253210000955,2.16825
0.253220000955,2.1995
0.253230000955,2.137
0.253240000955,2.16825
0.253250000955,2.137
0.253260000955,2.16825
0.253270000955,2.16825
0.253280000955,2.16825
0.253290000955,2.137
0.253300000955,2.16825
0.253310000955,2.16825
0.253320000955,2.16825
0.253330000955,2.16825
0.253340000955,2.16825
0.253350000955,2.16825
0.253360000955,2.16825
0.253370000955,2.16825
0.253380000955,2.16825
0.253390000955,2.137
0.253400000955,2.16825
0.253410000955,2.1995
0.253420000955,2.16825
0.253430000955,2.137
0.253440000955,2.16825
0.253450000955,2.16825
0.253460000955,2.16825
0.253470000955,2.16825
0.253480000955,2.1995
0.253490000955,2.16825
0.253500000955,2.16825
0.253510000955,2.1995
0.253520000955,2.137
0.253530000955,2.1995
0.253540000955,2.16825
0.253550000955,2.16825
0.253560000955,2.137
0.253570000955,2.16825
0.253580000955,2.1995
0.253590000955,2.1995
0.253600000955,2.16825
0.253610000955,2.137
0.253620000955,2.16825
0.253630000955,2.16825
0.253640000955,2.1995
0.253650000955,2.16825
0.253660000955,2.16825
0.253670000955,2.1995
0.253680000955,2.1995
0.253690000955,2.16825
0.253700000955,2.16825
0.253710000955,2.16825
0.253720000955,2.16825
0.253730000955,2.1995
0.253740000955,2.16825
0.253750000955,2.16825
0.253760000955,2.16825
0.253770000955,2.16825
0.253780000955,2.1995
0.253790000955,2.1995
0.253800000955,2.16825
0.253810000955,2.137
0.253820000955,2.1995
0.253830000955,2.137
0.253840000955,2.16825
0.253850000955,2.16825
0.253860000955,2.16825
0.253870000955,2.16825
0.253880000955,2.16825
0.253890000955,2.137
0.253900000955,2.1995
0.253910000955,2.16825
0.253920000955,2.137
0.253930000955,2.16825
0.253940000955,2.1995
0.253950000955,2.137
0.253960000955,2.16825
0.253970000955,2.16825
0.253980000955,2.16825
0.253990000955,2.1995
0.254000000955,2.137
0.254010000955,2.137
0.254020000955,2.1995
0.254030000955,2.16825
0.254040000955,2.16825
0.254050000955,2.16825
0.254060000955,2.137
0.254070000955,2.16825
0.254080000955,2.137
0.254090000955,2.16825
0.254100000955,2.16825
0.254110000955,2.1995
0.254120000955,2.137
0.254130000955,2.16825
0.254140000955,2.1995
0.254150000955,2.16825
0.254160000955,2.16825
0.254170000955,2.137
0.254180000955,2.16825
0.254190000955,2.137
0.254200000955,2.16825
0.254210000955,2.16825
0.254220000955,2.1995
0.254230000955,2.16825
0.254240000955,2.16825
0.254250000955,2.16825
0.254260000955,2.137
0.254270000955,2.16825
0.254280000955,2.137
0.254290000955,2.16825
0.254300000955,2.16825
0.254310000955,2.16825
0.254320000955,2.16825
0.254330000955,2.137
0.254340000955,2.16825
0.254350000955,2.16825
0.254360000955,2.16825
0.254370000955,2.137
0.254380000955,2.137
0.254390000955,2.1995
0.254400000955,2.16825
0.254410000955,2.16825
0.254420000955,2.16825
0.254430000955,2.16825
0.254440000955,2.137
0.254450000955,2.137
0.254460000955,2.1995
0.254470000955,2.137
0.254480000955,2.16825
0.254490000955,2.16825
0.254500000955,2.137
0.254510000955,2.16825
0.254520000955,2.1995
0.254530000955,2.1995
0.254540000955,2.16825
0.254550000955,2.16825
0.254560000955,2.16825
0.254570000955,2.1995
0.254580000955,2.1995
0.254590000955,2.16825
0.254600000955,2.16825
0.254610000955,2.1995
0.254620000955,2.16825
0.254630000955,2.1995
0.254640000955,2.16825
0.254650000955,2.137
0.254660000955,2.16825
0.254670000955,2.16825
0.254680000955,2.16825
0.254690000955,2.16825
0.254700000955,2.16825
0.254710000955,2.137
0.254720000955,2.16825
0.254730000955,2.16825
0.254740000955,2.16825
0.254750000955,2.16825
0.254760000955,2.16825
0.254770000955,2.16825
0.254780000955,2.1995
0.254790000955,2.1995
0.254800000955,2.16825
0.254810000955,2.16825
0.254820000955,2.16825
0.254830000955,2.1995
0.254840000955,2.16825
0.254850000955,2.137
0.254860000955,2.137
0.254870000955,2.16825
0.254880000955,2.137
0.254890000955,2.16825
0.254900000955,2.16825
0.254910000955,2.16825
0.254920000955,2.137
0.254930000955,2.16825
0.254940000955,2.1995
0.254950000955,2.16825
0.254960000955,2.16825
0.254970000955,2.16825
0.254980000955,2.16825
0.254990000955,2.1995
0.255000000955,2.16825
0.255010000955,2.1995
0.255020000955,2.16825
0.255030000955,2.16825
0.255040000955,2.137
0.255050000955,2.16825
0.255060000955,2.137
0.255070000955,2.16825
0.255080000955,2.137
0.255090000955,2.16825
0.255100000955,2.137
0.255110000955,2.16825
0.255120000955,2.16825
0.255130000955,2.16825
0.255140000955,2.137
0.255150000955,2.137
0.255160000955,2.137
0.255170000955,2.137
0.255180000955,2.137
0.255190000955,2.137
0.255200000955,2.137
0.255210000955,2.137
0.255220000955,2.1995
0.255230000955,2.16825
0.255240000955,2.137
0.255250000955,2.1995
0.255260000955,2.16825
0.255270000955,2.137
0.255280000955,2.1995
0.255290000955,2.137
0.255300000955,2.137
0.255310000955,2.1995
0.255320000955,2.137
0.255330000955,2.137
0.255340000955,2.16825
0.255350000955,2.16825
0.255360000955,2.137
0.255370000955,2.16825
0.255380000955,2.16825
0.255390000955,2.137
0.255400000955,2.16825
0.255410000955,2.1995
0.255420000955,2.16825
0.255430000955,2.16825
0.255440000955,2.16825
0.255450000955,2.137
0.255460000955,2.137
0.255470000955,2.137
0.255480000955,2.16825
0.255490000955,2.137
0.255500000955,2.137
0.255510000955,2.1995
0.255520000955,2.16825
0.255530000955,2.137
0.255540000955,2.16825
0.255550000955,2.16825
0.255560000955,2.16825
0.255570000955,2.1995
0.255580000955,2.137
0.255590000955,2.137
0.255600000955,2.16825
0.255610000955,2.1995
0.255620000955,2.137
0.255630000955,2.137
0.255640000955,2.137
0.255650000955,2.16825
0.255660000955,2.16825
0.255670000955,2.16825
0.255680000955,2.16825
0.255690000955,2.16825
0.255700000955,2.137
0.255710000955,2.16825
0.255720000955,2.137
0.255730000955,2.137
0.255740000955,2.16825
0.255750000955,2.1995
0.255760000955,2.1995
0.255770000955,2.16825
0.255780000955,2.16825
0.255790000955,2.16825
0.255800000955,2.16825
0.255810000955,2.16825
0.255820000955,2.16825
0.255830000955,2.16825
0.255840000955,2.16825
0.255850000955,2.137
0.255860000955,2.137
0.255870000955,2.137
0.255880000955,2.16825
0.255890000955,2.16825
0.255900000955,2.16825
0.255910000955,2.1995
0.255920000955,2.16825
0.255930000955,2.137
0.255940000955,2.137
0.255950000955,2.16825
0.255960000955,2.16825
0.255970000955,2.16825
0.255980000955,2.137
0.255990000955,2.137
0.256000000955,2.16825
0.256010000955,2.16825
0.256020000955,2.137
0.256030000955,2.137
0.256040000955,2.137
0.256050000955,2.137
0.256060000955,2.137
0.256070000955,2.137
0.256080000955,2.137
0.256090000955,2.137
0.256100000955,2.16825
0.256110000955,2.137
0.256120000955,2.16825
0.256130000955,2.10575
0.256140000955,2.16825
0.256150000955,2.137
0.256160000955,2.137
0.256170000955,2.16825
0.256180000955,2.16825
0.256190000955,2.1995
0.256200000955,2.16825
0.256210000955,2.137
0.256220000955,2.137
0.256230000955,2.1995
0.256240000955,2.16825
0.256250000955,2.137
0.256260000955,2.137
0.256270000955,2.137
0.256280000955,2.137
0.256290000955,2.137
0.256300000955,2.137
0.256310000955,2.10575
0.256320000955,2.137
0.256330000955,2.10575
0.256340000955,2.137
0.256350000955,2.16825
0.256360000955,2.16825
0.256370000955,2.137
0.256380000955,2.137
0.256390000955,2.16825
0.256400000955,2.137
0.256410000955,2.137
0.256420000955,2.16825
0.256430000955,2.137
0.256440000955,2.16825
0.256450000955,2.137
0.256460000955,2.137
0.256470000955,2.16825
0.256480000955,2.137
0.256490000955,2.16825
0.256500000955,2.137
0.256510000955,2.16825
0.256520000955,2.137
0.256530000955,2.137
0.256540000955,2.137
0.256550000955,2.16825
0.256560000955,2.10575
0.256570000955,2.137
0.256580000955,2.16825
0.256590000955,2.137
0.256600000955,2.137
0.256610000955,2.10575
0.256620000955,2.137
0.256630000955,2.137
0.256640000955,2.16825
0.256650000955,2.137
0.256660000955,2.137
0.256670000955,2.137
0.256680000955,2.16825
0.256690000955,2.137
0.256700000955,2.137
0.256710000955,2.137
0.256720000955,2.16825
0.256730000955,2.137
0.256740000955,2.16825
0.256750000955,2.137
0.256760000955,2.137
0.256770000955,2.16825
0.256780000955,2.137
0.256790000955,2.16825
0.256800000955,2.16825
0.256810000955,2.137
0.256820000955,2.16825
0.256830000955,2.10575
0.256840000955,2.137
0.256850000955,2.137
0.256860000955,2.137
0.256870000955,2.137
0.256880000955,2.137
0.256890000955,2.16825
0.256900000955,2.16825
0.256910000955,2.16825
0.256920000955,2.16825
0.256930000955,2.137
0.256940000955,2.137
0.256950000955,2.16825
0.256960000955,2.16825
0.256970000955,2.16825
0.256980000955,2.10575
0.256990000955,2.1995
0.257000000955,2.137
0.257010000955,2.16825
0.257020000955,2.137
0.257030000955,2.16825
0.257040000955,2.137
0.257050000955,2.16825
0.257060000955,2.16825
0.257070000955,2.16825
0.257080000955,2.16825
0.257090000955,2.137
0.257100000955,2.137
0.257110000955,2.137
0.257120000955,2.137
0.257130000955,2.137
0.257140000955,2.137
0.257150000955,2.16825
0.257160000955,2.137
0.257170000955,2.1995
0.257180000955,2.10575
0.257190000955,2.16825
0.257200000955,2.137
0.257210000955,2.137
0.257220000955,2.137
0.257230000955,2.16825
0.257240000955,2.137
0.257250000955,2.16825
0.257260000955,2.137
0.257270000955,2.16825
0.257280000955,2.137
0.257290000955,2.16825
0.257300000955,2.137
0.257310000955,2.137
0.257320000955,2.16825
0.257330000955,2.16825
0.257340000955,2.137
0.257350000955,2.16825
0.257360000955,2.16825
0.257370000955,2.16825
0.257380000955,2.16825
0.257390000955,2.16825
0.257400000955,2.16825
0.257410000955,2.1995
0.257420000955,2.137
0.257430000955,2.137
0.257440000955,2.16825
0.257450000955,2.16825
0.257460000955,2.16825
0.257470000955,2.16825
0.257480000955,2.137
0.257490000955,2.10575
0.257500000955,2.137
0.257510000955,2.137
0.257520000955,2.137
0.257530000955,2.137
0.257540000955,2.16825
0.257550000955,2.137
0.257560000955,2.137
0.257570000955,2.137
0.257580000955,2.137
0.257590000955,2.16825
0.257600000955,2.137
0.257610000955,2.137
0.257620000955,2.137
0.257630000955,2.10575
0.257640000955,2.16825
0.257650000955,2.16825
0.257660000955,2.16825
0.257670000955,2.137
0.257680000955,2.137
0.257690000955,2.137
0.257700000955,2.137
0.257710000955,2.137
0.257720000955,2.137
0.257730000955,2.137
0.257740000955,2.137
0.257750000955,2.137
0.257760000955,2.16825
0.257770000955,2.137
0.257780000955,2.16825
0.257790000955,2.137
0.257800000955,2.16825
0.257810000955,2.137
0.257820000955,2.16825
0.257830000955,2.16825
0.257840000955,2.10575
0.257850000955,2.137
0.257860000955,2.137
0.257870000955,2.16825
0.257880000955,2.1995
0.257890000955,2.10575
0.257900000955,2.16825
0.257910000955,2.16825
0.257920000955,2.137
0.257930000955,2.137
0.257940000955,2.137
0.257950000955,2.137
0.257960000955,2.16825
0.257970000955,2.16825
0.257980000955,2.137
0.257990000955,2.137
0.258000000955,2.137
0.258010000955,2.137
0.258020000955,2.137
0.258030000955,2.137
0.258040000955,2.10575
0.258050000955,2.137
0.258060000955,2.1995
0.258070000955,2.137
0.258080000955,2.16825
0.258090000955,2.137
0.258100000955,2.16825
0.258110000955,2.137
0.258120000955,2.16825
0.258130000955,2.137
0.258140000955,2.137
0.258150000955,2.10575
0.258160000955,2.137
0.258170000955,2.137
0.258180000955,2.137
0.258190000955,2.137
0.258200000955,2.1995
0.258210000955,2.137
0.258220000955,2.137
0.258230000955,2.137
0.258240000955,2.137
0.258250000955,2.16825
0.258260000955,2.137
0.258270000955,2.137
0.258280000955,2.137
0.258290000955,2.16825
0.258300000955,2.137
0.258310000955,2.16825
0.258320000955,2.137
0.258330000955,2.137
0.258340000955,2.137
0.258350000955,2.137
0.258360000955,2.16825
0.258370000955,2.137
0.258380000955,2.16825
0.258390000955,2.137
0.258400000955,2.16825
0.258410000955,2.137
0.258420000955,2.16825
0.258430000955,2.137
0.258440000955,2.10575
0.258450000955,2.137
0.258460000955,2.137
0.258470000955,2.137
0.258480000955,2.10575
0.258490000955,2.16825
0.258500000955,2.137
0.258510000955,2.16825
0.258520000955,2.137
0.258530000955,2.137
0.258540000955,2.16825
0.258550000955,2.10575
0.258560000955,2.16825
0.258570000955,2.137
0.258580000955,2.16825
0.258590000955,2.137
0.258600000955,2.16825
0.258610000955,2.137
0.258620000955,2.137
0.258630000955,2.10575
0.258640000955,2.137
0.258650000955,2.16825
0.258660000955,2.137
0.258670000955,2.137
0.258680000955,2.137
0.258690000955,2.137
0.258700000955,2.16825
0.258710000955,2.137
0.258720000955,2.16825
0.258730000955,2.16825
0.258740000955,2.137
0.258750000955,2.137
0.258760000955,2.16825
0.258770000955,2.137
0.258780000955,2.137
0.258790000955,2.137
0.258800000955,2.16825
0.258810000955,2.137
0.258820000955,2.137
0.258830000955,2.137
0.258840000955,2.137
0.258850000955,2.16825
0.258860000955,2.16825
0.258870000955,2.137
0.258880000955,2.16825
0.258890000955,2.137
0.258900000955,2.137
0.258910000955,2.137
0.258920000955,2.137
0.258930000955,2.16825
0.258940000955,2.137
0.258950000955,2.16825
0.258960000955,2.137
0.258970000955,2.137
0.258980000955,2.16825
0.258990000955,2.10575
0.259000000955,2.16825
0.259010000955,2.16825
0.259020000955,2.137
0.259030000955,2.137
0.259040000955,2.10575
0.259050000955,2.16825
0.259060000955,2.16825
0.259070000955,2.137
0.259080000955,2.16825
0.259090000955,2.16825
0.259100000955,2.16825
0.259110000955,2.10575
0.259120000955,2.16825
0.259130000955,2.16825
0.259140000955,2.16825
0.259150000955,2.137
0.259160000955,2.16825
0.259170000955,2.137
0.259180000955,2.137
0.259190000955,2.137
0.259200000955,2.10575
0.259210000955,2.137
0.259220000955,2.137
0.259230000955,2.16825
0.259240000955,2.16825
0.259250000955,2.137
0.259260000955,2.10575
0.259270000955,2.10575
0.259280000955,2.1995
0.259290000955,2.10575
0.259300000955,2.137
0.259310000955,2.16825
0.259320000955,2.137
0.259330000955,2.16825
0.259340000955,2.1995
0.259350000955,2.137
0.259360000955,2.137
0.259370000955,2.137
0.259380000955,2.137
0.259390000955,2.137
0.259400000955,2.16825
0.259410000955,2.16825
0.259420000955,2.16825
0.259430000955,2.137
0.259440000955,2.137
0.259450000955,2.137
0.259460000955,2.137
0.259470000955,2.137
0.259480000955,2.16825
0.259490000955,2.16825
0.259500000955,2.16825
0.259510000955,2.137
0.259520000955,2.10575
0.259530000955,2.137
0.259540000955,2.16825
0.259550000955,2.16825
0.259560000955,2.16825
0.259570000955,2.137
0.259580000955,2.137
0.259590000955,2.137
0.259600000955,2.137
0.259610000955,2.137
0.259620000955,2.16825
0.259630000955,2.16825
0.259640000955,2.137
0.259650000955,2.16825
0.259660000955,2.16825
0.259670000955,2.137
0.259680000955,2.137
0.259690000955,2.137
0.259700000955,2.137
0.259710000955,2.137
0.259720000955,2.137
0.259730000955,2.137
0.259740000955,2.16825
0.259750000955,2.137
0.259760000955,2.137
0.259770000955,2.16825
0.259780000955,2.16825
0.259790000955,2.137
0.259800000955,2.137
0.259810000955,2.16825
0.259820000955,2.137
0.259830000955,2.137
0.259840000955,2.137
0.259850000955,2.137
0.259860000955,2.137
0.259870000955,2.137
0.259880000955,2.16825
0.259890000955,2.16825
0.259900000955,2.137
0.259910000955,2.16825
0.259920000955,2.137
0.259930000955,2.137
0.259940000955,2.16825
0.259950000955,2.137
0.259960000955,2.137
0.259970000955,2.137
0.259980000955,2.16825
0.259990000955,2.16825
0.260000000955,2.137
0.260010000955,2.137
0.260020000955,2.16825
0.260030000955,2.137
0.260040000955,2.137
0.260050000955,2.137
0.260060000955,2.137
0.260070000955,2.10575
0.260080000955,2.16825
0.260090000955,2.16825
0.260100000955,2.16825
0.260110000955,2.137
0.260120000955,2.137
0.260130000955,2.137
0.260140000955,2.137
0.260150000955,2.137
0.260160000955,2.137
0.260170000955,2.137
0.260180000955,2.16825
0.260190000955,2.137
0.260200000955,2.16825
0.260210000955,2.16825
0.260220000955,2.16825
0.260230000955,2.137
0.260240000955,2.1995
0.260250000955,2.137
0.260260000955,2.137
0.260270000955,2.16825
0.260280000955,2.16825
0.260290000955,2.137
0.260300000955,2.137
0.260310000955,2.0745
0.260320000955,2.137
0.260330000955,2.137
0.260340000955,2.137
0.260350000955,2.16825
0.260360000955,2.137
0.260370000955,2.10575
0.260380000955,2.16825
0.260390000955,2.137
0.260400000955,2.137
0.260410000955,2.16825
0.260420000955,2.10575
0.260430000955,2.137
0.260440000955,2.137
0.260450000955,2.137
0.260460000955,2.16825
0.260470000955,2.16825
0.260480000955,2.137
0.260490000955,2.16825
0.260500000955,2.137
0.260510000955,2.1995
0.260520000955,2.16825
0.260530000955,2.137
0.260540000955,2.137
0.260550000955,2.137
0.260560000955,2.16825
0.260570000955,2.16825
0.260580000955,2.10575
0.260590000955,2.137
0.260600000955,2.137
0.260610000955,2.16825
0.260620000955,2.16825
0.260630000955,2.137
0.260640000955,2.137
0.260650000955,2.137
0.260660000955,2.16825
0.260670000955,2.16825
0.260680000955,2.10575
0.260690000955,2.137
0.260700000955,2.16825
0.260710000955,2.16825
0.260720000955,2.137
0.260730000955,2.137
0.260740000955,2.137
0.260750000955,2.16825
0.260760000955,2.137
0.260770000955,2.137
0.260780000955,2.137
0.260790000955,2.16825
0.260800000955,2.137
0.260810000955,2.16825
0.260820000955,2.137
0.260830000955,2.137
0.260840000955,2.137
0.260850000955,2.16825
0.260860000955,2.137
0.260870000955,2.16825
0.260880000955,2.16825
0.260890000955,2.16825
0.260900000955,2.10575
0.260910000955,2.16825
0.260920000955,2.137
0.260930000955,2.137
0.260940000955,2.137
0.260950000955,2.16825
0.260960000955,2.16825
0.260970000955,2.16825
0.260980000955,2.16825
0.260990000955,2.16825
0.261000000955,2.137
0.261010000955,2.137
0.261020000955,2.16825
0.261030000955,2.137
0.261040000955,2.1995
0.261050000955,2.137
0.261060000955,2.16825
0.261070000955,2.137
0.261080000955,2.16825
0.261090000955,2.137
0.261100000955,2.137
0.261110000955,2.137
0.261120000955,2.16825
0.261130000955,2.16825
0.261140000955,2.137
0.261150000955,2.137
0.261160000955,2.16825
0.261170000955,2.137
0.261180000955,2.137
0.261190000955,2.137
0.261200000955,2.137
0.261210000955,2.16825
0.261220000955,2.137
0.261230000955,2.137
0.261240000955,2.16825
0.261250000955,2.137
0.261260000955,2.10575
0.261270000955,2.137
0.261280000955,2.16825
0.261290000955,2.137
0.261300000955,2.16825
0.261310000955,2.1995
0.261320000955,2.16825
0.261330000955,2.137
0.261340000955,2.10575
0.261350000955,2.137
0.261360000955,2.16825
0.261370000955,2.16825
0.261380000955,2.137
0.261390000955,2.137
0.261400000955,2.16825
0.261410000955,2.137
0.261420000955,2.137
0.261430000955,2.137
0.261440000955,2.16825
0.261450000955,2.16825
0.261460000955,2.10575
0.261470000955,2.16825
0.261480000955,2.16825
0.261490000955,2.137
0.261500000955,2.137
0.261510000955,2.1995
0.261520000955,2.16825
0.261530000955,2.16825
0.261540000955,2.137
0.261550000955,2.16825
0.261560000955,2.16825
0.261570000955,2.137
0.261580000955,2.16825
0.261590000955,2.137
0.261600000955,2.137
0.261610000955,2.137
0.261620000955,2.137
0.261630000955,2.137
0.261640000955,2.16825
0.261650000955,2.137
0.261660000955,2.137
0.261670000955,2.137
0.261680000955,2.16825
0.261690000955,2.137
0.261700000955,2.137
0.261710000955,2.10575
0.261720000955,2.16825
0.261730000955,2.16825
0.261740000955,2.137
0.261750000955,2.16825
0.261760000955,2.137
0.261770000955,2.16825
0.261780000955,2.137
0.261790000955,2.137
0.261800000955,2.16825
0.261810000955,2.16825
0.261820000955,2.137
0.261830000955,2.137
0.261840000955,2.16825
0.261850000955,2.137
0.261860000955,2.16825
0.261870000955,2.137
0.261880000955,2.137
0.261890000955,2.137
0.261900000955,2.16825
0.261910000955,2.137
0.261920000955,2.137
0.261930000955,2.16825
0.261940000955,2.16825
0.261950000955,2.137
0.261960000955,2.137
0.261970000955,2.16825
0.261980000955,2.16825
0.261990000955,2.16825
0.262000000955,2.137
0.262010000955,2.16825
0.262020000955,2.137
0.262030000955,2.137
0.262040000955,2.16825
0.262050000955,2.137
0.262060000955,2.16825
0.262070000955,2.16825
0.262080000955,2.16825
0.262090000955,2.137
0.262100000955,2.137
0.262110000955,2.16825
0.262120000955,2.1995
0.262130000955,2.137
0.262140000955,2.137
0.262150000955,2.16825
0.262160000955,2.16825
0.262170000955,2.137
0.262180000955,2.16825
0.262190000955,2.16825
0.262200000955,2.16825
0.262210000955,2.137
0.262220000955,2.137
0.262230000955,2.16825
0.262240000955,2.137
0.262250000955,2.137
0.262260000955,2.137
0.262270000955,2.137
0.262280000955,2.16825
0.262290000955,2.137
0.262300000955,2.137
0.262310000955,2.137
0.262320000955,2.16825
0.262330000955,2.137
0.262340000955,2.137
0.262350000955,2.137
0.262360000955,2.16825
0.262370000955,2.16825
0.262380000955,2.1995
0.262390000955,2.16825
0.262400000955,2.16825
0.262410000955,2.10575
0.262420000955,2.137
0.262430000955,2.137
0.262440000955,2.137
0.262450000955,2.137
0.262460000955,2.16825
0.262470000955,2.137
0.262480000955,2.16825
0.262490000955,2.137
0.262500000955,2.137
0.262510000955,2.16825
0.262520000955,2.137
0.262530000955,2.16825
0.262540000955,2.137
0.262550000955,2.16825
0.262560000955,2.137
0.262570000955,2.16825
0.262580000955,2.137
0.262590000955,2.1995
0.262600000955,2.10575
0.262610000955,2.137
0.262620000955,2.16825
0.262630000955,2.137
0.262640000955,2.137
0.262650000955,2.137
0.262660000955,2.16825
0.262670000955,2.16825
0.262680000955,2.137
0.262690000955,2.16825
0.262700000955,2.137
0.262710000955,2.137
0.262720000955,2.16825
0.262730000955,2.16825
0.262740000955,2.16825
0.262750000955,2.137
0.262760000955,2.1995
0.262770000955,2.137
0.262780000955,2.137
0.262790000955,2.16825
0.262800000955,2.1995
0.262810000955,2.137
0.262820000955,2.137
0.262830000955,2.137
0.262840000955,2.137
0.262850000955,2.137
0.262860000955,2.16825
0.262870000955,2.16825
0.262880000955,2.137
0.262890000955,2.16825
0.262900000955,2.137
0.262910000955,2.16825
0.262920000955,2.10575
0.262930000955,2.16825
0.262940000955,2.1995
0.262950000955,2.16825
0.262960000955,2.16825
0.262970000955,2.137
0.262980000955,2.16825
0.262990000955,2.16825
0.263000000955,2.137
0.263010000955,2.137
0.263020000955,2.16825
0.263030000955,2.137
0.263040000955,2.137
0.263050000955,2.16825
0.263060000955,2.16825
0.263070000955,2.137
0.263080000955,2.16825
0.263090000955,2.10575
0.263100000955,2.16825
0.263110000955,2.137
0.263120000955,2.137
0.263130000955,2.16825
0.263140000955,2.16825
0.263150000955,2.137
0.263160000955,2.16825
0.263170000955,2.16825
0.263180000955,2.16825
0.263190000955,2.16825
0.263200000955,2.137
0.263210000955,2.137
0.263220000955,2.16825
0.263230000955,2.137
0.263240000955,2.137
0.263250000955,2.16825
0.263260000955,2.16825
0.263270000955,2.137
0.263280000955,2.16825
0.263290000955,2.16825
0.263300000955,2.16825
0.263310000955,2.137
0.263320000955,2.10575
0.263330000955,2.137
0.263340000955,2.137
0.263350000955,2.16825
0.263360000955,2.16825
0.263370000955,2.137
0.263380000955,2.137
0.263390000955,2.137
0.263400000955,2.137
0.263410000955,2.137
0.263420000955,2.16825
0.263430000955,2.16825
0.263440000955,2.137
0.263450000955,2.10575
0.263460000955,2.16825
0.263470000955,2.137
0.263480000955,2.137
0.263490000955,2.16825
0.263500000955,2.16825
0.263510000955,2.137
0.263520000955,2.16825
0.263530000955,2.16825
0.263540000955,2.16825
0.263550000955,2.10575
0.263560000955,2.137
0.263570000955,2.137
0.263580000955,2.137
0.263590000955,2.16825
0.263600000955,2.16825
0.263610000955,2.16825
0.263620000955,2.16825
0.263630000955,2.137
0.263640000955,2.16825
0.263650000955,2.137
0.263660000955,2.137
0.263670000955,2.137
0.263680000955,2.137
0.263690000955,2.137
0.263700000955,2.16825
0.263710000955,2.137
0.263720000955,2.137
0.263730000955,2.137
0.263740000955,2.137
0.263750000955,2.137
0.263760000955,2.10575
0.263770000955,2.16825
0.263780000955,2.137
0.263790000955,2.16825
0.263800000955,2.137
0.263810000955,2.16825
0.263820000955,2.137
0.263830000955,2.137
0.263840000955,2.16825
0.263850000955,2.16825
0.263860000955,2.137
0.263870000955,2.16825
0.263880000955,2.16825
0.263890000955,2.137
0.263900000955,2.137
0.263910000955,2.137
0.263920000955,2.16825
0.263930000955,2.137
0.263940000955,2.16825
0.263950000955,2.137
0.263960000955,2.137
0.263970000955,2.137
0.263980000955,2.16825
0.263990000955,2.16825
0.264000000955,2.16825
0.264010000955,2.137
0.264020000955,2.16825
0.264030000955,2.16825
0.264040000955,2.1995
0.264050000955,2.137
0.264060000955,2.1995
0.264070000955,2.16825
0.264080000955,2.16825
0.264090000955,2.137
0.264100000955,2.10575
0.264110000955,2.16825
0.264120000955,2.16825
0.264130000955,2.16825
0.264140000955,2.137
0.264150000955,2.137
0.264160000955,2.137
0.264170000955,2.16825
0.264180000955,2.16825
0.264190000955,2.137
0.264200000955,2.137
0.264210000955,2.137
0.264220000955,2.16825
0.264230000955,2.1995
0.264240000955,2.137
0.264250000955,2.16825
0.264260000955,2.137
0.264270000955,2.137
0.264280000955,2.1995
0.264290000955,2.16825
0.264300000955,2.137
0.264310000955,2.137
0.264320000955,2.16825
0.264330000955,2.137
0.264340000955,2.16825
0.264350000955,2.16825
0.264360000955,2.16825
0.264370000955,2.16825
0.264380000955,2.16825
0.264390000955,2.137
0.264400000955,2.137
0.264410000955,2.137
0.264420000955,2.16825
0.264430000955,2.10575
0.264440000955,2.16825
0.264450000955,2.16825
0.264460000955,2.137
0.264470000955,2.16825
0.264480000955,2.16825
0.264490000955,2.16825
0.264500000955,2.137
0.264510000955,2.137
0.264520000955,2.137
0.264530000955,2.137
0.264540000955,2.137
0.264550000955,2.16825
0.264560000955,2.16825
0.264570000955,2.16825
0.264580000955,2.16825
0.264590000955,2.1995
0.264600000955,2.137
0.264610000955,2.137
0.264620000955,2.16825
0.264630000955,2.16825
0.264640000955,2.16825
0.264650000955,2.137
0.264660000955,2.16825
0.264670000955,2.16825
0.264680000955,2.137
0.264690000955,2.10575
0.264700000955,2.137
0.264710000955,2.16825
0.264720000955,2.16825
0.264730000955,2.137
0.264740000955,2.16825
0.264750000955,2.16825
0.264760000955,2.16825
0.264770000955,2.16825
0.264780000955,2.16825
0.264790000955,2.137
0.264800000955,2.1995
0.264810000955,2.16825
0.264820000955,2.16825
0.264830000955,2.16825
0.264840000955,2.16825
0.264850000955,2.137
0.264860000955,2.16825
0.264870000955,2.137
0.264880000955,2.16825
0.264890000955,2.137
0.264900000955,2.16825
0.264910000955,2.16825
0.264920000955,2.16825
0.264930000955,2.137
0.264940000955,2.10575
0.264950000955,2.16825
0.264960000955,2.16825
0.264970000955,2.16825
0.264980000955,2.1995
0.264990000955,2.16825
0.265000000955,2.137
0.265010000955,2.1995
0.265020000955,2.137
0.265030000955,2.16825
0.265040000955,2.137
0.265050000955,2.10575
0.265060000955,2.16825
0.265070000955,2.1995
0.265080000955,2.137
0.265090000955,2.137
0.265100000955,2.16825
0.265110000955,2.10575
0.265120000955,2.1995
0.265130000955,2.137
0.265140000955,2.16825
0.265150000955,2.16825
0.265160000955,2.16825
0.265170000955,2.137
0.265180000955,2.137
0.265190000955,2.137
0.265200000955,2.10575
0.265210000955,2.16825
0.265220000955,2.16825
0.265230000955,2.16825
0.265240000955,2.16825
0.265250000955,2.16825
0.265260000955,2.16825
0.265270000955,2.137
0.265280000955,2.16825
0.265290000955,2.137
0.265300000955,2.137
0.265310000955,2.137
0.265320000955,2.16825
0.265330000955,2.16825
0.265340000955,2.137
0.265350000955,2.16825
0.265360000955,2.16825
0.265370000955,2.137
0.265380000955,2.16825
0.265390000955,2.137
0.265400000955,2.16825
0.265410000955,2.16825
0.265420000955,2.16825
0.265430000955,2.16825
0.265440000955,2.137
0.265450000955,2.16825
0.265460000955,2.16825
0.265470000955,2.137
0.265480000955,2.1995
0.265490000955,2.16825
0.265500000955,2.16825
0.265510000955,2.137
0.265520000955,2.16825
0.265530000955,2.16825
0.265540000955,2.16825
0.265550000955,2.1995
0.265560000955,2.137
0.265570000955,2.16825
0.265580000955,2.137
0.265590000955,2.16825
0.265600000955,2.16825
0.265610000955,2.16825
0.265620000955,2.137
0.265630000955,2.137
0.265640000955,2.16825
0.265650000955,2.16825
0.265660000955,2.16825
0.265670000955,2.137
0.265680000955,2.16825
0.265690000955,2.137
0.265700000955,2.16825
0.265710000955,2.16825
0.265720000955,2.16825
0.265730000955,2.1995
0.265740000955,2.16825
0.265750000955,2.137
0.265760000955,2.137
0.265770000955,2.16825
0.265780000955,2.16825
0.265790000955,2.16825
0.265800000955,2.16825
0.265810000955,2.137
0.265820000955,2.137
0.265830000955,2.16825
0.265840000955,2.137
0.265850000955,2.10575
0.265860000955,2.16825
0.265870000955,2.137
0.265880000955,2.16825
0.265890000955,2.16825
0.265900000955,2.16825
0.265910000955,2.1995
0.265920000955,2.1995
0.265930000955,2.16825
0.265940000955,2.16825
0.265950000955,2.16825
0.265960000955,2.16825
0.265970000955,2.137
0.265980000955,2.16825
0.265990000955,2.16825
0.266000000955,2.16825
0.266010000955,2.137
0.266020000955,2.16825
0.266030000955,2.16825
0.266040000955,2.1995
0.266050000955,2.137
0.266060000955,2.16825
0.266070000955,2.137
0.266080000955,2.16825
0.266090000955,2.16825
0.266100000955,2.16825
0.266110000955,2.16825
0.266120000955,2.16825
0.266130000955,2.16825
0.266140000955,2.16825
0.266150000955,2.16825
0.266160000955,2.137
0.266170000955,2.16825
0.266180000955,2.137
0.266190000955,2.16825
0.266200000955,2.16825
0.266210000955,2.137
0.266220000955,2.16825
0.266230000955,2.16825
0.266240000955,2.16825
0.266250000955,2.137
0.266260000955,2.16825
0.266270000955,2.16825
0.266280000955,2.16825
0.266290000955,2.137
0.266300000955,2.16825
0.266310000955,2.137
0.266320000955,2.1995
0.266330000955,2.137
0.266340000955,2.16825
0.266350000955,2.137
0.266360000955,2.16825
0.266370000955,2.16825
0.266380000955,2.16825
0.266390000955,2.137
0.266400000955,2.137
0.266410000955,2.137
0.266420000955,2.16825
0.266430000955,2.1995
0.266440000955,2.137
0.266450000955,2.137
0.266460000955,2.16825
0.266470000955,2.137
0.266480000955,2.16825
0.266490000955,2.16825
0.266500000955,2.137
0.266510000955,2.137
0.266520000955,2.137
0.266530000955,2.137
0.266540000955,2.137
0.266550000955,2.137
0.266560000955,2.137
0.266570000955,2.137
0.266580000955,2.137
0.266590000955,2.16825
0.266600000955,2.16825
0.266610000955,2.137
0.266620000955,2.137
0.266630000955,2.16825
0.266640000955,2.137
0.266650000955,2.10575
0.266660000955,2.137
0.266670000955,2.16825
0.266680000955,2.16825
0.266690000955,2.1995
0.266700000955,2.16825
0.266710000955,2.137
0.266720000955,2.16825
0.266730000955,2.137
0.266740000955,2.16825
0.266750000955,2.16825
0.266760000955,2.16825
0.266770000955,2.137
0.266780000955,2.10575
0.266790000955,2.1995
0.266800000955,2.16825
0.266810000955,2.137
0.266820000955,2.16825
0.266830000955,2.137
0.266840000955,2.16825
0.266850000955,2.137
0.266860000955,2.1995
0.266870000955,2.16825
0.266880000955,2.16825
0.266890000955,2.137
0.266900000955,2.1995
0.266910000955,2.10575
0.266920000955,2.137
0.266930000955,2.16825
0.266940000955,2.16825
0.266950000955,2.1995
0.266960000955,2.16825
0.266970000955,2.16825
0.266980000955,2.137
0.266990000955,2.137
0.267000000955,2.137
0.267010000955,2.137
0.267020000955,2.16825
0.267030000955,2.1995
0.267040000955,2.137
0.267050000955,2.137
0.267060000955,2.137
0.267070000955,2.16825
0.267080000955,2.16825
0.267090000955,2.137
0.267100000955,2.16825
0.267110000955,2.16825
0.267120000955,2.16825
0.267130000955,2.137
0.267140000955,2.16825
0.267150000955,2.1995
0.267160000955,2.16825
0.267170000955,2.137
0.267180000955,2.16825
0.267190000955,2.137
0.267200000955,2.16825
0.267210000955,2.137
0.267220000955,2.137
0.267230000955,2.16825
0.267240000955,2.137
0.267250000955,2.16825
0.267260000955,2.137
0.267270000955,2.137
0.267280000955,2.16825
0.267290000955,2.16825
0.267300000955,2.137
0.267310000955,2.16825
0.267320000955,2.137
0.267330000955,2.16825
0.267340000955,2.137
0.267350000955,2.1995
0.267360000955,2.16825
0.267370000955,2.16825
0.267380000955,2.1995
0.267390000955,2.137
0.267400000955,2.16825
0.267410000955,2.1995
0.267420000955,2.137
0.267430000955,2.16825
0.267440000955,2.16825
0.267450000955,2.16825
0.267460000955,2.16825
0.267470000955,2.137
0.267480000955,2.137
0.267490000955,2.137
0.267500000955,2.137
0.267510000955,2.137
0.267520000955,2.137
0.267530000955,2.16825
0.267540000955,2.137
0.267550000955,2.137
0.267560000955,2.1995
0.267570000955,2.16825
0.267580000955,2.137
0.267590000955,2.137
0.267600000955,2.137
0.267610000955,2.137
0.267620000955,2.16825
0.267630000955,2.16825
0.267640000955,2.16825
0.267650000955,2.16825
0.267660000955,2.137
0.267670000955,2.16825
0.267680000955,2.1995
0.267690000955,2.1995
0.267700000955,2.1995
0.267710000955,2.16825
0.267720000955,2.16825
0.267730000955,2.16825
0.267740000955,2.137
0.267750000955,2.16825
0.267760000955,2.16825
0.267770000955,2.16825
0.267780000955,2.1995
0.267790000955,2.16825
0.267800000955,2.16825
0.267810000955,2.16825
0.267820000955,2.1995
0.267830000955,2.137
0.267840000955,2.137
0.267850000955,2.137
0.267860000955,2.16825
0.267870000955,2.16825
0.267880000955,2.16825
0.267890000955,2.16825
0.267900000955,2.16825
0.267910000955,2.137
0.267920000955,2.1995
0.267930000955,2.16825
0.267940000955,2.137
0.267950000955,2.1995
0.267960000955,2.16825
0.267970000955,2.16825
0.267980000955,2.137
0.267990000955,2.16825
0.268000000955,2.16825
0.268010000955,2.16825
0.268020000955,2.16825
0.268030000955,2.16825
0.268040000955,2.16825
0.268050000955,2.137
0.268060000955,2.16825
0.268070000955,2.137
0.268080000955,2.16825
0.268090000955,2.137
0.268100000955,2.137
0.268110000955,2.16825
0.268120000955,2.137
0.268130000955,2.16825
0.268140000955,2.137
0.268150000955,2.137
0.268160000955,2.16825
0.268170000955,2.1995
0.268180000955,2.137
0.268190000955,2.16825
0.268200000955,2.16825
0.268210000955,2.16825
0.268220000955,2.137
0.268230000955,2.137
0.268240000955,2.16825
0.268250000955,2.137
0.268260000955,2.137
0.268270000955,2.1995
0.268280000955,2.16825
0.268290000955,2.16825
0.268300000955,2.16825
0.268310000955,2.16825
0.268320000955,2.16825
0.268330000955,2.16825
0.268340000955,2.137
0.268350000955,2.16825
0.268360000955,2.137
0.268370000955,2.16825
0.268380000955,2.16825
0.268390000955,2.16825
0.268400000955,2.16825
0.268410000955,2.137
0.268420000955,2.16825
0.268430000955,2.1995
0.268440000955,2.137
0.268450000955,2.16825
0.268460000955,2.10575
0.268470000955,2.16825
0.268480000955,2.137
0.268490000955,2.16825
0.268500000955,2.16825
0.268510000955,2.16825
0.268520000955,2.16825
0.268530000955,2.16825
0.268540000955,2.1995
0.268550000955,2.16825
0.268560000955,2.16825
0.268570000955,2.1995
0.268580000955,2.137
0.268590000955,2.137
0.268600000955,2.137
0.268610000955,2.16825
0.268620000955,2.16825
0.268630000955,2.16825
0.268640000955,2.16825
0.268650000955,2.137
0.268660000955,2.16825
0.268670000955,2.16825
0.268680000955,2.16825
0.268690000955,2.16825
0.268700000955,2.16825
0.268710000955,2.137
0.268720000955,2.16825
0.268730000955,2.137
0.268740000955,2.137
0.268750000955,2.137
0.268760000955,2.137
0.268770000955,2.16825
0.268780000955,2.137
0.268790000955,2.137
0.268800000955,2.137
0.268810000955,2.1995
0.268820000955,2.16825
0.268830000955,2.16825
0.268840000955,2.137
0.268850000955,2.16825
0.268860000955,2.137
0.268870000955,2.16825
0.268880000955,2.16825
0.268890000955,2.1995
0.268900000955,2.137
0.268910000955,2.16825
0.268920000955,2.16825
0.268930000955,2.137
0.268940000955,2.16825
0.268950000955,2.16825
0.268960000955,2.16825
0.268970000955,2.16825
0.268980000955,2.137
0.268990000955,2.137
0.269000000955,2.16825
0.269010000955,2.16825
0.269020000955,2.137
0.269030000955,2.16825
0.269040000955,2.137
0.269050000955,2.137
0.269060000955,2.1995
0.269070000955,2.137
0.269080000955,2.16825
0.269090000955,2.16825
0.269100000955,2.16825
0.269110000955,2.1995
0.269120000955,2.1995
0.269130000955,2.16825
0.269140000955,2.16825
0.269150000955,2.16825
0.269160000955,2.16825
0.269170000955,2.137
0.269180000955,2.137
0.269190000955,2.16825
0.269200000955,2.16825
0.269210000955,2.1995
0.269220000955,2.16825
0.269230000955,2.1995
0.269240000955,2.16825
0.269250000955,2.16825
0.269260000955,2.16825
0.269270000955,2.137
0.269280000955,2.137
0.269290000955,2.16825
0.269300000955,2.1995
0.269310000955,2.16825
0.269320000955,2.1995
0.269330000955,2.137
0.269340000955,2.16825
0.269350000955,2.16825
0.269360000955,2.16825
0.269370000955,2.16825
0.269380000955,2.16825
0.269390000955,2.137
0.269400000955,2.1995
0.269410000955,2.16825
0.269420000955,2.16825
0.269430000955,2.16825
0.269440000955,2.137
0.269450000955,2.137
0.269460000955,2.137
0.269470000955,2.137
0.269480000955,2.16825
0.269490000955,2.16825
0.269500000955,2.1995
0.269510000955,2.137
0.269520000955,2.16825
0.269530000955,2.1995
0.269540000955,2.16825
0.269550000955,2.16825
0.269560000955,2.16825
0.269570000955,2.16825
0.269580000955,2.16825
0.269590000955,2.137
0.269600000955,2.137
0.269610000955,2.16825
0.269620000955,2.16825
0.269630000955,2.16825
0.269640000955,2.16825
0.269650000955,2.1995
0.269660000955,2.137
0.269670000955,2.1995
0.269680000955,2.16825
0.269690000955,2.137
0.269700000955,2.16825
0.269710000955,2.16825
0.269720000955,2.16825
0.269730000955,2.16825
0.269740000955,2.16825
0.269750000955,2.16825
0.269760000955,2.137
0.269770000955,2.10575
0.269780000955,2.16825
0.269790000955,2.16825
0.269800000955,2.23075
0.269810000955,2.1995
0.269820000955,2.16825
0.269830000955,2.16825
0.269840000955,2.1995
0.269850000955,2.1995
0.269860000955,2.16825
0.269870000955,2.16825
0.269880000955,2.16825
0.269890000955,2.16825
0.269900000955,2.137
0.269910000955,2.16825
0.269920000955,2.137
0.269930000955,2.137
0.269940000955,2.16825
0.269950000955,2.137
0.269960000955,2.1995
0.269970000955,2.1995
0.269980000955,2.137
0.269990000955,2.1995
0.270000000955,2.1995
0.270010000955,2.16825
0.270020000955,2.137
0.270030000955,2.16825
0.270040000955,2.16825
0.270050000955,2.1995
0.270060000955,2.16825
0.270070000955,2.16825
0.270080000955,2.16825
0.270090000955,2.16825
0.270100000955,2.16825
0.270110000955,2.137
0.270120000955,2.16825
0.270130000955,2.16825
0.270140000955,2.1995
0.270150000955,2.137
0.270160000955,2.137
0.270170000955,2.1995
0.270180000955,2.1995
0.270190000955,2.16825
0.270200000955,2.16825
0.270210000955,2.16825
0.270220000955,2.16825
0.270230000955,2.137
0.270240000955,2.16825
0.270250000955,2.16825
0.270260000955,2.16825
0.270270000955,2.16825
0.270280000955,2.137
0.270290000955,2.16825
0.270300000955,2.16825
0.270310000955,2.137
0.270320000955,2.1995
0.270330000955,2.137
0.270340000955,2.1995
0.270350000955,2.16825
0.270360000955,2.1995
0.270370000955,2.137
0.270380000955,2.137
0.270390000955,2.16825
0.270400000955,2.137
0.270410000955,2.16825
0.270420000955,2.1995
0.270430000955,2.16825
0.270440000955,2.16825
0.270450000955,2.16825
0.270460000955,2.137
0.270470000955,2.16825
0.270480000955,2.137
0.270490000955,2.1995
0.270500000955,2.16825
0.270510000955,2.16825
0.270520000955,2.137
0.270530000955,2.16825
0.270540000955,2.16825
0.270550000955,2.137
0.270560000955,2.1995
0.270570000955,2.10575
0.270580000955,2.16825
0.270590000955,2.16825
0.270600000955,2.16825
0.270610000955,2.16825
0.270620000955,2.16825
0.270630000955,2.16825
0.270640000955,2.137
0.270650000955,2.16825
0.270660000955,2.16825
0.270670000955,2.16825
0.270680000955,2.16825
0.270690000955,2.137
0.270700000955,2.137
0.270710000955,2.16825
0.270720000955,2.16825
0.270730000955,2.137
0.270740000955,2.137
0.270750000955,2.16825
0.270760000955,2.137
0.270770000955,2.137
0.270780000955,2.16825
0.270790000955,2.16825
0.270800000955,2.16825
0.270810000955,2.16825
0.270820000955,2.1995
0.270830000955,2.16825
0.270840000955,2.137
0.270850000955,2.16825
0.270860000955,2.16825
0.270870000955,2.137
0.270880000955,2.16825
0.270890000955,2.137
0.270900000955,2.16825
0.270910000955,2.16825
0.270920000955,2.137
0.270930000955,2.16825
0.270940000955,2.16825
0.270950000955,2.16825
0.270960000955,2.16825
0.270970000955,2.16825
0.270980000955,2.137
0.270990000955,2.16825
0.271000000955,2.137
0.271010000955,2.16825
0.271020000955,2.1995
0.271030000955,2.16825
0.271040000955,2.137
0.271050000955,2.16825
0.271060000955,2.137
0.271070000955,2.137
0.271080000955,2.137
0.271090000955,2.137
0.271100000955,2.16825
0.271110000955,2.16825
0.271120000955,2.16825
0.271130000955,2.137
0.271140000955,2.16825
0.271150000955,2.16825
0.271160000955,2.16825
0.271170000955,2.137
0.271180000955,2.137
0.271190000955,2.16825
0.271200000955,2.16825
0.271210000955,2.137
0.271220000955,2.137
0.271230000955,2.16825
0.271240000955,2.1995
0.271250000955,2.16825
0.271260000955,2.16825
0.271270000955,2.16825
0.271280000955,2.137
0.271290000955,2.23075
0.271300000955,2.137
0.271310000955,2.137
0.271320000955,2.16825
0.271330000955,2.137
0.271340000955,2.16825
0.271350000955,2.137
0.271360000955,2.16825
0.271370000955,2.1995
0.271380000955,2.16825
0.271390000955,2.137
0.271400000955,2.137
0.271410000955,2.1995
0.271420000955,2.16825
0.271430000955,2.16825
0.271440000955,2.137
0.271450000955,2.16825
0.271460000955,2.137
0.271470000955,2.16825
0.271480000955,2.1995
0.271490000955,2.137
0.271500000955,2.16825
0.271510000955,2.16825
0.271520000955,2.16825
0.271530000955,2.137
0.271540000955,2.16825
0.271550000955,2.16825
0.271560000955,2.1995
0.271570000955,2.16825
0.271580000955,2.16825
0.271590000955,2.16825
0.271600000955,2.16825
0.271610000955,2.16825
0.271620000955,2.137
0.271630000955,2.1995
0.271640000955,2.137
0.271650000955,2.137
0.271660000955,2.16825
0.271670000955,2.16825
0.271680000955,2.137
0.271690000955,2.16825
0.271700000955,2.137
0.271710000955,2.16825
0.271720000955,2.137
0.271730000955,2.16825
0.271740000955,2.16825
0.271750000955,2.1995
0.271760000955,2.16825
0.271770000955,2.16825
0.271780000955,2.1995
0.271790000955,2.16825
0.271800000955,2.16825
0.271810000955,2.10575
0.271820000955,2.16825
0.271830000955,2.16825
0.271840000955,2.137
0.271850000955,2.137
0.271860000955,2.16825
0.271870000955,2.16825
0.271880000955,2.1995
0.271890000955,2.16825
0.271900000955,2.16825
0.271910000955,2.16825
0.271920000955,2.1995
0.271930000955,2.16825
0.271940000955,2.16825
0.271950000955,2.16825
0.271960000955,2.137
0.271970000955,2.16825
0.271980000955,2.1995
0.271990000955,2.16825
0.272000000955,2.1995
0.272010000955,2.137
0.272020000955,2.1995
0.272030000955,2.16825
0.272040000955,2.137
0.272050000955,2.16825
0.272060000955,2.16825
0.272070000955,2.137
0.272080000955,2.137
0.272090000955,2.16825
0.272100000955,2.16825
0.272110000955,2.1995
0.272120000955,2.16825
0.272130000955,2.137
0.272140000955,2.16825
0.272150000955,2.16825
0.272160000955,2.137
0.272170000955,2.137
0.272180000955,2.137
0.272190000955,2.1995
0.272200000955,2.16825
0.272210000955,2.16825
0.272220000955,2.16825
0.272230000955,2.1995
0.272240000955,2.16825
0.272250000955,2.137
0.272260000955,2.1995
0.272270000955,2.137
0.272280000955,2.137
0.272290000955,2.16825
0.272300000955,2.16825
0.272310000955,2.1995
0.272320000955,2.16825
0.272330000955,2.1995
0.272340000955,2.16825
0.272350000955,2.16825
0.272360000955,2.137
0.272370000955,2.137
0.272380000955,2.16825
0.272390000955,2.16825
0.272400000955,2.16825
0.272410000955,2.16825
0.272420000955,2.16825
0.272430000955,2.16825
0.272440000955,2.16825
0.272450000955,2.16825
0.272460000955,2.16825
0.272470000955,2.16825
0.272480000955,2.16825
0.272490000955,2.16825
0.272500000955,2.16825
0.272510000955,2.16825
0.272520000955,2.16825
0.272530000955,2.16825
0.272540000955,2.137
0.272550000955,2.16825
0.272560000955,2.1995
0.272570000955,2.16825
0.272580000955,2.137
0.272590000955,2.137
0.272600000955,2.16825
0.272610000955,2.16825
0.272620000955,2.1995
0.272630000955,2.16825
0.272640000955,2.16825
0.272650000955,2.1995
0.272660000955,2.1995
0.272670000955,2.16825
0.272680000955,2.16825
0.272690000955,2.16825
0.272700000955,2.137
0.272710000955,2.1995
0.272720000955,2.16825
0.272730000955,2.137
0.272740000955,2.1995
0.272750000955,2.137
0.272760000955,2.10575
0.272770000955,2.137
0.272780000955,2.137
0.272790000955,2.1995
0.272800000955,2.16825
0.272810000955,2.1995
0.272820000955,2.16825
0.272830000955,2.137
0.272840000955,2.16825
0.272850000955,2.1995
0.272860000955,2.137
0.272870000955,2.16825
0.272880000955,2.16825
0.272890000955,2.16825
0.272900000955,2.1995
0.272910000955,2.137
0.272920000955,2.16825
0.272930000955,2.1995
0.272940000955,2.16825
0.272950000955,2.16825
0.272960000955,2.16825
0.272970000955,2.1995
0.272980000955,2.137
0.272990000955,2.1995
0.273000000955,2.137
0.273010000955,2.16825
0.273020000955,2.16825
0.273030000955,2.16825
0.273040000955,2.1995
0.273050000955,2.137
0.273060000955,2.137
0.273070000955,2.16825
0.273080000955,2.16825
0.273090000955,2.137
0.273100000955,2.137
0.273110000955,2.1995
0.273120000955,2.1995
0.273130000955,2.16825
0.273140000955,2.1995
0.273150000955,2.137
0.273160000955,2.16825
0.273170000955,2.137
0.273180000955,2.16825
0.273190000955,2.16825
0.273200000955,2.16825
0.273210000955,2.16825
0.273220000955,2.16825
0.273230000955,2.16825
0.273240000955,2.16825
0.273250000955,2.1995
0.273260000955,2.137
0.273270000955,2.16825
0.273280000955,2.16825
0.273290000955,2.16825
0.273300000955,2.1995
0.273310000955,2.16825
0.273320000955,2.16825
0.273330000955,2.137
0.273340000955,2.1995
0.273350000955,2.1995
0.273360000955,2.16825
0.273370000955,2.1995
0.273380000955,2.16825
0.273390000955,2.16825
0.273400000955,2.16825
0.273410000955,2.137
0.273420000955,2.1995
0.273430000955,2.1995
0.273440000955,2.137
0.273450000955,2.16825
0.273460000955,2.137
0.273470000955,2.137
0.273480000955,2.137
0.273490000955,2.16825
0.273500000955,2.1995
0.273510000955,2.137
0.273520000955,2.137
0.273530000955,2.16825
0.273540000955,2.137
0.273550000955,2.16825
0.273560000955,2.16825
0.273570000955,2.16825
0.273580000955,2.16825
0.273590000955,2.1995
0.273600000955,2.16825
0.273610000955,2.1995
0.273620000955,2.137
0.273630000955,2.137
0.273640000955,2.137
0.273650000955,2.16825
0.273660000955,2.16825
0.273670000955,2.1995
0.273680000955,2.16825
0.273690000955,2.16825
0.273700000955,2.16825
0.273710000955,2.1995
0.273720000955,2.1995
0.273730000955,2.16825
0.273740000955,2.137
0.273750000955,2.137
0.273760000955,2.137
0.273770000955,2.137
0.273780000955,2.16825
0.273790000955,2.1995
0.273800000955,2.1995
0.273810000955,2.1995
0.273820000955,2.16825
0.273830000955,2.16825
0.273840000955,2.137
0.273850000955,2.16825
0.273860000955,2.1995
0.273870000955,2.137
0.273880000955,2.16825
0.273890000955,2.1995
0.273900000955,2.137
0.273910000955,2.1995
0.273920000955,2.16825
0.273930000955,2.16825
0.273940000955,2.16825
0.273950000955,2.137
0.273960000955,2.16825
0.273970000955,2.16825
0.273980000955,2.137
0.273990000955,2.16825
0.274000000955,2.16825
0.274010000955,2.16825
0.274020000955,2.16825
0.274030000955,2.1995
0.274040000955,2.16825
0.274050000955,2.16825
0.274060000955,2.16825
0.274070000955,2.16825
0.274080000955,2.137
0.274090000955,2.16825
0.274100000955,2.1995
0.274110000955,2.16825
0.274120000955,2.16825
0.274130000955,2.1995
0.274140000955,2.1995
0.274150000955,2.16825
0.274160000955,2.16825
0.274170000955,2.137
0.274180000955,2.16825
0.274190000955,2.16825
0.274200000955,2.16825
0.274210000955,2.137
0.274220000955,2.16825
0.274230000955,2.1995
0.274240000955,2.16825
0.274250000955,2.16825
0.274260000955,2.16825
0.274270000955,2.16825
0.274280000955,2.1995
0.274290000955,2.16825
0.274300000955,2.16825
0.274310000955,2.16825
0.274320000955,2.16825
0.274330000955,2.16825
0.274340000955,2.16825
0.274350000955,2.1995
0.274360000955,2.1995
0.274370000955,2.137
0.274380000955,2.137
0.274390000955,2.16825
0.274400000955,2.16825
0.274410000955,2.16825
0.274420000955,2.1995
0.274430000955,2.1995
0.274440000955,2.137
0.274450000955,2.1995
0.274460000955,2.16825
0.274470000955,2.16825
0.274480000955,2.16825
0.274490000955,2.1995
0.274500000955,2.1995
0.274510000955,2.1995
0.274520000955,2.137
0.274530000955,2.1995
0.274540000955,2.16825
0.274550000955,2.16825
0.274560000955,2.16825
0.274570000955,2.1995
0.274580000955,2.1995
0.274590000955,2.16825
0.274600000955,2.137
0.274610000955,2.1995
0.274620000955,2.16825
0.274630000955,2.16825
0.274640000955,2.16825
0.274650000955,2.16825
0.274660000955,2.16825
0.274670000955,2.16825
0.274680000955,2.16825
0.274690000955,2.16825
0.274700000955,2.137
0.274710000955,2.16825
0.274720000955,2.16825
0.274730000955,2.137
0.274740000955,2.16825
0.274750000955,2.16825
0.274760000955,2.137
0.274770000955,2.16825
0.274780000955,2.16825
0.274790000955,2.1995
0.274800000955,2.137
0.274810000955,2.16825
0.274820000955,2.10575
0.274830000955,2.16825
0.274840000955,2.1995
0.274850000955,2.1995
0.274860000955,2.16825
0.274870000955,2.16825
0.274880000955,2.16825
0.274890000955,2.137
0.274900000955,2.16825
0.274910000955,2.16825
0.274920000955,2.16825
0.274930000955,2.137
0.274940000955,2.16825
0.274950000955,2.137
0.274960000955,2.137
0.274970000955,2.16825
0.274980000955,2.16825
0.274990000955,2.16825
0.275000000955,2.1995
0.275010000955,2.16825
0.275020000955,2.16825
0.275030000955,2.16825
0.275040000955,2.16825
0.275050000955,2.16825
0.275060000955,2.1995
0.275070000955,2.16825
0.275080000955,2.1995
0.275090000955,2.137
0.275100000955,2.16825
0.275110000955,2.137
0.275120000955,2.137
0.275130000955,2.16825
0.275140000955,2.137
0.275150000955,2.137
0.275160000955,2.1995
0.275170000955,2.137
0.275180000955,2.16825
0.275190000955,2.16825
0.275200000955,2.16825
0.275210000955,2.1995
0.275220000955,2.23075
0.275230000955,2.137
0.275240000955,2.16825
0.275250000955,2.16825
0.275260000955,2.16825
0.275270000955,2.16825
0.275280000955,2.16825
0.275290000955,2.16825
0.275300000955,2.16825
0.275310000955,2.16825
0.275320000955,2.16825
0.275330000955,2.16825
0.275340000955,2.137
0.275350000955,2.16825
0.275360000955,2.16825
0.275370000955,2.16825
0.275380000955,2.16825
0.275390000955,2.137
0.275400000955,2.16825
0.275410000955,2.137
0.275420000955,2.16825
0.275430000955,2.1995
0.275440000955,2.16825
0.275450000955,2.137
0.275460000955,2.16825
0.275470000955,2.16825
0.275480000955,2.16825
0.275490000955,2.1995
0.275500000955,2.16825
0.275510000955,2.137
0.275520000955,2.16825
0.275530000955,2.1995
0.275540000955,2.1995
0.275550000955,2.1995
0.275560000955,2.1995
0.275570000955,2.137
0.275580000955,2.1995
0.275590000955,2.16825
0.275600000955,2.16825
0.275610000955,2.16825
0.275620000955,2.16825
0.275630000955,2.16825
0.275640000955,2.16825
0.275650000955,2.16825
0.275660000955,2.1995
0.275670000955,2.16825
0.275680000955,2.137
0.275690000955,2.16825
0.275700000955,2.1995
0.275710000955,2.1995
0.275720000955,2.16825
0.275730000955,2.1995
0.275740000955,2.16825
0.275750000955,2.16825
0.275760000955,2.16825
0.275770000955,2.1995
0.275780000955,2.16825
0.275790000955,2.1995
0.275800000955,2.137
0.275810000955,2.16825
0.275820000955,2.23075
0.275830000955,2.16825
0.275840000955,2.137
0.275850000955,2.16825
0.275860000955,2.16825
0.275870000955,2.16825
0.275880000955,2.16825
0.275890000955,2.16825
0.275900000955,2.16825
0.275910000955,2.1995
0.275920000955,2.16825
0.275930000955,2.137
0.275940000955,2.1995
0.275950000955,2.16825
0.275960000955,2.16825
0.275970000955,2.16825
0.275980000955,2.16825
0.275990000955,2.16825
0.276000000955,2.16825
0.276010000955,2.16825
0.276020000955,2.1995
0.276030000955,2.16825
0.276040000955,2.16825
0.276050000955,2.1995
0.276060000955,2.1995
0.276070000955,2.1995
0.276080000955,2.1995
0.276090000955,2.1995
0.276100000955,2.1995
0.276110000955,2.1995
0.276120000955,2.16825
0.276130000955,2.16825
0.276140000955,2.1995
0.276150000955,2.137
0.276160000955,2.16825
0.276170000955,2.16825
0.276180000955,2.16825
0.276190000955,2.16825
0.276200000955,2.1995
0.276210000955,2.16825
0.276220000955,2.137
0.276230000955,2.1995
0.276240000955,2.1995
0.276250000955,2.16825
0.276260000955,2.1995
0.276270000955,2.16825
0.276280000955,2.16825
0.276290000955,2.16825
0.276300000955,2.16825
0.276310000955,2.1995
0.276320000955,2.137
0.276330000955,2.16825
0.276340000955,2.137
0.276350000955,2.1995
0.276360000955,2.16825
0.276370000955,2.1995
0.276380000955,2.1995
0.276390000955,2.137
0.276400000955,2.16825
0.276410000955,2.23075
0.276420000955,2.16825
0.276430000955,2.16825
0.276440000955,2.16825
0.276450000955,2.16825
0.276460000955,2.1995
0.276470000955,2.16825
0.276480000955,2.137
0.276490000955,2.1995
0.276500000955,2.137
0.276510000955,2.1995
0.276520000955,2.16825
0.276530000955,2.137
0.276540000955,2.16825
0.276550000955,2.16825
0.276560000955,2.16825
0.276570000955,2.137
0.276580000955,2.1995
0.276590000955,2.16825
0.276600000955,2.16825
0.276610000955,2.1995
0.276620000955,2.16825
0.276630000955,2.1995
0.276640000955,2.16825
0.276650000955,2.1995
0.276660000955,2.137
0.276670000955,2.137
0.276680000955,2.16825
0.276690000955,2.16825
0.276700000955,2.16825
0.276710000955,2.16825
0.276720000955,2.16825
0.276730000955,2.137
0.276740000955,2.16825
0.276750000955,2.16825
0.276760000955,2.16825
0.276770000955,2.16825
0.276780000955,2.16825
0.276790000955,2.1995
0.276800000955,2.16825
0.276810000955,2.16825
0.276820000955,2.16825
0.276830000955,2.137
0.276840000955,2.16825
0.276850000955,2.16825
0.276860000955,2.137
0.276870000955,2.16825
0.276880000955,2.137
0.276890000955,2.16825
0.276900000955,2.1995
0.276910000955,2.16825
0.276920000955,2.16825
0.276930000955,2.1995
0.276940000955,2.16825
0.276950000955,2.16825
0.276960000955,2.1995
0.276970000955,2.1995
0.276980000955,2.1995
0.276990000955,2.16825
0.277000000955,2.16825
0.277010000955,2.16825
0.277020000955,2.1995
0.277030000955,2.16825
0.277040000955,2.1995
0.277050000955,2.16825
0.277060000955,2.16825
0.277070000955,2.16825
0.277080000955,2.16825
0.277090000955,2.16825
0.277100000955,2.16825
0.277110000955,2.16825
0.277120000955,2.16825
0.277130000955,2.1995
0.277140000955,2.1995
0.277150000955,2.16825
0.277160000955,2.16825
0.277170000955,2.16825
0.277180000955,2.137
0.277190000955,2.16825
0.277200000955,2.16825
0.277210000955,2.16825
0.277220000955,2.16825
0.277230000955,2.16825
0.277240000955,2.16825
0.277250000955,2.16825
0.277260000955,2.1995
0.277270000955,2.137
0.277280000955,2.1995
0.277290000955,2.1995
0.277300000955,2.16825
0.277310000955,2.1995
0.277320000955,2.1995
0.277330000955,2.1995
0.277340000955,2.16825
0.277350000955,2.16825
0.277360000955,2.16825
0.277370000955,2.137
0.277380000955,2.16825
0.277390000955,2.16825
0.277400000955,2.16825
0.277410000955,2.137
0.277420000955,2.16825
0.277430000955,2.16825
0.277440000955,2.1995
0.277450000955,2.16825
0.277460000955,2.137
0.277470000955,2.137
0.277480000955,2.16825
0.277490000955,2.16825
0.277500000955,2.16825
0.277510000955,2.16825
0.277520000955,2.16825
0.277530000955,2.137
0.277540000955,2.137
0.277550000955,2.137
0.277560000955,2.16825
0.277570000955,2.1995
0.277580000955,2.16825
0.277590000955,2.16825
0.277600000955,2.1995
0.277610000955,2.16825
0.277620000955,2.1995
0.277630000955,2.1995
0.277640000955,2.16825
0.277650000955,2.16825
0.277660000955,2.16825
0.277670000955,2.16825
0.277680000955,2.16825
0.277690000955,2.137
0.277700000955,2.16825
0.277710000955,2.16825
0.277720000955,2.16825
0.277730000955,2.16825
0.277740000955,2.16825
0.277750000955,2.16825
0.277760000955,2.16825
0.277770000955,2.16825
0.277780000955,2.1995
0.277790000955,2.16825
0.277800000955,2.1995
0.277810000955,2.16825
0.277820000955,2.16825
0.277830000955,2.16825
0.277840000955,2.1995
0.277850000955,2.16825
0.277860000955,2.137
0.277870000955,2.16825
0.277880000955,2.16825
0.277890000955,2.137
0.277900000955,2.137
0.277910000955,2.137
0.277920000955,2.137
0.277930000955,2.16825
0.277940000955,2.16825
0.277950000955,2.1995
0.277960000955,2.16825
0.277970000955,2.16825
0.277980000955,2.137
0.277990000955,2.137
0.278000000955,2.16825
0.278010000955,2.1995
0.278020000955,2.16825
0.278030000955,2.16825
0.278040000955,2.16825
0.278050000955,2.16825
0.278060000955,2.1995
0.278070000955,2.16825
0.278080000955,2.1995
0.278090000955,2.16825
0.278100000955,2.16825
0.278110000955,2.1995
0.278120000955,2.16825
0.278130000955,2.137
0.278140000955,2.1995
0.278150000955,2.16825
0.278160000955,2.16825
0.278170000955,2.1995
0.278180000955,2.1995
0.278190000955,2.16825
0.278200000955,2.137
0.278210000955,2.16825
0.278220000955,2.16825
0.278230000955,2.16825
0.278240000955,2.1995
0.278250000955,2.16825
0.278260000955,2.1995
0.278270000955,2.1995
0.278280000955,2.16825
0.278290000955,2.23075
0.278300000955,2.16825
0.278310000955,2.1995
0.278320000955,2.16825
0.278330000955,2.137
0.278340000955,2.16825
0.278350000955,2.16825
0.278360000955,2.1995
0.278370000955,2.16825
0.278380000955,2.1995
0.278390000955,2.16825
0.278400000955,2.16825
0.278410000955,2.16825
0.278420000955,2.16825
0.278430000955,2.16825
0.278440000955,2.16825
0.278450000955,2.16825
0.278460000955,2.1995
0.278470000955,2.16825
0.278480000955,2.137
0.278490000955,2.16825
0.278500000955,2.16825
0.278510000955,2.16825
0.278520000955,2.137
0.278530000955,2.137
0.278540000955,2.16825
0.278550000955,2.16825
0.278560000955,2.16825
0.278570000955,2.16825
0.278580000955,2.16825
0.278590000955,2.1995
0.278600000955,2.1995
0.278610000955,2.1995
0.278620000955,2.16825
0.278630000955,2.16825
0.278640000955,2.1995
0.278650000955,2.137
0.278660000955,2.16825
0.278670000955,2.16825
0.278680000955,2.137
0.278690000955,2.16825
0.278700000955,2.16825
0.278710000955,2.1995
0.278720000955,2.16825
0.278730000955,2.1995
0.278740000955,2.16825
0.278750000955,2.1995
0.278760000955,2.1995
0.278770000955,2.16825
0.278780000955,2.137
0.278790000955,2.1995
0.278800000955,2.16825
0.278810000955,2.16825
0.278820000955,2.16825
0.278830000955,2.16825
0.278840000955,2.1995
0.278850000955,2.16825
0.278860000955,2.1995
0.278870000955,2.16825
0.278880000955,2.1995
0.278890000955,2.1995
0.278900000955,2.16825
0.278910000955,2.137
0.278920000955,2.137
0.278930000955,2.137
0.278940000955,2.16825
0.278950000955,2.1995
0.278960000955,2.16825
0.278970000955,2.16825
0.278980000955,2.16825
0.278990000955,2.1995
0.279000000955,2.16825
0.279010000955,2.137
0.279020000955,2.137
0.279030000955,2.1995
0.279040000955,2.16825
0.279050000955,2.16825
0.279060000955,2.16825
0.279070000955,2.16825
0.279080000955,2.137
0.279090000955,2.16825
0.279100000955,2.137
0.279110000955,2.16825
0.279120000955,2.137
0.279130000955,2.137
0.279140000955,2.16825
0.279150000955,2.1995
0.279160000955,2.16825
0.279170000955,2.16825
0.279180000955,2.137
0.279190000955,2.16825
0.279200000955,2.16825
0.279210000955,2.16825
0.279220000955,2.137
0.279230000955,2.1995
0.279240000955,2.1995
0.279250000955,2.1995
0.279260000955,2.16825
0.279270000955,2.137
0.279280000955,2.16825
0.279290000955,2.137
0.279300000955,2.16825
0.279310000955,2.1995
0.279320000955,2.16825
0.279330000955,2.137
0.279340000955,2.16825
0.279350000955,2.1995
0.279360000955,2.16825
0.279370000955,2.16825
0.279380000955,2.137
0.279390000955,2.16825
0.279400000955,2.16825
0.279410000955,2.16825
0.279420000955,2.16825
0.279430000955,2.16825
0.279440000955,2.1995
0.279450000955,2.16825
0.279460000955,2.137
0.279470000955,2.1995
0.279480000955,2.1995
0.279490000955,2.16825
0.279500000955,2.16825
0.279510000955,2.16825
0.279520000955,2.16825
0.279530000955,2.16825
0.279540000955,2.1995
0.279550000955,2.16825
0.279560000955,2.16825
0.279570000955,2.16825
0.279580000955,2.16825
0.279590000955,2.1995
0.279600000955,2.16825
0.279610000955,2.1995
0.279620000955,2.1995
0.279630000955,2.137
0.279640000955,2.16825
0.279650000955,2.16825
0.279660000955,2.16825
0.279670000955,2.16825
0.279680000955,2.137
0.279690000955,2.16825
0.279700000955,2.16825
0.279710000955,2.1995
0.279720000955,2.16825
0.279730000955,2.1995
0.279740000955,2.1995
0.279750000955,2.1995
0.279760000955,2.1995
0.279770000955,2.1995
0.279780000955,2.16825
0.279790000955,2.16825
0.279800000955,2.16825
0.279810000955,2.16825
0.279820000955,2.1995
0.279830000955,2.1995
0.279840000955,2.1995
0.279850000955,2.16825
0.279860000955,2.137
0.279870000955,2.16825
0.279880000955,2.1995
0.279890000955,2.16825
0.279900000955,2.16825
0.279910000955,2.16825
0.279920000955,2.16825
0.279930000955,2.16825
0.279940000955,2.137
0.279950000955,2.16825
0.279960000955,2.16825
0.279970000955,2.16825
0.279980000955,2.137
0.279990000955,2.1995
0.280000000955,2.16825
0.280010000955,2.16825
0.280020000955,2.16825
0.280030000955,2.16825
0.280040000955,2.16825
0.280050000955,2.16825
0.280060000955,2.16825
0.280070000955,2.137
0.280080000955,2.1995
0.280090000955,2.16825
0.280100000955,2.16825
0.280110000955,2.137
0.280120000955,2.16825
0.280130000955,2.16825
0.280140000955,2.16825
0.280150000955,2.16825
0.280160000955,2.16825
0.280170000955,2.1995
0.280180000955,2.16825
0.280190000955,2.16825
0.280200000955,2.16825
0.280210000955,2.16825
0.280220000955,2.137
0.280230000955,2.1995
0.280240000955,2.16825
0.280250000955,2.1995
0.280260000955,2.16825
0.280270000955,2.16825
0.280280000955,2.16825
0.280290000955,2.1995
0.280300000955,2.16825
0.280310000955,2.16825
0.280320000955,2.16825
0.280330000955,2.1995
0.280340000955,2.137
0.280350000955,2.16825
0.280360000955,2.137
0.280370000955,2.16825
0.280380000955,2.1995
0.280390000955,2.1995
0.280400000955,2.16825
0.280410000955,2.1995
0.280420000955,2.1995
0.280430000955,2.16825
0.280440000955,2.16825
0.280450000955,2.16825
0.280460000955,2.1995
0.280470000955,2.137
0.280480000955,2.16825
0.280490000955,2.1995
0.280500000955,2.16825
0.280510000955,2.1995
0.280520000955,2.16825
0.280530000955,2.16825
0.280540000955,2.16825
0.280550000955,2.1995
0.280560000955,2.1995
0.280570000955,2.16825
0.280580000955,2.23075
0.280590000955,2.1995
0.280600000955,2.16825
0.280610000955,2.16825
0.280620000955,2.16825
0.280630000955,2.1995
0.280640000955,2.137
0.280650000955,2.16825
0.280660000955,2.137
0.280670000955,2.1995
0.280680000955,2.1995
0.280690000955,2.16825
0.280700000955,2.16825
0.280710000955,2.137
0.280720000955,2.1995
0.280730000955,2.137
0.280740000955,2.16825
0.280750000955,2.1995
0.280760000955,2.1995
0.280770000955,2.137
0.280780000955,2.1995
0.280790000955,2.16825
0.280800000955,2.16825
0.280810000955,2.16825
0.280820000955,2.1995
0.280830000955,2.1995
0.280840000955,2.1995
0.280850000955,2.16825
0.280860000955,2.16825
0.280870000955,2.16825
0.280880000955,2.1995
0.280890000955,2.16825
0.280900000955,2.23075
0.280910000955,2.16825
0.280920000955,2.137
0.280930000955,2.16825
0.280940000955,2.16825
0.280950000955,2.137
0.280960000955,2.16825
0.280970000955,2.16825
0.280980000955,2.137
0.280990000955,2.1995
0.281000000955,2.137
0.281010000955,2.16825
0.281020000955,2.16825
0.281030000955,2.137
0.281040000955,2.1995
0.281050000955,2.16825
0.281060000955,2.137
0.281070000955,2.16825
0.281080000955,2.16825
0.281090000955,2.1995
0.281100000955,2.137
0.281110000955,2.1995
0.281120000955,2.16825
0.281130000955,2.1995
0.281140000955,2.16825
0.281150000955,2.16825
0.281160000955,2.16825
0.281170000955,2.16825
0.281180000955,2.16825
0.281190000955,2.16825
0.281200000955,2.16825
0.281210000955,2.16825
0.281220000955,2.16825
0.281230000955,2.1995
0.281240000955,2.16825
0.281250000955,2.16825
0.281260000955,2.1995
0.281270000955,2.16825
0.281280000955,2.137
0.281290000955,2.1995
0.281300000955,2.137
0.281310000955,2.1995
0.281320000955,2.16825
0.281330000955,2.16825
0.281340000955,2.1995
0.281350000955,2.16825
0.281360000955,2.16825
0.281370000955,2.16825
0.281380000955,2.16825
0.281390000955,2.16825
0.281400000955,2.1995
0.281410000955,2.1995
0.281420000955,2.16825
0.281430000955,2.1995
0.281440000955,2.16825
0.281450000955,2.1995
0.281460000955,2.16825
0.281470000955,2.1995
0.281480000955,2.16825
0.281490000955,2.16825
0.281500000955,2.1995
0.281510000955,2.1995
0.281520000955,2.16825
0.281530000955,2.16825
0.281540000955,2.16825
0.281550000955,2.16825
0.281560000955,2.1995
0.281570000955,2.16825
0.281580000955,2.16825
0.281590000955,2.16825
0.281600000955,2.1995
0.281610000955,2.1995
0.281620000955,2.137
0.281630000955,2.137
0.281640000955,2.1995
0.281650000955,2.1995
0.281660000955,2.16825
0.281670000955,2.1995
0.281680000955,2.16825
0.281690000955,2.1995
0.281700000955,2.1995
0.281710000955,2.1995
0.281720000955,2.1995
0.281730000955,2.1995
0.281740000955,2.16825
0.281750000955,2.1995
0.281760000955,2.16825
0.281770000955,2.16825
0.281780000955,2.1995
0.281790000955,2.16825
0.281800000955,2.16825
0.281810000955,2.137
0.281820000955,2.16825
0.281830000955,2.16825
0.281840000955,2.16825
0.281850000955,2.1995
0.281860000955,2.137
0.281870000955,2.1995
0.281880000955,2.16825
0.281890000955,2.16825
0.281900000955,2.1995
0.281910000955,2.1995
0.281920000955,2.16825
0.281930000955,2.137
0.281940000955,2.16825
0.281950000955,2.1995
0.281960000955,2.16825
0.281970000955,2.16825
0.281980000955,2.1995
0.281990000955,2.16825
0.282000000955,2.16825
0.282010000955,2.1995
0.282020000955,2.16825
0.282030000955,2.1995
0.282040000955,2.1995
0.282050000955,2.16825
0.282060000955,2.137
0.282070000955,2.137
0.282080000955,2.16825
0.282090000955,2.16825
0.282100000955,2.16825
0.282110000955,2.16825
0.282120000955,2.16825
0.282130000955,2.16825
0.282140000955,2.16825
0.282150000955,2.16825
0.282160000955,2.1995
0.282170000955,2.16825
0.282180000955,2.137
0.282190000955,2.137
0.282200000955,2.16825
0.282210000955,2.16825
0.282220000955,2.137
0.282230000955,2.1995
0.282240000955,2.1995
0.282250000955,2.16825
0.282260000955,2.16825
0.282270000955,2.137
0.282280000955,2.1995
0.282290000955,2.16825
0.282300000955,2.16825
0.282310000955,2.1995
0.282320000955,2.16825
0.282330000955,2.16825
0.282340000955,2.16825
0.282350000955,2.16825
0.282360000955,2.23075
0.282370000955,2.16825
0.282380000955,2.16825
0.282390000955,2.16825
0.282400000955,2.1995
0.282410000955,2.16825
0.282420000955,2.137
0.282430000955,2.1995
0.282440000955,2.137
0.282450000955,2.1995
0.282460000955,2.16825
0.282470000955,2.16825
0.282480000955,2.16825
0.282490000955,2.16825
0.282500000955,2.16825
0.282510000955,2.16825
0.282520000955,2.137
0.282530000955,2.1995
0.282540000955,2.137
0.282550000955,2.1995
0.282560000955,2.137
0.282570000955,2.1995
0.282580000955,2.16825
0.282590000955,2.16825
0.282600000955,2.1995
0.282610000955,2.16825
0.282620000955,2.16825
0.282630000955,2.16825
0.282640000955,2.16825
0.282650000955,2.16825
0.282660000955,2.1995
0.282670000955,2.16825
0.282680000955,2.16825
0.282690000955,2.1995
0.282700000955,2.1995
0.282710000955,2.1995
0.282720000955,2.16825
0.282730000955,2.16825
0.282740000955,2.16825
0.282750000955,2.16825
0.282760000955,2.16825
0.282770000955,2.16825
0.282780000955,2.16825
0.282790000955,2.137
0.282800000955,2.137
0.282810000955,2.1995
0.282820000955,2.16825
0.282830000955,2.1995
0.282840000955,2.16825
0.282850000955,2.16825
0.282860000955,2.16825
0.282870000955,2.16825
0.282880000955,2.16825
0.282890000955,2.16825
0.282900000955,2.16825
0.282910000955,2.1995
0.282920000955,2.1995
0.282930000955,2.16825
0.282940000955,2.16825
0.282950000955,2.16825
0.282960000955,2.1995
0.282970000955,2.16825
0.282980000955,2.16825
0.282990000955,2.16825
0.283000000955,2.1995
0.283010000955,2.16825
0.283020000955,2.16825
0.283030000955,2.1995
0.283040000955,2.16825
0.283050000955,2.137
0.283060000955,2.16825
0.283070000955,2.137
0.283080000955,2.137
0.283090000955,2.16825
0.283100000955,2.16825
0.283110000955,2.1995
0.283120000955,2.16825
0.283130000955,2.16825
0.283140000955,2.1995
0.283150000955,2.1995
0.283160000955,2.16825
0.283170000955,2.23075
0.283180000955,2.16825
0.283190000955,2.16825
0.283200000955,2.1995
0.283210000955,2.16825
0.283220000955,2.16825
0.283230000955,2.16825
0.283240000955,2.1995
0.283250000955,2.1995
0.283260000955,2.1995
0.283270000955,2.16825
0.283280000955,2.137
0.283290000955,2.16825
0.283300000955,2.1995
0.283310000955,2.1995
0.283320000955,2.16825
0.283330000955,2.16825
0.283340000955,2.1995
0.283350000955,2.1995
0.283360000955,2.1995
0.283370000955,2.1995
0.283380000955,2.16825
0.283390000955,2.1995
0.283400000955,2.1995
0.283410000955,2.1995
0.283420000955,2.137
0.283430000955,2.16825
0.283440000955,2.16825
0.283450000955,2.1995
0.283460000955,2.137
0.283470000955,2.16825
0.283480000955,2.16825
0.283490000955,2.16825
0.283500000955,2.1995
0.283510000955,2.16825
0.283520000955,2.1995
0.283530000955,2.1995
0.283540000955,2.16825
0.283550000955,2.1995
0.283560000955,2.16825
0.283570000955,2.137
0.283580000955,2.16825
0.283590000955,2.16825
0.283600000955,2.1995
0.283610000955,2.16825
0.283620000955,2.1995
0.283630000955,2.16825
0.283640000955,2.16825
0.283650000955,2.1995
0.283660000955,2.16825
0.283670000955,2.16825
0.283680000955,2.16825
0.283690000955,2.1995
0.283700000955,2.16825
0.283710000955,2.16825
0.283720000955,2.16825
0.283730000955,2.1995
0.283740000955,2.23075
0.283750000955,2.137
0.283760000955,2.1995
0.283770000955,2.16825
0.283780000955,2.16825
0.283790000955,2.1995
0.283800000955,2.1995
0.283810000955,2.137
0.283820000955,2.137
0.283830000955,2.16825
0.283840000955,2.16825
0.283850000955,2.137
0.283860000955,2.1995
0.283870000955,2.16825
0.283880000955,2.16825
0.283890000955,2.16825
0.283900000955,2.16825
0.283910000955,2.137
0.283920000955,2.16825
0.283930000955,2.1995
0.283940000955,2.16825
0.283950000955,2.16825
0.283960000955,2.1995
0.283970000955,2.1995
0.283980000955,2.1995
0.283990000955,2.1995
0.284000000955,2.16825
0.284010000955,2.1995
0.284020000955,2.1995
0.284030000955,2.16825
0.284040000955,2.16825
0.284050000955,2.16825
0.284060000955,2.16825
0.284070000955,2.137
0.284080000955,2.1995
0.284090000955,2.16825
0.284100000955,2.1995
0.284110000955,2.16825
0.284120000955,2.16825
0.284130000955,2.16825
0.284140000955,2.16825
0.284150000955,2.1995
0.284160000955,2.1995
0.284170000955,2.16825
0.284180000955,2.16825
0.284190000955,2.1995
0.284200000955,2.16825
0.284210000955,2.137
0.284220000955,2.16825
0.284230000955,2.1995
0.284240000955,2.137
0.284250000955,2.16825
0.284260000955,2.16825
0.284270000955,2.16825
0.284280000955,2.1995
0.284290000955,2.1995
0.284300000955,2.1995
0.284310000955,2.16825
0.284320000955,2.1995
0.284330000955,2.16825
0.284340000955,2.16825
0.284350000955,2.1995
0.284360000955,2.16825
0.284370000955,2.1995
0.284380000955,2.137
0.284390000955,2.16825
0.284400000955,2.16825
0.284410000955,2.1995
0.284420000955,2.16825
0.284430000955,2.16825
0.284440000955,2.1995
0.284450000955,2.1995
0.284460000955,2.16825
0.284470000955,2.1995
0.284480000955,2.16825
0.284490000955,2.16825
0.284500000955,2.1995
0.284510000955,2.16825
0.284520000955,2.1995
0.284530000955,2.1995
0.284540000955,2.1995
0.284550000955,2.1995
0.284560000955,2.16825
0.284570000955,2.1995
0.284580000955,2.16825
0.284590000955,2.1995
0.284600000955,2.137
0.284610000955,2.16825
0.284620000955,2.1995
0.284630000955,2.137
0.284640000955,2.16825
0.284650000955,2.1995
0.284660000955,2.16825
0.284670000955,2.10575
0.284680000955,2.16825
0.284690000955,2.16825
0.284700000955,2.16825
0.284710000955,2.16825
0.284720000955,2.16825
0.284730000955,2.16825
0.284740000955,2.1995
0.284750000955,2.1995
0.284760000955,2.1995
0.284770000955,2.1995
0.284780000955,2.137
0.284790000955,2.16825
0.284800000955,2.16825
0.284810000955,2.1995
0.284820000955,2.16825
0.284830000955,2.16825
0.284840000955,2.1995
0.284850000955,2.16825
0.284860000955,2.1995
0.284870000955,2.1995
0.284880000955,2.16825
0.284890000955,2.16825
0.284900000955,2.16825
0.284910000955,2.16825
0.284920000955,2.16825
0.284930000955,2.1995
0.284940000955,2.137
0.284950000955,2.16825
0.284960000955,2.16825
0.284970000955,2.1995
0.284980000955,2.16825
0.284990000955,2.16825
0.285000000955,2.16825
0.285010000955,2.16825
0.285020000955,2.16825
0.285030000955,2.16825
0.285040000955,2.1995
0.285050000955,2.16825
0.285060000955,2.16825
0.285070000955,2.16825
0.285080000955,2.1995
0.285090000955,2.1995
0.285100000955,2.16825
0.285110000955,2.1995
0.285120000955,2.16825
0.285130000955,2.16825
0.285140000955,2.16825
0.285150000955,2.16825
0.285160000955,2.137
0.285170000955,2.137
0.285180000955,2.1995
0.285190000955,2.1995
0.285200000955,2.16825
0.285210000955,2.16825
0.285220000955,2.16825
0.285230000955,2.16825
0.285240000955,2.16825
0.285250000955,2.1995
0.285260000955,2.16825
0.285270000955,2.16825
0.285280000955,2.16825
0.285290000955,2.1995
0.285300000955,2.1995
0.285310000955,2.1995
0.285320000955,2.1995
0.285330000955,2.16825
0.285340000955,2.1995
0.285350000955,2.1995
0.285360000955,2.16825
0.285370000955,2.16825
0.285380000955,2.16825
0.285390000955,2.16825
0.285400000955,2.16825
0.285410000955,2.16825
0.285420000955,2.1995
0.285430000955,2.16825
0.285440000955,2.16825
0.285450000955,2.16825
0.285460000955,2.1995
0.285470000955,2.1995
0.285480000955,2.137
0.285490000955,2.16825
0.285500000955,2.1995
0.285510000955,2.16825
0.285520000955,2.16825
0.285530000955,2.16825
0.285540000955,2.137
0.285550000955,2.1995
0.285560000955,2.1995
0.285570000955,2.16825
0.285580000955,2.16825
0.285590000955,2.137
0.285600000955,2.1995
0.285610000955,2.1995
0.285620000955,2.1995
0.285630000955,2.16825
0.285640000955,2.16825
0.285650000955,2.16825
0.285660000955,2.16825
0.285670000955,2.16825
0.285680000955,2.1995
0.285690000955,2.16825
0.285700000955,2.137
0.285710000955,2.137
0.285720000955,2.16825
0.285730000955,2.1995
0.285740000955,2.137
0.285750000955,2.16825
0.285760000955,2.137
0.285770000955,2.16825
0.285780000955,2.16825
0.285790000955,2.1995
0.285800000955,2.137
0.285810000955,2.1995
0.285820000955,2.16825
0.285830000955,2.16825
0.285840000955,2.1995
0.285850000955,2.16825
0.285860000955,2.16825
0.285870000955,2.137
0.285880000955,2.16825
0.285890000955,2.16825
0.285900000955,2.16825
0.285910000955,2.1995
0.285920000955,2.1995
0.285930000955,2.16825
0.285940000955,2.1995
0.285950000955,2.137
0.285960000955,2.1995
0.285970000955,2.16825
0.285980000955,2.1995
0.285990000955,2.16825
0.286000000955,2.16825
0.286010000955,2.16825
0.286020000955,2.1995
0.286030000955,2.1995
0.286040000955,2.137
0.286050000955,2.16825
0.286060000955,2.1995
0.286070000955,2.1995
0.286080000955,2.137
0.286090000955,2.16825
0.286100000955,2.1995
0.286110000955,2.1995
0.286120000955,2.16825
0.286130000955,2.137
0.286140000955,2.16825
0.286150000955,2.16825
0.286160000955,2.137
0.286170000955,2.16825
0.286180000955,2.137
0.286190000955,2.1995
0.286200000955,2.16825
0.286210000955,2.1995
0.286220000955,2.137
0.286230000955,2.16825
0.286240000955,2.137
0.286250000955,2.1995
0.286260000955,2.16825
0.286270000955,2.16825
0.286280000955,2.16825
0.286290000955,2.16825
0.286300000955,2.16825
0.286310000955,2.16825
0.286320000955,2.16825
0.286330000955,2.16825
0.286340000955,2.16825
0.286350000955,2.137
0.286360000955,2.16825
0.286370000955,2.16825
0.286380000955,2.137
0.286390000955,2.16825
0.286400000955,2.16825
0.286410000955,2.16825
0.286420000955,2.1995
0.286430000955,2.16825
0.286440000955,2.16825
0.286450000955,2.137
0.286460000955,2.1995
0.286470000955,2.16825
0.286480000955,2.1995
0.286490000955,2.1995
0.286500000955,2.1995
0.286510000955,2.1995
0.286520000955,2.1995
0.286530000955,2.1995
0.286540000955,2.1995
0.286550000955,2.16825
0.286560000955,2.16825
0.286570000955,2.137
0.286580000955,2.1995
0.286590000955,2.137
0.286600000955,2.16825
0.286610000955,2.16825
0.286620000955,2.137
0.286630000955,2.1995
0.286640000955,2.16825
0.286650000955,2.137
0.286660000955,2.16825
0.286670000955,2.1995
0.286680000955,2.16825
0.286690000955,2.137
0.286700000955,2.16825
0.286710000955,2.137
0.286720000955,2.16825
0.286730000955,2.16825
0.286740000955,2.16825
0.286750000955,2.16825
0.286760000955,2.16825
0.286770000955,2.16825
0.286780000955,2.1995
0.286790000955,2.137
0.286800000955,2.16825
0.286810000955,2.137
0.286820000955,2.16825
0.286830000955,2.16825
0.286840000955,2.16825
0.286850000955,2.1995
0.286860000955,2.16825
0.286870000955,2.137
0.286880000955,2.1995
0.286890000955,2.16825
0.286900000955,2.137
0.286910000955,2.16825
0.286920000955,2.16825
0.286930000955,2.16825
0.286940000955,2.16825
0.286950000955,2.16825
0.286960000955,2.16825
0.286970000955,2.137
0.286980000955,2.137
0.286990000955,2.1995
0.287000000955,2.16825
0.287010000955,2.1995
0.287020000955,2.1995
0.287030000955,2.16825
0.287040000955,2.16825
0.287050000955,2.1995
0.287060000955,2.16825
0.287070000955,2.1995
0.287080000955,2.16825
0.287090000955,2.16825
0.287100000955,2.1995
0.287110000955,2.16825
0.287120000955,2.16825
0.287130000955,2.1995
0.287140000955,2.16825
0.287150000955,2.16825
0.287160000955,2.137
0.287170000955,2.1995
0.287180000955,2.16825
0.287190000955,2.137
0.287200000955,2.16825
0.287210000955,2.1995
0.287220000955,2.137
0.287230000955,2.16825
0.287240000955,2.16825
0.287250000955,2.1995
0.287260000955,2.16825
0.287270000955,2.137
0.287280000955,2.137
0.287290000955,2.16825
0.287300000955,2.16825
0.287310000955,2.1995
0.287320000955,2.16825
0.287330000955,2.16825
0.287340000955,2.16825
0.287350000955,2.137
0.287360000955,2.137
0.287370000955,2.16825
0.287380000955,2.16825
0.287390000955,2.16825
0.287400000955,2.16825
0.287410000955,2.16825
0.287420000955,2.16825
0.287430000955,2.137
0.287440000955,2.137
0.287450000955,2.1995
0.287460000955,2.1995
0.287470000955,2.16825
0.287480000955,2.137
0.287490000955,2.16825
0.287500000955,2.16825
0.287510000955,2.137
0.287520000955,2.137
0.287530000955,2.16825
0.287540000955,2.16825
0.287550000955,2.137
0.287560000955,2.16825
0.287570000955,2.16825
0.287580000955,2.137
0.287590000955,2.1995
0.287600000955,2.137
0.287610000955,2.137
0.287620000955,2.137
0.287630000955,2.16825
0.287640000955,2.16825
0.287650000955,2.137
0.287660000955,2.137
0.287670000955,2.16825
0.287680000955,2.137
0.287690000955,2.137
0.287700000955,2.137
0.287710000955,2.16825
0.287720000955,2.137
0.287730000955,2.1995
0.287740000955,2.137
0.287750000955,2.137
0.287760000955,2.137
0.287770000955,2.137
0.287780000955,2.16825
0.287790000955,2.1995
0.287800000955,2.16825
0.287810000955,2.137
0.287820000955,2.16825
0.287830000955,2.16825
0.287840000955,2.137
0.287850000955,2.16825
0.287860000955,2.137
0.287870000955,2.16825
0.287880000955,2.137
0.287890000955,2.1995
0.287900000955,2.16825
0.287910000955,2.137
0.287920000955,2.137
0.287930000955,2.137
0.287940000955,2.16825
0.287950000955,2.16825
0.287960000955,2.16825
0.287970000955,2.1995
0.287980000955,2.1995
0.287990000955,2.137
0.288000000955,2.16825
0.288010000955,2.16825
0.288020000955,2.1995
0.288030000955,2.16825
0.288040000955,2.137
0.288050000955,2.16825
0.288060000955,2.137
0.288070000955,2.137
0.288080000955,2.16825
0.288090000955,2.16825
0.288100000955,2.16825
0.288110000955,2.137
0.288120000955,2.16825
0.288130000955,2.16825
0.288140000955,2.16825
0.288150000955,2.16825
0.288160000955,2.16825
0.288170000955,2.16825
0.288180000955,2.137
0.288190000955,2.137
0.288200000955,2.16825
0.288210000955,2.137
0.288220000955,2.137
0.288230000955,2.16825
0.288240000955,2.1995
0.288250000955,2.16825
0.288260000955,2.16825
0.288270000955,2.16825
0.288280000955,2.16825
0.288290000955,2.16825
0.288300000955,2.137
0.288310000955,2.137
0.288320000955,2.16825
0.288330000955,2.16825
0.288340000955,2.16825
0.288350000955,2.137
0.288360000955,2.137
0.288370000955,2.10575
0.288380000955,2.1995
0.288390000955,2.16825
0.288400000955,2.16825
0.288410000955,2.16825
0.288420000955,2.137
0.288430000955,2.16825
0.288440000955,2.16825
0.288450000955,2.16825
0.288460000955,2.137
0.288470000955,2.16825
0.288480000955,2.16825
0.288490000955,2.137
0.288500000955,2.137
0.288510000955,2.137
0.288520000955,2.137
0.288530000955,2.137
0.288540000955,2.137
0.288550000955,2.1995
0.288560000955,2.16825
0.288570000955,2.137
0.288580000955,2.16825
0.288590000955,2.16825
0.288600000955,2.16825
0.288610000955,2.137
0.288620000955,2.1995
0.288630000955,2.16825
0.288640000955,2.16825
0.288650000955,2.16825
0.288660000955,2.137
0.288670000955,2.137
0.288680000955,2.16825
0.288690000955,2.16825
0.288700000955,2.16825
0.288710000955,2.16825
0.288720000955,2.137
0.288730000955,2.137
0.288740000955,2.16825
0.288750000955,2.137
0.288760000955,2.16825
0.288770000955,2.16825
0.288780000955,2.137
0.288790000955,2.1995
0.288800000955,2.16825
0.288810000955,2.16825
0.288820000955,2.137
0.288830000955,2.16825
0.288840000955,2.137
0.288850000955,2.137
0.288860000955,2.16825
0.288870000955,2.137
0.288880000955,2.137
0.288890000955,2.137
0.288900000955,2.137
0.288910000955,2.16825
0.288920000955,2.137
0.288930000955,2.16825
0.288940000955,2.16825
0.288950000955,2.137
0.288960000955,2.16825
0.288970000955,2.137
0.288980000955,2.137
0.288990000955,2.137
0.289000000955,2.16825
0.289010000955,2.137
0.289020000955,2.16825
0.289030000955,2.137
0.289040000955,2.16825
0.289050000955,2.16825
0.289060000955,2.137
0.289070000955,2.16825
0.289080000955,2.16825
0.289090000955,2.16825
0.289100000955,2.137
0.289110000955,2.10575
0.289120000955,2.16825
0.289130000955,2.137
0.289140000955,2.16825
0.289150000955,2.16825
0.289160000955,2.16825
0.289170000955,2.137
0.289180000955,2.137
0.289190000955,2.137
0.289200000955,2.16825
0.289210000955,2.16825
0.289220000955,2.137
0.289230000955,2.10575
0.289240000955,2.16825
0.289250000955,2.1995
0.289260000955,2.137
0.289270000955,2.137
0.289280000955,2.16825
0.289290000955,2.16825
0.289300000955,2.16825
0.289310000955,2.16825
0.289320000955,2.137
0.289330000955,2.16825
0.289340000955,2.16825
0.289350000955,2.16825
0.289360000955,2.16825
0.289370000955,2.137
0.289380000955,2.16825
0.289390000955,2.137
0.289400000955,2.16825
0.289410000955,2.137
0.289420000955,2.137
0.289430000955,2.137
0.289440000955,2.16825
0.289450000955,2.137
0.289460000955,2.137
0.289470000955,2.137
0.289480000955,2.137
0.289490000955,2.137
0.289500000955,2.16825
0.289510000955,2.16825
0.289520000955,2.16825
0.289530000955,2.137
0.289540000955,2.137
0.289550000955,2.137
0.289560000955,2.16825
0.289570000955,2.1995
0.289580000955,2.137
0.289590000955,2.16825
0.289600000955,2.16825
0.289610000955,2.137
0.289620000955,2.137
0.289630000955,2.137
0.289640000955,2.16825
0.289650000955,2.137
0.289660000955,2.137
0.289670000955,2.137
0.289680000955,2.10575
0.289690000955,2.16825
0.289700000955,2.16825
0.289710000955,2.137
0.289720000955,2.1995
0.289730000955,2.137
0.289740000955,2.137
0.289750000955,2.16825
0.289760000955,2.137
0.289770000955,2.16825
0.289780000955,2.137
0.289790000955,2.137
0.289800000955,2.137
0.289810000955,2.16825
0.289820000955,2.16825
0.289830000955,2.16825
0.289840000955,2.137
0.289850000955,2.16825
0.289860000955,2.137
0.289870000955,2.16825
0.289880000955,2.137
0.289890000955,2.137
0.289900000955,2.137
0.289910000955,2.137
0.289920000955,2.137
0.289930000955,2.137
0.289940000955,2.137
0.289950000955,2.10575
0.289960000955,2.1995
0.289970000955,2.137
0.289980000955,2.16825
0.289990000955,2.16825
0.290000000955,2.137
0.290010000955,2.137
0.290020000955,2.137
0.290030000955,2.137
0.290040000955,2.16825
0.290050000955,2.16825
0.290060000955,2.137
0.290070000955,2.16825
0.290080000955,2.16825
0.290090000955,2.16825
0.290100000955,2.16825
0.290110000955,2.137
0.290120000955,2.1995
0.290130000955,2.16825
0.290140000955,2.137
0.290150000955,2.16825
0.290160000955,2.137
0.290170000955,2.16825
0.290180000955,2.16825
0.290190000955,2.16825
0.290200000955,2.137
0.290210000955,2.137
0.290220000955,2.16825
0.290230000955,2.137
0.290240000955,2.1995
0.290250000955,2.16825
0.290260000955,2.137
0.290270000955,2.1995
0.290280000955,2.16825
0.290290000955,2.16825
0.290300000955,2.16825
0.290310000955,2.137
0.290320000955,2.10575
0.290330000955,2.137
0.290340000955,2.137
0.290350000955,2.1995
0.290360000955,2.137
0.290370000955,2.16825
0.290380000955,2.16825
0.290390000955,2.16825
0.290400000955,2.10575
0.290410000955,2.137
0.290420000955,2.16825
0.290430000955,2.137
0.290440000955,2.137
0.290450000955,2.137
0.290460000955,2.137
0.290470000955,2.137
0.290480000955,2.16825
0.290490000955,2.16825
0.290500000955,2.137
0.290510000955,2.137
0.290520000955,2.137
0.290530000955,2.16825
0.290540000955,2.137
0.290550000955,2.1995
0.290560000955,2.16825
0.290570000955,2.137
0.290580000955,2.16825
0.290590000955,2.137
0.290600000955,2.137
0.290610000955,2.16825
0.290620000955,2.137
0.290630000955,2.16825
0.290640000955,2.137
0.290650000955,2.16825
0.290660000955,2.137
0.290670000955,2.1995
0.290680000955,2.16825
0.290690000955,2.1995
0.290700000955,2.137
0.290710000955,2.10575
0.290720000955,2.16825
0.290730000955,2.16825
0.290740000955,2.137
0.290750000955,2.137
0.290760000955,2.16825
0.290770000955,2.16825
0.290780000955,2.137
0.290790000955,2.137
0.290800000955,2.16825
0.290810000955,2.16825
0.290820000955,2.137
0.290830000955,2.137
0.290840000955,2.137
0.290850000955,2.16825
0.290860000955,2.1995
0.290870000955,2.137
0.290880000955,2.137
0.290890000955,2.137
0.290900000955,2.137
0.290910000955,2.16825
0.290920000955,2.16825
0.290930000955,2.137
0.290940000955,2.137
0.290950000955,2.1995
0.290960000955,2.10575
0.290970000955,2.10575
0.290980000955,2.137
0.290990000955,2.16825
0.291000000955,2.16825
0.291010000955,2.16825
0.291020000955,2.16825
0.291030000955,2.137
0.291040000955,2.137
0.291050000955,2.16825
0.291060000955,2.137
0.291070000955,2.16825
0.291080000955,2.137
0.291090000955,2.16825
0.291100000955,2.16825
0.291110000955,2.137
0.291120000955,2.137
0.291130000955,2.137
0.291140000955,2.16825
0.291150000955,2.16825
0.291160000955,2.16825
0.291170000955,2.137
0.291180000955,2.137
0.291190000955,2.16825
0.291200000955,2.137
0.291210000955,2.137
0.291220000955,2.16825
0.291230000955,2.137
0.291240000955,2.16825
0.291250000955,2.137
0.291260000955,2.16825
0.291270000955,2.16825
0.291280000955,2.137
0.291290000955,2.137
0.291300000955,2.16825
0.291310000955,2.137
0.291320000955,2.16825
0.291330000955,2.1995
0.291340000955,2.137
0.291350000955,2.137
0.291360000955,2.137
0.291370000955,2.16825
0.291380000955,2.137
0.291390000955,2.16825
0.291400000955,2.1995
0.291410000955,2.137
0.291420000955,2.10575
0.291430000955,2.16825
0.291440000955,2.16825
0.291450000955,2.137
0.291460000955,2.137
0.291470000955,2.137
0.291480000955,2.137
0.291490000955,2.16825
0.291500000955,2.137
0.291510000955,2.16825
0.291520000955,2.16825
0.291530000955,2.16825
0.291540000955,2.10575
0.291550000955,2.137
0.291560000955,2.16825
0.291570000955,2.16825
0.291580000955,2.137
0.291590000955,2.16825
0.291600000955,2.16825
0.291610000955,2.10575
0.291620000955,2.1995
0.291630000955,2.16825
0.291640000955,2.16825
0.291650000955,2.137
0.291660000955,2.137
0.291670000955,2.137
0.291680000955,2.16825
0.291690000955,2.137
0.291700000955,2.137
0.291710000955,2.137
0.291720000955,2.137
0.291730000955,2.137
0.291740000955,2.16825
0.291750000955,2.16825
0.291760000955,2.137
0.291770000955,2.137
0.291780000955,2.137
0.291790000955,2.137
0.291800000955,2.16825
0.291810000955,2.16825
0.291820000955,2.16825
0.291830000955,2.137
0.291840000955,2.16825
0.291850000955,2.1995
0.291860000955,2.16825
0.291870000955,2.137
0.291880000955,2.137
0.291890000955,2.137
0.291900000955,2.16825
0.291910000955,2.16825
0.291920000955,2.16825
0.291930000955,2.16825
0.291940000955,2.137
0.291950000955,2.16825
0.291960000955,2.137
0.291970000955,2.16825
0.291980000955,2.137
0.291990000955,2.137
0.292000000955,2.16825
0.292010000955,2.16825
0.292020000955,2.137
0.292030000955,2.137
0.292040000955,2.137
0.292050000955,2.137
0.292060000955,2.1995
0.292070000955,2.137
0.292080000955,2.16825
0.292090000955,2.137
0.292100000955,2.16825
0.292110000955,2.16825
0.292120000955,2.137
0.292130000955,2.137
0.292140000955,2.137
0.292150000955,2.1995
0.292160000955,2.137
0.292170000955,2.23075
0.292180000955,2.16825
0.292190000955,2.137
0.292200000955,2.137
0.292210000955,2.1995
0.292220000955,2.137
0.292230000955,2.10575
0.292240000955,2.137
0.292250000955,2.137
0.292260000955,2.16825
0.292270000955,2.137
0.292280000955,2.137
0.292290000955,2.16825
0.292300000955,2.16825
0.292310000955,2.16825
0.292320000955,2.16825
0.292330000955,2.16825
0.292340000955,2.137
0.292350000955,2.16825
0.292360000955,2.16825
0.292370000955,2.137
0.292380000955,2.16825
0.292390000955,2.16825
0.292400000955,2.16825
0.292410000955,2.16825
0.292420000955,2.16825
0.292430000955,2.137
0.292440000955,2.16825
0.292450000955,2.1995
0.292460000955,2.16825
0.292470000955,2.137
0.292480000955,2.137
0.292490000955,2.137
0.292500000955,2.16825
0.292510000955,2.10575
0.292520000955,2.16825
0.292530000955,2.16825
0.292540000955,2.137
0.292550000955,2.137
0.292560000955,2.137
0.292570000955,2.137
0.292580000955,2.16825
0.292590000955,2.16825
0.292600000955,2.137
0.292610000955,2.137
0.292620000955,2.16825
0.292630000955,2.137
0.292640000955,2.137
0.292650000955,2.16825
0.292660000955,2.16825
0.292670000955,2.16825
0.292680000955,2.137
0.292690000955,2.137
0.292700000955,2.137
0.292710000955,2.16825
0.292720000955,2.16825
0.292730000955,2.16825
0.292740000955,2.137
0.292750000955,2.137
0.292760000955,2.137
0.292770000955,2.1995
0.292780000955,2.1995
0.292790000955,2.137
0.292800000955,2.137
0.292810000955,2.137
0.292820000955,2.137
0.292830000955,2.137
0.292840000955,2.16825
0.292850000955,2.137
0.292860000955,2.137
0.292870000955,2.137
0.292880000955,2.137
0.292890000955,2.16825
0.292900000955,2.137
0.292910000955,2.16825
0.292920000955,2.1995
0.292930000955,2.137
0.292940000955,2.16825
0.292950000955,2.137
0.292960000955,2.137
0.292970000955,2.16825
0.292980000955,2.137
0.292990000955,2.137
0.293000000955,2.10575
0.293010000955,2.16825
0.293020000955,2.137
0.293030000955,2.16825
0.293040000955,2.10575
0.293050000955,2.16825
0.293060000955,2.16825
0.293070000955,2.137
0.293080000955,2.10575
0.293090000955,2.137
0.293100000955,2.16825
0.293110000955,2.10575
0.293120000955,2.16825
0.293130000955,2.16825
0.293140000955,2.1995
0.293150000955,2.16825
0.293160000955,2.137
0.293170000955,2.16825
0.293180000955,2.16825
0.293190000955,2.137
0.293200000955,2.16825
0.293210000955,2.16825
0.293220000955,2.16825
0.293230000955,2.137
0.293240000955,2.137
0.293250000955,2.16825
0.293260000955,2.137
0.293270000955,2.137
0.293280000955,2.137
0.293290000955,2.1995
0.293300000955,2.1995
0.293310000955,2.16825
0.293320000955,2.137
0.293330000955,2.137
0.293340000955,2.16825
0.293350000955,2.137
0.293360000955,2.16825
0.293370000955,2.16825
0.293380000955,2.137
0.293390000955,2.137
0.293400000955,2.16825
0.293410000955,2.137
0.293420000955,2.137
0.293430000955,2.137
0.293440000955,2.137
0.293450000955,2.137
0.293460000955,2.137
0.293470000955,2.16825
0.293480000955,2.10575
0.293490000955,2.16825
0.293500000955,2.16825
0.293510000955,2.16825
0.293520000955,2.137
0.293530000955,2.16825
0.293540000955,2.16825
0.293550000955,2.16825
0.293560000955,2.1995
0.293570000955,2.137
0.293580000955,2.137
0.293590000955,2.10575
0.293600000955,2.137
0.293610000955,2.137
0.293620000955,2.16825
0.293630000955,2.16825
0.293640000955,2.16825
0.293650000955,2.137
0.293660000955,2.16825
0.293670000955,2.16825
0.293680000955,2.16825
0.293690000955,2.16825
0.293700000955,2.1995
0.293710000955,2.16825
0.293720000955,2.16825
0.293730000955,2.16825
0.293740000955,2.1995
0.293750000955,2.16825
0.293760000955,2.10575
0.293770000955,2.16825
0.293780000955,2.137
0.293790000955,2.16825
0.293800000955,2.16825
0.293810000955,2.137
0.293820000955,2.137
0.293830000955,2.16825
0.293840000955,2.16825
0.293850000955,2.137
0.293860000955,2.137
0.293870000955,2.16825
0.293880000955,2.137
0.293890000955,2.16825
0.293900000955,2.1995
0.293910000955,2.137
0.293920000955,2.16825
0.293930000955,2.137
0.293940000955,2.16825
0.293950000955,2.16825
0.293960000955,2.137
0.293970000955,2.16825
0.293980000955,2.137
0.293990000955,2.137
0.294000000955,2.137
0.294010000955,2.16825
0.294020000955,2.137
0.294030000955,2.137
0.294040000955,2.137
0.294050000955,2.16825
0.294060000955,2.16825
0.294070000955,2.16825
0.294080000955,2.16825
0.294090000955,2.137
0.294100000955,2.137
0.294110000955,2.137
0.294120000955,2.1995
0.294130000955,2.16825
0.294140000955,2.137
0.294150000955,2.16825
0.294160000955,2.137
0.294170000955,2.16825
0.294180000955,2.16825
0.294190000955,2.16825
0.294200000955,2.1995
0.294210000955,2.16825
0.294220000955,2.16825
0.294230000955,2.137
0.294240000955,2.137
0.294250000955,2.1995
0.294260000955,2.16825
0.294270000955,2.16825
0.294280000955,2.16825
0.294290000955,2.16825
0.294300000955,2.16825
0.294310000955,2.10575
0.294320000955,2.16825
0.294330000955,2.16825
0.294340000955,2.16825
0.294350000955,2.1995
0.294360000955,2.16825
0.294370000955,2.137
0.294380000955,2.137
0.294390000955,2.16825
0.294400000955,2.137
0.294410000955,2.16825
0.294420000955,2.137
0.294430000955,2.137
0.294440000955,2.16825
0.294450000955,2.16825
0.294460000955,2.16825
0.294470000955,2.16825
0.294480000955,2.1995
0.294490000955,2.1995
0.294500000955,2.16825
0.294510000955,2.1995
0.294520000955,2.16825
0.294530000955,2.16825
0.294540000955,2.137
0.294550000955,2.16825
0.294560000955,2.137
0.294570000955,2.137
0.294580000955,2.16825
0.294590000955,2.10575
0.294600000955,2.137
0.294610000955,2.16825
0.294620000955,2.16825
0.294630000955,2.1995
0.294640000955,2.16825
0.294650000955,2.16825
0.294660000955,2.16825
0.294670000955,2.16825
0.294680000955,2.16825
0.294690000955,2.137
0.294700000955,2.137
0.294710000955,2.1995
0.294720000955,2.16825
0.294730000955,2.16825
0.294740000955,2.16825
0.294750000955,2.16825
0.294760000955,2.137
0.294770000955,2.16825
0.294780000955,2.16825
0.294790000955,2.137
0.294800000955,2.1995
0.294810000955,2.1995
0.294820000955,2.137
0.294830000955,2.137
0.294840000955,2.16825
0.294850000955,2.137
0.294860000955,2.16825
0.294870000955,2.137
0.294880000955,2.137
0.294890000955,2.1995
0.294900000955,2.137
0.294910000955,2.16825
0.294920000955,2.16825
0.294930000955,2.16825
0.294940000955,2.16825
0.294950000955,2.137
0.294960000955,2.16825
0.294970000955,2.137
0.294980000955,2.137
0.294990000955,2.16825
0.295000000955,2.16825
0.295010000955,2.16825
0.295020000955,2.16825
0.295030000955,2.137
0.295040000955,2.1995
0.295050000955,2.16825
0.295060000955,2.1995
0.295070000955,2.137
0.295080000955,2.16825
0.295090000955,2.137
0.295100000955,2.137
0.295110000955,2.137
0.295120000955,2.16825
0.295130000955,2.16825
0.295140000955,2.137
0.295150000955,2.16825
0.295160000955,2.16825
0.295170000955,2.16825
0.295180000955,2.16825
0.295190000955,2.16825
0.295200000955,2.16825
0.295210000955,2.1995
0.295220000955,2.16825
0.295230000955,2.16825
0.295240000955,2.16825
0.295250000955,2.137
0.295260000955,2.16825
0.295270000955,2.137
0.295280000955,2.16825
0.295290000955,2.16825
0.295300000955,2.16825
0.295310000955,2.16825
0.295320000955,2.10575
0.295330000955,2.16825
0.295340000955,2.16825
0.295350000955,2.16825
0.295360000955,2.16825
0.295370000955,2.16825
0.295380000955,2.16825
0.295390000955,2.16825
0.295400000955,2.137
0.295410000955,2.137
0.295420000955,2.1995
0.295430000955,2.1995
0.295440000955,2.1995
0.295450000955,2.1995
0.295460000955,2.16825
0.295470000955,2.16825
0.295480000955,2.137
0.295490000955,2.137
0.295500000955,2.137
0.295510000955,2.1995
0.295520000955,2.137
0.295530000955,2.16825
0.295540000955,2.137
0.295550000955,2.137
0.295560000955,2.16825
0.295570000955,2.137
0.295580000955,2.137
0.295590000955,2.137
0.295600000955,2.10575
0.295610000955,2.16825
0.295620000955,2.16825
0.295630000955,2.137
0.295640000955,2.1995
0.295650000955,2.16825
0.295660000955,2.16825
0.295670000955,2.137
0.295680000955,2.16825
0.295690000955,2.16825
0.295700000955,2.16825
0.295710000955,2.16825
0.295720000955,2.137
0.295730000955,2.16825
0.295740000955,2.10575
0.295750000955,2.16825
0.295760000955,2.16825
0.295770000955,2.137
0.295780000955,2.16825
0.295790000955,2.16825
0.295800000955,2.1995
0.295810000955,2.1995
0.295820000955,2.137
0.295830000955,2.16825
0.295840000955,2.137
0.295850000955,2.16825
0.295860000955,2.16825
0.295870000955,2.16825
0.295880000955,2.137
0.295890000955,2.16825
0.295900000955,2.16825
0.295910000955,2.16825
0.295920000955,2.137
0.295930000955,2.16825
0.295940000955,2.16825
0.295950000955,2.16825
0.295960000955,2.137
0.295970000955,2.137
0.295980000955,2.137
0.295990000955,2.16825
0.296000000955,2.137
0.296010000955,2.137
0.296020000955,2.137
0.296030000955,2.16825
0.296040000955,2.137
0.296050000955,2.16825
0.296060000955,2.137
0.296070000955,2.137
0.296080000955,2.16825
0.296090000955,2.16825
0.296100000955,2.137
0.296110000955,2.16825
0.296120000955,2.137
0.296130000955,2.137
0.296140000955,2.16825
0.296150000955,2.16825
0.296160000955,2.16825
0.296170000955,2.16825
0.296180000955,2.137
0.296190000955,2.16825
0.296200000955,2.137
0.296210000955,2.16825
0.296220000955,2.16825
0.296230000955,2.137
0.296240000955,2.16825
0.296250000955,2.16825
0.296260000955,2.1995
0.296270000955,2.137
0.296280000955,2.16825
0.296290000955,2.16825
0.296300000955,2.1995
0.296310000955,2.137
0.296320000955,2.1995
0.296330000955,2.16825
0.296340000955,2.16825
0.296350000955,2.16825
0.296360000955,2.16825
0.296370000955,2.137
0.296380000955,2.137
0.296390000955,2.16825
0.296400000955,2.16825
0.296410000955,2.1995
0.296420000955,2.16825
0.296430000955,2.16825
0.296440000955,2.16825
0.296450000955,2.137
0.296460000955,2.137
0.296470000955,2.16825
0.296480000955,2.16825
0.296490000955,2.137
0.296500000955,2.16825
0.296510000955,2.137
0.296520000955,2.137
0.296530000955,2.137
0.296540000955,2.16825
0.296550000955,2.16825
0.296560000955,2.137
0.296570000955,2.137
0.296580000955,2.16825
0.296590000955,2.137
0.296600000955,2.1995
0.296610000955,2.137
0.296620000955,2.16825
0.296630000955,2.16825
0.296640000955,2.137
0.296650000955,2.137
0.296660000955,2.16825
0.296670000955,2.16825
0.296680000955,2.16825
0.296690000955,2.16825
0.296700000955,2.137
0.296710000955,2.137
0.296720000955,2.16825
0.296730000955,2.1995
0.296740000955,2.16825
0.296750000955,2.1995
0.296760000955,2.137
0.296770000955,2.16825
0.296780000955,2.16825
0.296790000955,2.16825
0.296800000955,2.1995
0.296810000955,2.16825
0.296820000955,2.16825
0.296830000955,2.16825
0.296840000955,2.16825
0.296850000955,2.16825
0.296860000955,2.137
0.296870000955,2.16825
0.296880000955,2.16825
0.296890000955,2.137
0.296900000955,2.10575
0.296910000955,2.16825
0.296920000955,2.137
0.296930000955,2.137
0.296940000955,2.16825
0.296950000955,2.1995
0.296960000955,2.137
0.296970000955,2.16825
0.296980000955,2.16825
0.296990000955,2.16825
0.297000000955,2.10575
0.297010000955,2.137
0.297020000955,2.16825
0.297030000955,2.137
0.297040000955,2.137
0.297050000955,2.16825
0.297060000955,2.16825
0.297070000955,2.16825
0.297080000955,2.16825
0.297090000955,2.137
0.297100000955,2.1995
0.297110000955,2.16825
0.297120000955,2.16825
0.297130000955,2.1995
0.297140000955,2.16825
0.297150000955,2.16825
0.297160000955,2.16825
0.297170000955,2.10575
0.297180000955,2.1995
0.297190000955,2.137
0.297200000955,2.137
0.297210000955,2.137
0.297220000955,2.16825
0.297230000955,2.137
0.297240000955,2.16825
0.297250000955,2.16825
0.297260000955,2.16825
0.297270000955,2.137
0.297280000955,2.16825
0.297290000955,2.137
0.297300000955,2.16825
0.297310000955,2.137
0.297320000955,2.16825
0.297330000955,2.16825
0.297340000955,2.137
0.297350000955,2.16825
0.297360000955,2.137
0.297370000955,2.16825
0.297380000955,2.16825
0.297390000955,2.16825
0.297400000955,2.1995
0.297410000955,2.16825
0.297420000955,2.137
0.297430000955,2.16825
0.297440000955,2.16825
0.297450000955,2.16825
0.297460000955,2.16825
0.297470000955,2.137
0.297480000955,2.137
0.297490000955,2.137
0.297500000955,2.137
0.297510000955,2.16825
0.297520000955,2.137
0.297530000955,2.16825
0.297540000955,2.16825
0.297550000955,2.16825
0.297560000955,2.16825
0.297570000955,2.16825
0.297580000955,2.137
0.297590000955,2.16825
0.297600000955,2.137
0.297610000955,2.137
0.297620000955,2.16825
0.297630000955,2.16825
0.297640000955,2.16825
0.297650000955,2.137
0.297660000955,2.137
0.297670000955,2.16825
0.297680000955,2.16825
0.297690000955,2.137
0.297700000955,2.16825
0.297710000955,2.137
0.297720000955,2.16825
0.297730000955,2.16825
0.297740000955,2.16825
0.297750000955,2.137
0.297760000955,2.16825
0.297770000955,2.16825
0.297780000955,2.1995
0.297790000955,2.137
0.297800000955,2.16825
0.297810000955,2.16825
0.297820000955,2.16825
0.297830000955,2.16825
0.297840000955,2.137
0.297850000955,2.16825
0.297860000955,2.1995
0.297870000955,2.16825
0.297880000955,2.16825
0.297890000955,2.16825
0.297900000955,2.16825
0.297910000955,2.16825
0.297920000955,2.16825
0.297930000955,2.137
0.297940000955,2.137
0.297950000955,2.16825
0.297960000955,2.137
0.297970000955,2.137
0.297980000955,2.16825
0.297990000955,2.137
0.298000000955,2.137
0.298010000955,2.16825
0.298020000955,2.16825
0.298030000955,2.16825
0.298040000955,2.16825
0.298050000955,2.1995
0.298060000955,2.16825
0.298070000955,2.137
0.298080000955,2.137
0.298090000955,2.1995
0.298100000955,2.16825
0.298110000955,2.16825
0.298120000955,2.16825
0.298130000955,2.137
0.298140000955,2.137
0.298150000955,2.1995
0.298160000955,2.16825
0.298170000955,2.137
0.298180000955,2.16825
0.298190000955,2.16825
0.298200000955,2.137
0.298210000955,2.16825
0.298220000955,2.137
0.298230000955,2.137
0.298240000955,2.137
0.298250000955,2.16825
0.298260000955,2.137
0.298270000955,2.137
0.298280000955,2.16825
0.298290000955,2.16825
0.298300000955,2.16825
0.298310000955,2.1995
0.298320000955,2.16825
0.298330000955,2.137
0.298340000955,2.137
0.298350000955,2.16825
0.298360000955,2.16825
0.298370000955,2.1995
0.298380000955,2.16825
0.298390000955,2.16825
0.298400000955,2.16825
0.298410000955,2.137
0.298420000955,2.16825
0.298430000955,2.16825
0.298440000955,2.137
0.298450000955,2.137
0.298460000955,2.16825
0.298470000955,2.16825
0.298480000955,2.16825
0.298490000955,2.137
0.298500000955,2.16825
0.298510000955,2.137
0.298520000955,2.16825
0.298530000955,2.137
0.298540000955,2.16825
0.298550000955,2.16825
0.298560000955,2.16825
0.298570000955,2.1995
0.298580000955,2.16825
0.298590000955,2.16825
0.298600000955,2.137
0.298610000955,2.16825
0.298620000955,2.16825
0.298630000955,2.16825
0.298640000955,2.16825
0.298650000955,2.16825
0.298660000955,2.137
0.298670000955,2.137
0.298680000955,2.1995
0.298690000955,2.16825
0.298700000955,2.16825
0.298710000955,2.1995
0.298720000955,2.16825
0.298730000955,2.1995
0.298740000955,2.16825
0.298750000955,2.16825
0.298760000955,2.16825
0.298770000955,2.1995
0.298780000955,2.1995
0.298790000955,2.137
0.298800000955,2.137
0.298810000955,2.1995
0.298820000955,2.16825
0.298830000955,2.16825
0.298840000955,2.16825
0.298850000955,2.16825
0.298860000955,2.16825
0.298870000955,2.137
0.298880000955,2.137
0.298890000955,2.16825
0.298900000955,2.16825
0.298910000955,2.16825
0.298920000955,2.16825
0.298930000955,2.1995
0.298940000955,2.16825
0.298950000955,2.16825
0.298960000955,2.16825
0.298970000955,2.16825
0.298980000955,2.16825
0.298990000955,2.16825
0.299000000955,2.16825
0.299010000955,2.16825
0.299020000955,2.16825
0.299030000955,2.1995
0.299040000955,2.1995
0.299050000955,2.16825
0.299060000955,2.137
0.299070000955,2.137
0.299080000955,2.16825
0.299090000955,2.16825
0.299100000955,2.137
0.299110000955,2.137
0.299120000955,2.1995
0.299130000955,2.137
0.299140000955,2.16825
0.299150000955,2.16825
0.299160000955,2.16825
0.299170000955,2.16825
0.299180000955,2.137
0.299190000955,2.16825
0.299200000955,2.137
0.299210000955,2.137
0.299220000955,2.137
0.299230000955,2.16825
0.299240000955,2.1995
0.299250000955,2.16825
0.299260000955,2.137
0.299270000955,2.1995
0.299280000955,2.16825
0.299290000955,2.1995
0.299300000955,2.1995
0.299310000955,2.137
0.299320000955,2.16825
0.299330000955,2.16825
0.299340000955,2.16825
0.299350000955,2.16825
0.299360000955,2.137
0.299370000955,2.137
0.299380000955,2.137
0.299390000955,2.16825
0.299400000955,2.1995
0.299410000955,2.16825
0.299420000955,2.137
0.299430000955,2.16825
0.299440000955,2.16825
0.299450000955,2.16825
0.299460000955,2.16825
0.299470000955,2.137
0.299480000955,2.16825
0.299490000955,2.16825
0.299500000955,2.16825
0.299510000955,2.137
0.299520000955,2.137
0.299530000955,2.16825
0.299540000955,2.137
0.299550000955,2.16825
0.299560000955,2.16825
0.299570000955,2.16825
0.299580000955,2.23075
0.299590000955,2.16825
0.299600000955,2.137
0.299610000955,2.16825
0.299620000955,2.16825
0.299630000955,2.1995
0.299640000955,2.16825
0.299650000955,2.1995
0.299660000955,2.1995
0.299670000955,2.1995
0.299680000955,2.1995
0.299690000955,2.16825
0.299700000955,2.137
0.299710000955,2.16825
0.299720000955,2.16825
0.299730000955,2.16825
0.299740000955,2.16825
0.299750000955,2.16825
0.299760000955,2.137
0.299770000955,2.1995
0.299780000955,2.16825
0.299790000955,2.137
0.299800000955,2.16825
0.299810000955,2.1995
0.299820000955,2.16825
0.299830000955,2.1995
0.299840000955,2.16825
0.299850000955,2.16825
0.299860000955,2.16825
0.299870000955,2.137
0.299880000955,2.16825
0.299890000955,2.137
0.299900000955,2.16825
0.299910000955,2.16825
0.299920000955,2.1995
0.299930000955,2.16825
0.299940000955,2.1995
0.299950000955,2.137
0.299960000955,2.1995
0.299970000955,2.16825
0.299980000955,2.16825
0.299990000955,2.16825
0.300000000955,2.1995
0.300010000955,2.137
0.300020000955,2.16825
0.300030000955,2.137
0.300040000955,2.137
0.300050000955,2.16825
0.300060000955,2.137
0.300070000955,2.16825
0.300080000955,2.16825
0.300090000955,2.16825
0.300100000955,2.137
0.300110000955,2.16825
0.300120000955,2.16825
0.300130000955,2.137
0.300140000955,2.16825
0.300150000955,2.16825
0.300160000955,2.16825
0.300170000955,2.16825
0.300180000955,2.16825
0.300190000955,2.16825
0.300200000955,2.16825
0.300210000955,2.137
0.300220000955,2.137
0.300230000955,2.16825
0.300240000955,2.137
0.300250000955,2.1995
0.300260000955,2.137
0.300270000955,2.16825
0.300280000955,2.16825
0.300290000955,2.1995
0.300300000955,2.16825
0.300310000955,2.16825
0.300320000955,2.16825
0.300330000955,2.16825
0.300340000955,2.16825
0.300350000955,2.16825
0.300360000955,2.1995
0.300370000955,2.16825
0.300380000955,2.16825
0.300390000955,2.16825
0.300400000955,2.16825
0.300410000955,2.16825
0.300420000955,2.1995
0.300430000955,2.16825
0.300440000955,2.137
0.300450000955,2.137
0.300460000955,2.137
0.300470000955,2.137
0.300480000955,2.16825
0.300490000955,2.23075
0.300500000955,2.16825
0.300510000955,2.16825
0.300520000955,2.16825
0.300530000955,2.1995
0.300540000955,2.137
0.300550000955,2.16825
0.300560000955,2.16825
0.300570000955,2.16825
0.300580000955,2.16825
0.300590000955,2.16825
0.300600000955,2.16825
0.300610000955,2.16825
0.300620000955,2.16825
0.300630000955,2.16825
0.300640000955,2.137
0.300650000955,2.16825
0.300660000955,2.137
0.300670000955,2.16825
0.300680000955,2.1995
0.300690000955,2.16825
0.300700000955,2.16825
0.300710000955,2.137
0.300720000955,2.16825
0.300730000955,2.16825
0.300740000955,2.16825
0.300750000955,2.1995
0.300760000955,2.16825
0.300770000955,2.16825
0.300780000955,2.16825
0.300790000955,2.1995
0.300800000955,2.1995
0.300810000955,2.137
0.300820000955,2.16825
0.300830000955,2.16825
0.300840000955,2.16825
0.300850000955,2.16825
0.300860000955,2.16825
0.300870000955,2.16825
0.300880000955,2.1995
0.300890000955,2.16825
0.300900000955,2.16825
0.300910000955,2.1995
0.300920000955,2.16825
0.300930000955,2.16825
0.300940000955,2.137
0.300950000955,2.16825
0.300960000955,2.137
0.300970000955,2.137
0.300980000955,2.16825
0.300990000955,2.16825
0.301000000955,2.16825
0.301010000955,2.16825
0.301020000955,2.16825
0.301030000955,2.137
0.301040000955,2.137
0.301050000955,2.10575
0.301060000955,2.1995
0.301070000955,2.16825
0.301080000955,2.16825
0.301090000955,2.137
0.301100000955,2.16825
0.301110000955,2.16825
0.301120000955,2.16825
0.301130000955,2.16825
0.301140000955,2.10575
0.301150000955,2.137
0.301160000955,2.16825
0.301170000955,2.16825
0.301180000955,2.1995
0.301190000955,2.16825
0.301200000955,2.16825
0.301210000955,2.1995
0.301220000955,2.16825
0.301230000955,2.1995
0.301240000955,2.16825
0.301250000955,2.16825
0.301260000955,2.16825
0.301270000955,2.1995
0.301280000955,2.16825
0.301290000955,2.16825
0.301300000955,2.1995
0.301310000955,2.16825
0.301320000955,2.16825
0.301330000955,2.16825
0.301340000955,2.16825
0.301350000955,2.1995
0.301360000955,2.16825
0.301370000955,2.16825
0.301380000955,2.1995
0.301390000955,2.16825
0.301400000955,2.1995
0.301410000955,2.16825
0.301420000955,2.16825
0.301430000955,2.16825
0.301440000955,2.1995
0.301450000955,2.137
0.301460000955,2.16825
0.301470000955,2.16825
0.301480000955,2.16825
0.301490000955,2.137
0.301500000955,2.16825
0.301510000955,2.16825
0.301520000955,2.16825
0.301530000955,2.137
0.301540000955,2.16825
0.301550000955,2.16825
0.301560000955,2.137
0.301570000955,2.16825
0.301580000955,2.16825
0.301590000955,2.16825
0.301600000955,2.1995
0.301610000955,2.1995
0.301620000955,2.16825
0.301630000955,2.137
0.301640000955,2.16825
0.301650000955,2.16825
0.301660000955,2.16825
0.301670000955,2.16825
0.301680000955,2.16825
0.301690000955,2.16825
0.301700000955,2.1995
0.301710000955,2.1995
0.301720000955,2.137
0.301730000955,2.1995
0.301740000955,2.137
0.301750000955,2.16825
0.301760000955,2.16825
0.301770000955,2.16825
0.301780000955,2.1995
0.301790000955,2.137
0.301800000955,2.16825
0.301810000955,2.16825
0.301820000955,2.16825
0.301830000955,2.1995
0.301840000955,2.16825
0.301850000955,2.16825
0.301860000955,2.137
0.301870000955,2.137
0.301880000955,2.16825
0.301890000955,2.16825
0.301900000955,2.137
0.301910000955,2.137
0.301920000955,2.16825
0.301930000955,2.16825
0.301940000955,2.16825
0.301950000955,2.16825
0.301960000955,2.16825
0.301970000955,2.16825
0.301980000955,2.137
0.301990000955,2.137
0.302000000955,2.137
0.302010000955,2.1995
0.302020000955,2.1995
0.302030000955,2.16825
0.302040000955,2.16825
0.302050000955,2.16825
0.302060000955,2.137
0.302070000955,2.1995
0.302080000955,2.16825
0.302090000955,2.16825
0.302100000955,2.16825
0.302110000955,2.16825
0.302120000955,2.16825
0.302130000955,2.16825
0.302140000955,2.16825
0.302150000955,2.16825
0.302160000955,2.1995
0.302170000955,2.1995
0.302180000955,2.16825
0.302190000955,2.16825
0.302200000955,2.137
0.302210000955,2.16825
0.302220000955,2.16825
0.302230000955,2.137
0.302240000955,2.16825
0.302250000955,2.16825
0.302260000955,2.1995
0.302270000955,2.16825
0.302280000955,2.1995
0.302290000955,2.16825
0.302300000955,2.16825
0.302310000955,2.16825
0.302320000955,2.16825
0.302330000955,2.16825
0.302340000955,2.16825
0.302350000955,2.16825
0.302360000955,2.16825
0.302370000955,2.1995
0.302380000955,2.16825
0.302390000955,2.16825
0.302400000955,2.16825
0.302410000955,2.1995
0.302420000955,2.16825
0.302430000955,2.16825
0.302440000955,2.137
0.302450000955,2.16825
0.302460000955,2.16825
0.302470000955,2.1995
0.302480000955,2.1995
0.302490000955,2.137
0.302500000955,2.137
0.302510000955,2.1995
0.302520000955,2.137
0.302530000955,2.16825
0.302540000955,2.1995
0.302550000955,2.16825
0.302560000955,2.137
0.302570000955,2.16825
0.302580000955,2.137
0.302590000955,2.137
0.302600000955,2.1995
0.302610000955,2.1995
0.302620000955,2.137
0.302630000955,2.16825
0.302640000955,2.1995
0.302650000955,2.16825
0.302660000955,2.1995
0.302670000955,2.16825
0.302680000955,2.16825
0.302690000955,2.16825
0.302700000955,2.16825
0.302710000955,2.1995
0.302720000955,2.16825
0.302730000955,2.16825
0.302740000955,2.16825
0.302750000955,2.16825
0.302760000955,2.16825
0.302770000955,2.1995
0.302780000955,2.16825
0.302790000955,2.16825
0.302800000955,2.16825
0.302810000955,2.16825
0.302820000955,2.16825
0.302830000955,2.1995
0.302840000955,2.137
0.302850000955,2.137
0.302860000955,2.16825
0.302870000955,2.137
0.302880000955,2.137
0.302890000955,2.16825
0.302900000955,2.137
0.302910000955,2.1995
0.302920000955,2.1995
0.302930000955,2.1995
0.302940000955,2.16825
0.302950000955,2.137
0.302960000955,2.137
0.302970000955,2.16825
0.302980000955,2.16825
0.302990000955,2.16825
0.303000000955,2.1995
0.303010000955,2.16825
0.303020000955,2.137
0.303030000955,2.16825
0.303040000955,2.16825
0.303050000955,2.1995
0.303060000955,2.16825
0.303070000955,2.16825
0.303080000955,2.1995
0.303090000955,2.16825
0.303100000955,2.16825
0.303110000955,2.137
0.303120000955,2.1995
0.303130000955,2.16825
0.303140000955,2.137
0.303150000955,2.16825
0.303160000955,2.1995
0.303170000955,2.16825
0.303180000955,2.137
0.303190000955,2.16825
0.303200000955,2.1995
0.303210000955,2.137
0.303220000955,2.16825
0.303230000955,2.1995
0.303240000955,2.16825
0.303250000955,2.16825
0.303260000955,2.16825
0.303270000955,2.16825
0.303280000955,2.16825
0.303290000955,2.16825
0.303300000955,2.16825
0.303310000955,2.137
0.303320000955,2.137
0.303330000955,2.1995
0.303340000955,2.16825
0.303350000955,2.16825
0.303360000955,2.16825
0.303370000955,2.16825
0.303380000955,2.137
0.303390000955,2.1995
0.303400000955,2.16825
0.303410000955,2.16825
0.303420000955,2.16825
0.303430000955,2.16825
0.303440000955,2.16825
0.303450000955,2.16825
0.303460000955,2.16825
0.303470000955,2.16825
0.303480000955,2.16825
0.303490000955,2.16825
0.303500000955,2.16825
0.303510000955,2.1995
0.303520000955,2.16825
0.303530000955,2.16825
0.303540000955,2.16825
0.303550000955,2.1995
0.303560000955,2.16825
0.303570000955,2.137
0.303580000955,2.16825
0.303590000955,2.16825
0.303600000955,2.137
0.303610000955,2.16825
0.303620000955,2.1995
0.303630000955,2.16825
0.303640000955,2.16825
0.303650000955,2.16825
0.303660000955,2.16825
0.303670000955,2.137
0.303680000955,2.137
0.303690000955,2.137
0.303700000955,2.16825
0.303710000955,2.16825
0.303720000955,2.1995
0.303730000955,2.137
0.303740000955,2.16825
0.303750000955,2.16825
0.303760000955,2.16825
0.303770000955,2.137
0.303780000955,2.1995
0.303790000955,2.16825
0.303800000955,2.16825
0.303810000955,2.16825
0.303820000955,2.16825
0.303830000955,2.137
0.303840000955,2.16825
0.303850000955,2.16825
0.303860000955,2.137
0.303870000955,2.1995
0.303880000955,2.16825
0.303890000955,2.16825
0.303900000955,2.10575
0.303910000955,2.16825
0.303920000955,2.137
0.303930000955,2.16825
0.303940000955,2.1995
0.303950000955,2.16825
0.303960000955,2.137
0.303970000955,2.16825
0.303980000955,2.1995
0.303990000955,2.16825
0.304000000955,2.16825
0.304010000955,2.16825
0.304020000955,2.137
0.304030000955,2.16825
0.304040000955,2.16825
0.304050000955,2.1995
0.304060000955,2.16825
0.304070000955,2.16825
0.304080000955,2.16825
0.304090000955,2.137
0.304100000955,2.16825
0.304110000955,2.16825
0.304120000955,2.137
0.304130000955,2.16825
0.304140000955,2.1995
0.304150000955,2.137
0.304160000955,2.16825
0.304170000955,2.16825
0.304180000955,2.16825
0.304190000955,2.137
0.304200000955,2.16825
0.304210000955,2.16825
0.304220000955,2.137
0.304230000955,2.16825
0.304240000955,2.1995
0.304250000955,2.16825
0.304260000955,2.137
0.304270000955,2.16825
0.304280000955,2.16825
0.304290000955,2.16825
0.304300000955,2.16825
0.304310000955,2.1995
0.304320000955,2.16825
0.304330000955,2.137
0.304340000955,2.16825
0.304350000955,2.1995
0.304360000955,2.137
0.304370000955,2.1995
0.304380000955,2.1995
0.304390000955,2.1995
0.304400000955,2.137
0.304410000955,2.137
0.304420000955,2.16825
0.304430000955,2.1995
0.304440000955,2.137
0.304450000955,2.16825
0.304460000955,2.16825
0.304470000955,2.16825
0.304480000955,2.137
0.304490000955,2.16825
0.304500000955,2.16825
0.304510000955,2.137
0.304520000955,2.16825
0.304530000955,2.16825
0.304540000955,2.16825
0.304550000955,2.16825
0.304560000955,2.1995
0.304570000955,2.16825
0.304580000955,2.16825
0.304590000955,2.16825
0.304600000955,2.16825
0.304610000955,2.16825
0.304620000955,2.137
0.304630000955,2.137
0.304640000955,2.16825
0.304650000955,2.16825
0.304660000955,2.16825
0.304670000955,2.1995
0.304680000955,2.16825
0.304690000955,2.16825
0.304700000955,2.16825
0.304710000955,2.1995
0.304720000955,2.16825
0.304730000955,2.137
0.304740000955,2.16825
0.304750000955,2.137
0.304760000955,2.1995
0.304770000955,2.1995
0.304780000955,2.16825
0.304790000955,2.1995
0.304800000955,2.16825
0.304810000955,2.16825
0.304820000955,2.1995
0.304830000955,2.137
0.304840000955,2.16825
0.304850000955,2.1995
0.304860000955,2.137
0.304870000955,2.1995
0.304880000955,2.16825
0.304890000955,2.137
0.304900000955,2.137
0.304910000955,2.16825
0.304920000955,2.1995
0.304930000955,2.137
0.304940000955,2.16825
0.304950000955,2.16825
0.304960000955,2.1995
0.304970000955,2.1995
0.304980000955,2.1995
0.304990000955,2.137
0.305000000955,2.16825
0.305010000955,2.16825
0.305020000955,2.137
0.305030000955,2.1995
0.305040000955,2.16825
0.305050000955,2.1995
0.305060000955,2.23075
0.305070000955,2.16825
0.305080000955,2.16825
0.305090000955,2.16825
0.305100000955,2.16825
0.305110000955,2.16825
0.305120000955,2.1995
0.305130000955,2.16825
0.305140000955,2.16825
0.305150000955,2.23075
0.305160000955,2.16825
0.305170000955,2.16825
0.305180000955,2.1995
0.305190000955,2.16825
0.305200000955,2.16825
0.305210000955,2.16825
0.305220000955,2.137
0.305230000955,2.1995
0.305240000955,2.16825
0.305250000955,2.16825
0.305260000955,2.16825
0.305270000955,2.16825
0.305280000955,2.16825
0.305290000955,2.16825
0.305300000955,2.1995
0.305310000955,2.16825
0.305320000955,2.1995
0.305330000955,2.16825
0.305340000955,2.16825
0.305350000955,2.137
0.305360000955,2.1995
0.305370000955,2.1995
0.305380000955,2.1995
0.305390000955,2.16825
0.305400000955,2.16825
0.305410000955,2.16825
0.305420000955,2.16825
0.305430000955,2.137
0.305440000955,2.1995
0.305450000955,2.1995
0.305460000955,2.16825
0.305470000955,2.16825
0.305480000955,2.16825
0.305490000955,2.1995
0.305500000955,2.137
0.305510000955,2.1995
0.305520000955,2.16825
0.305530000955,2.1995
0.305540000955,2.1995
0.305550000955,2.16825
0.305560000955,2.137
0.305570000955,2.16825
0.305580000955,2.16825
0.305590000955,2.1995
0.305600000955,2.16825
0.305610000955,2.16825
0.305620000955,2.16825
0.305630000955,2.16825
0.305640000955,2.1995
0.305650000955,2.16825
0.305660000955,2.16825
0.305670000955,2.1995
0.305680000955,2.16825
0.305690000955,2.1995
0.305700000955,2.137
0.305710000955,2.137
0.305720000955,2.137
0.305730000955,2.16825
0.305740000955,2.16825
0.305750000955,2.137
0.305760000955,2.16825
0.305770000955,2.16825
0.305780000955,2.16825
0.305790000955,2.16825
0.305800000955,2.137
0.305810000955,2.1995
0.305820000955,2.1995
0.305830000955,2.16825
0.305840000955,2.1995
0.305850000955,2.137
0.305860000955,2.1995
0.305870000955,2.16825
0.305880000955,2.16825
0.305890000955,2.1995
0.305900000955,2.1995
0.305910000955,2.137
0.305920000955,2.23075
0.305930000955,2.16825
0.305940000955,2.16825
0.305950000955,2.16825
0.305960000955,2.137
0.305970000955,2.1995
0.305980000955,2.1995
0.305990000955,2.16825
0.306000000955,2.16825
0.306010000955,2.16825
0.306020000955,2.16825
0.306030000955,2.1995
0.306040000955,2.1995
0.306050000955,2.137
0.306060000955,2.16825
0.306070000955,2.16825
0.306080000955,2.1995
0.306090000955,2.16825
0.306100000955,2.16825
0.306110000955,2.16825
0.306120000955,2.16825
0.306130000955,2.16825
0.306140000955,2.1995
0.306150000955,2.16825
0.306160000955,2.16825
0.306170000955,2.16825
0.306180000955,2.16825
0.306190000955,2.1995
0.306200000955,2.16825
0.306210000955,2.16825
0.306220000955,2.16825
0.306230000955,2.16825
0.306240000955,2.137
0.306250000955,2.137
0.306260000955,2.1995
0.306270000955,2.16825
0.306280000955,2.16825
0.306290000955,2.16825
0.306300000955,2.137
0.306310000955,2.1995
0.306320000955,2.1995
0.306330000955,2.16825
0.306340000955,2.137
0.306350000955,2.16825
0.306360000955,2.16825
0.306370000955,2.137
0.306380000955,2.137
0.306390000955,2.1995
0.306400000955,2.16825
0.306410000955,2.16825
0.306420000955,2.1995
0.306430000955,2.1995
0.306440000955,2.1995
0.306450000955,2.16825
0.306460000955,2.23075
0.306470000955,2.16825
0.306480000955,2.16825
0.306490000955,2.137
0.306500000955,2.16825
0.306510000955,2.137
0.306520000955,2.16825
0.306530000955,2.16825
0.306540000955,2.1995
0.306550000955,2.1995
0.306560000955,2.1995
0.306570000955,2.1995
0.306580000955,2.16825
0.306590000955,2.1995
0.306600000955,2.16825
0.306610000955,2.1995
0.306620000955,2.137
0.306630000955,2.16825
0.306640000955,2.16825
0.306650000955,2.137
0.306660000955,2.16825
0.306670000955,2.16825
0.306680000955,2.1995
0.306690000955,2.16825
0.306700000955,2.16825
0.306710000955,2.16825
0.306720000955,2.137
0.306730000955,2.137
0.306740000955,2.1995
0.306750000955,2.137
0.306760000955,2.16825
0.306770000955,2.16825
0.306780000955,2.16825
0.306790000955,2.16825
0.306800000955,2.1995
0.306810000955,2.16825
0.306820000955,2.16825
0.306830000955,2.23075
0.306840000955,2.137
0.306850000955,2.1995
0.306860000955,2.16825
0.306870000955,2.137
0.306880000955,2.1995
0.306890000955,2.16825
0.306900000955,2.137
0.306910000955,2.137
0.306920000955,2.16825
0.306930000955,2.16825
0.306940000955,2.16825
0.306950000955,2.16825
0.306960000955,2.16825
0.306970000955,2.16825
0.306980000955,2.1995
0.306990000955,2.16825
0.307000000955,2.16825
0.307010000955,2.1995
0.307020000955,2.137
0.307030000955,2.16825
0.307040000955,2.1995
0.307050000955,2.16825
0.307060000955,2.16825
0.307070000955,2.137
0.307080000955,2.1995
0.307090000955,2.16825
0.307100000955,2.16825
0.307110000955,2.16825
0.307120000955,2.137
0.307130000955,2.16825
0.307140000955,2.16825
0.307150000955,2.1995
0.307160000955,2.16825
0.307170000955,2.137
0.307180000955,2.16825
0.307190000955,2.16825
0.307200000955,2.137
0.307210000955,2.1995
0.307220000955,2.1995
0.307230000955,2.16825
0.307240000955,2.1995
0.307250000955,2.1995
0.307260000955,2.16825
0.307270000955,2.16825
0.307280000955,2.16825
0.307290000955,2.16825
0.307300000955,2.16825
0.307310000955,2.1995
0.307320000955,2.16825
0.307330000955,2.137
0.307340000955,2.16825
0.307350000955,2.16825
0.307360000955,2.16825
0.307370000955,2.1995
0.307380000955,2.16825
0.307390000955,2.16825
0.307400000955,2.16825
0.307410000955,2.16825
0.307420000955,2.1995
0.307430000955,2.1995
0.307440000955,2.1995
0.307450000955,2.137
0.307460000955,2.137
0.307470000955,2.16825
0.307480000955,2.16825
0.307490000955,2.16825
0.307500000955,2.16825
0.307510000955,2.16825
0.307520000955,2.1995
0.307530000955,2.16825
0.307540000955,2.16825
0.307550000955,2.16825
0.307560000955,2.137
0.307570000955,2.1995
0.307580000955,2.16825
0.307590000955,2.16825
0.307600000955,2.1995
0.307610000955,2.16825
0.307620000955,2.1995
0.307630000955,2.1995
0.307640000955,2.16825
0.307650000955,2.16825
0.307660000955,2.137
0.307670000955,2.1995
0.307680000955,2.137
0.307690000955,2.137
0.307700000955,2.137
0.307710000955,2.1995
0.307720000955,2.16825
0.307730000955,2.16825
0.307740000955,2.16825
0.307750000955,2.1995
0.307760000955,2.137
0.307770000955,2.16825
0.307780000955,2.16825
0.307790000955,2.1995
0.307800000955,2.16825
0.307810000955,2.16825
0.307820000955,2.16825
0.307830000955,2.16825
0.307840000955,2.1995
0.307850000955,2.1995
0.307860000955,2.16825
0.307870000955,2.1995
0.307880000955,2.16825
0.307890000955,2.16825
0.307900000955,2.16825
0.307910000955,2.137
0.307920000955,2.16825
0.307930000955,2.16825
0.307940000955,2.137
0.307950000955,2.1995
0.307960000955,2.16825
0.307970000955,2.1995
0.307980000955,2.137
0.307990000955,2.1995
0.308000000955,2.137
0.308010000955,2.16825
0.308020000955,2.16825
0.308030000955,2.1995
0.308040000955,2.1995
0.308050000955,2.16825
0.308060000955,2.137
0.308070000955,2.16825
0.308080000955,2.1995
0.308090000955,2.137
0.308100000955,2.16825
0.308110000955,2.16825
0.308120000955,2.16825
0.308130000955,2.16825
0.308140000955,2.16825
0.308150000955,2.1995
0.308160000955,2.16825
0.308170000955,2.137
0.308180000955,2.16825
0.308190000955,2.16825
0.308200000955,2.16825
0.308210000955,2.1995
0.308220000955,2.137
0.308230000955,2.16825
0.308240000955,2.16825
0.308250000955,2.137
0.308260000955,2.16825
0.308270000955,2.16825
0.308280000955,2.16825
0.308290000955,2.16825
0.308300000955,2.16825
0.308310000955,2.16825
0.308320000955,2.137
0.308330000955,2.16825
0.308340000955,2.16825
0.308350000955,2.1995
0.308360000955,2.16825
0.308370000955,2.1995
0.308380000955,2.16825
0.308390000955,2.16825
0.308400000955,2.16825
0.308410000955,2.16825
0.308420000955,2.137
0.308430000955,2.16825
0.308440000955,2.1995
0.308450000955,2.16825
0.308460000955,2.16825
0.308470000955,2.1995
0.308480000955,2.16825
0.308490000955,2.1995
0.308500000955,2.16825
0.308510000955,2.16825
0.308520000955,2.16825
0.308530000955,2.137
0.308540000955,2.16825
0.308550000955,2.16825
0.308560000955,2.16825
0.308570000955,2.16825
0.308580000955,2.16825
0.308590000955,2.137
0.308600000955,2.16825
0.308610000955,2.137
0.308620000955,2.137
0.308630000955,2.16825
0.308640000955,2.16825
0.308650000955,2.1995
0.308660000955,2.16825
0.308670000955,2.137
0.308680000955,2.16825
0.308690000955,2.16825
0.308700000955,2.16825
0.308710000955,2.1995
0.308720000955,2.16825
0.308730000955,2.16825
0.308740000955,2.1995
0.308750000955,2.16825
0.308760000955,2.16825
0.308770000955,2.16825
0.308780000955,2.137
0.308790000955,2.16825
0.308800000955,2.137
0.308810000955,2.16825
0.308820000955,2.137
0.308830000955,2.1995
0.308840000955,2.16825
0.308850000955,2.16825
0.308860000955,2.16825
0.308870000955,2.16825
0.308880000955,2.16825
0.308890000955,2.16825
0.308900000955,2.16825
0.308910000955,2.16825
0.308920000955,2.16825
0.308930000955,2.16825
0.308940000955,2.137
0.308950000955,2.16825
0.308960000955,2.137
0.308970000955,2.16825
0.308980000955,2.137
0.308990000955,2.137
0.309000000955,2.16825
0.309010000955,2.137
0.309020000955,2.16825
0.309030000955,2.137
0.309040000955,2.16825
0.309050000955,2.16825
0.309060000955,2.16825
0.309070000955,2.16825
0.309080000955,2.137
0.309090000955,2.16825
0.309100000955,2.16825
0.309110000955,2.16825
0.309120000955,2.16825
0.309130000955,2.16825
0.309140000955,2.16825
0.309150000955,2.16825
0.309160000955,2.16825
0.309170000955,2.16825
0.309180000955,2.16825
0.309190000955,2.16825
0.309200000955,2.137
0.309210000955,2.16825
0.309220000955,2.16825
0.309230000955,2.16825
0.309240000955,2.16825
0.309250000955,2.137
0.309260000955,2.137
0.309270000955,2.16825
0.309280000955,2.137
0.309290000955,2.137
0.309300000955,2.16825
0.309310000955,2.137
0.309320000955,2.16825
0.309330000955,2.16825
0.309340000955,2.16825
0.309350000955,2.137
0.309360000955,2.16825
0.309370000955,2.1995
0.309380000955,2.16825
0.309390000955,2.137
0.309400000955,2.1995
0.309410000955,2.1995
0.309420000955,2.1995
0.309430000955,2.137
0.309440000955,2.137
0.309450000955,2.16825
0.309460000955,2.137
0.309470000955,2.137
0.309480000955,2.137
0.309490000955,2.16825
0.309500000955,2.16825
0.309510000955,2.16825
0.309520000955,2.137
0.309530000955,2.16825
0.309540000955,2.16825
0.309550000955,2.16825
0.309560000955,2.16825
0.309570000955,2.137
0.309580000955,2.16825
0.309590000955,2.16825
0.309600000955,2.16825
0.309610000955,2.16825
0.309620000955,2.137
0.309630000955,2.137
0.309640000955,2.16825
0.309650000955,2.137
0.309660000955,2.137
0.309670000955,2.16825
0.309680000955,2.16825
0.309690000955,2.16825
0.309700000955,2.16825
0.309710000955,2.16825
0.309720000955,2.1995
0.309730000955,2.1995
0.309740000955,2.137
0.309750000955,2.1995
0.309760000955,2.137
0.309770000955,2.16825
0.309780000955,2.137
0.309790000955,2.137
0.309800000955,2.16825
0.309810000955,2.16825
0.309820000955,2.16825
0.309830000955,2.16825
0.309840000955,2.1995
0.309850000955,2.16825
0.309860000955,2.16825
0.309870000955,2.137
0.309880000955,2.137
0.309890000955,2.16825
0.309900000955,2.16825
0.309910000955,2.16825
0.309920000955,2.16825
0.309930000955,2.16825
0.309940000955,2.137
0.309950000955,2.137
0.309960000955,2.137
0.309970000955,2.1995
0.309980000955,2.137
0.309990000955,2.16825
0.310000000955,2.16825
0.310010000955,2.137
0.310020000955,2.16825
0.310030000955,2.137
0.310040000955,2.16825
0.310050000955,2.137
0.310060000955,2.1995
0.310070000955,2.137
0.310080000955,2.137
0.310090000955,2.16825
0.310100000955,2.16825
0.310110000955,2.16825
0.310120000955,2.16825
0.310130000955,2.137
0.310140000955,2.16825
0.310150000955,2.16825
0.310160000955,2.16825
0.310170000955,2.1995
0.310180000955,2.16825
0.310190000955,2.137
0.310200000955,2.16825
0.310210000955,2.16825
0.310220000955,2.16825
0.310230000955,2.137
0.310240000955,2.137
0.310250000955,2.137
0.310260000955,2.1995
0.310270000955,2.137
0.310280000955,2.16825
0.310290000955,2.137
0.310300000955,2.137
0.310310000955,2.16825
0.310320000955,2.16825
0.310330000955,2.16825
0.310340000955,2.137
0.310350000955,2.16825
0.310360000955,2.137
0.310370000955,2.137
0.310380000955,2.16825
0.310390000955,2.16825
0.310400000955,2.137
0.310410000955,2.1995
0.310420000955,2.137
0.310430000955,2.137
0.310440000955,2.137
0.310450000955,2.16825
0.310460000955,2.16825
0.310470000955,2.16825
0.310480000955,2.16825
0.310490000955,2.16825
0.310500000955,2.16825
0.310510000955,2.137
0.310520000955,2.16825
0.310530000955,2.16825
0.310540000955,2.137
0.310550000955,2.10575
0.310560000955,2.137
0.310570000955,2.16825
0.310580000955,2.137
0.310590000955,2.137
0.310600000955,2.137
0.310610000955,2.16825
0.310620000955,2.1995
0.310630000955,2.16825
0.310640000955,2.16825
0.310650000955,2.137
0.310660000955,2.137
0.310670000955,2.16825
0.310680000955,2.16825
0.310690000955,2.16825
0.310700000955,2.10575
0.310710000955,2.16825
0.310720000955,2.137
0.310730000955,2.16825
0.310740000955,2.137
0.310750000955,2.16825
0.310760000955,2.16825
0.310770000955,2.16825
0.310780000955,2.137
0.310790000955,2.16825
0.310800000955,2.137
0.310810000955,2.137
0.310820000955,2.10575
0.310830000955,2.137
0.310840000955,2.16825
0.310850000955,2.137
0.310860000955,2.137
0.310870000955,2.137
0.310880000955,2.137
0.310890000955,2.137
0.310900000955,2.16825
0.310910000955,2.16825
0.310920000955,2.137
0.310930000955,2.137
0.310940000955,2.137
0.310950000955,2.137
0.310960000955,2.137
0.310970000955,2.16825
0.310980000955,2.137
0.310990000955,2.137
0.311000000955,2.16825
0.311010000955,2.137
0.311020000955,2.10575
0.311030000955,2.137
0.311040000955,2.137
0.311050000955,2.137
0.311060000955,2.137
0.311070000955,2.137
0.311080000955,2.137
0.311090000955,2.16825
0.311100000955,2.16825
0.311110000955,2.16825
0.311120000955,2.16825
0.311130000955,2.137
0.311140000955,2.137
0.311150000955,2.137
0.311160000955,2.137
0.311170000955,2.16825
0.311180000955,2.16825
0.311190000955,2.137
0.311200000955,2.16825
0.311210000955,2.16825
0.311220000955,2.1995
0.311230000955,2.137
0.311240000955,2.1995
0.311250000955,2.10575
0.311260000955,2.137
0.311270000955,2.137
0.311280000955,2.16825
0.311290000955,2.137
0.311300000955,2.137
0.311310000955,2.137
0.311320000955,2.16825
0.311330000955,2.137
0.311340000955,2.137
0.311350000955,2.137
0.311360000955,2.16825
0.311370000955,2.10575
0.311380000955,2.16825
0.311390000955,2.137
0.311400000955,2.137
0.311410000955,2.16825
0.311420000955,2.137
0.311430000955,2.137
0.311440000955,2.16825
0.311450000955,2.16825
0.311460000955,2.137
0.311470000955,2.16825
0.311480000955,2.16825
0.311490000955,2.16825
0.311500000955,2.137
0.311510000955,2.137
0.311520000955,2.16825
0.311530000955,2.16825
0.311540000955,2.137
0.311550000955,2.16825
0.311560000955,2.1995
0.311570000955,2.16825
0.311580000955,2.137
0.311590000955,2.137
0.311600000955,2.16825
0.311610000955,2.10575
0.311620000955,2.137
0.311630000955,2.137
0.311640000955,2.16825
0.311650000955,2.137
0.311660000955,2.16825
0.311670000955,2.16825
0.311680000955,2.16825
0.311690000955,2.137
0.311700000955,2.16825
0.311710000955,2.137
0.311720000955,2.137
0.311730000955,2.16825
0.311740000955,2.137
0.311750000955,2.137
0.311760000955,2.16825
0.311770000955,2.137
0.311780000955,2.16825
0.311790000955,2.16825
0.311800000955,2.16825
0.311810000955,2.137
0.311820000955,2.16825
0.311830000955,2.137
0.311840000955,2.16825
0.311850000955,2.16825
0.311860000955,2.16825
0.311870000955,2.16825
0.311880000955,2.137
0.311890000955,2.137
0.311900000955,2.16825
0.311910000955,2.16825
0.311920000955,2.137
0.311930000955,2.137
0.311940000955,2.137
0.311950000955,2.16825
0.311960000955,2.137
0.311970000955,2.16825
0.311980000955,2.16825
0.311990000955,2.137
0.312000000955,2.137
0.312010000955,2.16825
0.312020000955,2.137
0.312030000955,2.1995
0.312040000955,2.137
0.312050000955,2.16825
0.312060000955,2.16825
0.312070000955,2.137
0.312080000955,2.137
0.312090000955,2.16825
0.312100000955,2.137
0.312110000955,2.137
0.312120000955,2.137
0.312130000955,2.137
0.312140000955,2.10575
0.312150000955,2.10575
0.312160000955,2.137
0.312170000955,2.137
0.312180000955,2.16825
0.312190000955,2.137
0.312200000955,2.16825
0.312210000955,2.16825
0.312220000955,2.137
0.312230000955,2.16825
0.312240000955,2.16825
0.312250000955,2.137
0.312260000955,2.137
0.312270000955,2.10575
0.312280000955,2.137
0.312290000955,2.1995
0.312300000955,2.137
0.312310000955,2.137
0.312320000955,2.16825
0.312330000955,2.10575
0.312340000955,2.137
0.312350000955,2.16825
0.312360000955,2.137
0.312370000955,2.137
0.312380000955,2.16825
0.312390000955,2.16825
0.312400000955,2.137
0.312410000955,2.137
0.312420000955,2.10575
0.312430000955,2.10575
0.312440000955,2.137
0.312450000955,2.137
0.312460000955,2.137
0.312470000955,2.137
0.312480000955,2.16825
0.312490000955,2.16825
0.312500000955,2.16825
0.312510000955,2.16825
0.312520000955,2.16825
0.312530000955,2.16825
0.312540000955,2.16825
0.312550000955,2.137
0.312560000955,2.137
0.312570000955,2.137
0.312580000955,2.137
0.312590000955,2.137
0.312600000955,2.10575
0.312610000955,2.16825
0.312620000955,2.137
0.312630000955,2.16825
0.312640000955,2.16825
0.312650000955,2.16825
0.312660000955,2.137
0.312670000955,2.137
0.312680000955,2.137
0.312690000955,2.16825
0.312700000955,2.137
0.312710000955,2.137
0.312720000955,2.137
0.312730000955,2.10575
0.312740000955,2.137
0.312750000955,2.137
0.312760000955,2.16825
0.312770000955,2.137
0.312780000955,2.137
0.312790000955,2.137
0.312800000955,2.16825
0.312810000955,2.16825
0.312820000955,2.16825
0.312830000955,2.16825
0.312840000955,2.16825
0.312850000955,2.137
0.312860000955,2.137
0.312870000955,2.137
0.312880000955,2.137
0.312890000955,2.137
0.312900000955,2.137
0.312910000955,2.137
0.312920000955,2.137
0.312930000955,2.16825
0.312940000955,2.137
0.312950000955,2.137
0.312960000955,2.137
0.312970000955,2.137
0.312980000955,2.137
0.312990000955,2.16825
0.313000000955,2.137
0.313010000955,2.1995
0.313020000955,2.137
0.313030000955,2.16825
0.313040000955,2.16825
0.313050000955,2.16825
0.313060000955,2.137
0.313070000955,2.137
0.313080000955,2.16825
0.313090000955,2.137
0.313100000955,2.16825
0.313110000955,2.137
0.313120000955,2.137
0.313130000955,2.137
0.313140000955,2.10575
0.313150000955,2.16825
0.313160000955,2.137
0.313170000955,2.137
0.313180000955,2.16825
0.313190000955,2.16825
0.313200000955,2.16825
0.313210000955,2.137
0.313220000955,2.16825
0.313230000955,2.137
0.313240000955,2.137
0.313250000955,2.137
0.313260000955,2.16825
0.313270000955,2.137
0.313280000955,2.1995
0.313290000955,2.137
0.313300000955,2.137
0.313310000955,2.137
0.313320000955,2.137
0.313330000955,2.137
0.313340000955,2.137
0.313350000955,2.10575
0.313360000955,2.137
0.313370000955,2.1995
0.313380000955,2.137
0.313390000955,2.16825
0.313400000955,2.10575
0.313410000955,2.137
0.313420000955,2.137
0.313430000955,2.137
0.313440000955,2.16825
0.313450000955,2.16825
0.313460000955,2.16825
0.313470000955,2.16825
0.313480000955,2.10575
0.313490000955,2.137
0.313500000955,2.137
0.313510000955,2.16825
0.313520000955,2.137
0.313530000955,2.16825
0.313540000955,2.10575
0.313550000955,2.16825
0.313560000955,2.137
0.313570000955,2.137
0.313580000955,2.16825
0.313590000955,2.16825
0.313600000955,2.16825
0.313610000955,2.16825
0.313620000955,2.137
0.313630000955,2.10575
0.313640000955,2.16825
0.313650000955,2.16825
0.313660000955,2.16825
0.313670000955,2.137
0.313680000955,2.137
0.313690000955,2.137
0.313700000955,2.16825
0.313710000955,2.10575
0.313720000955,2.16825
0.313730000955,2.16825
0.313740000955,2.137
0.313750000955,2.16825
0.313760000955,2.16825
0.313770000955,2.10575
0.313780000955,2.137
0.313790000955,2.16825
0.313800000955,2.137
0.313810000955,2.137
0.313820000955,2.16825
0.313830000955,2.137
0.313840000955,2.137
0.313850000955,2.137
0.313860000955,2.137
0.313870000955,2.16825
0.313880000955,2.16825
0.313890000955,2.16825
0.313900000955,2.137
0.313910000955,2.1995
0.313920000955,2.137
0.313930000955,2.137
0.313940000955,2.16825
0.313950000955,2.10575
0.313960000955,2.16825
0.313970000955,2.137
0.313980000955,2.137
0.313990000955,2.137
0.314000000955,2.137
0.314010000955,2.1995
0.314020000955,2.137
0.314030000955,2.137
0.314040000955,2.137
0.314050000955,2.137
0.314060000955,2.137
0.314070000955,2.137
0.314080000955,2.16825
0.314090000955,2.16825
0.314100000955,2.16825
0.314110000955,2.137
0.314120000955,2.16825
0.314130000955,2.137
0.314140000955,2.137
0.314150000955,2.16825
0.314160000955,2.137
0.314170000955,2.16825
0.314180000955,2.10575
0.314190000955,2.137
0.314200000955,2.137
0.314210000955,2.16825
0.314220000955,2.137
0.314230000955,2.137
0.314240000955,2.16825
0.314250000955,2.137
0.314260000955,2.16825
0.314270000955,2.137
0.314280000955,2.10575
0.314290000955,2.16825
0.314300000955,2.137
0.314310000955,2.16825
0.314320000955,2.137
0.314330000955,2.137
0.314340000955,2.16825
0.314350000955,2.137
0.314360000955,2.16825
0.314370000955,2.137
0.314380000955,2.16825
0.314390000955,2.137
0.314400000955,2.16825
0.314410000955,2.16825
0.314420000955,2.137
0.314430000955,2.137
0.314440000955,2.16825
0.314450000955,2.137
0.314460000955,2.137
0.314470000955,2.16825
0.314480000955,2.137
0.314490000955,2.10575
0.314500000955,2.137
0.314510000955,2.16825
0.314520000955,2.10575
0.314530000955,2.137
0.314540000955,2.16825
0.314550000955,2.137
0.314560000955,2.137
0.314570000955,2.16825
0.314580000955,2.16825
0.314590000955,2.16825
0.314600000955,2.16825
0.314610000955,2.137
0.314620000955,2.16825
0.314630000955,2.137
0.314640000955,2.16825
0.314650000955,2.137
0.314660000955,2.16825
0.314670000955,2.137
0.314680000955,2.10575
0.314690000955,2.16825
0.314700000955,2.137
0.314710000955,2.16825
0.314720000955,2.10575
0.314730000955,2.137
0.314740000955,2.137
0.314750000955,2.137
0.314760000955,2.137
0.314770000955,2.16825
0.314780000955,2.10575
0.314790000955,2.137
0.314800000955,2.10575
0.314810000955,2.137
0.314820000955,2.137
0.314830000955,2.137
0.314840000955,2.137
0.314850000955,2.16825
0.314860000955,2.10575
0.314870000955,2.137
0.314880000955,2.16825
0.314890000955,2.137
0.314900000955,2.16825
0.314910000955,2.16825
0.314920000955,2.16825
0.314930000955,2.16825
0.314940000955,2.137
0.314950000955,2.16825
0.314960000955,2.137
0.314970000955,2.137
0.314980000955,2.137
0.314990000955,2.16825
0.315000000955,2.16825
0.315010000955,2.16825
0.315020000955,2.16825
0.315030000955,2.137
0.315040000955,2.137
0.315050000955,2.137
0.315060000955,2.16825
0.315070000955,2.137
0.315080000955,2.137
0.315090000955,2.16825
0.315100000955,2.137
0.315110000955,2.137
0.315120000955,2.16825
0.315130000955,2.137
0.315140000955,2.16825
0.315150000955,2.137
0.315160000955,2.16825
0.315170000955,2.16825
0.315180000955,2.137
0.315190000955,2.137
0.315200000955,2.137
0.315210000955,2.137
0.315220000955,2.137
0.315230000955,2.16825
0.315240000955,2.16825
0.315250000955,2.137
0.315260000955,2.16825
0.315270000955,2.16825
0.315280000955,2.137
0.315290000955,2.16825
0.315300000955,2.137
0.315310000955,2.137
0.315320000955,2.16825
0.315330000955,2.16825
0.315340000955,2.16825
0.315350000955,2.16825
0.315360000955,2.137
0.315370000955,2.16825
0.315380000955,2.16825
0.315390000955,2.137
0.315400000955,2.16825
0.315410000955,2.137
0.315420000955,2.10575
0.315430000955,2.137
0.315440000955,2.137
0.315450000955,2.137
0.315460000955,2.16825
0.315470000955,2.16825
0.315480000955,2.16825
0.315490000955,2.137
0.315500000955,2.137
0.315510000955,2.137
0.315520000955,2.16825
0.315530000955,2.137
0.315540000955,2.16825
0.315550000955,2.16825
0.315560000955,2.137
0.315570000955,2.137
0.315580000955,2.16825
0.315590000955,2.137
0.315600000955,2.16825
0.315610000955,2.16825
0.315620000955,2.137
0.315630000955,2.16825
0.315640000955,2.16825
0.315650000955,2.137
0.315660000955,2.16825
0.315670000955,2.137
0.315680000955,2.137
0.315690000955,2.16825
0.315700000955,2.137
0.315710000955,2.137
0.315720000955,2.16825
0.315730000955,2.137
0.315740000955,2.137
0.315750000955,2.137
0.315760000955,2.137
0.315770000955,2.16825
0.315780000955,2.137
0.315790000955,2.137
0.315800000955,2.16825
0.315810000955,2.16825
0.315820000955,2.16825
0.315830000955,2.137
0.315840000955,2.137
0.315850000955,2.137
0.315860000955,2.16825
0.315870000955,2.16825
0.315880000955,2.16825
0.315890000955,2.137
0.315900000955,2.16825
0.315910000955,2.137
0.315920000955,2.137
0.315930000955,2.16825
0.315940000955,2.10575
0.315950000955,2.137
0.315960000955,2.137
0.315970000955,2.16825
0.315980000955,2.16825
0.315990000955,2.16825
0.316000000955,2.16825
0.316010000955,2.137
0.316020000955,2.16825
0.316030000955,2.16825
0.316040000955,2.137
0.316050000955,2.137
0.316060000955,2.16825
0.316070000955,2.16825
0.316080000955,2.16825
0.316090000955,2.16825
0.316100000955,2.16825
0.316110000955,2.16825
0.316120000955,2.137
0.316130000955,2.16825
0.316140000955,2.16825
0.316150000955,2.137
0.316160000955,2.16825
0.316170000955,2.10575
0.316180000955,2.137
0.316190000955,2.137
0.316200000955,2.137
0.316210000955,2.1995
0.316220000955,2.137
0.316230000955,2.16825
0.316240000955,2.137
0.316250000955,2.137
0.316260000955,2.1995
0.316270000955,2.137
0.316280000955,2.137
0.316290000955,2.137
0.316300000955,2.16825
0.316310000955,2.16825
0.316320000955,2.16825
0.316330000955,2.16825
0.316340000955,2.137
0.316350000955,2.1995
0.316360000955,2.137
0.316370000955,2.137
0.316380000955,2.10575
0.316390000955,2.137
0.316400000955,2.1995
0.316410000955,2.16825
0.316420000955,2.16825
0.316430000955,2.16825
0.316440000955,2.10575
0.316450000955,2.137
0.316460000955,2.137
0.316470000955,2.137
0.316480000955,2.137
0.316490000955,2.16825
0.316500000955,2.137
0.316510000955,2.16825
0.316520000955,2.16825
0.316530000955,2.137
0.316540000955,2.137
0.316550000955,2.137
0.316560000955,2.16825
0.316570000955,2.16825
0.316580000955,2.16825
0.316590000955,2.16825
0.316600000955,2.16825
0.316610000955,2.16825
0.316620000955,2.16825
0.316630000955,2.137
0.316640000955,2.16825
0.316650000955,2.16825
0.316660000955,2.137
0.316670000955,2.137
0.316680000955,2.16825
0.316690000955,2.16825
0.316700000955,2.16825
0.316710000955,2.137
0.316720000955,2.16825
0.316730000955,2.137
0.316740000955,2.16825
0.316750000955,2.16825
0.316760000955,2.137
0.316770000955,2.1995
0.316780000955,2.16825
0.316790000955,2.137
0.316800000955,2.1995
0.316810000955,2.137
0.316820000955,2.16825
0.316830000955,2.1995
0.316840000955,2.137
0.316850000955,2.16825
0.316860000955,2.16825
0.316870000955,2.16825
0.316880000955,2.1995
0.316890000955,2.16825
0.316900000955,2.10575
0.316910000955,2.137
0.316920000955,2.137
0.316930000955,2.137
0.316940000955,2.137
0.316950000955,2.16825
0.316960000955,2.16825
0.316970000955,2.16825
0.316980000955,2.137
0.316990000955,2.137
0.317000000955,2.137
0.317010000955,2.16825
0.317020000955,2.137
0.317030000955,2.16825
0.317040000955,2.137
0.317050000955,2.16825
0.317060000955,2.137
0.317070000955,2.16825
0.317080000955,2.137
0.317090000955,2.137
0.317100000955,2.137
0.317110000955,2.16825
0.317120000955,2.10575
0.317130000955,2.137
0.317140000955,2.137
0.317150000955,2.137
0.317160000955,2.16825
0.317170000955,2.137
0.317180000955,2.137
0.317190000955,2.137
0.317200000955,2.16825
0.317210000955,2.1995
0.317220000955,2.1995
0.317230000955,2.16825
0.317240000955,2.16825
0.317250000955,2.137
0.317260000955,2.137
0.317270000955,2.16825
0.317280000955,2.137
0.317290000955,2.137
0.317300000955,2.1995
0.317310000955,2.16825
0.317320000955,2.16825
0.317330000955,2.16825
0.317340000955,2.16825
0.317350000955,2.137
0.317360000955,2.16825
0.317370000955,2.16825
0.317380000955,2.137
0.317390000955,2.137
0.317400000955,2.16825
0.317410000955,2.1995
0.317420000955,2.16825
0.317430000955,2.10575
0.317440000955,2.137
0.317450000955,2.16825
0.317460000955,2.16825
0.317470000955,2.137
0.317480000955,2.16825
0.317490000955,2.16825
0.317500000955,2.16825
0.317510000955,2.16825
0.317520000955,2.16825
0.317530000955,2.137
0.317540000955,2.16825
0.317550000955,2.16825
0.317560000955,2.137
0.317570000955,2.1995
0.317580000955,2.1995
0.317590000955,2.137
0.317600000955,2.16825
0.317610000955,2.10575
0.317620000955,2.137
0.317630000955,2.137
0.317640000955,2.137
0.317650000955,2.16825
0.317660000955,2.137
0.317670000955,2.16825
0.317680000955,2.137
0.317690000955,2.137
0.317700000955,2.137
0.317710000955,2.16825
0.317720000955,2.137
0.317730000955,2.16825
0.317740000955,2.137
0.317750000955,2.137
0.317760000955,2.16825
0.317770000955,2.16825
0.317780000955,2.16825
0.317790000955,2.16825
0.317800000955,2.16825
0.317810000955,2.137
0.317820000955,2.137
0.317830000955,2.16825
0.317840000955,2.137
0.317850000955,2.137
0.317860000955,2.16825
0.317870000955,2.137
0.317880000955,2.16825
0.317890000955,2.137
0.317900000955,2.137
0.317910000955,2.10575
0.317920000955,2.1995
0.317930000955,2.16825
0.317940000955,2.137
0.317950000955,2.16825
0.317960000955,2.16825
0.317970000955,2.16825
0.317980000955,2.137
0.317990000955,2.1995
0.318000000955,2.10575
0.318010000955,2.16825
0.318020000955,2.10575
0.318030000955,2.16825
0.318040000955,2.16825
0.318050000955,2.137
0.318060000955,2.16825
0.318070000955,2.137
0.318080000955,2.137
0.318090000955,2.137
0.318100000955,2.16825
0.318110000955,2.137
0.318120000955,2.16825
0.318130000955,2.16825
0.318140000955,2.137
0.318150000955,2.137
0.318160000955,2.137
0.318170000955,2.137
0.318180000955,2.137
0.318190000955,2.137
0.318200000955,2.137
0.318210000955,2.137
0.318220000955,2.137
0.318230000955,2.137
0.318240000955,2.16825
0.318250000955,2.137
0.318260000955,2.137
0.318270000955,2.137
0.318280000955,2.16825
0.318290000955,2.16825
0.318300000955,2.16825
0.318310000955,2.16825
0.318320000955,2.16825
0.318330000955,2.16825
0.318340000955,2.137
0.318350000955,2.16825
0.318360000955,2.16825
0.318370000955,2.137
0.318380000955,2.16825
0.318390000955,2.137
0.318400000955,2.16825
0.318410000955,2.16825
0.318420000955,2.16825
0.318430000955,2.137
0.318440000955,2.16825
0.318450000955,2.16825
0.318460000955,2.137
0.318470000955,2.137
0.318480000955,2.137
0.318490000955,2.137
0.318500000955,2.16825
0.318510000955,2.16825
0.318520000955,2.137
0.318530000955,2.16825
0.318540000955,2.16825
0.318550000955,2.16825
0.318560000955,2.16825
0.318570000955,2.1995
0.318580000955,2.137
0.318590000955,2.137
0.318600000955,2.16825
0.318610000955,2.137
0.318620000955,2.16825
0.318630000955,2.137
0.318640000955,2.137
0.318650000955,2.137
0.318660000955,2.16825
0.318670000955,2.137
0.318680000955,2.137
0.318690000955,2.137
0.318700000955,2.137
0.318710000955,2.137
0.318720000955,2.137
0.318730000955,2.137
0.318740000955,2.137
0.318750000955,2.137
0.318760000955,2.1995
0.318770000955,2.137
0.318780000955,2.16825
0.318790000955,2.137
0.318800000955,2.137
0.318810000955,2.137
0.318820000955,2.16825
0.318830000955,2.16825
0.318840000955,2.16825
0.318850000955,2.16825
0.318860000955,2.16825
0.318870000955,2.16825
0.318880000955,2.16825
0.318890000955,2.16825
0.318900000955,2.16825
0.318910000955,2.137
0.318920000955,2.16825
0.318930000955,2.16825
0.318940000955,2.137
0.318950000955,2.137
0.318960000955,2.16825
0.318970000955,2.16825
0.318980000955,2.1995
0.318990000955,2.16825
0.319000000955,2.137
0.319010000955,2.137
0.319020000955,2.16825
0.319030000955,2.137
0.319040000955,2.16825
0.319050000955,2.137
0.319060000955,2.16825
0.319070000955,2.16825
0.319080000955,2.16825
0.319090000955,2.137
0.319100000955,2.16825
0.319110000955,2.1995
0.319120000955,2.16825
0.319130000955,2.1995
0.319140000955,2.16825
0.319150000955,2.16825
0.319160000955,2.16825
0.319170000955,2.137
0.319180000955,2.137
0.319190000955,2.16825
0.319200000955,2.137
0.319210000955,2.137
0.319220000955,2.16825
0.319230000955,2.137
0.319240000955,2.1995
0.319250000955,2.137
0.319260000955,2.137
0.319270000955,2.16825
0.319280000955,2.16825
0.319290000955,2.137
0.319300000955,2.16825
0.319310000955,2.137
0.319320000955,2.137
0.319330000955,2.137
0.319340000955,2.16825
0.319350000955,2.16825
0.319360000955,2.16825
0.319370000955,2.16825
0.319380000955,2.137
0.319390000955,2.16825
0.319400000955,2.16825
0.319410000955,2.137
0.319420000955,2.137
0.319430000955,2.16825
0.319440000955,2.16825
0.319450000955,2.16825
0.319460000955,2.137
0.319470000955,2.137
0.319480000955,2.16825
0.319490000955,2.16825
0.319500000955,2.137
0.319510000955,2.1995
0.319520000955,2.16825
0.319530000955,2.16825
0.319540000955,2.137
0.319550000955,2.16825
0.319560000955,2.137
0.319570000955,2.16825
0.319580000955,2.16825
0.319590000955,2.16825
0.319600000955,2.16825
0.319610000955,2.16825
0.319620000955,2.137
0.319630000955,2.16825
0.319640000955,2.137
0.319650000955,2.137
0.319660000955,2.16825
0.319670000955,2.10575
0.319680000955,2.1995
0.319690000955,2.16825
0.319700000955,2.137
0.319710000955,2.16825
0.319720000955,2.137
0.319730000955,2.16825
0.319740000955,2.1995
0.319750000955,2.16825
0.319760000955,2.16825
0.319770000955,2.137
0.319780000955,2.16825
0.319790000955,2.137
0.319800000955,2.16825
0.319810000955,2.16825
0.319820000955,2.10575
0.319830000955,2.137
0.319840000955,2.16825
0.319850000955,2.1995
0.319860000955,2.1995
0.319870000955,2.16825
0.319880000955,2.137
0.319890000955,2.137
0.319900000955,2.16825
0.319910000955,2.16825
0.319920000955,2.1995
0.319930000955,2.16825
0.319940000955,2.16825
0.319950000955,2.16825
0.319960000955,2.137
0.319970000955,2.137
0.319980000955,2.16825
0.319990000955,2.137
0.320000000955,2.137
0.320010000955,2.137
0.320020000955,2.16825
0.320030000955,2.137
0.320040000955,2.16825
0.320050000955,2.16825
0.320060000955,2.1995
0.320070000955,2.137
0.320080000955,2.1995
0.320090000955,2.16825
0.320100000955,2.137
0.320110000955,2.16825
0.320120000955,2.137
0.320130000955,2.16825
0.320140000955,2.137
0.320150000955,2.1995
0.320160000955,2.1995
0.320170000955,2.137
0.320180000955,2.16825
0.320190000955,2.16825
0.320200000955,2.16825
0.320210000955,2.16825
0.320220000955,2.16825
0.320230000955,2.16825
0.320240000955,2.137
0.320250000955,2.16825
0.320260000955,2.1995
0.320270000955,2.16825
0.320280000955,2.137
0.320290000955,2.16825
0.320300000955,2.16825
0.320310000955,2.16825
0.320320000955,2.16825
0.320330000955,2.10575
0.320340000955,2.16825
0.320350000955,2.137
0.320360000955,2.16825
0.320370000955,2.16825
0.320380000955,2.16825
0.320390000955,2.16825
0.320400000955,2.137
0.320410000955,2.16825
0.320420000955,2.137
0.320430000955,2.1995
0.320440000955,2.16825
0.320450000955,2.16825
0.320460000955,2.16825
0.320470000955,2.16825
0.320480000955,2.1995
0.320490000955,2.16825
0.320500000955,2.137
0.320510000955,2.137
0.320520000955,2.16825
0.320530000955,2.137
0.320540000955,2.16825
0.320550000955,2.1995
0.320560000955,2.16825
0.320570000955,2.16825
0.320580000955,2.137
0.320590000955,2.137
0.320600000955,2.16825
0.320610000955,2.137
0.320620000955,2.16825
0.320630000955,2.16825
0.320640000955,2.16825
0.320650000955,2.137
0.320660000955,2.137
0.320670000955,2.1995
0.320680000955,2.16825
0.320690000955,2.16825
0.320700000955,2.16825
0.320710000955,2.137
0.320720000955,2.137
0.320730000955,2.16825
0.320740000955,2.16825
0.320750000955,2.16825
0.320760000955,2.1995
0.320770000955,2.16825
0.320780000955,2.16825
0.320790000955,2.137
0.320800000955,2.16825
0.320810000955,2.16825
0.320820000955,2.16825
0.320830000955,2.137
0.320840000955,2.16825
0.320850000955,2.16825
0.320860000955,2.16825
0.320870000955,2.16825
0.320880000955,2.137
0.320890000955,2.16825
0.320900000955,2.137
0.320910000955,2.16825
0.320920000955,2.137
0.320930000955,2.10575
0.320940000955,2.16825
0.320950000955,2.16825
0.320960000955,2.16825
0.320970000955,2.16825
0.320980000955,2.137
0.320990000955,2.16825
0.321000000955,2.10575
0.321010000955,2.16825
0.321020000955,2.16825
0.321030000955,2.16825
0.321040000955,2.16825
0.321050000955,2.137
0.321060000955,2.16825
0.321070000955,2.16825
0.321080000955,2.1995
0.321090000955,2.137
0.321100000955,2.1995
0.321110000955,2.16825
0.321120000955,2.137
0.321130000955,2.16825
0.321140000955,2.16825
0.321150000955,2.16825
0.321160000955,2.16825
0.321170000955,2.1995
0.321180000955,2.137
0.321190000955,2.16825
0.321200000955,2.137
0.321210000955,2.137
0.321220000955,2.16825
0.321230000955,2.16825
0.321240000955,2.16825
0.321250000955,2.137
0.321260000955,2.137
0.321270000955,2.16825
0.321280000955,2.137
0.321290000955,2.137
0.321300000955,2.16825
0.321310000955,2.1995
0.321320000955,2.16825
0.321330000955,2.137
0.321340000955,2.16825
0.321350000955,2.16825
0.321360000955,2.16825
0.321370000955,2.1995
0.321380000955,2.137
0.321390000955,2.16825
0.321400000955,2.137
0.321410000955,2.137
0.321420000955,2.137
0.321430000955,2.16825
0.321440000955,2.16825
0.321450000955,2.1995
0.321460000955,2.1995
0.321470000955,2.137
0.321480000955,2.16825
0.321490000955,2.137
0.321500000955,2.16825
0.321510000955,2.16825
0.321520000955,2.16825
0.321530000955,2.137
0.321540000955,2.137
0.321550000955,2.16825
0.321560000955,2.16825
0.321570000955,2.16825
0.321580000955,2.16825
0.321590000955,2.137
0.321600000955,2.16825
0.321610000955,2.16825
0.321620000955,2.137
0.321630000955,2.1995
0.321640000955,2.16825
0.321650000955,2.16825
0.321660000955,2.137
0.321670000955,2.16825
0.321680000955,2.1995
0.321690000955,2.16825
0.321700000955,2.16825
0.321710000955,2.16825
0.321720000955,2.16825
0.321730000955,2.1995
0.321740000955,2.137
0.321750000955,2.16825
0.321760000955,2.137
0.321770000955,2.16825
0.321780000955,2.16825
0.321790000955,2.137
0.321800000955,2.137
0.321810000955,2.137
0.321820000955,2.137
0.321830000955,2.137
0.321840000955,2.137
0.321850000955,2.1995
0.321860000955,2.137
0.321870000955,2.16825
0.321880000955,2.137
0.321890000955,2.137
0.321900000955,2.1995
0.321910000955,2.137
0.321920000955,2.16825
0.321930000955,2.137
0.321940000955,2.16825
0.321950000955,2.137
0.321960000955,2.16825
0.321970000955,2.137
0.321980000955,2.137
0.321990000955,2.137
0.322000000955,2.137
0.322010000955,2.16825
0.322020000955,2.16825
0.322030000955,2.137
0.322040000955,2.16825
0.322050000955,2.16825
0.322060000955,2.1995
0.322070000955,2.137
0.322080000955,2.1995
0.322090000955,2.137
0.322100000955,2.137
0.322110000955,2.16825
0.322120000955,2.16825
0.322130000955,2.16825
0.322140000955,2.16825
0.322150000955,2.16825
0.322160000955,2.137
0.322170000955,2.16825
0.322180000955,2.1995
0.322190000955,2.16825
0.322200000955,2.137
0.322210000955,2.137
0.322220000955,2.16825
0.322230000955,2.16825
0.322240000955,2.137
0.322250000955,2.16825
0.322260000955,2.16825
0.322270000955,2.1995
0.322280000955,2.16825
0.322290000955,2.16825
0.322300000955,2.137
0.322310000955,2.16825
0.322320000955,2.137
0.322330000955,2.10575
0.322340000955,2.137
0.322350000955,2.137
0.322360000955,2.137
0.322370000955,2.137
0.322380000955,2.137
0.322390000955,2.16825
0.322400000955,2.137
0.322410000955,2.16825
0.322420000955,2.16825
0.322430000955,2.16825
0.322440000955,2.16825
0.322450000955,2.16825
0.322460000955,2.137
0.322470000955,2.137
0.322480000955,2.137
0.322490000955,2.137
0.322500000955,2.16825
0.322510000955,2.137
0.322520000955,2.1995
0.322530000955,2.137
0.322540000955,2.16825
0.322550000955,2.137
0.322560000955,2.16825
0.322570000955,2.16825
0.322580000955,2.16825
0.322590000955,2.10575
0.322600000955,2.137
0.322610000955,2.1995
0.322620000955,2.16825
0.322630000955,2.16825
0.322640000955,2.137
0.322650000955,2.137
0.322660000955,2.16825
0.322670000955,2.137
0.322680000955,2.16825
0.322690000955,2.137
0.322700000955,2.16825
0.322710000955,2.137
0.322720000955,2.16825
0.322730000955,2.16825
0.322740000955,2.16825
0.322750000955,2.16825
0.322760000955,2.16825
0.322770000955,2.137
0.322780000955,2.16825
0.322790000955,2.1995
0.322800000955,2.16825
0.322810000955,2.16825
0.322820000955,2.10575
0.322830000955,2.137
0.322840000955,2.137
0.322850000955,2.137
0.322860000955,2.10575
0.322870000955,2.16825
0.322880000955,2.16825
0.322890000955,2.137
0.322900000955,2.16825
0.322910000955,2.16825
0.322920000955,2.137
0.322930000955,2.16825
0.322940000955,2.137
0.322950000955,2.16825
0.322960000955,2.16825
0.322970000955,2.16825
0.322980000955,2.16825
0.322990000955,2.137
0.323000000955,2.16825
0.323010000955,2.137
0.323020000955,2.137
0.323030000955,2.1995
0.323040000955,2.16825
0.323050000955,2.16825
0.323060000955,2.16825
0.323070000955,2.1995
0.323080000955,2.16825
0.323090000955,2.137
0.323100000955,2.137
0.323110000955,2.16825
0.323120000955,2.16825
0.323130000955,2.137
0.323140000955,2.1995
0.323150000955,2.137
0.323160000955,2.137
0.323170000955,2.16825
0.323180000955,2.16825
0.323190000955,2.16825
0.323200000955,2.16825
0.323210000955,2.16825
0.323220000955,2.16825
0.323230000955,2.1995
0.323240000955,2.1995
0.323250000955,2.16825
0.323260000955,2.137
0.323270000955,2.16825
0.323280000955,2.16825
0.323290000955,2.137
0.323300000955,2.137
0.323310000955,2.16825
0.323320000955,2.16825
0.323330000955,2.16825
0.323340000955,2.16825
0.323350000955,2.16825
0.323360000955,2.16825
0.323370000955,2.137
0.323380000955,2.1995
0.323390000955,2.137
0.323400000955,2.16825
0.323410000955,2.137
0.323420000955,2.16825
0.323430000955,2.137
0.323440000955,2.1995
0.323450000955,2.10575
0.323460000955,2.16825
0.323470000955,2.1995
0.323480000955,2.1995
0.323490000955,2.16825
0.323500000955,2.1995
0.323510000955,2.16825
0.323520000955,2.16825
0.323530000955,2.1995
0.323540000955,2.137
0.323550000955,2.137
0.323560000955,2.16825
0.323570000955,2.137
0.323580000955,2.16825
0.323590000955,2.137
0.323600000955,2.16825
0.323610000955,2.137
0.323620000955,2.16825
0.323630000955,2.137
0.323640000955,2.16825
0.323650000955,2.137
0.323660000955,2.137
0.323670000955,2.16825
0.323680000955,2.16825
0.323690000955,2.16825
0.323700000955,2.137
0.323710000955,2.16825
0.323720000955,2.16825
0.323730000955,2.16825
0.323740000955,2.16825
0.323750000955,2.137
0.323760000955,2.16825
0.323770000955,2.137
0.323780000955,2.16825
0.323790000955,2.16825
0.323800000955,2.16825
0.323810000955,2.16825
0.323820000955,2.137
0.323830000955,2.16825
0.323840000955,2.137
0.323850000955,2.16825
0.323860000955,2.1995
0.323870000955,2.16825
0.323880000955,2.1995
0.323890000955,2.1995
0.323900000955,2.137
0.323910000955,2.16825
0.323920000955,2.16825
0.323930000955,2.16825
0.323940000955,2.16825
0.323950000955,2.16825
0.323960000955,2.16825
0.323970000955,2.16825
0.323980000955,2.1995
0.323990000955,2.16825
0.324000000955,2.137
0.324010000955,2.137
0.324020000955,2.16825
0.324030000955,2.137
0.324040000955,2.137
0.324050000955,2.1995
0.324060000955,2.16825
0.324070000955,2.137
0.324080000955,2.1995
0.324090000955,2.16825
0.324100000955,2.16825
0.324110000955,2.16825
0.324120000955,2.16825
0.324130000955,2.16825
0.324140000955,2.16825
0.324150000955,2.16825
0.324160000955,2.16825
0.324170000955,2.137
0.324180000955,2.16825
0.324190000955,2.137
0.324200000955,2.16825
0.324210000955,2.16825
0.324220000955,2.16825
0.324230000955,2.137
0.324240000955,2.137
0.324250000955,2.16825
0.324260000955,2.16825
0.324270000955,2.16825
0.324280000955,2.16825
0.324290000955,2.1995
0.324300000955,2.16825
0.324310000955,2.137
0.324320000955,2.16825
0.324330000955,2.137
0.324340000955,2.16825
0.324350000955,2.16825
0.324360000955,2.16825
0.324370000955,2.16825
0.324380000955,2.16825
0.324390000955,2.23075
0.324400000955,2.16825
0.324410000955,2.16825
0.324420000955,2.137
0.324430000955,2.16825
0.324440000955,2.16825
0.324450000955,2.137
0.324460000955,2.16825
0.324470000955,2.1995
0.324480000955,2.16825
0.324490000955,2.16825
0.324500000955,2.16825
0.324510000955,2.16825
0.324520000955,2.1995
0.324530000955,2.16825
0.324540000955,2.16825
0.324550000955,2.16825
0.324560000955,2.1995
0.324570000955,2.16825
0.324580000955,2.16825
0.324590000955,2.16825
0.324600000955,2.137
0.324610000955,2.16825
0.324620000955,2.1995
0.324630000955,2.16825
0.324640000955,2.16825
0.324650000955,2.16825
0.324660000955,2.1995
0.324670000955,2.16825
0.324680000955,2.1995
0.324690000955,2.16825
0.324700000955,2.137
0.324710000955,2.137
0.324720000955,2.16825
0.324730000955,2.137
0.324740000955,2.137
0.324750000955,2.16825
0.324760000955,2.137
0.324770000955,2.16825
0.324780000955,2.137
0.324790000955,2.16825
0.324800000955,2.16825
0.324810000955,2.16825
0.324820000955,2.16825
0.324830000955,2.16825
0.324840000955,2.1995
0.324850000955,2.16825
0.324860000955,2.16825
0.324870000955,2.16825
0.324880000955,2.23075
0.324890000955,2.1995
0.324900000955,2.16825
0.324910000955,2.137
0.324920000955,2.16825
0.324930000955,2.1995
0.324940000955,2.16825
0.324950000955,2.137
0.324960000955,2.16825
0.324970000955,2.137
0.324980000955,2.16825
0.324990000955,2.16825
0.325000000955,2.16825
0.325010000955,2.1995
0.325020000955,2.16825
0.325030000955,2.16825
0.325040000955,2.16825
0.325050000955,2.137
0.325060000955,2.16825
0.325070000955,2.137
0.325080000955,2.137
0.325090000955,2.137
0.325100000955,2.16825
0.325110000955,2.16825
0.325120000955,2.23075
0.325130000955,2.16825
0.325140000955,2.137
0.325150000955,2.16825
0.325160000955,2.16825
0.325170000955,2.16825
0.325180000955,2.137
0.325190000955,2.137
0.325200000955,2.16825
0.325210000955,2.16825
0.325220000955,2.16825
0.325230000955,2.16825
0.325240000955,2.137
0.325250000955,2.16825
0.325260000955,2.1995
0.325270000955,2.16825
0.325280000955,2.16825
0.325290000955,2.16825
0.325300000955,2.16825
0.325310000955,2.137
0.325320000955,2.16825
0.325330000955,2.16825
0.325340000955,2.1995
0.325350000955,2.16825
0.325360000955,2.16825
0.325370000955,2.137
0.325380000955,2.137
0.325390000955,2.16825
0.325400000955,2.137
0.325410000955,2.16825
0.325420000955,2.137
0.325430000955,2.1995
0.325440000955,2.16825
0.325450000955,2.16825
0.325460000955,2.16825
0.325470000955,2.16825
0.325480000955,2.137
0.325490000955,2.137
0.325500000955,2.16825
0.325510000955,2.16825
0.325520000955,2.16825
0.325530000955,2.137
0.325540000955,2.16825
0.325550000955,2.1995
0.325560000955,2.16825
0.325570000955,2.16825
0.325580000955,2.16825
0.325590000955,2.137
0.325600000955,2.16825
0.325610000955,2.137
0.325620000955,2.137
0.325630000955,2.16825
0.325640000955,2.1995
0.325650000955,2.137
0.325660000955,2.137
0.325670000955,2.16825
0.325680000955,2.137
0.325690000955,2.16825
0.325700000955,2.137
0.325710000955,2.16825
0.325720000955,2.16825
0.325730000955,2.1995
0.325740000955,2.16825
0.325750000955,2.16825
0.325760000955,2.16825
0.325770000955,2.16825
0.325780000955,2.137
0.325790000955,2.1995
0.325800000955,2.16825
0.325810000955,2.16825
0.325820000955,2.16825
0.325830000955,2.16825
0.325840000955,2.137
0.325850000955,2.137
0.325860000955,2.137
0.325870000955,2.16825
0.325880000955,2.16825
0.325890000955,2.16825
0.325900000955,2.16825
0.325910000955,2.16825
0.325920000955,2.16825
0.325930000955,2.16825
0.325940000955,2.137
0.325950000955,2.23075
0.325960000955,2.16825
0.325970000955,2.16825
0.325980000955,2.16825
0.325990000955,2.137
0.326000000955,2.16825
0.326010000955,2.137
0.326020000955,2.16825
0.326030000955,2.1995
0.326040000955,2.137
0.326050000955,2.1995
0.326060000955,2.137
0.326070000955,2.16825
0.326080000955,2.137
0.326090000955,2.16825
0.326100000955,2.16825
0.326110000955,2.16825
0.326120000955,2.16825
0.326130000955,2.1995
0.326140000955,2.16825
0.326150000955,2.16825
0.326160000955,2.16825
0.326170000955,2.137
0.326180000955,2.16825
0.326190000955,2.16825
0.326200000955,2.16825
0.326210000955,2.16825
0.326220000955,2.16825
0.326230000955,2.137
0.326240000955,2.16825
0.326250000955,2.16825
0.326260000955,2.16825
0.326270000955,2.16825
0.326280000955,2.16825
0.326290000955,2.16825
0.326300000955,2.137
0.326310000955,2.16825
0.326320000955,2.16825
0.326330000955,2.137
0.326340000955,2.16825
0.326350000955,2.1995
0.326360000955,2.16825
0.326370000955,2.1995
0.326380000955,2.16825
0.326390000955,2.137
0.326400000955,2.16825
0.326410000955,2.16825
0.326420000955,2.137
0.326430000955,2.137
0.326440000955,2.16825
0.326450000955,2.137
0.326460000955,2.16825
0.326470000955,2.16825
0.326480000955,2.1995
0.326490000955,2.16825
0.326500000955,2.1995
0.326510000955,2.137
0.326520000955,2.137
0.326530000955,2.137
0.326540000955,2.16825
0.326550000955,2.1995
0.326560000955,2.1995
0.326570000955,2.16825
0.326580000955,2.137
0.326590000955,2.137
0.326600000955,2.16825
0.326610000955,2.16825
0.326620000955,2.16825
0.326630000955,2.16825
0.326640000955,2.137
0.326650000955,2.1995
0.326660000955,2.137
0.326670000955,2.1995
0.326680000955,2.137
0.326690000955,2.16825
0.326700000955,2.16825
0.326710000955,2.16825
0.326720000955,2.16825
0.326730000955,2.137
0.326740000955,2.16825
0.326750000955,2.137
0.326760000955,2.16825
0.326770000955,2.16825
0.326780000955,2.137
0.326790000955,2.137
0.326800000955,2.16825
0.326810000955,2.16825
0.326820000955,2.137
0.326830000955,2.16825
0.326840000955,2.16825
0.326850000955,2.16825
0.326860000955,2.16825
0.326870000955,2.137
0.326880000955,2.137
0.326890000955,2.1995
0.326900000955,2.16825
0.326910000955,2.137
0.326920000955,2.1995
0.326930000955,2.1995
0.326940000955,2.1995
0.326950000955,2.16825
0.326960000955,2.16825
0.326970000955,2.16825
0.326980000955,2.16825
0.326990000955,2.16825
0.327000000955,2.137
0.327010000955,2.16825
0.327020000955,2.137
0.327030000955,2.16825
0.327040000955,2.137
0.327050000955,2.137
0.327060000955,2.1995
0.327070000955,2.16825
0.327080000955,2.16825
0.327090000955,2.1995
0.327100000955,2.16825
0.327110000955,2.16825
0.327120000955,2.16825
0.327130000955,2.1995
0.327140000955,2.16825
0.327150000955,2.137
0.327160000955,2.137
0.327170000955,2.137
0.327180000955,2.137
0.327190000955,2.137
0.327200000955,2.16825
0.327210000955,2.1995
0.327220000955,2.137
0.327230000955,2.137
0.327240000955,2.23075
0.327250000955,2.16825
0.327260000955,2.16825
0.327270000955,2.16825
0.327280000955,2.137
0.327290000955,2.1995
0.327300000955,2.137
0.327310000955,2.16825
0.327320000955,2.137
0.327330000955,2.16825
0.327340000955,2.1995
0.327350000955,2.16825
0.327360000955,2.1995
0.327370000955,2.16825
0.327380000955,2.16825
0.327390000955,2.137
0.327400000955,2.16825
0.327410000955,2.16825
0.327420000955,2.137
0.327430000955,2.16825
0.327440000955,2.16825
0.327450000955,2.1995
0.327460000955,2.23075
0.327470000955,2.16825
0.327480000955,2.137
0.327490000955,2.137
0.327500000955,2.137
0.327510000955,2.16825
0.327520000955,2.16825
0.327530000955,2.16825
0.327540000955,2.137
0.327550000955,2.16825
0.327560000955,2.137
0.327570000955,2.1995
0.327580000955,2.16825
0.327590000955,2.16825
0.327600000955,2.137
0.327610000955,2.1995
0.327620000955,2.137
0.327630000955,2.16825
0.327640000955,2.16825
0.327650000955,2.16825
0.327660000955,2.16825
0.327670000955,2.16825
0.327680000955,2.16825
0.327690000955,2.16825
0.327700000955,2.16825
0.327710000955,2.137
0.327720000955,2.16825
0.327730000955,2.16825
0.327740000955,2.137
0.327750000955,2.137
0.327760000955,2.16825
0.327770000955,2.137
0.327780000955,2.16825
0.327790000955,2.16825
0.327800000955,2.1995
0.327810000955,2.16825
0.327820000955,2.137
0.327830000955,2.16825
0.327840000955,2.1995
0.327850000955,2.16825
0.327860000955,2.16825
0.327870000955,2.16825
0.327880000955,2.16825
0.327890000955,2.137
0.327900000955,2.16825
0.327910000955,2.16825
0.327920000955,2.1995
0.327930000955,2.1995
0.327940000955,2.16825
0.327950000955,2.16825
0.327960000955,2.16825
0.327970000955,2.137
0.327980000955,2.16825
0.327990000955,2.16825
0.328000000955,2.16825
0.328010000955,2.1995
0.328020000955,2.16825
0.328030000955,2.16825
0.328040000955,2.16825
0.328050000955,2.137
0.328060000955,2.16825
0.328070000955,2.1995
0.328080000955,2.1995
0.328090000955,2.16825
0.328100000955,2.16825
0.328110000955,2.16825
0.328120000955,2.16825
0.328130000955,2.1995
0.328140000955,2.1995
0.328150000955,2.16825
0.328160000955,2.137
0.328170000955,2.137
0.328180000955,2.16825
0.328190000955,2.16825
0.328200000955,2.16825
0.328210000955,2.16825
0.328220000955,2.1995
0.328230000955,2.16825
0.328240000955,2.16825
0.328250000955,2.1995
0.328260000955,2.16825
0.328270000955,2.16825
0.328280000955,2.16825
0.328290000955,2.23075
0.328300000955,2.16825
0.328310000955,2.137
0.328320000955,2.1995
0.328330000955,2.1995
0.328340000955,2.16825
0.328350000955,2.137
0.328360000955,2.16825
0.328370000955,2.16825
0.328380000955,2.16825
0.328390000955,2.16825
0.328400000955,2.16825
0.328410000955,2.137
0.328420000955,2.16825
0.328430000955,2.137
0.328440000955,2.1995
0.328450000955,2.1995
0.328460000955,2.16825
0.328470000955,2.16825
0.328480000955,2.16825
0.328490000955,2.137
0.328500000955,2.16825
0.328510000955,2.137
0.328520000955,2.16825
0.328530000955,2.1995
0.328540000955,2.1995
0.328550000955,2.16825
0.328560000955,2.16825
0.328570000955,2.16825
0.328580000955,2.16825
0.328590000955,2.1995
0.328600000955,2.16825
0.328610000955,2.16825
0.328620000955,2.137
0.328630000955,2.1995
0.328640000955,2.16825
0.328650000955,2.137
0.328660000955,2.137
0.328670000955,2.16825
0.328680000955,2.137
0.328690000955,2.137
0.328700000955,2.16825
0.328710000955,2.1995
0.328720000955,2.137
0.328730000955,2.1995
0.328740000955,2.16825
0.328750000955,2.137
0.328760000955,2.1995
0.328770000955,2.16825
0.328780000955,2.137
0.328790000955,2.16825
0.328800000955,2.16825
0.328810000955,2.1995
0.328820000955,2.1995
0.328830000955,2.137
0.328840000955,2.16825
0.328850000955,2.1995
0.328860000955,2.16825
0.328870000955,2.137
0.328880000955,2.16825
0.328890000955,2.1995
0.328900000955,2.16825
0.328910000955,2.1995
0.328920000955,2.16825
0.328930000955,2.16825
0.328940000955,2.16825
0.328950000955,2.16825
0.328960000955,2.16825
0.328970000955,2.16825
0.328980000955,2.16825
0.328990000955,2.16825
0.329000000955,2.16825
0.329010000955,2.137
0.329020000955,2.16825
0.329030000955,2.137
0.329040000955,2.1995
0.329050000955,2.16825
0.329060000955,2.16825
0.329070000955,2.16825
0.329080000955,2.16825
0.329090000955,2.23075
0.329100000955,2.137
0.329110000955,2.16825
0.329120000955,2.16825
0.329130000955,2.16825
0.329140000955,2.16825
0.329150000955,2.137
0.329160000955,2.16825
0.329170000955,2.16825
0.329180000955,2.137
0.329190000955,2.137
0.329200000955,2.16825
0.329210000955,2.16825
0.329220000955,2.137
0.329230000955,2.16825
0.329240000955,2.16825
0.329250000955,2.16825
0.329260000955,2.137
0.329270000955,2.16825
0.329280000955,2.16825
0.329290000955,2.1995
0.329300000955,2.16825
0.329310000955,2.137
0.329320000955,2.137
0.329330000955,2.137
0.329340000955,2.16825
0.329350000955,2.16825
0.329360000955,2.1995
0.329370000955,2.1995
0.329380000955,2.16825
0.329390000955,2.16825
0.329400000955,2.16825
0.329410000955,2.16825
0.329420000955,2.16825
0.329430000955,2.16825
0.329440000955,2.16825
0.329450000955,2.137
0.329460000955,2.137
0.329470000955,2.16825
0.329480000955,2.137
0.329490000955,2.16825
0.329500000955,2.16825
0.329510000955,2.137
0.329520000955,2.1995
0.329530000955,2.16825
0.329540000955,2.137
0.329550000955,2.16825
0.329560000955,2.16825
0.329570000955,2.137
0.329580000955,2.16825
0.329590000955,2.16825
0.329600000955,2.16825
0.329610000955,2.16825
0.329620000955,2.137
0.329630000955,2.16825
0.329640000955,2.137
0.329650000955,2.137
0.329660000955,2.16825
0.329670000955,2.137
0.329680000955,2.16825
0.329690000955,2.137
0.329700000955,2.16825
0.329710000955,2.16825
0.329720000955,2.137
0.329730000955,2.23075
0.329740000955,2.16825
0.329750000955,2.137
0.329760000955,2.16825
0.329770000955,2.16825
0.329780000955,2.16825
0.329790000955,2.16825
0.329800000955,2.16825
0.329810000955,2.16825
0.329820000955,2.16825
0.329830000955,2.1995
0.329840000955,2.16825
0.329850000955,2.137
0.329860000955,2.16825
0.329870000955,2.137
0.329880000955,2.16825
0.329890000955,2.16825
0.329900000955,2.137
0.329910000955,2.16825
0.329920000955,2.137
0.329930000955,2.16825
0.329940000955,2.137
0.329950000955,2.16825
0.329960000955,2.16825
0.329970000955,2.16825
0.329980000955,2.16825
0.329990000955,2.16825
0.330000000955,2.16825
0.330010000955,2.137
0.330020000955,2.16825
0.330030000955,2.16825
0.330040000955,2.1995
0.330050000955,2.137
0.330060000955,2.16825
0.330070000955,2.16825
0.330080000955,2.16825
0.330090000955,2.16825
0.330100000955,2.16825
0.330110000955,2.16825
0.330120000955,2.16825
0.330130000955,2.137
0.330140000955,2.16825
0.330150000955,2.1995
0.330160000955,2.16825
0.330170000955,2.16825
0.330180000955,2.1995
0.330190000955,2.16825
0.330200000955,2.16825
0.330210000955,2.137
0.330220000955,2.137
0.330230000955,2.16825
0.330240000955,2.16825
0.330250000955,2.137
0.330260000955,2.137
0.330270000955,2.137
0.330280000955,2.16825
0.330290000955,2.1995
0.330300000955,2.137
0.330310000955,2.137
0.330320000955,2.16825
0.330330000955,2.137
0.330340000955,2.1995
0.330350000955,2.16825
0.330360000955,2.16825
0.330370000955,2.16825
0.330380000955,2.137
0.330390000955,2.16825
0.330400000955,2.1995
0.330410000955,2.16825
0.330420000955,2.16825
0.330430000955,2.16825
0.330440000955,2.137
0.330450000955,2.137
0.330460000955,2.16825
0.330470000955,2.137
0.330480000955,2.16825
0.330490000955,2.16825
0.330500000955,2.16825
0.330510000955,2.16825
0.330520000955,2.1995
0.330530000955,2.16825
0.330540000955,2.16825
0.330550000955,2.1995
0.330560000955,2.137
0.330570000955,2.16825
0.330580000955,2.16825
0.330590000955,2.1995
0.330600000955,2.137
0.330610000955,2.16825
0.330620000955,2.137
0.330630000955,2.16825
0.330640000955,2.23075
0.330650000955,2.16825
0.330660000955,2.16825
0.330670000955,2.16825
0.330680000955,2.137
0.330690000955,2.16825
0.330700000955,2.16825
0.330710000955,2.16825
0.330720000955,2.137
0.330730000955,2.1995
0.330740000955,2.1995
0.330750000955,2.137
0.330760000955,2.16825
0.330770000955,2.137
0.330780000955,2.1995
0.330790000955,2.137
0.330800000955,2.16825
0.330810000955,2.16825
0.330820000955,2.16825
0.330830000955,2.1995
0.330840000955,2.16825
0.330850000955,2.16825
0.330860000955,2.1995
0.330870000955,2.1995
0.330880000955,2.1995
0.330890000955,2.16825
0.330900000955,2.1995
0.330910000955,2.16825
0.330920000955,2.16825
0.330930000955,2.1995
0.330940000955,2.1995
0.330950000955,2.16825
0.330960000955,2.1995
0.330970000955,2.137
0.330980000955,2.16825
0.330990000955,2.16825
0.331000000955,2.1995
0.331010000955,2.1995
0.331020000955,2.16825
0.331030000955,2.1995
0.331040000955,2.16825
0.331050000955,2.16825
0.331060000955,2.16825
0.331070000955,2.16825
0.331080000955,2.16825
0.331090000955,2.23075
0.331100000955,2.16825
0.331110000955,2.1995
0.331120000955,2.16825
0.331130000955,2.1995
0.331140000955,2.1995
0.331150000955,2.16825
0.331160000955,2.16825
0.331170000955,2.16825
0.331180000955,2.137
0.331190000955,2.16825
0.331200000955,2.16825
0.331210000955,2.137
0.331220000955,2.137
0.331230000955,2.137
0.331240000955,2.16825
0.331250000955,2.1995
0.331260000955,2.16825
0.331270000955,2.16825
0.331280000955,2.1995
0.331290000955,2.1995
0.331300000955,2.137
0.331310000955,2.16825
0.331320000955,2.1995
0.331330000955,2.16825
0.331340000955,2.16825
0.331350000955,2.16825
0.331360000955,2.137
0.331370000955,2.16825
0.331380000955,2.137
0.331390000955,2.16825
0.331400000955,2.16825
0.331410000955,2.137
0.331420000955,2.137
0.331430000955,2.16825
0.331440000955,2.1995
0.331450000955,2.16825
0.331460000955,2.137
0.331470000955,2.137
0.331480000955,2.1995
0.331490000955,2.16825
0.331500000955,2.137
0.331510000955,2.16825
0.331520000955,2.1995
0.331530000955,2.16825
0.331540000955,2.1995
0.331550000955,2.137
0.331560000955,2.16825
0.331570000955,2.16825
0.331580000955,2.16825
0.331590000955,2.16825
0.331600000955,2.16825
0.331610000955,2.16825
0.331620000955,2.16825
0.331630000955,2.1995
0.331640000955,2.1995
0.331650000955,2.16825
0.331660000955,2.137
0.331670000955,2.1995
0.331680000955,2.16825
0.331690000955,2.16825
0.331700000955,2.16825
0.331710000955,2.1995
0.331720000955,2.16825
0.331730000955,2.16825
0.331740000955,2.16825
0.331750000955,2.137
0.331760000955,2.137
0.331770000955,2.16825
0.331780000955,2.16825
0.331790000955,2.16825
0.331800000955,2.16825
0.331810000955,2.16825
0.331820000955,2.16825
0.331830000955,2.16825
0.331840000955,2.137
0.331850000955,2.1995
0.331860000955,2.16825
0.331870000955,2.16825
0.331880000955,2.1995
0.331890000955,2.1995
0.331900000955,2.137
0.331910000955,2.16825
0.331920000955,2.16825
0.331930000955,2.1995
0.331940000955,2.16825
0.331950000955,2.1995
0.331960000955,2.16825
0.331970000955,2.16825
0.331980000955,2.10575
0.331990000955,2.1995
0.332000000955,2.1995
0.332010000955,2.16825
0.332020000955,2.1995
0.332030000955,2.16825
0.332040000955,2.16825
0.332050000955,2.1995
0.332060000955,2.137
0.332070000955,2.137
0.332080000955,2.16825
0.332090000955,2.16825
0.332100000955,2.16825
0.332110000955,2.137
0.332120000955,2.16825
0.332130000955,2.1995
0.332140000955,2.137
0.332150000955,2.16825
0.332160000955,2.16825
0.332170000955,2.16825
0.332180000955,2.1995
0.332190000955,2.1995
0.332200000955,2.16825
0.332210000955,2.1995
0.332220000955,2.137
0.332230000955,2.137
0.332240000955,2.16825
0.332250000955,2.16825
0.332260000955,2.137
0.332270000955,2.16825
0.332280000955,2.1995
0.332290000955,2.1995
0.332300000955,2.16825
0.332310000955,2.16825
0.332320000955,2.16825
0.332330000955,2.16825
0.332340000955,2.16825
0.332350000955,2.16825
0.332360000955,2.16825
0.332370000955,2.1995
0.332380000955,2.1995
0.332390000955,2.16825
0.332400000955,2.16825
0.332410000955,2.16825
0.332420000955,2.16825
0.332430000955,2.1995
0.332440000955,2.16825
0.332450000955,2.1995
0.332460000955,2.1995
0.332470000955,2.16825
0.332480000955,2.16825
0.332490000955,2.16825
0.332500000955,2.16825
0.332510000955,2.16825
0.332520000955,2.137
0.332530000955,2.16825
0.332540000955,2.16825
0.332550000955,2.16825
0.332560000955,2.16825
0.332570000955,2.1995
0.332580000955,2.1995
0.332590000955,2.1995
0.332600000955,2.16825
0.332610000955,2.16825
0.332620000955,2.16825
0.332630000955,2.16825
0.332640000955,2.16825
0.332650000955,2.16825
0.332660000955,2.1995
0.332670000955,2.16825
0.332680000955,2.1995
0.332690000955,2.16825
0.332700000955,2.16825
0.332710000955,2.16825
0.332720000955,2.16825
0.332730000955,2.16825
0.332740000955,2.16825
0.332750000955,2.1995
0.332760000955,2.16825
0.332770000955,2.1995
0.332780000955,2.16825
0.332790000955,2.1995
0.332800000955,2.137
0.332810000955,2.1995
0.332820000955,2.16825
0.332830000955,2.16825
0.332840000955,2.16825
0.332850000955,2.16825
0.332860000955,2.1995
0.332870000955,2.16825
0.332880000955,2.10575
0.332890000955,2.16825
0.332900000955,2.16825
0.332910000955,2.16825
0.332920000955,2.1995
0.332930000955,2.1995
0.332940000955,2.16825
0.332950000955,2.137
0.332960000955,2.1995
0.332970000955,2.16825
0.332980000955,2.137
0.332990000955,2.16825
0.333000000955,2.1995
0.333010000955,2.1995
0.333020000955,2.16825
0.333030000955,2.16825
0.333040000955,2.16825
0.333050000955,2.16825
0.333060000955,2.16825
0.333070000955,2.16825
0.333080000955,2.16825
0.333090000955,2.137
0.333100000955,2.16825
0.333110000955,2.16825
0.333120000955,2.16825
0.333130000955,2.16825
0.333140000955,2.16825
0.333150000955,2.16825
0.333160000955,2.16825
0.333170000955,2.16825
0.333180000955,2.137
0.333190000955,2.16825
0.333200000955,2.137
0.333210000955,2.16825
0.333220000955,2.1995
0.333230000955,2.16825
0.333240000955,2.16825
0.333250000955,2.16825
0.333260000955,2.16825
0.333270000955,2.16825
0.333280000955,2.137
0.333290000955,2.16825
0.333300000955,2.1995
0.333310000955,2.16825
0.333320000955,2.137
0.333330000955,2.1995
0.333340000955,2.16825
0.333350000955,2.16825
0.333360000955,2.137
0.333370000955,2.16825
0.333380000955,2.16825
0.333390000955,2.1995
0.333400000955,2.16825
0.333410000955,2.1995
0.333420000955,2.16825
0.333430000955,2.16825
0.333440000955,2.137
0.333450000955,2.137
0.333460000955,2.16825
0.333470000955,2.137
0.333480000955,2.16825
0.333490000955,2.137
0.333500000955,2.16825
0.333510000955,2.16825
0.333520000955,2.16825
0.333530000955,2.137
0.333540000955,2.16825
0.333550000955,2.16825
0.333560000955,2.1995
0.333570000955,2.1995
0.333580000955,2.16825
0.333590000955,2.137
0.333600000955,2.16825
0.333610000955,2.1995
0.333620000955,2.16825
0.333630000955,2.16825
0.333640000955,2.16825
0.333650000955,2.16825
0.333660000955,2.1995
0.333670000955,2.16825
0.333680000955,2.1995
0.333690000955,2.1995
0.333700000955,2.1995
0.333710000955,2.16825
0.333720000955,2.1995
0.333730000955,2.16825
0.333740000955,2.16825
0.333750000955,2.1995
0.333760000955,2.16825
0.333770000955,2.137
0.333780000955,2.16825
0.333790000955,2.16825
0.333800000955,2.16825
0.333810000955,2.137
0.333820000955,2.16825
0.333830000955,2.16825
0.333840000955,2.1995
0.333850000955,2.1995
0.333860000955,2.1995
0.333870000955,2.16825
0.333880000955,2.1995
0.333890000955,2.1995
0.333900000955,2.16825
0.333910000955,2.16825
0.333920000955,2.1995
0.333930000955,2.16825
0.333940000955,2.16825
0.333950000955,2.16825
0.333960000955,2.16825
0.333970000955,2.16825
0.333980000955,2.1995
0.333990000955,2.16825
0.334000000955,2.16825
0.334010000955,2.137
0.334020000955,2.16825
0.334030000955,2.16825
0.334040000955,2.1995
0.334050000955,2.16825
0.334060000955,2.137
0.334070000955,2.16825
0.334080000955,2.1995
0.334090000955,2.16825
0.334100000955,2.10575
0.334110000955,2.1995
0.334120000955,2.137
0.334130000955,2.16825
0.334140000955,2.1995
0.334150000955,2.16825
0.334160000955,2.16825
0.334170000955,2.16825
0.334180000955,2.1995
0.334190000955,2.1995
0.334200000955,2.23075
0.334210000955,2.137
0.334220000955,2.23075
0.334230000955,2.1995
0.334240000955,2.16825
0.334250000955,2.16825
0.334260000955,2.16825
0.334270000955,2.16825
0.334280000955,2.16825
0.334290000955,2.16825
0.334300000955,2.1995
0.334310000955,2.137
0.334320000955,2.1995
0.334330000955,2.16825
0.334340000955,2.1995
0.334350000955,2.137
0.334360000955,2.1995
0.334370000955,2.1995
0.334380000955,2.16825
0.334390000955,2.16825
0.334400000955,2.1995
0.334410000955,2.137
0.334420000955,2.16825
0.334430000955,2.16825
0.334440000955,2.16825
0.334450000955,2.16825
0.334460000955,2.16825
0.334470000955,2.16825
0.334480000955,2.16825
0.334490000955,2.16825
0.334500000955,2.1995
0.334510000955,2.16825
0.334520000955,2.16825
0.334530000955,2.16825
0.334540000955,2.1995
0.334550000955,2.16825
0.334560000955,2.16825
0.334570000955,2.16825
0.334580000955,2.16825
0.334590000955,2.16825
0.334600000955,2.16825
0.334610000955,2.1995
0.334620000955,2.16825
0.334630000955,2.137
0.334640000955,2.137
0.334650000955,2.16825
0.334660000955,2.16825
0.334670000955,2.16825
0.334680000955,2.137
0.334690000955,2.16825
0.334700000955,2.16825
0.334710000955,2.16825
0.334720000955,2.16825
0.334730000955,2.16825
0.334740000955,2.16825
0.334750000955,2.16825
0.334760000955,2.16825
0.334770000955,2.16825
0.334780000955,2.137
0.334790000955,2.16825
0.334800000955,2.137
0.334810000955,2.16825
0.334820000955,2.16825
0.334830000955,2.16825
0.334840000955,2.1995
0.334850000955,2.1995
0.334860000955,2.16825
0.334870000955,2.137
0.334880000955,2.16825
0.334890000955,2.1995
0.334900000955,2.16825
0.334910000955,2.16825
0.334920000955,2.16825
0.334930000955,2.1995
0.334940000955,2.1995
0.334950000955,2.1995
0.334960000955,2.1995
0.334970000955,2.16825
0.334980000955,2.16825
0.334990000955,2.1995
0.335000000955,2.16825
0.335010000955,2.1995
0.335020000955,2.1995
0.335030000955,2.137
0.335040000955,2.1995
0.335050000955,2.16825
0.335060000955,2.16825
0.335070000955,2.1995
0.335080000955,2.16825
0.335090000955,2.16825
0.335100000955,2.137
0.335110000955,2.16825
0.335120000955,2.137
0.335130000955,2.16825
0.335140000955,2.1995
0.335150000955,2.1995
0.335160000955,2.137
0.335170000955,2.16825
0.335180000955,2.137
0.335190000955,2.16825
0.335200000955,2.1995
0.335210000955,2.137
0.335220000955,2.16825
0.335230000955,2.1995
0.335240000955,2.16825
0.335250000955,2.16825
0.335260000955,2.16825
0.335270000955,2.16825
0.335280000955,2.137
0.335290000955,2.16825
0.335300000955,2.16825
0.335310000955,2.16825
0.335320000955,2.16825
0.335330000955,2.16825
0.335340000955,2.16825
0.335350000955,2.16825
0.335360000955,2.16825
0.335370000955,2.16825
0.335380000955,2.137
0.335390000955,2.16825
0.335400000955,2.16825
0.335410000955,2.137
0.335420000955,2.1995
0.335430000955,2.16825
0.335440000955,2.16825
0.335450000955,2.137
0.335460000955,2.16825
0.335470000955,2.1995
0.335480000955,2.16825
0.335490000955,2.16825
0.335500000955,2.137
0.335510000955,2.1995
0.335520000955,2.137
0.335530000955,2.16825
0.335540000955,2.16825
0.335550000955,2.137
0.335560000955,2.16825
0.335570000955,2.16825
0.335580000955,2.16825
0.335590000955,2.16825
0.335600000955,2.16825
0.335610000955,2.16825
0.335620000955,2.1995
0.335630000955,2.137
0.335640000955,2.16825
0.335650000955,2.16825
0.335660000955,2.16825
0.335670000955,2.16825
0.335680000955,2.16825
0.335690000955,2.16825
0.335700000955,2.16825
0.335710000955,2.1995
0.335720000955,2.16825
0.335730000955,2.137
0.335740000955,2.16825
0.335750000955,2.16825
0.335760000955,2.16825
0.335770000955,2.1995
0.335780000955,2.137
0.335790000955,2.16825
0.335800000955,2.16825
0.335810000955,2.16825
0.335820000955,2.16825
0.335830000955,2.1995
0.335840000955,2.1995
0.335850000955,2.16825
0.335860000955,2.16825
0.335870000955,2.16825
0.335880000955,2.16825
0.335890000955,2.137
0.335900000955,2.16825
0.335910000955,2.16825
0.335920000955,2.137
0.335930000955,2.16825
0.335940000955,2.16825
0.335950000955,2.1995
0.335960000955,2.16825
0.335970000955,2.16825
0.335980000955,2.1995
0.335990000955,2.137
0.336000000955,2.1995
0.336010000955,2.16825
0.336020000955,2.1995
0.336030000955,2.137
0.336040000955,2.137
0.336050000955,2.16825
0.336060000955,2.137
0.336070000955,2.1995
0.336080000955,2.1995
0.336090000955,2.1995
0.336100000955,2.1995
0.336110000955,2.1995
0.336120000955,2.16825
0.336130000955,2.16825
0.336140000955,2.1995
0.336150000955,2.16825
0.336160000955,2.1995
0.336170000955,2.137
0.336180000955,2.16825
0.336190000955,2.16825
0.336200000955,2.16825
0.336210000955,2.1995
0.336220000955,2.1995
0.336230000955,2.16825
0.336240000955,2.16825
0.336250000955,2.16825
0.336260000955,2.1995
0.336270000955,2.137
0.336280000955,2.137
0.336290000955,2.16825
0.336300000955,2.137
0.336310000955,2.23075
0.336320000955,2.16825
0.336330000955,2.16825
0.336340000955,2.16825
0.336350000955,2.137
0.336360000955,2.16825
0.336370000955,2.137
0.336380000955,2.16825
0.336390000955,2.16825
0.336400000955,2.16825
0.336410000955,2.1995
0.336420000955,2.16825
0.336430000955,2.16825
0.336440000955,2.16825
0.336450000955,2.1995
0.336460000955,2.1995
0.336470000955,2.1995
0.336480000955,2.137
0.336490000955,2.1995
0.336500000955,2.137
0.336510000955,2.16825
0.336520000955,2.137
0.336530000955,2.1995
0.336540000955,2.16825
0.336550000955,2.137
0.336560000955,2.16825
0.336570000955,2.137
0.336580000955,2.1995
0.336590000955,2.137
0.336600000955,2.1995
0.336610000955,2.1995
0.336620000955,2.137
0.336630000955,2.16825
0.336640000955,2.16825
0.336650000955,2.16825
0.336660000955,2.137
0.336670000955,2.16825
0.336680000955,2.1995
0.336690000955,2.1995
0.336700000955,2.1995
0.336710000955,2.16825
0.336720000955,2.137
0.336730000955,2.16825
0.336740000955,2.16825
0.336750000955,2.1995
0.336760000955,2.16825
0.336770000955,2.16825
0.336780000955,2.16825
0.336790000955,2.137
0.336800000955,2.16825
0.336810000955,2.16825
0.336820000955,2.16825
0.336830000955,2.137
0.336840000955,2.16825
0.336850000955,2.1995
0.336860000955,2.1995
0.336870000955,2.1995
0.336880000955,2.16825
0.336890000955,2.16825
0.336900000955,2.16825
0.336910000955,2.16825
0.336920000955,2.16825
0.336930000955,2.1995
0.336940000955,2.16825
0.336950000955,2.1995
0.336960000955,2.1995
0.336970000955,2.1995
0.336980000955,2.137
0.336990000955,2.16825
0.337000000955,2.137
0.337010000955,2.1995
0.337020000955,2.16825
0.337030000955,2.137
0.337040000955,2.16825
0.337050000955,2.137
0.337060000955,2.16825
0.337070000955,2.16825
0.337080000955,2.16825
0.337090000955,2.16825
0.337100000955,2.16825
0.337110000955,2.1995
0.337120000955,2.16825
0.337130000955,2.16825
0.337140000955,2.16825
0.337150000955,2.16825
0.337160000955,2.1995
0.337170000955,2.16825
0.337180000955,2.1995
0.337190000955,2.1995
0.337200000955,2.1995
0.337210000955,2.1995
0.337220000955,2.16825
0.337230000955,2.16825
0.337240000955,2.1995
0.337250000955,2.1995
0.337260000955,2.16825
0.337270000955,2.16825
0.337280000955,2.1995
0.337290000955,2.137
0.337300000955,2.1995
0.337310000955,2.137
0.337320000955,2.16825
0.337330000955,2.16825
0.337340000955,2.137
0.337350000955,2.16825
0.337360000955,2.16825
0.337370000955,2.16825
0.337380000955,2.16825
0.337390000955,2.16825
0.337400000955,2.16825
0.337410000955,2.137
0.337420000955,2.137
0.337430000955,2.1995
0.337440000955,2.16825
0.337450000955,2.23075
0.337460000955,2.16825
0.337470000955,2.16825
0.337480000955,2.16825
0.337490000955,2.16825
0.337500000955,2.16825
0.337510000955,2.16825
0.337520000955,2.16825
0.337530000955,2.137
0.337540000955,2.16825
0.337550000955,2.16825
0.337560000955,2.137
0.337570000955,2.1995
0.337580000955,2.16825
0.337590000955,2.137
0.337600000955,2.16825
0.337610000955,2.1995
0.337620000955,2.1995
0.337630000955,2.137
0.337640000955,2.137
0.337650000955,2.1995
0.337660000955,2.1995
0.337670000955,2.16825
0.337680000955,2.16825
0.337690000955,2.16825
0.337700000955,2.16825
0.337710000955,2.16825
0.337720000955,2.16825
0.337730000955,2.16825
0.337740000955,2.16825
0.337750000955,2.137
0.337760000955,2.1995
0.337770000955,2.16825
0.337780000955,2.137
0.337790000955,2.16825
0.337800000955,2.16825
0.337810000955,2.16825
0.337820000955,2.16825
0.337830000955,2.16825
0.337840000955,2.16825
0.337850000955,2.16825
0.337860000955,2.16825
0.337870000955,2.16825
0.337880000955,2.16825
0.337890000955,2.137
0.337900000955,2.1995
0.337910000955,2.16825
0.337920000955,2.1995
0.337930000955,2.16825
0.337940000955,2.1995
0.337950000955,2.1995
0.337960000955,2.16825
0.337970000955,2.16825
0.337980000955,2.1995
0.337990000955,2.1995
0.338000000955,2.16825
0.338010000955,2.1995
0.338020000955,2.1995
0.338030000955,2.1995
0.338040000955,2.1995
0.338050000955,2.16825
0.338060000955,2.16825
0.338070000955,2.16825
0.338080000955,2.1995
0.338090000955,2.16825
0.338100000955,2.16825
0.338110000955,2.16825
0.338120000955,2.16825
0.338130000955,2.16825
0.338140000955,2.16825
0.338150000955,2.16825
0.338160000955,2.16825
0.338170000955,2.16825
0.338180000955,2.16825
0.338190000955,2.23075
0.338200000955,2.1995
0.338210000955,2.137
0.338220000955,2.1995
0.338230000955,2.1995
0.338240000955,2.16825
0.338250000955,2.16825
0.338260000955,2.1995
0.338270000955,2.137
0.338280000955,2.137
0.338290000955,2.137
0.338300000955,2.137
0.338310000955,2.16825
0.338320000955,2.16825
0.338330000955,2.16825
0.338340000955,2.16825
0.338350000955,2.137
0.338360000955,2.137
0.338370000955,2.16825
0.338380000955,2.16825
0.338390000955,2.16825
0.338400000955,2.137
0.338410000955,2.16825
0.338420000955,2.16825
0.338430000955,2.1995
0.338440000955,2.16825
0.338450000955,2.1995
0.338460000955,2.1995
0.338470000955,2.1995
0.338480000955,2.16825
0.338490000955,2.16825
0.338500000955,2.1995
0.338510000955,2.1995
0.338520000955,2.16825
0.338530000955,2.16825
0.338540000955,2.16825
0.338550000955,2.1995
0.338560000955,2.16825
0.338570000955,2.1995
0.338580000955,2.16825
0.338590000955,2.1995
0.338600000955,2.137
0.338610000955,2.16825
0.338620000955,2.16825
0.338630000955,2.1995
0.338640000955,2.137
0.338650000955,2.137
0.338660000955,2.1995
0.338670000955,2.1995
0.338680000955,2.1995
0.338690000955,2.16825
0.338700000955,2.16825
0.338710000955,2.1995
0.338720000955,2.16825
0.338730000955,2.16825
0.338740000955,2.16825
0.338750000955,2.137
0.338760000955,2.1995
0.338770000955,2.137
0.338780000955,2.16825
0.338790000955,2.137
0.338800000955,2.16825
0.338810000955,2.1995
0.338820000955,2.16825
0.338830000955,2.1995
0.338840000955,2.16825
0.338850000955,2.16825
0.338860000955,2.16825
0.338870000955,2.16825
0.338880000955,2.137
0.338890000955,2.1995
0.338900000955,2.1995
0.338910000955,2.16825
0.338920000955,2.16825
0.338930000955,2.1995
0.338940000955,2.16825
0.338950000955,2.16825
0.338960000955,2.137
0.338970000955,2.16825
0.338980000955,2.1995
0.338990000955,2.137
0.339000000955,2.137
0.339010000955,2.16825
0.339020000955,2.16825
0.339030000955,2.137
0.339040000955,2.16825
0.339050000955,2.16825
0.339060000955,2.1995
0.339070000955,2.1995
0.339080000955,2.137
0.339090000955,2.16825
0.339100000955,2.137
0.339110000955,2.1995
0.339120000955,2.1995
0.339130000955,2.137
0.339140000955,2.137
0.339150000955,2.16825
0.339160000955,2.16825
0.339170000955,2.16825
0.339180000955,2.16825
0.339190000955,2.16825
0.339200000955,2.16825
0.339210000955,2.16825
0.339220000955,2.16825
0.339230000955,2.16825
0.339240000955,2.1995
0.339250000955,2.16825
0.339260000955,2.16825
0.339270000955,2.137
0.339280000955,2.1995
0.339290000955,2.1995
0.339300000955,2.16825
0.339310000955,2.16825
0.339320000955,2.16825
0.339330000955,2.16825
0.339340000955,2.16825
0.339350000955,2.137
0.339360000955,2.1995
0.339370000955,2.1995
0.339380000955,2.16825
0.339390000955,2.16825
0.339400000955,2.1995
0.339410000955,2.16825
0.339420000955,2.1995
0.339430000955,2.137
0.339440000955,2.1995
0.339450000955,2.16825
0.339460000955,2.137
0.339470000955,2.16825
0.339480000955,2.1995
0.339490000955,2.1995
0.339500000955,2.137
0.339510000955,2.16825
0.339520000955,2.16825
0.339530000955,2.1995
0.339540000955,2.1995
0.339550000955,2.1995
0.339560000955,2.16825
0.339570000955,2.16825
0.339580000955,2.1995
0.339590000955,2.137
0.339600000955,2.16825
0.339610000955,2.137
0.339620000955,2.23075
0.339630000955,2.16825
0.339640000955,2.1995
0.339650000955,2.16825
0.339660000955,2.16825
0.339670000955,2.16825
0.339680000955,2.16825
0.339690000955,2.16825
0.339700000955,2.1995
0.339710000955,2.16825
0.339720000955,2.16825
0.339730000955,2.16825
0.339740000955,2.16825
0.339750000955,2.16825
0.339760000955,2.1995
0.339770000955,2.1995
0.339780000955,2.16825
0.339790000955,2.16825
0.339800000955,2.1995
0.339810000955,2.16825
0.339820000955,2.1995
0.339830000955,2.16825
0.339840000955,2.1995
0.339850000955,2.23075
0.339860000955,2.16825
0.339870000955,2.16825
0.339880000955,2.16825
0.339890000955,2.16825
0.339900000955,2.10575
0.339910000955,2.1995
0.339920000955,2.137
0.339930000955,2.137
0.339940000955,2.1995
0.339950000955,2.16825
0.339960000955,2.16825
0.339970000955,2.16825
0.339980000955,2.16825
0.339990000955,2.1995
0.340000000955,2.137
0.340010000955,2.16825
0.340020000955,2.16825
0.340030000955,2.1995
0.340040000955,2.16825
0.340050000955,2.16825
0.340060000955,2.1995
0.340070000955,2.137
0.340080000955,2.16825
0.340090000955,2.1995
0.340100000955,2.16825
0.340110000955,2.16825
0.340120000955,2.16825
0.340130000955,2.1995
0.340140000955,2.16825
0.340150000955,2.1995
0.340160000955,2.16825
0.340170000955,2.16825
0.340180000955,2.16825
0.340190000955,2.137
0.340200000955,2.16825
0.340210000955,2.1995
0.340220000955,2.16825
0.340230000955,2.16825
0.340240000955,2.16825
0.340250000955,2.16825
0.340260000955,2.1995
0.340270000955,2.16825
0.340280000955,2.16825
0.340290000955,2.16825
0.340300000955,2.1995
0.340310000955,2.16825
0.340320000955,2.16825
0.340330000955,2.1995
0.340340000955,2.16825
0.340350000955,2.16825
0.340360000955,2.1995
0.340370000955,2.137
0.340380000955,2.16825
0.340390000955,2.16825
0.340400000955,2.16825
0.340410000955,2.16825
0.340420000955,2.1995
0.340430000955,2.16825
0.340440000955,2.1995
0.340450000955,2.16825
0.340460000955,2.16825
0.340470000955,2.16825
0.340480000955,2.16825
0.340490000955,2.16825
0.340500000955,2.16825
0.340510000955,2.1995
0.340520000955,2.137
0.340530000955,2.137
0.340540000955,2.137
0.340550000955,2.1995
0.340560000955,2.16825
0.340570000955,2.16825
0.340580000955,2.16825
0.340590000955,2.1995
0.340600000955,2.1995
0.340610000955,2.16825
0.340620000955,2.1995
0.340630000955,2.1995
0.340640000955,2.16825
0.340650000955,2.16825
0.340660000955,2.1995
0.340670000955,2.16825
0.340680000955,2.137
0.340690000955,2.16825
0.340700000955,2.1995
0.340710000955,2.16825
0.340720000955,2.1995
0.340730000955,2.137
0.340740000955,2.16825
0.340750000955,2.1995
0.340760000955,2.1995
0.340770000955,2.16825
0.340780000955,2.1995
0.340790000955,2.16825
0.340800000955,2.16825
0.340810000955,2.137
0.340820000955,2.1995
0.340830000955,2.16825
0.340840000955,2.16825
0.340850000955,2.16825
0.340860000955,2.1995
0.340870000955,2.16825
0.340880000955,2.16825
0.340890000955,2.16825
0.340900000955,2.10575
0.340910000955,2.16825
0.340920000955,2.16825
0.340930000955,2.16825
0.340940000955,2.16825
0.340950000955,2.16825
0.340960000955,2.16825
0.340970000955,2.16825
0.340980000955,2.1995
0.340990000955,2.137
0.341000000955,2.16825
0.341010000955,2.137
0.341020000955,2.137
0.341030000955,2.137
0.341040000955,2.1995
0.341050000955,2.16825
0.341060000955,2.1995
0.341070000955,2.16825
0.341080000955,2.137
0.341090000955,2.1995
0.341100000955,2.16825
0.341110000955,2.16825
0.341120000955,2.16825
0.341130000955,2.16825
0.341140000955,2.16825
0.341150000955,2.16825
0.341160000955,2.16825
0.341170000955,2.16825
0.341180000955,2.16825
0.341190000955,2.137
0.341200000955,2.137
0.341210000955,2.16825
0.341220000955,2.16825
0.341230000955,2.16825
0.341240000955,2.1995
0.341250000955,2.137
0.341260000955,2.1995
0.341270000955,2.137
0.341280000955,2.1995
0.341290000955,2.1995
0.341300000955,2.16825
0.341310000955,2.16825
0.341320000955,2.137
0.341330000955,2.137
0.341340000955,2.16825
0.341350000955,2.16825
0.341360000955,2.10575
0.341370000955,2.16825
0.341380000955,2.137
0.341390000955,2.16825
0.341400000955,2.16825
0.341410000955,2.16825
0.341420000955,2.16825
0.341430000955,2.16825
0.341440000955,2.137
0.341450000955,2.1995
0.341460000955,2.16825
0.341470000955,2.137
0.341480000955,2.1995
0.341490000955,2.137
0.341500000955,2.16825
0.341510000955,2.16825
0.341520000955,2.137
0.341530000955,2.16825
0.341540000955,2.16825
0.341550000955,2.16825
0.341560000955,2.16825
0.341570000955,2.137
0.341580000955,2.137
0.341590000955,2.16825
0.341600000955,2.16825
0.341610000955,2.16825
0.341620000955,2.16825
0.341630000955,2.16825
0.341640000955,2.16825
0.341650000955,2.137
0.341660000955,2.137
0.341670000955,2.1995
0.341680000955,2.137
0.341690000955,2.137
0.341700000955,2.137
0.341710000955,2.1995
0.341720000955,2.16825
0.341730000955,2.16825
0.341740000955,2.1995
0.341750000955,2.1995
0.341760000955,2.137
0.341770000955,2.16825
0.341780000955,2.16825
0.341790000955,2.137
0.341800000955,2.16825
0.341810000955,2.16825
0.341820000955,2.16825
0.341830000955,2.16825
0.341840000955,2.16825
0.341850000955,2.1995
0.341860000955,2.137
0.341870000955,2.16825
0.341880000955,2.16825
0.341890000955,2.16825
0.341900000955,2.16825
0.341910000955,2.16825
0.341920000955,2.16825
0.341930000955,2.137
0.341940000955,2.137
0.341950000955,2.10575
0.341960000955,2.137
0.341970000955,2.16825
0.341980000955,2.1995
0.341990000955,2.16825
0.342000000955,2.16825
0.342010000955,2.16825
0.342020000955,2.16825
0.342030000955,2.16825
0.342040000955,2.16825
0.342050000955,2.16825
0.342060000955,2.137
0.342070000955,2.10575
0.342080000955,2.16825
0.342090000955,2.137
0.342100000955,2.137
0.342110000955,2.137
0.342120000955,2.16825
0.342130000955,2.137
0.342140000955,2.1995
0.342150000955,2.137
0.342160000955,2.16825
0.342170000955,2.137
0.342180000955,2.16825
0.342190000955,2.16825
0.342200000955,2.16825
0.342210000955,2.137
0.342220000955,2.16825
0.342230000955,2.16825
0.342240000955,2.16825
0.342250000955,2.16825
0.342260000955,2.16825
0.342270000955,2.16825
0.342280000955,2.16825
0.342290000955,2.16825
0.342300000955,2.1995
0.342310000955,2.137
0.342320000955,2.16825
0.342330000955,2.137
0.342340000955,2.16825
0.342350000955,2.137
0.342360000955,2.16825
0.342370000955,2.137
0.342380000955,2.137
0.342390000955,2.16825
0.342400000955,2.137
0.342410000955,2.137
0.342420000955,2.16825
0.342430000955,2.10575
0.342440000955,2.137
0.342450000955,2.1995
0.342460000955,2.137
0.342470000955,2.16825
0.342480000955,2.16825
0.342490000955,2.16825
0.342500000955,2.137
0.342510000955,2.1995
0.342520000955,2.137
0.342530000955,2.16825
0.342540000955,2.16825
0.342550000955,2.137
0.342560000955,2.137
0.342570000955,2.137
0.342580000955,2.137
0.342590000955,2.16825
0.342600000955,2.16825
0.342610000955,2.16825
0.342620000955,2.16825
0.342630000955,2.16825
0.342640000955,2.16825
0.342650000955,2.137
0.342660000955,2.137
0.342670000955,2.16825
0.342680000955,2.137
0.342690000955,2.10575
0.342700000955,2.16825
0.342710000955,2.137
0.342720000955,2.1995
0.342730000955,2.137
0.342740000955,2.16825
0.342750000955,2.16825
0.342760000955,2.16825
0.342770000955,2.16825
0.342780000955,2.16825
0.342790000955,2.16825
0.342800000955,2.137
0.342810000955,2.137
0.342820000955,2.137
0.342830000955,2.16825
0.342840000955,2.16825
0.342850000955,2.1995
0.342860000955,2.16825
0.342870000955,2.137
0.342880000955,2.137
0.342890000955,2.16825
0.342900000955,2.16825
0.342910000955,2.16825
0.342920000955,2.16825
0.342930000955,2.16825
0.342940000955,2.137
0.342950000955,2.16825
0.342960000955,2.16825
0.342970000955,2.137
0.342980000955,2.10575
0.342990000955,2.137
0.343000000955,2.1995
0.343010000955,2.16825
0.343020000955,2.137
0.343030000955,2.1995
0.343040000955,2.16825
0.343050000955,2.137
0.343060000955,2.137
0.343070000955,2.137
0.343080000955,2.137
0.343090000955,2.16825
0.343100000955,2.137
0.343110000955,2.16825
0.343120000955,2.16825
0.343130000955,2.16825
0.343140000955,2.137
0.343150000955,2.16825
0.343160000955,2.137
0.343170000955,2.16825
0.343180000955,2.137
0.343190000955,2.137
0.343200000955,2.16825
0.343210000955,2.137
0.343220000955,2.137
0.343230000955,2.137
0.343240000955,2.16825
0.343250000955,2.16825
0.343260000955,2.16825
0.343270000955,2.16825
0.343280000955,2.137
0.343290000955,2.137
0.343300000955,2.16825
0.343310000955,2.137
0.343320000955,2.16825
0.343330000955,2.137
0.343340000955,2.16825
0.343350000955,2.137
0.343360000955,2.16825
0.343370000955,2.137
0.343380000955,2.137
0.343390000955,2.137
0.343400000955,2.137
0.343410000955,2.137
0.343420000955,2.137
0.343430000955,2.137
0.343440000955,2.137
0.343450000955,2.137
0.343460000955,2.137
0.343470000955,2.137
0.343480000955,2.137
0.343490000955,2.10575
0.343500000955,2.137
0.343510000955,2.137
0.343520000955,2.1995
0.343530000955,2.137
0.343540000955,2.16825
0.343550000955,2.10575
0.343560000955,2.137
0.343570000955,2.137
0.343580000955,2.137
0.343590000955,2.10575
0.343600000955,2.16825
0.343610000955,2.137
0.343620000955,2.16825
0.343630000955,2.137
0.343640000955,2.137
0.343650000955,2.16825
0.343660000955,2.16825
0.343670000955,2.137
0.343680000955,2.137
0.343690000955,2.137
0.343700000955,2.137
0.343710000955,2.10575
0.343720000955,2.137
0.343730000955,2.16825
0.343740000955,2.16825
0.343750000955,2.16825
0.343760000955,2.16825
0.343770000955,2.137
0.343780000955,2.16825
0.343790000955,2.137
0.343800000955,2.10575
0.343810000955,2.137
0.343820000955,2.16825
0.343830000955,2.137
0.343840000955,2.137
0.343850000955,2.16825
0.343860000955,2.1995
0.343870000955,2.16825
0.343880000955,2.137
0.343890000955,2.137
0.343900000955,2.16825
0.343910000955,2.16825
0.343920000955,2.137
0.343930000955,2.10575
0.343940000955,2.137
0.343950000955,2.16825
0.343960000955,2.137
0.343970000955,2.137
0.343980000955,2.137
0.343990000955,2.137
0.344000000955,2.137
0.344010000955,2.137
0.344020000955,2.10575
0.344030000955,2.137
0.344040000955,2.137
0.344050000955,2.137
0.344060000955,2.10575
0.344070000955,2.16825
0.344080000955,2.137
0.344090000955,2.16825
0.344100000955,2.16825
0.344110000955,2.16825
0.344120000955,2.137
0.344130000955,2.137
0.344140000955,2.10575
0.344150000955,2.16825
0.344160000955,2.137
0.344170000955,2.16825
0.344180000955,2.137
0.344190000955,2.137
0.344200000955,2.137
0.344210000955,2.137
0.344220000955,2.10575
0.344230000955,2.16825
0.344240000955,2.10575
0.344250000955,2.10575
0.344260000955,2.137
0.344270000955,2.137
0.344280000955,2.10575
0.344290000955,2.137
0.344300000955,2.10575
0.344310000955,2.137
0.344320000955,2.10575
0.344330000955,2.16825
0.344340000955,2.137
0.344350000955,2.16825
0.344360000955,2.10575
0.344370000955,2.137
0.344380000955,2.16825
0.344390000955,2.137
0.344400000955,2.137
0.344410000955,2.137
0.344420000955,2.16825
0.344430000955,2.137
0.344440000955,2.137
0.344450000955,2.10575
0.344460000955,2.16825
0.344470000955,2.0745
0.344480000955,2.10575
0.344490000955,2.137
0.344500000955,2.10575
0.344510000955,2.137
0.344520000955,2.137
0.344530000955,2.137
0.344540000955,2.137
0.344550000955,2.10575
0.344560000955,2.137
0.344570000955,2.10575
0.344580000955,2.137
0.344590000955,2.10575
0.344600000955,2.137
0.344610000955,2.10575
0.344620000955,2.10575
0.344630000955,2.16825
0.344640000955,2.10575
0.344650000955,2.137
0.344660000955,2.16825
0.344670000955,2.10575
0.344680000955,2.16825
0.344690000955,2.137
0.344700000955,2.10575
0.344710000955,2.137
0.344720000955,2.10575
0.344730000955,2.137
0.344740000955,2.10575
0.344750000955,2.137
0.344760000955,2.10575
0.344770000955,2.10575
0.344780000955,2.10575
0.344790000955,2.137
0.344800000955,2.137
0.344810000955,2.10575
0.344820000955,2.137
0.344830000955,2.10575
0.344840000955,2.137
0.344850000955,2.137
0.344860000955,2.137
0.344870000955,2.137
0.344880000955,2.10575
0.344890000955,2.137
0.344900000955,2.137
0.344910000955,2.137
0.344920000955,2.137
0.344930000955,2.10575
0.344940000955,2.137
0.344950000955,2.10575
0.344960000955,2.10575
0.344970000955,2.10575
0.344980000955,2.10575
0.344990000955,2.10575
0.345000000955,2.10575
0.345010000955,2.16825
0.345020000955,2.10575
0.345030000955,2.10575
0.345040000955,2.137
0.345050000955,2.137
0.345060000955,2.10575
0.345070000955,2.137
0.345080000955,2.137
0.345090000955,2.137
0.345100000955,2.137
0.345110000955,2.10575
0.345120000955,2.137
0.345130000955,2.10575
0.345140000955,2.10575
0.345150000955,2.10575
0.345160000955,2.0745
0.345170000955,2.0745
0.345180000955,2.10575
0.345190000955,2.0745
0.345200000955,2.10575
0.345210000955,2.0745
0.345220000955,2.10575
0.345230000955,2.137
0.345240000955,2.10575
0.345250000955,2.137
0.345260000955,2.137
0.345270000955,2.10575
0.345280000955,2.10575
0.345290000955,2.137
0.345300000955,2.10575
0.345310000955,2.10575
0.345320000955,2.137
0.345330000955,2.0745
0.345340000955,2.0745
0.345350000955,2.10575
0.345360000955,2.10575
0.345370000955,2.10575
0.345380000955,2.10575
0.345390000955,2.10575
0.345400000955,2.10575
0.345410000955,2.0745
0.345420000955,2.10575
0.345430000955,2.10575
0.345440000955,2.0745
0.345450000955,2.137
0.345460000955,2.0745
0.345470000955,2.10575
0.345480000955,2.10575
0.345490000955,2.0745
0.345500000955,2.137
0.345510000955,2.10575
0.345520000955,2.0745
0.345530000955,2.10575
0.345540000955,2.10575
0.345550000955,2.10575
0.345560000955,2.10575
0.345570000955,2.0745
0.345580000955,2.0745
0.345590000955,2.10575
0.345600000955,2.10575
0.345610000955,2.10575
0.345620000955,2.0745
0.345630000955,2.10575
0.345640000955,2.0745
0.345650000955,2.137
0.345660000955,2.0745
0.345670000955,2.10575
0.345680000955,2.10575
0.345690000955,2.10575
0.345700000955,2.10575
0.345710000955,2.10575
0.345720000955,2.10575
0.345730000955,2.10575
0.345740000955,2.10575
0.345750000955,2.10575
0.345760000955,2.10575
0.345770000955,2.10575
0.345780000955,2.10575
0.345790000955,2.10575
0.345800000955,2.10575
0.345810000955,2.0745
0.345820000955,2.10575
0.345830000955,2.137
0.345840000955,2.137
0.345850000955,2.10575
0.345860000955,2.0745
0.345870000955,2.10575
0.345880000955,2.10575
0.345890000955,2.137
0.345900000955,2.0745
0.345910000955,2.137
0.345920000955,2.0745
0.345930000955,2.10575
0.345940000955,2.137
0.345950000955,2.10575
0.345960000955,2.0745
0.345970000955,2.10575
0.345980000955,2.10575
0.345990000955,2.10575
0.346000000955,2.137
0.346010000955,2.10575
0.346020000955,2.10575
0.346030000955,2.16825
0.346040000955,2.10575
0.346050000955,2.137
0.346060000955,2.10575
0.346070000955,2.10575
0.346080000955,2.0745
0.346090000955,2.137
0.346100000955,2.10575
0.346110000955,2.10575
0.346120000955,2.137
0.346130000955,2.10575
0.346140000955,2.137
0.346150000955,2.10575
0.346160000955,2.10575
0.346170000955,2.0745
0.346180000955,2.10575
0.346190000955,2.16825
0.346200000955,2.137
0.346210000955,2.0745
0.346220000955,2.10575
0.346230000955,2.0745
0.346240000955,2.10575
0.346250000955,2.10575
0.346260000955,2.10575
0.346270000955,2.10575
0.346280000955,2.137
0.346290000955,2.10575
0.346300000955,2.10575
0.346310000955,2.10575
0.346320000955,2.137
0.346330000955,2.10575
0.346340000955,2.10575
0.346350000955,2.137
0.346360000955,2.10575
0.346370000955,2.10575
0.346380000955,2.10575
0.346390000955,2.10575
0.346400000955,2.137
0.346410000955,2.137
0.346420000955,2.10575
0.346430000955,2.10575
0.346440000955,2.10575
0.346450000955,2.10575
0.346460000955,2.137
0.346470000955,2.10575
0.346480000955,2.10575
0.346490000955,2.10575
0.346500000955,2.137
0.346510000955,2.0745
0.346520000955,2.10575
0.346530000955,2.10575
0.346540000955,2.10575
0.346550000955,2.10575
0.346560000955,2.137
0.346570000955,2.10575
0.346580000955,2.0745
0.346590000955,2.10575
0.346600000955,2.10575
0.346610000955,2.10575
0.346620000955,2.137
0.346630000955,2.10575
0.346640000955,2.10575
0.346650000955,2.137
0.346660000955,2.10575
0.346670000955,2.10575
0.346680000955,2.10575
0.346690000955,2.10575
0.346700000955,2.10575
0.346710000955,2.16825
0.346720000955,2.0745
0.346730000955,2.137
0.346740000955,2.10575
0.346750000955,2.10575
0.346760000955,2.10575
0.346770000955,2.137
0.346780000955,2.10575
0.346790000955,2.10575
0.346800000955,2.0745
0.346810000955,2.10575
0.346820000955,2.10575
0.346830000955,2.137
0.346840000955,2.10575
0.346850000955,2.10575
0.346860000955,2.10575
0.346870000955,2.10575
0.346880000955,2.137
0.346890000955,2.10575
0.346900000955,2.10575
0.346910000955,2.137
0.346920000955,2.10575
0.346930000955,2.10575
0.346940000955,2.137
0.346950000955,2.10575
0.346960000955,2.0745
0.346970000955,2.137
0.346980000955,2.137
0.346990000955,2.137
0.347000000955,2.10575
0.347010000955,2.137
0.347020000955,2.137
0.347030000955,2.137
0.347040000955,2.10575
0.347050000955,2.10575
0.347060000955,2.10575
0.347070000955,2.10575
0.347080000955,2.10575
0.347090000955,2.10575
0.347100000955,2.10575
0.347110000955,2.10575
0.347120000955,2.10575
0.347130000955,2.10575
0.347140000955,2.10575
0.347150000955,2.137
0.347160000955,2.10575
0.347170000955,2.10575
0.347180000955,2.10575
0.347190000955,2.137
0.347200000955,2.137
0.347210000955,2.137
0.347220000955,2.137
0.347230000955,2.16825
0.347240000955,2.10575
0.347250000955,2.137
0.347260000955,2.137
0.347270000955,2.10575
0.347280000955,2.10575
0.347290000955,2.10575
0.347300000955,2.16825
0.347310000955,2.10575
0.347320000955,2.04325
0.347330000955,2.10575
0.347340000955,2.137
0.347350000955,2.137
0.347360000955,2.137
0.347370000955,2.10575
0.347380000955,2.10575
0.347390000955,2.10575
0.347400000955,2.10575
0.347410000955,2.10575
0.347420000955,2.10575
0.347430000955,2.10575
0.347440000955,2.137
0.347450000955,2.10575
0.347460000955,2.10575
0.347470000955,2.10575
0.347480000955,2.10575
0.347490000955,2.10575
0.347500000955,2.16825
0.347510000955,2.137
0.347520000955,2.10575
0.347530000955,2.10575
0.347540000955,2.10575
0.347550000955,2.0745
0.347560000955,2.16825
0.347570000955,2.10575
0.347580000955,2.10575
0.347590000955,2.16825
0.347600000955,2.10575
0.347610000955,2.137
0.347620000955,2.10575
0.347630000955,2.10575
0.347640000955,2.137
0.347650000955,2.0745
0.347660000955,2.10575
0.347670000955,2.137
0.347680000955,2.137
0.347690000955,2.137
0.347700000955,2.137
0.347710000955,2.137
0.347720000955,2.10575
0.347730000955,2.10575
0.347740000955,2.10575
0.347750000955,2.10575
0.347760000955,2.137
0.347770000955,2.10575
0.347780000955,2.137
0.347790000955,2.10575
0.347800000955,2.137
0.347810000955,2.10575
0.347820000955,2.10575
0.347830000955,2.16825
0.347840000955,2.0745
0.347850000955,2.137
0.347860000955,2.10575
0.347870000955,2.10575
0.347880000955,2.10575
0.347890000955,2.137
0.347900000955,2.10575
0.347910000955,2.137
0.347920000955,2.10575
0.347930000955,2.10575
0.347940000955,2.10575
0.347950000955,2.137
0.347960000955,2.10575
0.347970000955,2.10575
0.347980000955,2.137
0.347990000955,2.137
0.348000000955,2.137
0.348010000955,2.10575
0.348020000955,2.10575
0.348030000955,2.10575
0.348040000955,2.137
0.348050000955,2.137
0.348060000955,2.10575
0.348070000955,2.137
0.348080000955,2.137
0.348090000955,2.10575
0.348100000955,2.16825
0.348110000955,2.137
0.348120000955,2.16825
0.348130000955,2.10575
0.348140000955,2.137
0.348150000955,2.10575
0.348160000955,2.10575
0.348170000955,2.137
0.348180000955,2.137
0.348190000955,2.137
0.348200000955,2.10575
0.348210000955,2.137
0.348220000955,2.137
0.348230000955,2.10575
0.348240000955,2.10575
0.348250000955,2.10575
0.348260000955,2.10575
0.348270000955,2.16825
0.348280000955,2.10575
0.348290000955,2.137
0.348300000955,2.137
0.348310000955,2.10575
0.348320000955,2.137
0.348330000955,2.137
0.348340000955,2.10575
0.348350000955,2.137
0.348360000955,2.10575
0.348370000955,2.137
0.348380000955,2.137
0.348390000955,2.137
0.348400000955,2.10575
0.348410000955,2.137
0.348420000955,2.10575
0.348430000955,2.137
0.348440000955,2.137
0.348450000955,2.10575
0.348460000955,2.137
0.348470000955,2.137
0.348480000955,2.137
0.348490000955,2.0745
0.348500000955,2.137
0.348510000955,2.137
0.348520000955,2.137
0.348530000955,2.10575
0.348540000955,2.137
0.348550000955,2.10575
0.348560000955,2.10575
0.348570000955,2.10575
0.348580000955,2.10575
0.348590000955,2.137
0.348600000955,2.0745
0.348610000955,2.10575
0.348620000955,2.10575
0.348630000955,2.137
0.348640000955,2.10575
0.348650000955,2.137
0.348660000955,2.16825
0.348670000955,2.137
0.348680000955,2.137
0.348690000955,2.10575
0.348700000955,2.10575
0.348710000955,2.10575
0.348720000955,2.137
0.348730000955,2.10575
0.348740000955,2.137
0.348750000955,2.10575
0.348760000955,2.137
0.348770000955,2.0745
0.348780000955,2.10575
0.348790000955,2.137
0.348800000955,2.10575
0.348810000955,2.10575
0.348820000955,2.10575
0.348830000955,2.10575
0.348840000955,2.137
0.348850000955,2.10575
0.348860000955,2.10575
0.348870000955,2.10575
0.348880000955,2.10575
0.348890000955,2.10575
0.348900000955,2.10575
0.348910000955,2.137
0.348920000955,2.137
0.348930000955,2.137
0.348940000955,2.137
0.348950000955,2.10575
0.348960000955,2.10575
0.348970000955,2.10575
0.348980000955,2.10575
0.348990000955,2.10575
0.349000000955,2.137
0.349010000955,2.137
0.349020000955,2.10575
0.349030000955,2.137
0.349040000955,2.10575
0.349050000955,2.137
0.349060000955,2.10575
0.349070000955,2.10575
0.349080000955,2.10575
0.349090000955,2.137
0.349100000955,2.0745
0.349110000955,2.10575
0.349120000955,2.137
0.349130000955,2.10575
0.349140000955,2.10575
0.349150000955,2.10575
0.349160000955,2.10575
0.349170000955,2.10575
0.349180000955,2.137
0.349190000955,2.137
0.349200000955,2.137
0.349210000955,2.137
0.349220000955,2.16825
0.349230000955,2.10575
0.349240000955,2.10575
0.349250000955,2.10575
0.349260000955,2.10575
0.349270000955,2.137
0.349280000955,2.137
0.349290000955,2.10575
0.349300000955,2.137
0.349310000955,2.10575
0.349320000955,2.0745
0.349330000955,2.10575
0.349340000955,2.137
0.349350000955,2.10575
0.349360000955,2.16825
0.349370000955,2.10575
0.349380000955,2.137
0.349390000955,2.10575
0.349400000955,2.10575
0.349410000955,2.10575
0.349420000955,2.137
0.349430000955,2.10575
0.349440000955,2.137
0.349450000955,2.10575
0.349460000955,2.137
0.349470000955,2.10575
0.349480000955,2.137
0.349490000955,2.10575
0.349500000955,2.137
0.349510000955,2.10575
0.349520000955,2.137
0.349530000955,2.10575
0.349540000955,2.137
0.349550000955,2.16825
0.349560000955,2.10575
0.349570000955,2.10575
0.349580000955,2.10575
0.349590000955,2.137
0.349600000955,2.137
0.349610000955,2.10575
0.349620000955,2.10575
0.349630000955,2.10575
0.349640000955,2.137
0.349650000955,2.137
0.349660000955,2.137
0.349670000955,2.137
0.349680000955,2.10575
0.349690000955,2.137
0.349700000955,2.10575
0.349710000955,2.137
0.349720000955,2.10575
0.349730000955,2.137
0.349740000955,2.10575
0.349750000955,2.137
0.349760000955,2.10575
0.349770000955,2.137
0.349780000955,2.137
0.349790000955,2.10575
0.349800000955,2.10575
0.349810000955,2.10575
0.349820000955,2.10575
0.349830000955,2.0745
0.349840000955,2.137
0.349850000955,2.137
0.349860000955,2.10575
0.349870000955,2.0745
0.349880000955,2.10575
0.349890000955,2.137
0.349900000955,2.137
0.349910000955,2.137
0.349920000955,2.137
0.349930000955,2.137
0.349940000955,2.16825
0.349950000955,2.10575
0.349960000955,2.10575
0.349970000955,2.137
0.349980000955,2.137
0.349990000955,2.10575
0.350000000955,2.10575
0.350010000955,2.137
0.350020000955,2.10575
0.350030000955,2.10575
0.350040000955,2.137
0.350050000955,2.137
0.350060000955,2.137
0.350070000955,2.137
0.350080000955,2.137
0.350090000955,2.10575
0.350100000955,2.10575
0.350110000955,2.10575
0.350120000955,2.10575
0.350130000955,2.10575
0.350140000955,2.137
0.350150000955,2.10575
0.350160000955,2.137
0.350170000955,2.137
0.350180000955,2.137
0.350190000955,2.16825
0.350200000955,2.137
0.350210000955,2.137
0.350220000955,2.10575
0.350230000955,2.10575
0.350240000955,2.10575
0.350250000955,2.10575
0.350260000955,2.10575
0.350270000955,2.137
0.350280000955,2.10575
0.350290000955,2.137
0.350300000955,2.10575
0.350310000955,2.10575
0.350320000955,2.137
0.350330000955,2.137
0.350340000955,2.0745
0.350350000955,2.10575
0.350360000955,2.137
0.350370000955,2.10575
0.350380000955,2.10575
0.350390000955,2.16825
0.350400000955,2.137
0.350410000955,2.10575
0.350420000955,2.137
0.350430000955,2.137
0.350440000955,2.137
0.350450000955,2.10575
0.350460000955,2.10575
0.350470000955,2.10575
0.350480000955,2.137
0.350490000955,2.10575
0.350500000955,2.137
0.350510000955,2.10575
0.350520000955,2.137
0.350530000955,2.137
0.350540000955,2.137
0.350550000955,2.10575
0.350560000955,2.137
0.350570000955,2.10575
0.350580000955,2.137
0.350590000955,2.10575
0.350600000955,2.10575
0.350610000955,2.137
0.350620000955,2.10575
0.350630000955,2.10575
0.350640000955,2.137
0.350650000955,2.137
0.350660000955,2.10575
0.350670000955,2.10575
0.350680000955,2.10575
0.350690000955,2.137
0.350700000955,2.10575
0.350710000955,2.137
0.350720000955,2.137
0.350730000955,2.137
0.350740000955,2.10575
0.350750000955,2.137
0.350760000955,2.10575
0.350770000955,2.137
0.350780000955,2.10575
0.350790000955,2.10575
0.350800000955,2.10575
0.350810000955,2.137
0.350820000955,2.137
0.350830000955,2.10575
0.350840000955,2.16825
0.350850000955,2.10575
0.350860000955,2.0745
0.350870000955,2.10575
0.350880000955,2.10575
0.350890000955,2.137
0.350900000955,2.137
0.350910000955,2.137
0.350920000955,2.137
0.350930000955,2.10575
0.350940000955,2.16825
0.350950000955,2.137
0.350960000955,2.10575
0.350970000955,2.137
0.350980000955,2.0745
0.350990000955,2.10575
0.351000000955,2.10575
0.351010000955,2.10575
0.351020000955,2.0745
0.351030000955,2.10575
0.351040000955,2.10575
0.351050000955,2.137
0.351060000955,2.137
0.351070000955,2.137
0.351080000955,2.10575
0.351090000955,2.10575
0.351100000955,2.10575
0.351110000955,2.10575
0.351120000955,2.137
0.351130000955,2.10575
0.351140000955,2.137
0.351150000955,2.10575
0.351160000955,2.10575
0.351170000955,2.10575
0.351180000955,2.137
0.351190000955,2.10575
0.351200000955,2.137
0.351210000955,2.0745
0.351220000955,2.10575
0.351230000955,2.0745
0.351240000955,2.137
0.351250000955,2.137
0.351260000955,2.10575
0.351270000955,2.10575
0.351280000955,2.137
0.351290000955,2.137
0.351300000955,2.10575
0.351310000955,2.137
0.351320000955,2.0745
0.351330000955,2.137
0.351340000955,2.10575
0.351350000955,2.10575
0.351360000955,2.10575
0.351370000955,2.137
0.351380000955,2.137
0.351390000955,2.137
0.351400000955,2.10575
0.351410000955,2.10575
0.351420000955,2.137
0.351430000955,2.10575
0.351440000955,2.10575
0.351450000955,2.10575
0.351460000955,2.137
0.351470000955,2.137
0.351480000955,2.10575
0.351490000955,2.10575
0.351500000955,2.10575
0.351510000955,2.10575
0.351520000955,2.10575
0.351530000955,2.10575
0.351540000955,2.10575
0.351550000955,2.10575
0.351560000955,2.10575
0.351570000955,2.137
0.351580000955,2.137
0.351590000955,2.137
0.351600000955,2.10575
0.351610000955,2.10575
0.351620000955,2.137
0.351630000955,2.137
0.351640000955,2.10575
0.351650000955,2.10575
0.351660000955,2.10575
0.351670000955,2.137
0.351680000955,2.137
0.351690000955,2.10575
0.351700000955,2.10575
0.351710000955,2.10575
0.351720000955,2.10575
0.351730000955,2.137
0.351740000955,2.137
0.351750000955,2.137
0.351760000955,2.10575
0.351770000955,2.0745
0.351780000955,2.10575
0.351790000955,2.10575
0.351800000955,2.10575
0.351810000955,2.10575
0.351820000955,2.137
0.351830000955,2.137
0.351840000955,2.10575
0.351850000955,2.10575
0.351860000955,2.10575
0.351870000955,2.137
0.351880000955,2.10575
0.351890000955,2.10575
0.351900000955,2.137
0.351910000955,2.137
0.351920000955,2.137
0.351930000955,2.10575
0.351940000955,2.137
0.351950000955,2.137
0.351960000955,2.137
0.351970000955,2.10575
0.351980000955,2.137
0.351990000955,2.137
0.352000000955,2.10575
0.352010000955,2.137
0.352020000955,2.137
0.352030000955,2.16825
0.352040000955,2.10575
0.352050000955,2.137
0.352060000955,2.137
0.352070000955,2.16825
0.352080000955,2.137
0.352090000955,2.10575
0.352100000955,2.10575
0.352110000955,2.137
0.352120000955,2.137
0.352130000955,2.10575
0.352140000955,2.137
0.352150000955,2.137
0.352160000955,2.137
0.352170000955,2.137
0.352180000955,2.137
0.352190000955,2.10575
0.352200000955,2.10575
0.352210000955,2.10575
0.352220000955,2.137
0.352230000955,2.10575
0.352240000955,2.10575
0.352250000955,2.137
0.352260000955,2.137
0.352270000955,2.0745
0.352280000955,2.137
0.352290000955,2.137
0.352300000955,2.0745
0.352310000955,2.16825
0.352320000955,2.137
0.352330000955,2.16825
0.352340000955,2.10575
0.352350000955,2.10575
0.352360000955,2.10575
0.352370000955,2.10575
0.352380000955,2.137
0.352390000955,2.137
0.352400000955,2.10575
0.352410000955,2.10575
0.352420000955,2.10575
0.352430000955,2.137
0.352440000955,2.137
0.352450000955,2.10575
0.352460000955,2.16825
0.352470000955,2.10575
0.352480000955,2.16825
0.352490000955,2.10575
0.352500000955,2.137
0.352510000955,2.137
0.352520000955,2.10575
0.352530000955,2.10575
0.352540000955,2.10575
0.352550000955,2.10575
0.352560000955,2.0745
0.352570000955,2.16825
0.352580000955,2.137
0.352590000955,2.10575
0.352600000955,2.137
0.352610000955,2.137
0.352620000955,2.10575
0.352630000955,2.10575
0.352640000955,2.137
0.352650000955,2.10575
0.352660000955,2.10575
0.352670000955,2.137
0.352680000955,2.10575
0.352690000955,2.10575
0.352700000955,2.10575
0.352710000955,2.10575
0.352720000955,2.137
0.352730000955,2.16825
0.352740000955,2.137
0.352750000955,2.10575
0.352760000955,2.10575
0.352770000955,2.137
0.352780000955,2.137
0.352790000955,2.137
0.352800000955,2.10575
0.352810000955,2.0745
0.352820000955,2.10575
0.352830000955,2.137
0.352840000955,2.10575
0.352850000955,2.0745
0.352860000955,2.10575
0.352870000955,2.137
0.352880000955,2.137
0.352890000955,2.10575
0.352900000955,2.16825
0.352910000955,2.10575
0.352920000955,2.0745
0.352930000955,2.137
0.352940000955,2.10575
0.352950000955,2.137
0.352960000955,2.137
0.352970000955,2.10575
0.352980000955,2.137
0.352990000955,2.137
0.353000000955,2.10575
0.353010000955,2.10575
0.353020000955,2.10575
0.353030000955,2.10575
0.353040000955,2.10575
0.353050000955,2.10575
0.353060000955,2.137
0.353070000955,2.10575
0.353080000955,2.137
0.353090000955,2.10575
0.353100000955,2.10575
0.353110000955,2.137
0.353120000955,2.10575
0.353130000955,2.137
0.353140000955,2.137
0.353150000955,2.10575
0.353160000955,2.10575
0.353170000955,2.137
0.353180000955,2.10575
0.353190000955,2.137
0.353200000955,2.10575
0.353210000955,2.137
0.353220000955,2.10575
0.353230000955,2.137
0.353240000955,2.137
0.353250000955,2.137
0.353260000955,2.137
0.353270000955,2.16825
0.353280000955,2.10575
0.353290000955,2.137
0.353300000955,2.137
0.353310000955,2.10575
0.353320000955,2.137
0.353330000955,2.10575
0.353340000955,2.10575
0.353350000955,2.10575
0.353360000955,2.137
0.353370000955,2.10575
0.353380000955,2.137
0.353390000955,2.10575
0.353400000955,2.10575
0.353410000955,2.10575
0.353420000955,2.10575
0.353430000955,2.137
0.353440000955,2.16825
0.353450000955,2.10575
0.353460000955,2.16825
0.353470000955,2.10575
0.353480000955,2.10575
0.353490000955,2.137
0.353500000955,2.10575
0.353510000955,2.10575
0.353520000955,2.10575
0.353530000955,2.10575
0.353540000955,2.137
0.353550000955,2.137
0.353560000955,2.137
0.353570000955,2.137
0.353580000955,2.137
0.353590000955,2.10575
0.353600000955,2.10575
0.353610000955,2.10575
0.353620000955,2.10575
0.353630000955,2.16825
0.353640000955,2.0745
0.353650000955,2.137
0.353660000955,2.137
0.353670000955,2.10575
0.353680000955,2.10575
0.353690000955,2.137
0.353700000955,2.10575
0.353710000955,2.0745
0.353720000955,2.10575
0.353730000955,2.137
0.353740000955,2.16825
0.353750000955,2.10575
0.353760000955,2.10575
0.353770000955,2.137
0.353780000955,2.10575
0.353790000955,2.137
0.353800000955,2.137
0.353810000955,2.10575
0.353820000955,2.10575
0.353830000955,2.10575
0.353840000955,2.137
0.353850000955,2.10575
0.353860000955,2.10575
0.353870000955,2.137
0.353880000955,2.0745
0.353890000955,2.137
0.353900000955,2.137
0.353910000955,2.137
0.353920000955,2.10575
0.353930000955,2.137
0.353940000955,2.10575
0.353950000955,2.137
0.353960000955,2.137
0.353970000955,2.10575
0.353980000955,2.137
0.353990000955,2.137
0.354000000955,2.137
0.354010000955,2.10575
0.354020000955,2.10575
0.354030000955,2.10575
0.354040000955,2.137
0.354050000955,2.10575
0.354060000955,2.10575
0.354070000955,2.16825
0.354080000955,2.137
0.354090000955,2.137
0.354100000955,2.137
0.354110000955,2.137
0.354120000955,2.10575
0.354130000955,2.137
0.354140000955,2.16825
0.354150000955,2.137
0.354160000955,2.10575
0.354170000955,2.10575
0.354180000955,2.10575
0.354190000955,2.137
0.354200000955,2.10575
0.354210000955,2.137
0.354220000955,2.137
0.354230000955,2.137
0.354240000955,2.10575
0.354250000955,2.10575
0.354260000955,2.10575
0.354270000955,2.137
0.354280000955,2.137
0.354290000955,2.137
0.354300000955,2.137
0.354310000955,2.10575
0.354320000955,2.10575
0.354330000955,2.10575
0.354340000955,2.137
0.354350000955,2.137
0.354360000955,2.16825
0.354370000955,2.137
0.354380000955,2.137
0.354390000955,2.137
0.354400000955,2.10575
0.354410000955,2.10575
0.354420000955,2.10575
0.354430000955,2.137
0.354440000955,2.137
0.354450000955,2.137
0.354460000955,2.137
0.354470000955,2.137
0.354480000955,2.137
0.354490000955,2.10575
0.354500000955,2.137
0.354510000955,2.10575
0.354520000955,2.137
0.354530000955,2.10575
0.354540000955,2.16825
0.354550000955,2.10575
0.354560000955,2.16825
0.354570000955,2.137
0.354580000955,2.137
0.354590000955,2.10575
0.354600000955,2.10575
0.354610000955,2.10575
0.354620000955,2.137
0.354630000955,2.137
0.354640000955,2.137
0.354650000955,2.10575
0.354660000955,2.137
0.354670000955,2.10575
0.354680000955,2.137
0.354690000955,2.137
0.354700000955,2.10575
0.354710000955,2.10575
0.354720000955,2.10575
0.354730000955,2.10575
0.354740000955,2.10575
0.354750000955,2.10575
0.354760000955,2.137
0.354770000955,2.137
0.354780000955,2.10575
0.354790000955,2.137
0.354800000955,2.10575
0.354810000955,2.137
0.354820000955,2.137
0.354830000955,2.137
0.354840000955,2.16825
0.354850000955,2.137
0.354860000955,2.10575
0.354870000955,2.137
0.354880000955,2.137
0.354890000955,2.10575
0.354900000955,2.10575
0.354910000955,2.137
0.354920000955,2.137
0.354930000955,2.10575
0.354940000955,2.10575
0.354950000955,2.10575
0.354960000955,2.137
0.354970000955,2.10575
0.354980000955,2.10575
0.354990000955,2.137
0.355000000955,2.10575
0.355010000955,2.10575
0.355020000955,2.137
0.355030000955,2.137
0.355040000955,2.137
0.355050000955,2.10575
0.355060000955,2.10575
0.355070000955,2.10575
0.355080000955,2.137
0.355090000955,2.10575
0.355100000955,2.137
0.355110000955,2.137
0.355120000955,2.137
0.355130000955,2.137
0.355140000955,2.137
0.355150000955,2.137
0.355160000955,2.10575
0.355170000955,2.137
0.355180000955,2.137
0.355190000955,2.137
0.355200000955,2.137
0.355210000955,2.10575
0.355220000955,2.0745
0.355230000955,2.137
0.355240000955,2.10575
0.355250000955,2.10575
0.355260000955,2.137
0.355270000955,2.137
0.355280000955,2.137
0.355290000955,2.137
0.355300000955,2.16825
0.355310000955,2.10575
0.355320000955,2.10575
0.355330000955,2.10575
0.355340000955,2.10575
0.355350000955,2.10575
0.355360000955,2.137
0.355370000955,2.137
0.355380000955,2.137
0.355390000955,2.137
0.355400000955,2.137
0.355410000955,2.137
0.355420000955,2.137
0.355430000955,2.137
0.355440000955,2.137
0.355450000955,2.10575
0.355460000955,2.10575
0.355470000955,2.137
0.355480000955,2.10575
0.355490000955,2.10575
0.355500000955,2.137
0.355510000955,2.16825
0.355520000955,2.10575
0.355530000955,2.137
0.355540000955,2.10575
0.355550000955,2.10575
0.355560000955,2.16825
0.355570000955,2.137
0.355580000955,2.137
0.355590000955,2.137
0.355600000955,2.137
0.355610000955,2.10575
0.355620000955,2.10575
0.355630000955,2.137
0.355640000955,2.16825
0.355650000955,2.10575
0.355660000955,2.10575
0.355670000955,2.10575
0.355680000955,2.16825
0.355690000955,2.137
0.355700000955,2.137
0.355710000955,2.137
0.355720000955,2.16825
0.355730000955,2.137
0.355740000955,2.10575
0.355750000955,2.137
0.355760000955,2.137
0.355770000955,2.10575
0.355780000955,2.10575
0.355790000955,2.10575
0.355800000955,2.10575
0.355810000955,2.137
0.355820000955,2.137
0.355830000955,2.137
0.355840000955,2.16825
0.355850000955,2.10575
0.355860000955,2.10575
0.355870000955,2.10575
0.355880000955,2.137
0.355890000955,2.137
0.355900000955,2.16825
0.355910000955,2.10575
0.355920000955,2.137
0.355930000955,2.137
0.355940000955,2.137
0.355950000955,2.137
0.355960000955,2.137
0.355970000955,2.137
0.355980000955,2.10575
0.355990000955,2.10575
0.356000000955,2.16825
0.356010000955,2.16825
0.356020000955,2.137
0.356030000955,2.10575
0.356040000955,2.10575
0.356050000955,2.137
0.356060000955,2.137
0.356070000955,2.16825
0.356080000955,2.10575
0.356090000955,2.137
0.356100000955,2.137
0.356110000955,2.137
0.356120000955,2.16825
0.356130000955,2.137
0.356140000955,2.137
0.356150000955,2.10575
0.356160000955,2.137
0.356170000955,2.137
0.356180000955,2.137
0.356190000955,2.137
0.356200000955,2.16825
0.356210000955,2.10575
0.356220000955,2.10575
0.356230000955,2.10575
0.356240000955,2.16825
0.356250000955,2.10575
0.356260000955,2.137
0.356270000955,2.16825
0.356280000955,2.137
0.356290000955,2.137
0.356300000955,2.16825
0.356310000955,2.137
0.356320000955,2.137
0.356330000955,2.137
0.356340000955,2.137
0.356350000955,2.137
0.356360000955,2.137
0.356370000955,2.10575
0.356380000955,2.137
0.356390000955,2.137
0.356400000955,2.137
0.356410000955,2.137
0.356420000955,2.10575
0.356430000955,2.10575
0.356440000955,2.16825
0.356450000955,2.137
0.356460000955,2.10575
0.356470000955,2.10575
0.356480000955,2.137
0.356490000955,2.137
0.356500000955,2.137
0.356510000955,2.10575
0.356520000955,2.10575
0.356530000955,2.16825
0.356540000955,2.137
0.356550000955,2.0745
0.356560000955,2.137
0.356570000955,2.10575
0.356580000955,2.10575
0.356590000955,2.137
0.356600000955,2.10575
0.356610000955,2.137
0.356620000955,2.137
0.356630000955,2.137
0.356640000955,2.10575
0.356650000955,2.137
0.356660000955,2.16825
0.356670000955,2.137
0.356680000955,2.16825
0.356690000955,2.10575
0.356700000955,2.10575
0.356710000955,2.10575
0.356720000955,2.137
0.356730000955,2.137
0.356740000955,2.10575
0.356750000955,2.10575
0.356760000955,2.137
0.356770000955,2.10575
0.356780000955,2.137
0.356790000955,2.10575
0.356800000955,2.137
0.356810000955,2.137
0.356820000955,2.16825
0.356830000955,2.137
0.356840000955,2.10575
0.356850000955,2.137
0.356860000955,2.137
0.356870000955,2.137
0.356880000955,2.16825
0.356890000955,2.10575
0.356900000955,2.137
0.356910000955,2.10575
0.356920000955,2.10575
0.356930000955,2.10575
0.356940000955,2.10575
0.356950000955,2.137
0.356960000955,2.10575
0.356970000955,2.10575
0.356980000955,2.137
0.356990000955,2.137
0.357000000955,2.137
0.357010000955,2.137
0.357020000955,2.16825
0.357030000955,2.10575
0.357040000955,2.137
0.357050000955,2.137
0.357060000955,2.137
0.357070000955,2.137
0.357080000955,2.137
0.357090000955,2.137
0.357100000955,2.16825
0.357110000955,2.137
0.357120000955,2.137
0.357130000955,2.137
0.357140000955,2.10575
0.357150000955,2.16825
0.357160000955,2.137
0.357170000955,2.16825
0.357180000955,2.137
0.357190000955,2.10575
0.357200000955,2.137
0.357210000955,2.137
0.357220000955,2.16825
0.357230000955,2.10575
0.357240000955,2.137
0.357250000955,2.16825
0.357260000955,2.137
0.357270000955,2.10575
0.357280000955,2.137
0.357290000955,2.16825
0.357300000955,2.137
0.357310000955,2.137
0.357320000955,2.10575
0.357330000955,2.137
0.357340000955,2.137
0.357350000955,2.137
0.357360000955,2.1995
0.357370000955,2.137
0.357380000955,2.137
0.357390000955,2.10575
0.357400000955,2.137
0.357410000955,2.137
0.357420000955,2.137
0.357430000955,2.137
0.357440000955,2.0745
0.357450000955,2.137
0.357460000955,2.137
0.357470000955,2.137
0.357480000955,2.10575
0.357490000955,2.137
0.357500000955,2.137
0.357510000955,2.10575
0.357520000955,2.137
0.357530000955,2.137
0.357540000955,2.137
0.357550000955,2.16825
0.357560000955,2.137
0.357570000955,2.10575
0.357580000955,2.10575
0.357590000955,2.137
0.357600000955,2.137
0.357610000955,2.16825
0.357620000955,2.137
0.357630000955,2.137
0.357640000955,2.10575
0.357650000955,2.137
0.357660000955,2.137
0.357670000955,2.10575
0.357680000955,2.10575
0.357690000955,2.137
0.357700000955,2.16825
0.357710000955,2.137
0.357720000955,2.137
0.357730000955,2.137
0.357740000955,2.137
0.357750000955,2.137
0.357760000955,2.137
0.357770000955,2.10575
0.357780000955,2.137
0.357790000955,2.137
0.357800000955,2.137
0.357810000955,2.137
0.357820000955,2.16825
0.357830000955,2.10575
0.357840000955,2.10575
0.357850000955,2.137
0.357860000955,2.10575
0.357870000955,2.10575
0.357880000955,2.137
0.357890000955,2.137
0.357900000955,2.137
0.357910000955,2.137
0.357920000955,2.137
0.357930000955,2.137
0.357940000955,2.137
0.357950000955,2.137
0.357960000955,2.137
0.357970000955,2.10575
0.357980000955,2.137
0.357990000955,2.10575
0.358000000955,2.137
0.358010000955,2.137
0.358020000955,2.137
0.358030000955,2.137
0.358040000955,2.10575
0.358050000955,2.16825
0.358060000955,2.137
0.358070000955,2.16825
0.358080000955,2.10575
0.358090000955,2.16825
0.358100000955,2.10575
0.358110000955,2.10575
0.358120000955,2.137
0.358130000955,2.137
0.358140000955,2.137
0.358150000955,2.16825
0.358160000955,2.137
0.358170000955,2.16825
0.358180000955,2.137
0.358190000955,2.10575
0.358200000955,2.10575
0.358210000955,2.10575
0.358220000955,2.10575
0.358230000955,2.137
0.358240000955,2.10575
0.358250000955,2.10575
0.358260000955,2.137
0.358270000955,2.10575
0.358280000955,2.137
0.358290000955,2.16825
0.358300000955,2.16825
0.358310000955,2.137
0.358320000955,2.10575
0.358330000955,2.10575
0.358340000955,2.137
0.358350000955,2.137
0.358360000955,2.137
0.358370000955,2.137
0.358380000955,2.137
0.358390000955,2.137
0.358400000955,2.137
0.358410000955,2.16825
0.358420000955,2.137
0.358430000955,2.10575
0.358440000955,2.137
0.358450000955,2.10575
0.358460000955,2.137
0.358470000955,2.137
0.358480000955,2.137
0.358490000955,2.10575
0.358500000955,2.10575
0.358510000955,2.10575
0.358520000955,2.16825
0.358530000955,2.16825
0.358540000955,2.10575
0.358550000955,2.137
0.358560000955,2.10575
0.358570000955,2.137
0.358580000955,2.16825
0.358590000955,2.137
0.358600000955,2.137
0.358610000955,2.137
0.358620000955,2.137
0.358630000955,2.10575
0.358640000955,2.137
0.358650000955,2.16825
0.358660000955,2.137
0.358670000955,2.16825
0.358680000955,2.16825
0.358690000955,2.10575
0.358700000955,2.10575
0.358710000955,2.16825
0.358720000955,2.16825
0.358730000955,2.137
0.358740000955,2.137
0.358750000955,2.16825
0.358760000955,2.16825
0.358770000955,2.16825
0.358780000955,2.137
0.358790000955,2.10575
0.358800000955,2.0745
0.358810000955,2.10575
0.358820000955,2.137
0.358830000955,2.137
0.358840000955,2.137
0.358850000955,2.137
0.358860000955,2.137
0.358870000955,2.137
0.358880000955,2.137
0.358890000955,2.10575
0.358900000955,2.137
0.358910000955,2.137
0.358920000955,2.16825
0.358930000955,2.10575
0.358940000955,2.137
0.358950000955,2.137
0.358960000955,2.16825
0.358970000955,2.137
0.358980000955,2.137
0.358990000955,2.137
0.359000000955,2.0745
0.359010000955,2.137
0.359020000955,2.16825
0.359030000955,2.137
0.359040000955,2.137
0.359050000955,2.16825
0.359060000955,2.137
0.359070000955,2.137
0.359080000955,2.16825
0.359090000955,2.16825
0.359100000955,2.137
0.359110000955,2.10575
0.359120000955,2.16825
0.359130000955,2.137
0.359140000955,2.137
0.359150000955,2.137
0.359160000955,2.137
0.359170000955,2.137
0.359180000955,2.10575
0.359190000955,2.137
0.359200000955,2.137
0.359210000955,2.16825
0.359220000955,2.137
0.359230000955,2.137
0.359240000955,2.137
0.359250000955,2.16825
0.359260000955,2.137
0.359270000955,2.137
0.359280000955,2.137
0.359290000955,2.137
0.359300000955,2.137
0.359310000955,2.137
0.359320000955,2.137
0.359330000955,2.16825
0.359340000955,2.16825
0.359350000955,2.137
0.359360000955,2.137
0.359370000955,2.137
0.359380000955,2.16825
0.359390000955,2.137
0.359400000955,2.137
0.359410000955,2.137
0.359420000955,2.137
0.359430000955,2.16825
0.359440000955,2.16825
0.359450000955,2.137
0.359460000955,2.16825
0.359470000955,2.137
0.359480000955,2.16825
0.359490000955,2.10575
0.359500000955,2.137
0.359510000955,2.137
0.359520000955,2.10575
0.359530000955,2.137
0.359540000955,2.137
0.359550000955,2.16825
0.359560000955,2.137
0.359570000955,2.10575
0.359580000955,2.16825
0.359590000955,2.1995
0.359600000955,2.137
0.359610000955,2.10575
0.359620000955,2.137
0.359630000955,2.137
0.359640000955,2.137
0.359650000955,2.137
0.359660000955,2.16825
0.359670000955,2.137
0.359680000955,2.137
0.359690000955,2.16825
0.359700000955,2.137
0.359710000955,2.10575
0.359720000955,2.16825
0.359730000955,2.16825
0.359740000955,2.137
0.359750000955,2.137
0.359760000955,2.10575
0.359770000955,2.137
0.359780000955,2.137
0.359790000955,2.137
0.359800000955,2.16825
0.359810000955,2.137
0.359820000955,2.137
0.359830000955,2.137
0.359840000955,2.137
0.359850000955,2.137
0.359860000955,2.137
0.359870000955,2.137
0.359880000955,2.137
0.359890000955,2.10575
0.359900000955,2.16825
0.359910000955,2.137
0.359920000955,2.10575
0.359930000955,2.10575
0.359940000955,2.137
0.359950000955,2.137
0.359960000955,2.137
0.359970000955,2.137
0.359980000955,2.10575
0.359990000955,2.137
0.360000000955,2.16825
0.360010000955,2.137
0.360020000955,2.137
0.360030000955,2.1995
0.360040000955,2.137
0.360050000955,2.16825
0.360060000955,2.137
0.360070000955,2.137
0.360080000955,2.137
0.360090000955,2.137
0.360100000955,2.137
0.360110000955,2.137
0.360120000955,2.137
0.360130000955,2.137
0.360140000955,2.137
0.360150000955,2.137
0.360160000955,2.16825
0.360170000955,2.137
0.360180000955,2.137
0.360190000955,2.10575
0.360200000955,2.16825
0.360210000955,2.16825
0.360220000955,2.137
0.360230000955,2.16825
0.360240000955,2.137
0.360250000955,2.10575
0.360260000955,2.137
0.360270000955,2.16825
0.360280000955,2.137
0.360290000955,2.10575
0.360300000955,2.16825
0.360310000955,2.137
0.360320000955,2.10575
0.360330000955,2.16825
0.360340000955,2.16825
0.360350000955,2.137
0.360360000955,2.137
0.360370000955,2.137
0.360380000955,2.137
0.360390000955,2.16825
0.360400000955,2.137
0.360410000955,2.10575
0.360420000955,2.137
0.360430000955,2.137
0.360440000955,2.10575
0.360450000955,2.137
0.360460000955,2.16825
0.360470000955,2.137
0.360480000955,2.10575
0.360490000955,2.137
0.360500000955,2.10575
0.360510000955,2.16825
0.360520000955,2.137
0.360530000955,2.16825
0.360540000955,2.16825
0.360550000955,2.137
0.360560000955,2.10575
0.360570000955,2.137
0.360580000955,2.137
0.360590000955,2.16825
0.360600000955,2.137
0.360610000955,2.137
0.360620000955,2.16825
0.360630000955,2.0745
0.360640000955,2.137
0.360650000955,2.137
0.360660000955,2.137
0.360670000955,2.16825
0.360680000955,2.137
0.360690000955,2.137
0.360700000955,2.16825
0.360710000955,2.137
0.360720000955,2.16825
0.360730000955,2.137
0.360740000955,2.137
0.360750000955,2.16825
0.360760000955,2.137
0.360770000955,2.137
0.360780000955,2.137
0.360790000955,2.10575
0.360800000955,2.137
0.360810000955,2.10575
0.360820000955,2.137
0.360830000955,2.137
0.360840000955,2.137
0.360850000955,2.137
0.360860000955,2.137
0.360870000955,2.137
0.360880000955,2.16825
0.360890000955,2.137
0.360900000955,2.16825
0.360910000955,2.137
0.360920000955,2.137
0.360930000955,2.16825
0.360940000955,2.137
0.360950000955,2.137
0.360960000955,2.137
0.360970000955,2.10575
0.360980000955,2.137
0.360990000955,2.10575
0.361000000955,2.137
0.361010000955,2.137
0.361020000955,2.10575
0.361030000955,2.16825
0.361040000955,2.137
0.361050000955,2.137
0.361060000955,2.10575
0.361070000955,2.137
0.361080000955,2.137
0.361090000955,2.10575
0.361100000955,2.137
0.361110000955,2.137
0.361120000955,2.16825
0.361130000955,2.16825
0.361140000955,2.137
0.361150000955,2.137
0.361160000955,2.137
0.361170000955,2.16825
0.361180000955,2.137
0.361190000955,2.137
0.361200000955,2.16825
0.361210000955,2.16825
0.361220000955,2.137
0.361230000955,2.1995
0.361240000955,2.137
0.361250000955,2.137
0.361260000955,2.137
0.361270000955,2.137
0.361280000955,2.16825
0.361290000955,2.16825
0.361300000955,2.137
0.361310000955,2.10575
0.361320000955,2.137
0.361330000955,2.137
0.361340000955,2.137
0.361350000955,2.137
0.361360000955,2.137
0.361370000955,2.10575
0.361380000955,2.16825
0.361390000955,2.137
0.361400000955,2.137
0.361410000955,2.137
0.361420000955,2.137
0.361430000955,2.137
0.361440000955,2.16825
0.361450000955,2.137
0.361460000955,2.16825
0.361470000955,2.137
0.361480000955,2.16825
0.361490000955,2.137
0.361500000955,2.137
0.361510000955,2.137
0.361520000955,2.137
0.361530000955,2.10575
0.361540000955,2.137
0.361550000955,2.137
0.361560000955,2.0745
0.361570000955,2.137
0.361580000955,2.1995
0.361590000955,2.10575
0.361600000955,2.137
0.361610000955,2.137
0.361620000955,2.10575
0.361630000955,2.137
0.361640000955,2.137
0.361650000955,2.137
0.361660000955,2.137
0.361670000955,2.137
0.361680000955,2.137
0.361690000955,2.10575
0.361700000955,2.137
0.361710000955,2.137
0.361720000955,2.137
0.361730000955,2.10575
0.361740000955,2.137
0.361750000955,2.137
0.361760000955,2.137
0.361770000955,2.137
0.361780000955,2.16825
0.361790000955,2.137
0.361800000955,2.137
0.361810000955,2.137
0.361820000955,2.137
0.361830000955,2.137
0.361840000955,2.137
0.361850000955,2.137
0.361860000955,2.137
0.361870000955,2.137
0.361880000955,2.16825
0.361890000955,2.137
0.361900000955,2.137
0.361910000955,2.137
0.361920000955,2.137
0.361930000955,2.137
0.361940000955,2.16825
0.361950000955,2.137
0.361960000955,2.137
0.361970000955,2.137
0.361980000955,2.16825
0.361990000955,2.137
0.362000000955,2.137
0.362010000955,2.137
0.362020000955,2.137
0.362030000955,2.137
0.362040000955,2.16825
0.362050000955,2.137
0.362060000955,2.16825
0.362070000955,2.10575
0.362080000955,2.137
0.362090000955,2.16825
0.362100000955,2.137
0.362110000955,2.137
0.362120000955,2.16825
0.362130000955,2.137
0.362140000955,2.137
0.362150000955,2.137
0.362160000955,2.137
0.362170000955,2.16825
0.362180000955,2.137
0.362190000955,2.137
0.362200000955,2.137
0.362210000955,2.137
0.362220000955,2.137
0.362230000955,2.16825
0.362240000955,2.137
0.362250000955,2.137
0.362260000955,2.137
0.362270000955,2.137
0.362280000955,2.137
0.362290000955,2.137
0.362300000955,2.10575
0.362310000955,2.16825
0.362320000955,2.137
0.362330000955,2.137
0.362340000955,2.137
0.362350000955,2.137
0.362360000955,2.137
0.362370000955,2.16825
0.362380000955,2.137
0.362390000955,2.137
0.362400000955,2.137
0.362410000955,2.137
0.362420000955,2.137
0.362430000955,2.137
0.362440000955,2.137
0.362450000955,2.137
0.362460000955,2.137
0.362470000955,2.16825
0.362480000955,2.137
0.362490000955,2.137
0.362500000955,2.10575
0.362510000955,2.137
0.362520000955,2.16825
0.362530000955,2.16825
0.362540000955,2.137
0.362550000955,2.16825
0.362560000955,2.137
0.362570000955,2.16825
0.362580000955,2.137
0.362590000955,2.10575
0.362600000955,2.16825
0.362610000955,2.137
0.362620000955,2.137
0.362630000955,2.16825
0.362640000955,2.137
0.362650000955,2.137
0.362660000955,2.137
0.362670000955,2.137
0.362680000955,2.137
0.362690000955,2.137
0.362700000955,2.10575
0.362710000955,2.16825
0.362720000955,2.137
0.362730000955,2.137
0.362740000955,2.16825
0.362750000955,2.137
0.362760000955,2.137
0.362770000955,2.16825
0.362780000955,2.137
0.362790000955,2.137
0.362800000955,2.137
0.362810000955,2.16825
0.362820000955,2.137
0.362830000955,2.16825
0.362840000955,2.137
0.362850000955,2.16825
0.362860000955,2.16825
0.362870000955,2.137
0.362880000955,2.137
0.362890000955,2.137
0.362900000955,2.16825
0.362910000955,2.16825
0.362920000955,2.137
0.362930000955,2.137
0.362940000955,2.16825
0.362950000955,2.137
0.362960000955,2.16825
0.362970000955,2.137
0.362980000955,2.16825
0.362990000955,2.137
0.363000000955,2.137
0.363010000955,2.137
0.363020000955,2.137
0.363030000955,2.137
0.363040000955,2.16825
0.363050000955,2.137
0.363060000955,2.137
0.363070000955,2.16825
0.363080000955,2.137
0.363090000955,2.10575
0.363100000955,2.137
0.363110000955,2.137
0.363120000955,2.10575
0.363130000955,2.137
0.363140000955,2.137
0.363150000955,2.16825
0.363160000955,2.16825
0.363170000955,2.16825
0.363180000955,2.137
0.363190000955,2.16825
0.363200000955,2.137
0.363210000955,2.137
0.363220000955,2.137
0.363230000955,2.16825
0.363240000955,2.137
0.363250000955,2.137
0.363260000955,2.137
0.363270000955,2.137
0.363280000955,2.16825
0.363290000955,2.16825
0.363300000955,2.137
0.363310000955,2.10575
0.363320000955,2.10575
0.363330000955,2.16825
0.363340000955,2.16825
0.363350000955,2.137
0.363360000955,2.16825
0.363370000955,2.16825
0.363380000955,2.10575
0.363390000955,2.10575
0.363400000955,2.16825
0.363410000955,2.16825
0.363420000955,2.137
0.363430000955,2.16825
0.363440000955,2.137
0.363450000955,2.137
0.363460000955,2.137
0.363470000955,2.10575
0.363480000955,2.137
0.363490000955,2.16825
0.363500000955,2.137
0.363510000955,2.16825
0.363520000955,2.137
0.363530000955,2.137
0.363540000955,2.137
0.363550000955,2.137
0.363560000955,2.10575
0.363570000955,2.137
0.363580000955,2.10575
0.363590000955,2.137
0.363600000955,2.10575
0.363610000955,2.137
0.363620000955,2.16825
0.363630000955,2.137
0.363640000955,2.137
0.363650000955,2.10575
0.363660000955,2.16825
0.363670000955,2.16825
0.363680000955,2.10575
0.363690000955,2.137
0.363700000955,2.137
0.363710000955,2.137
0.363720000955,2.16825
0.363730000955,2.137
0.363740000955,2.137
0.363750000955,2.137
0.363760000955,2.1995
0.363770000955,2.137
0.363780000955,2.137
0.363790000955,2.16825
0.363800000955,2.137
0.363810000955,2.137
0.363820000955,2.10575
0.363830000955,2.137
0.363840000955,2.137
0.363850000955,2.137
0.363860000955,2.16825
0.363870000955,2.137
0.363880000955,2.10575
0.363890000955,2.10575
0.363900000955,2.137
0.363910000955,2.16825
0.363920000955,2.16825
0.363930000955,2.16825
0.363940000955,2.10575
0.363950000955,2.16825
0.363960000955,2.137
0.363970000955,2.137
0.363980000955,2.137
0.363990000955,2.10575
0.364000000955,2.137
0.364010000955,2.137
0.364020000955,2.16825
0.364030000955,2.16825
0.364040000955,2.137
0.364050000955,2.137
0.364060000955,2.137
0.364070000955,2.137
0.364080000955,2.137
0.364090000955,2.10575
0.364100000955,2.137
0.364110000955,2.137
0.364120000955,2.16825
0.364130000955,2.137
0.364140000955,2.137
0.364150000955,2.16825
0.364160000955,2.137
0.364170000955,2.10575
0.364180000955,2.137
0.364190000955,2.137
0.364200000955,2.137
0.364210000955,2.137
0.364220000955,2.137
0.364230000955,2.137
0.364240000955,2.137
0.364250000955,2.137
0.364260000955,2.137
0.364270000955,2.137
0.364280000955,2.137
0.364290000955,2.10575
0.364300000955,2.16825
0.364310000955,2.137
0.364320000955,2.137
0.364330000955,2.10575
0.364340000955,2.16825
0.364350000955,2.16825
0.364360000955,2.137
0.364370000955,2.137
0.364380000955,2.16825
0.364390000955,2.137
0.364400000955,2.137
0.364410000955,2.10575
0.364420000955,2.137
0.364430000955,2.16825
0.364440000955,2.16825
0.364450000955,2.16825
0.364460000955,2.137
0.364470000955,2.137
0.364480000955,2.137
0.364490000955,2.16825
0.364500000955,2.137
0.364510000955,2.137
0.364520000955,2.16825
0.364530000955,2.137
0.364540000955,2.10575
0.364550000955,2.137
0.364560000955,2.137
0.364570000955,2.10575
0.364580000955,2.137
0.364590000955,2.137
0.364600000955,2.16825
0.364610000955,2.16825
0.364620000955,2.137
0.364630000955,2.137
0.364640000955,2.16825
0.364650000955,2.137
0.364660000955,2.137
0.364670000955,2.10575
0.364680000955,2.137
0.364690000955,2.16825
0.364700000955,2.16825
0.364710000955,2.137
0.364720000955,2.16825
0.364730000955,2.16825
0.364740000955,2.137
0.364750000955,2.137
0.364760000955,2.137
0.364770000955,2.137
0.364780000955,2.10575
0.364790000955,2.137
0.364800000955,2.137
0.364810000955,2.16825
0.364820000955,2.1995
0.364830000955,2.137
0.364840000955,2.137
0.364850000955,2.137
0.364860000955,2.10575
0.364870000955,2.16825
0.364880000955,2.137
0.364890000955,2.137
0.364900000955,2.16825
0.364910000955,2.137
0.364920000955,2.137
0.364930000955,2.137
0.364940000955,2.137
0.364950000955,2.16825
0.364960000955,2.1995
0.364970000955,2.16825
0.364980000955,2.16825
0.364990000955,2.10575
0.365000000955,2.137
0.365010000955,2.10575
0.365020000955,2.137
0.365030000955,2.137
0.365040000955,2.137
0.365050000955,2.137
0.365060000955,2.137
0.365070000955,2.137
0.365080000955,2.137
0.365090000955,2.16825
0.365100000955,2.137
0.365110000955,2.137
0.365120000955,2.16825
0.365130000955,2.137
0.365140000955,2.10575
0.365150000955,2.137
0.365160000955,2.137
0.365170000955,2.137
0.365180000955,2.16825
0.365190000955,2.16825
0.365200000955,2.16825
0.365210000955,2.137
0.365220000955,2.137
0.365230000955,2.137
0.365240000955,2.16825
0.365250000955,2.137
0.365260000955,2.16825
0.365270000955,2.10575
0.365280000955,2.16825
0.365290000955,2.16825
0.365300000955,2.16825
0.365310000955,2.137
0.365320000955,2.16825
0.365330000955,2.137
0.365340000955,2.137
0.365350000955,2.16825
0.365360000955,2.137
0.365370000955,2.137
0.365380000955,2.16825
0.365390000955,2.16825
0.365400000955,2.10575
0.365410000955,2.16825
0.365420000955,2.16825
0.365430000955,2.16825
0.365440000955,2.137
0.365450000955,2.16825
0.365460000955,2.16825
0.365470000955,2.16825
0.365480000955,2.137
0.365490000955,2.137
0.365500000955,2.137
0.365510000955,2.137
0.365520000955,2.137
0.365530000955,2.10575
0.365540000955,2.137
0.365550000955,2.16825
0.365560000955,2.16825
0.365570000955,2.137
0.365580000955,2.16825
0.365590000955,2.137
0.365600000955,2.16825
0.365610000955,2.16825
0.365620000955,2.137
0.365630000955,2.16825
0.365640000955,2.137
0.365650000955,2.16825
0.365660000955,2.137
0.365670000955,2.137
0.365680000955,2.137
0.365690000955,2.137
0.365700000955,2.10575
0.365710000955,2.16825
0.365720000955,2.137
0.365730000955,2.16825
0.365740000955,2.16825
0.365750000955,2.16825
0.365760000955,2.137
0.365770000955,2.137
0.365780000955,2.16825
0.365790000955,2.137
0.365800000955,2.16825
0.365810000955,2.1995
0.365820000955,2.137
0.365830000955,2.137
0.365840000955,2.10575
0.365850000955,2.10575
0.365860000955,2.137
0.365870000955,2.16825
0.365880000955,2.16825
0.365890000955,2.16825
0.365900000955,2.16825
0.365910000955,2.137
0.365920000955,2.16825
0.365930000955,2.16825
0.365940000955,2.1995
0.365950000955,2.137
0.365960000955,2.137
0.365970000955,2.137
0.365980000955,2.16825
0.365990000955,2.137
0.366000000955,2.16825
0.366010000955,2.137
0.366020000955,2.16825
0.366030000955,2.1995
0.366040000955,2.137
0.366050000955,2.137
0.366060000955,2.16825
0.366070000955,2.137
0.366080000955,2.137
0.366090000955,2.137
0.366100000955,2.10575
0.366110000955,2.137
0.366120000955,2.137
0.366130000955,2.137
0.366140000955,2.16825
0.366150000955,2.137
0.366160000955,2.137
0.366170000955,2.16825
0.366180000955,2.16825
0.366190000955,2.16825
0.366200000955,2.137
0.366210000955,2.137
0.366220000955,2.137
0.366230000955,2.137
0.366240000955,2.1995
0.366250000955,2.137
0.366260000955,2.137
0.366270000955,2.137
0.366280000955,2.16825
0.366290000955,2.1995
0.366300000955,2.137
0.366310000955,2.137
0.366320000955,2.16825
0.366330000955,2.137
0.366340000955,2.16825
0.366350000955,2.137
0.366360000955,2.137
0.366370000955,2.137
0.366380000955,2.137
0.366390000955,2.16825
0.366400000955,2.137
0.366410000955,2.137
0.366420000955,2.137
0.366430000955,2.137
0.366440000955,2.137
0.366450000955,2.16825
0.366460000955,2.16825
0.366470000955,2.137
0.366480000955,2.16825
0.366490000955,2.137
0.366500000955,2.137
0.366510000955,2.137
0.366520000955,2.137
0.366530000955,2.10575
0.366540000955,2.16825
0.366550000955,2.16825
0.366560000955,2.137
0.366570000955,2.16825
0.366580000955,2.137
0.366590000955,2.16825
0.366600000955,2.137
0.366610000955,2.137
0.366620000955,2.137
0.366630000955,2.16825
0.366640000955,2.137
0.366650000955,2.137
0.366660000955,2.16825
0.366670000955,2.16825
0.366680000955,2.10575
0.366690000955,2.16825
0.366700000955,2.16825
0.366710000955,2.137
0.366720000955,2.137
0.366730000955,2.137
0.366740000955,2.16825
0.366750000955,2.137
0.366760000955,2.137
0.366770000955,2.16825
0.366780000955,2.137
0.366790000955,2.137
0.366800000955,2.137
0.366810000955,2.137
0.366820000955,2.137
0.366830000955,2.137
0.366840000955,2.16825
0.366850000955,2.137
0.366860000955,2.137
0.366870000955,2.16825
0.366880000955,2.137
0.366890000955,2.137
0.366900000955,2.137
0.366910000955,2.137
0.366920000955,2.137
0.366930000955,2.137
0.366940000955,2.137
0.366950000955,2.137
0.366960000955,2.137
0.366970000955,2.137
0.366980000955,2.16825
0.366990000955,2.10575
0.367000000955,2.16825
0.367010000955,2.10575
0.367020000955,2.16825
0.367030000955,2.16825
0.367040000955,2.16825
0.367050000955,2.137
0.367060000955,2.16825
0.367070000955,2.137
0.367080000955,2.16825
0.367090000955,2.16825
0.367100000955,2.16825
0.367110000955,2.16825
0.367120000955,2.137
0.367130000955,2.137
0.367140000955,2.137
0.367150000955,2.137
0.367160000955,2.137
0.367170000955,2.137
0.367180000955,2.137
0.367190000955,2.16825
0.367200000955,2.137
0.367210000955,2.137
0.367220000955,2.137
0.367230000955,2.16825
0.367240000955,2.16825
0.367250000955,2.137
0.367260000955,2.10575
0.367270000955,2.16825
0.367280000955,2.137
0.367290000955,2.16825
0.367300000955,2.16825
0.367310000955,2.16825
0.367320000955,2.137
0.367330000955,2.137
0.367340000955,2.16825
0.367350000955,2.16825
0.367360000955,2.137
0.367370000955,2.16825
0.367380000955,2.137
0.367390000955,2.16825
0.367400000955,2.16825
0.367410000955,2.137
0.367420000955,2.1995
0.367430000955,2.137
0.367440000955,2.137
0.367450000955,2.16825
0.367460000955,2.16825
0.367470000955,2.10575
0.367480000955,2.16825
0.367490000955,2.137
0.367500000955,2.16825
0.367510000955,2.137
0.367520000955,2.137
0.367530000955,2.137
0.367540000955,2.137
0.367550000955,2.16825
0.367560000955,2.137
0.367570000955,2.137
0.367580000955,2.16825
0.367590000955,2.16825
0.367600000955,2.137
0.367610000955,2.16825
0.367620000955,2.10575
0.367630000955,2.137
0.367640000955,2.137
0.367650000955,2.137
0.367660000955,2.1995
0.367670000955,2.137
0.367680000955,2.16825
0.367690000955,2.16825
0.367700000955,2.137
0.367710000955,2.137
0.367720000955,2.137
0.367730000955,2.16825
0.367740000955,2.137
0.367750000955,2.16825
0.367760000955,2.16825
0.367770000955,2.137
0.367780000955,2.137
0.367790000955,2.137
0.367800000955,2.16825
0.367810000955,2.137
0.367820000955,2.137
0.367830000955,2.16825
0.367840000955,2.16825
0.367850000955,2.16825
0.367860000955,2.137
0.367870000955,2.137
0.367880000955,2.16825
0.367890000955,2.137
0.367900000955,2.137
0.367910000955,2.137
0.367920000955,2.137
0.367930000955,2.137
0.367940000955,2.10575
0.367950000955,2.16825
0.367960000955,2.16825
0.367970000955,2.137
0.367980000955,2.16825
0.367990000955,2.137
0.368000000955,2.137
0.368010000955,2.137
0.368020000955,2.16825
0.368030000955,2.137
0.368040000955,2.16825
0.368050000955,2.137
0.368060000955,2.16825
0.368070000955,2.16825
0.368080000955,2.137
0.368090000955,2.137
0.368100000955,2.137
0.368110000955,2.1995
0.368120000955,2.16825
0.368130000955,2.137
0.368140000955,2.137
0.368150000955,2.16825
0.368160000955,2.16825
0.368170000955,2.137
0.368180000955,2.16825
0.368190000955,2.137
0.368200000955,2.137
0.368210000955,2.16825
0.368220000955,2.16825
0.368230000955,2.137
0.368240000955,2.137
0.368250000955,2.16825
0.368260000955,2.137
0.368270000955,2.16825
0.368280000955,2.16825
0.368290000955,2.16825
0.368300000955,2.16825
0.368310000955,2.10575
0.368320000955,2.137
0.368330000955,2.16825
0.368340000955,2.137
0.368350000955,2.16825
0.368360000955,2.16825
0.368370000955,2.10575
0.368380000955,2.137
0.368390000955,2.137
0.368400000955,2.1995
0.368410000955,2.137
0.368420000955,2.137
0.368430000955,2.137
0.368440000955,2.16825
0.368450000955,2.16825
0.368460000955,2.16825
0.368470000955,2.16825
0.368480000955,2.137
0.368490000955,2.137
0.368500000955,2.137
0.368510000955,2.16825
0.368520000955,2.16825
0.368530000955,2.137
0.368540000955,2.16825
0.368550000955,2.137
0.368560000955,2.137
0.368570000955,2.137
0.368580000955,2.137
0.368590000955,2.137
0.368600000955,2.10575
0.368610000955,2.10575
0.368620000955,2.137
0.368630000955,2.16825
0.368640000955,2.16825
0.368650000955,2.16825
0.368660000955,2.16825
0.368670000955,2.137
0.368680000955,2.16825
0.368690000955,2.137
0.368700000955,2.137
0.368710000955,2.137
0.368720000955,2.16825
0.368730000955,2.137
0.368740000955,2.16825
0.368750000955,2.16825
0.368760000955,2.137
0.368770000955,2.137
0.368780000955,2.137
0.368790000955,2.137
0.368800000955,2.16825
0.368810000955,2.16825
0.368820000955,2.137
0.368830000955,2.16825
0.368840000955,2.16825
0.368850000955,2.16825
0.368860000955,2.16825
0.368870000955,2.1995
0.368880000955,2.137
0.368890000955,2.10575
0.368900000955,2.16825
0.368910000955,2.137
0.368920000955,2.16825
0.368930000955,2.16825
0.368940000955,2.16825
0.368950000955,2.1995
0.368960000955,2.16825
0.368970000955,2.137
0.368980000955,2.16825
0.368990000955,2.137
0.369000000955,2.137
0.369010000955,2.16825
0.369020000955,2.137
0.369030000955,2.16825
0.369040000955,2.16825
0.369050000955,2.16825
0.369060000955,2.16825
0.369070000955,2.137
0.369080000955,2.16825
0.369090000955,2.137
0.369100000955,2.137
0.369110000955,2.137
0.369120000955,2.137
0.369130000955,2.16825
0.369140000955,2.137
0.369150000955,2.16825
0.369160000955,2.137
0.369170000955,2.137
0.369180000955,2.137
0.369190000955,2.16825
0.369200000955,2.16825
0.369210000955,2.137
0.369220000955,2.137
0.369230000955,2.137
0.369240000955,2.16825
0.369250000955,2.16825
0.369260000955,2.16825
0.369270000955,2.137
0.369280000955,2.16825
0.369290000955,2.137
0.369300000955,2.137
0.369310000955,2.16825
0.369320000955,2.16825
0.369330000955,2.137
0.369340000955,2.16825
0.369350000955,2.16825
0.369360000955,2.16825
0.369370000955,2.137
0.369380000955,2.137
0.369390000955,2.16825
0.369400000955,2.137
0.369410000955,2.16825
0.369420000955,2.137
0.369430000955,2.137
0.369440000955,2.16825
0.369450000955,2.16825
0.369460000955,2.16825
0.369470000955,2.16825
0.369480000955,2.137
0.369490000955,2.137
0.369500000955,2.137
0.369510000955,2.137
0.369520000955,2.137
0.369530000955,2.16825
0.369540000955,2.137
0.369550000955,2.1995
0.369560000955,2.16825
0.369570000955,2.16825
0.369580000955,2.137
0.369590000955,2.137
0.369600000955,2.16825
0.369610000955,2.16825
0.369620000955,2.137
0.369630000955,2.16825
0.369640000955,2.1995
0.369650000955,2.137
0.369660000955,2.137
0.369670000955,2.137
0.369680000955,2.137
0.369690000955,2.137
0.369700000955,2.16825
0.369710000955,2.137
0.369720000955,2.10575
0.369730000955,2.16825
0.369740000955,2.137
0.369750000955,2.16825
0.369760000955,2.137
0.369770000955,2.16825
0.369780000955,2.10575
0.369790000955,2.137
0.369800000955,2.16825
0.369810000955,2.137
0.369820000955,2.137
0.369830000955,2.16825
0.369840000955,2.1995
0.369850000955,2.137
0.369860000955,2.137
0.369870000955,2.137
0.369880000955,2.137
0.369890000955,2.16825
0.369900000955,2.16825
0.369910000955,2.16825
0.369920000955,2.16825
0.369930000955,2.137
0.369940000955,2.137
0.369950000955,2.16825
0.369960000955,2.10575
0.369970000955,2.137
0.369980000955,2.16825
0.369990000955,2.16825
0.370000000955,2.16825
0.370010000955,2.137
0.370020000955,2.137
0.370030000955,2.10575
0.370040000955,2.16825
0.370050000955,2.16825
0.370060000955,2.16825
0.370070000955,2.16825
0.370080000955,2.10575
0.370090000955,2.137
0.370100000955,2.16825
0.370110000955,2.16825
0.370120000955,2.16825
0.370130000955,2.16825
0.370140000955,2.16825
0.370150000955,2.137
0.370160000955,2.16825
0.370170000955,2.137
0.370180000955,2.16825
0.370190000955,2.1995
0.370200000955,2.137
0.370210000955,2.10575
0.370220000955,2.137
0.370230000955,2.137
0.370240000955,2.137
0.370250000955,2.10575
0.370260000955,2.137
0.370270000955,2.16825
0.370280000955,2.137
0.370290000955,2.16825
0.370300000955,2.137
0.370310000955,2.137
0.370320000955,2.137
0.370330000955,2.137
0.370340000955,2.16825
0.370350000955,2.16825
0.370360000955,2.137
0.370370000955,2.137
0.370380000955,2.137
0.370390000955,2.16825
0.370400000955,2.137
0.370410000955,2.137
0.370420000955,2.16825
0.370430000955,2.137
0.370440000955,2.16825
0.370450000955,2.16825
0.370460000955,2.137
0.370470000955,2.16825
0.370480000955,2.137
0.370490000955,2.137
0.370500000955,2.137
0.370510000955,2.137
0.370520000955,2.16825
0.370530000955,2.16825
0.370540000955,2.16825
0.370550000955,2.137
0.370560000955,2.137
0.370570000955,2.137
0.370580000955,2.137
0.370590000955,2.1995
0.370600000955,2.137
0.370610000955,2.16825
0.370620000955,2.137
0.370630000955,2.137
0.370640000955,2.10575
0.370650000955,2.16825
0.370660000955,2.137
0.370670000955,2.10575
0.370680000955,2.137
0.370690000955,2.16825
0.370700000955,2.137
0.370710000955,2.16825
0.370720000955,2.137
0.370730000955,2.137
0.370740000955,2.137
0.370750000955,2.16825
0.370760000955,2.16825
0.370770000955,2.137
0.370780000955,2.137
0.370790000955,2.137
0.370800000955,2.137
0.370810000955,2.137
0.370820000955,2.137
0.370830000955,2.137
0.370840000955,2.137
0.370850000955,2.137
0.370860000955,2.137
0.370870000955,2.16825
0.370880000955,2.137
0.370890000955,2.137
0.370900000955,2.137
0.370910000955,2.16825
0.370920000955,2.137
0.370930000955,2.137
0.370940000955,2.137
0.370950000955,2.137
0.370960000955,2.1995
0.370970000955,2.10575
0.370980000955,2.137
0.370990000955,2.137
0.371000000955,2.16825
0.371010000955,2.10575
0.371020000955,2.137
0.371030000955,2.137
0.371040000955,2.137
0.371050000955,2.10575
0.371060000955,2.137
0.371070000955,2.137
0.371080000955,2.137
0.371090000955,2.137
0.371100000955,2.10575
0.371110000955,2.137
0.371120000955,2.16825
0.371130000955,2.16825
0.371140000955,2.137
0.371150000955,2.137
0.371160000955,2.1995
0.371170000955,2.137
0.371180000955,2.137
0.371190000955,2.137
0.371200000955,2.137
0.371210000955,2.16825
0.371220000955,2.16825
0.371230000955,2.16825
0.371240000955,2.16825
0.371250000955,2.137
0.371260000955,2.137
0.371270000955,2.137
0.371280000955,2.16825
0.371290000955,2.137
0.371300000955,2.16825
0.371310000955,2.16825
0.371320000955,2.16825
0.371330000955,2.16825
0.371340000955,2.16825
0.371350000955,2.137
0.371360000955,2.16825
0.371370000955,2.137
0.371380000955,2.16825
0.371390000955,2.16825
0.371400000955,2.16825
0.371410000955,2.137
0.371420000955,2.137
0.371430000955,2.137
0.371440000955,2.137
0.371450000955,2.16825
0.371460000955,2.137
0.371470000955,2.137
0.371480000955,2.137
0.371490000955,2.137
0.371500000955,2.137
0.371510000955,2.137
0.371520000955,2.10575
0.371530000955,2.10575
0.371540000955,2.16825
0.371550000955,2.137
0.371560000955,2.10575
0.371570000955,2.137
0.371580000955,2.10575
0.371590000955,2.16825
0.371600000955,2.137
0.371610000955,2.137
0.371620000955,2.16825
0.371630000955,2.137
0.371640000955,2.16825
0.371650000955,2.137
0.371660000955,2.137
0.371670000955,2.16825
0.371680000955,2.10575
0.371690000955,2.137
0.371700000955,2.10575
0.371710000955,2.137
0.371720000955,2.137
0.371730000955,2.10575
0.371740000955,2.0745
0.371750000955,2.137
0.371760000955,2.137
0.371770000955,2.137
0.371780000955,2.137
0.371790000955,2.1995
0.371800000955,2.10575
0.371810000955,2.16825
0.371820000955,2.10575
0.371830000955,2.137
0.371840000955,2.137
0.371850000955,2.137
0.371860000955,2.10575
0.371870000955,2.137
0.371880000955,2.137
0.371890000955,2.16825
0.371900000955,2.16825
0.371910000955,2.137
0.371920000955,2.137
0.371930000955,2.137
0.371940000955,2.137
0.371950000955,2.137
0.371960000955,2.137
0.371970000955,2.137
0.371980000955,2.137
0.371990000955,2.137
0.372000000955,2.16825
0.372010000955,2.16825
0.372020000955,2.137
0.372030000955,2.137
0.372040000955,2.16825
0.372050000955,2.137
0.372060000955,2.10575
0.372070000955,2.137
0.372080000955,2.137
0.372090000955,2.137
0.372100000955,2.137
0.372110000955,2.137
0.372120000955,2.137
0.372130000955,2.16825
0.372140000955,2.10575
0.372150000955,2.137
0.372160000955,2.137
0.372170000955,2.137
0.372180000955,2.137
0.372190000955,2.10575
0.372200000955,2.137
0.372210000955,2.10575
0.372220000955,2.137
0.372230000955,2.137
0.372240000955,2.137
0.372250000955,2.137
0.372260000955,2.16825
0.372270000955,2.137
0.372280000955,2.137
0.372290000955,2.16825
0.372300000955,2.137
0.372310000955,2.10575
0.372320000955,2.16825
0.372330000955,2.16825
0.372340000955,2.16825
0.372350000955,2.137
0.372360000955,2.137
0.372370000955,2.16825
0.372380000955,2.16825
0.372390000955,2.10575
0.372400000955,2.10575
0.372410000955,2.137
0.372420000955,2.137
0.372430000955,2.16825
0.372440000955,2.137
0.372450000955,2.137
0.372460000955,2.137
0.372470000955,2.16825
0.372480000955,2.10575
0.372490000955,2.137
0.372500000955,2.137
0.372510000955,2.16825
0.372520000955,2.16825
0.372530000955,2.16825
0.372540000955,2.10575
0.372550000955,2.137
0.372560000955,2.10575
0.372570000955,2.137
0.372580000955,2.16825
0.372590000955,2.137
0.372600000955,2.137
0.372610000955,2.16825
0.372620000955,2.137
0.372630000955,2.16825
0.372640000955,2.137
0.372650000955,2.137
0.372660000955,2.16825
0.372670000955,2.137
0.372680000955,2.137
0.372690000955,2.137
0.372700000955,2.137
0.372710000955,2.137
0.372720000955,2.137
0.372730000955,2.16825
0.372740000955,2.137
0.372750000955,2.137
0.372760000955,2.16825
0.372770000955,2.137
0.372780000955,2.10575
0.372790000955,2.16825
0.372800000955,2.10575
0.372810000955,2.137
0.372820000955,2.10575
0.372830000955,2.137
0.372840000955,2.10575
0.372850000955,2.16825
0.372860000955,2.16825
0.372870000955,2.137
0.372880000955,2.137
0.372890000955,2.10575
0.372900000955,2.16825
0.372910000955,2.137
0.372920000955,2.137
0.372930000955,2.10575
0.372940000955,2.137
0.372950000955,2.137
0.372960000955,2.137
0.372970000955,2.137
0.372980000955,2.137
0.372990000955,2.137
0.373000000955,2.10575
0.373010000955,2.137
0.373020000955,2.137
0.373030000955,2.10575
0.373040000955,2.10575
0.373050000955,2.137
0.373060000955,2.10575
0.373070000955,2.137
0.373080000955,2.137
0.373090000955,2.137
0.373100000955,2.137
0.373110000955,2.16825
0.373120000955,2.10575
0.373130000955,2.10575
0.373140000955,2.137
0.373150000955,2.16825
0.373160000955,2.10575
0.373170000955,2.137
0.373180000955,2.137
0.373190000955,2.16825
0.373200000955,2.137
0.373210000955,2.137
0.373220000955,2.137
0.373230000955,2.137
0.373240000955,2.137
0.373250000955,2.137
0.373260000955,2.10575
0.373270000955,2.16825
0.373280000955,2.10575
0.373290000955,2.137
0.373300000955,2.137
0.373310000955,2.10575
0.373320000955,2.10575
0.373330000955,2.137
0.373340000955,2.16825
0.373350000955,2.137
0.373360000955,2.10575
0.373370000955,2.137
0.373380000955,2.137
0.373390000955,2.137
0.373400000955,2.137
0.373410000955,2.10575
0.373420000955,2.16825
0.373430000955,2.137
0.373440000955,2.137
0.373450000955,2.16825
0.373460000955,2.137
0.373470000955,2.137
0.373480000955,2.137
0.373490000955,2.137
0.373500000955,2.10575
0.373510000955,2.137
0.373520000955,2.10575
0.373530000955,2.10575
0.373540000955,2.10575
0.373550000955,2.16825
0.373560000955,2.10575
0.373570000955,2.0745
0.373580000955,2.137
0.373590000955,2.1995
0.373600000955,2.137
0.373610000955,2.16825
0.373620000955,2.137
0.373630000955,2.137
0.373640000955,2.10575
0.373650000955,2.0745
0.373660000955,2.10575
0.373670000955,2.16825
0.373680000955,2.137
0.373690000955,2.10575
0.373700000955,2.137
0.373710000955,2.10575
0.373720000955,2.137
0.373730000955,2.16825
0.373740000955,2.16825
0.373750000955,2.10575
0.373760000955,2.137
0.373770000955,2.137
0.373780000955,2.10575
0.373790000955,2.10575
0.373800000955,2.10575
0.373810000955,2.137
0.373820000955,2.10575
0.373830000955,2.137
0.373840000955,2.137
0.373850000955,2.16825
0.373860000955,2.137
0.373870000955,2.16825
0.373880000955,2.137
0.373890000955,2.137
0.373900000955,2.16825
0.373910000955,2.137
0.373920000955,2.137
0.373930000955,2.137
0.373940000955,2.137
0.373950000955,2.10575
0.373960000955,2.137
0.373970000955,2.137
0.373980000955,2.10575
0.373990000955,2.137
0.374000000955,2.16825
0.374010000955,2.137
0.374020000955,2.137
0.374030000955,2.137
0.374040000955,2.137
0.374050000955,2.137
0.374060000955,2.10575
0.374070000955,2.137
0.374080000955,2.10575
0.374090000955,2.137
0.374100000955,2.137
0.374110000955,2.10575
0.374120000955,2.137
0.374130000955,2.10575
0.374140000955,2.137
0.374150000955,2.137
0.374160000955,2.137
0.374170000955,2.137
0.374180000955,2.16825
0.374190000955,2.10575
0.374200000955,2.137
0.374210000955,2.137
0.374220000955,2.137
0.374230000955,2.137
0.374240000955,2.16825
0.374250000955,2.16825
0.374260000955,2.137
0.374270000955,2.137
0.374280000955,2.10575
0.374290000955,2.137
0.374300000955,2.137
0.374310000955,2.137
0.374320000955,2.137
0.374330000955,2.10575
0.374340000955,2.137
0.374350000955,2.137
0.374360000955,2.137
0.374370000955,2.137
0.374380000955,2.137
0.374390000955,2.16825
0.374400000955,2.137
0.374410000955,2.137
0.374420000955,2.10575
0.374430000955,2.137
0.374440000955,2.16825
0.374450000955,2.10575
0.374460000955,2.10575
0.374470000955,2.137
0.374480000955,2.137
0.374490000955,2.137
0.374500000955,2.137
0.374510000955,2.137
0.374520000955,2.137
0.374530000955,2.137
0.374540000955,2.137
0.374550000955,2.137
0.374560000955,2.137
0.374570000955,2.137
0.374580000955,2.10575
0.374590000955,2.137
0.374600000955,2.137
0.374610000955,2.137
0.374620000955,2.137
0.374630000955,2.137
0.374640000955,2.137
0.374650000955,2.16825
0.374660000955,2.0745
0.374670000955,2.10575
0.374680000955,2.16825
0.374690000955,2.137
0.374700000955,2.10575
0.374710000955,2.16825
0.374720000955,2.137
0.374730000955,2.16825
0.374740000955,2.10575
0.374750000955,2.137
0.374760000955,2.16825
0.374770000955,2.137
0.374780000955,2.137
0.374790000955,2.16825
0.374800000955,2.10575
0.374810000955,2.137
0.374820000955,2.137
0.374830000955,2.137
0.374840000955,2.137
0.374850000955,2.10575
0.374860000955,2.10575
0.374870000955,2.137
0.374880000955,2.10575
0.374890000955,2.137
0.374900000955,2.10575
0.374910000955,2.137
0.374920000955,2.10575
0.374930000955,2.16825
0.374940000955,2.137
0.374950000955,2.137
0.374960000955,2.10575
0.374970000955,2.16825
0.374980000955,2.137
0.374990000955,2.137
0.375000000955,2.137
0.375010000955,2.16825
0.375020000955,2.137
0.375030000955,2.137
0.375040000955,2.137
0.375050000955,2.16825
0.375060000955,2.10575
0.375070000955,2.137
0.375080000955,2.137
0.375090000955,2.16825
0.375100000955,2.137
0.375110000955,2.137
0.375120000955,2.10575
0.375130000955,2.137
0.375140000955,2.137
0.375150000955,2.137
0.375160000955,2.137
0.375170000955,2.10575
0.375180000955,2.137
0.375190000955,2.10575
0.375200000955,2.137
0.375210000955,2.137
0.375220000955,2.137
0.375230000955,2.16825
0.375240000955,2.137
0.375250000955,2.137
0.375260000955,2.10575
0.375270000955,2.10575
0.375280000955,2.137
0.375290000955,2.137
0.375300000955,2.137
0.375310000955,2.137
0.375320000955,2.137
0.375330000955,2.137
0.375340000955,2.10575
0.375350000955,2.137
0.375360000955,2.137
0.375370000955,2.10575
0.375380000955,2.16825
0.375390000955,2.137
0.375400000955,2.137
0.375410000955,2.10575
0.375420000955,2.10575
0.375430000955,2.137
0.375440000955,2.10575
0.375450000955,2.137
0.375460000955,2.137
0.375470000955,2.137
0.375480000955,2.137
0.375490000955,2.137
0.375500000955,2.137
0.375510000955,2.10575
0.375520000955,2.137
0.375530000955,2.137
0.375540000955,2.10575
0.375550000955,2.10575
0.375560000955,2.137
0.375570000955,2.137
0.375580000955,2.137
0.375590000955,2.10575
0.375600000955,2.137
0.375610000955,2.16825
0.375620000955,2.16825
0.375630000955,2.137
0.375640000955,2.137
0.375650000955,2.137
0.375660000955,2.16825
0.375670000955,2.10575
0.375680000955,2.137
0.375690000955,2.137
0.375700000955,2.137
0.375710000955,2.10575
0.375720000955,2.137
0.375730000955,2.137
0.375740000955,2.137
0.375750000955,2.137
0.375760000955,2.137
0.375770000955,2.137
0.375780000955,2.137
0.375790000955,2.10575
0.375800000955,2.10575
0.375810000955,2.137
0.375820000955,2.137
0.375830000955,2.137
0.375840000955,2.137
0.375850000955,2.137
0.375860000955,2.16825
0.375870000955,2.137
0.375880000955,2.137
0.375890000955,2.10575
0.375900000955,2.137
0.375910000955,2.137
0.375920000955,2.16825
0.375930000955,2.137
0.375940000955,2.10575
0.375950000955,2.10575
0.375960000955,2.137
0.375970000955,2.16825
0.375980000955,2.137
0.375990000955,2.137
0.376000000955,2.137
0.376010000955,2.137
0.376020000955,2.137
0.376030000955,2.137
0.376040000955,2.137
0.376050000955,2.10575
0.376060000955,2.137
0.376070000955,2.137
0.376080000955,2.137
0.376090000955,2.137
0.376100000955,2.137
0.376110000955,2.137
0.376120000955,2.16825
0.376130000955,2.10575
0.376140000955,2.137
0.376150000955,2.137
0.376160000955,2.10575
0.376170000955,2.137
0.376180000955,2.16825
0.376190000955,2.137
0.376200000955,2.10575
0.376210000955,2.137
0.376220000955,2.16825
0.376230000955,2.137
0.376240000955,2.137
0.376250000955,2.16825
0.376260000955,2.137
0.376270000955,2.16825
0.376280000955,2.137
0.376290000955,2.137
0.376300000955,2.137
0.376310000955,2.137
0.376320000955,2.10575
0.376330000955,2.137
0.376340000955,2.10575
0.376350000955,2.137
0.376360000955,2.137
0.376370000955,2.16825
0.376380000955,2.16825
0.376390000955,2.137
0.376400000955,2.10575
0.376410000955,2.137
0.376420000955,2.137
0.376430000955,2.137
0.376440000955,2.137
0.376450000955,2.137
0.376460000955,2.137
0.376470000955,2.10575
0.376480000955,2.137
0.376490000955,2.137
0.376500000955,2.137
0.376510000955,2.137
0.376520000955,2.137
0.376530000955,2.137
0.376540000955,2.16825
0.376550000955,2.16825
0.376560000955,2.10575
0.376570000955,2.137
0.376580000955,2.16825
0.376590000955,2.10575
0.376600000955,2.137
0.376610000955,2.137
0.376620000955,2.137
0.376630000955,2.10575
0.376640000955,2.137
0.376650000955,2.137
0.376660000955,2.10575
0.376670000955,2.137
0.376680000955,2.16825
0.376690000955,2.137
0.376700000955,2.16825
0.376710000955,2.137
0.376720000955,2.137
0.376730000955,2.137
0.376740000955,2.137
0.376750000955,2.137
0.376760000955,2.16825
0.376770000955,2.137
0.376780000955,2.137
0.376790000955,2.137
0.376800000955,2.16825
0.376810000955,2.137
0.376820000955,2.137
0.376830000955,2.137
0.376840000955,2.137
0.376850000955,2.137
0.376860000955,2.16825
0.376870000955,2.16825
0.376880000955,2.137
0.376890000955,2.137
0.376900000955,2.137
0.376910000955,2.10575
0.376920000955,2.16825
0.376930000955,2.137
0.376940000955,2.137
0.376950000955,2.16825
0.376960000955,2.137
0.376970000955,2.137
0.376980000955,2.137
0.376990000955,2.16825
0.377000000955,2.137
0.377010000955,2.16825
0.377020000955,2.10575
0.377030000955,2.137
0.377040000955,2.137
0.377050000955,2.137
0.377060000955,2.137
0.377070000955,2.10575
0.377080000955,2.137
0.377090000955,2.137
0.377100000955,2.137
0.377110000955,2.16825
0.377120000955,2.16825
0.377130000955,2.10575
0.377140000955,2.1995
0.377150000955,2.137
0.377160000955,2.10575
0.377170000955,2.137
0.377180000955,2.137
0.377190000955,2.137
0.377200000955,2.137
0.377210000955,2.137
0.377220000955,2.137
0.377230000955,2.137
0.377240000955,2.16825
0.377250000955,2.10575
0.377260000955,2.16825
0.377270000955,2.137
0.377280000955,2.10575
0.377290000955,2.137
0.377300000955,2.16825
0.377310000955,2.10575
0.377320000955,2.137
0.377330000955,2.16825
0.377340000955,2.10575
0.377350000955,2.10575
0.377360000955,2.137
0.377370000955,2.16825
0.377380000955,2.137
0.377390000955,2.137
0.377400000955,2.137
0.377410000955,2.137
0.377420000955,2.137
0.377430000955,2.137
0.377440000955,2.10575
0.377450000955,2.137
0.377460000955,2.137
0.377470000955,2.10575
0.377480000955,2.137
0.377490000955,2.16825
0.377500000955,2.137
0.377510000955,2.137
0.377520000955,2.10575
0.377530000955,2.137
0.377540000955,2.137
0.377550000955,2.16825
0.377560000955,2.16825
0.377570000955,2.16825
0.377580000955,2.137
0.377590000955,2.16825
0.377600000955,2.16825
0.377610000955,2.10575
0.377620000955,2.137
0.377630000955,2.10575
0.377640000955,2.10575
0.377650000955,2.137
0.377660000955,2.10575
0.377670000955,2.10575
0.377680000955,2.137
0.377690000955,2.16825
0.377700000955,2.10575
0.377710000955,2.16825
0.377720000955,2.137
0.377730000955,2.16825
0.377740000955,2.137
0.377750000955,2.137
0.377760000955,2.137
0.377770000955,2.10575
0.377780000955,2.137
0.377790000955,2.16825
0.377800000955,2.10575
0.377810000955,2.137
0.377820000955,2.137
0.377830000955,2.16825
0.377840000955,2.10575
0.377850000955,2.137
0.377860000955,2.137
0.377870000955,2.137
0.377880000955,2.137
0.377890000955,2.137
0.377900000955,2.1995
0.377910000955,2.10575
0.377920000955,2.16825
0.377930000955,2.10575
0.377940000955,2.137
0.377950000955,2.137
0.377960000955,2.10575
0.377970000955,2.16825
0.377980000955,2.137
0.377990000955,2.10575
0.378000000955,2.137
0.378010000955,2.16825
0.378020000955,2.137
0.378030000955,2.137
0.378040000955,2.16825
0.378050000955,2.137
0.378060000955,2.137
0.378070000955,2.137
0.378080000955,2.137
0.378090000955,2.137
0.378100000955,2.16825
0.378110000955,2.137
0.378120000955,2.137
0.378130000955,2.16825
0.378140000955,2.16825
0.378150000955,2.137
0.378160000955,2.10575
0.378170000955,2.137
0.378180000955,2.16825
0.378190000955,2.137
0.378200000955,2.16825
0.378210000955,2.16825
0.378220000955,2.16825
0.378230000955,2.16825
0.378240000955,2.16825
0.378250000955,2.137
0.378260000955,2.137
0.378270000955,2.16825
0.378280000955,2.16825
0.378290000955,2.137
0.378300000955,2.16825
0.378310000955,2.16825
0.378320000955,2.137
0.378330000955,2.137
0.378340000955,2.137
0.378350000955,2.10575
0.378360000955,2.16825
0.378370000955,2.137
0.378380000955,2.10575
0.378390000955,2.10575
0.378400000955,2.137
0.378410000955,2.137
0.378420000955,2.137
0.378430000955,2.16825
0.378440000955,2.137
0.378450000955,2.16825
0.378460000955,2.137
0.378470000955,2.137
0.378480000955,2.137
0.378490000955,2.16825
0.378500000955,2.10575
0.378510000955,2.137
0.378520000955,2.137
0.378530000955,2.137
0.378540000955,2.137
0.378550000955,2.10575
0.378560000955,2.16825
0.378570000955,2.16825
0.378580000955,2.137
0.378590000955,2.137
0.378600000955,2.16825
0.378610000955,2.137
0.378620000955,2.137
0.378630000955,2.137
0.378640000955,2.16825
0.378650000955,2.16825
0.378660000955,2.137
0.378670000955,2.137
0.378680000955,2.137
0.378690000955,2.137
0.378700000955,2.10575
0.378710000955,2.137
0.378720000955,2.10575
0.378730000955,2.16825
0.378740000955,2.137
0.378750000955,2.16825
0.378760000955,2.137
0.378770000955,2.137
0.378780000955,2.137
0.378790000955,2.16825
0.378800000955,2.137
0.378810000955,2.10575
0.378820000955,2.137
0.378830000955,2.137
0.378840000955,2.10575
0.378850000955,2.137
0.378860000955,2.137
0.378870000955,2.137
0.378880000955,2.137
0.378890000955,2.10575
0.378900000955,2.137
0.378910000955,2.16825
0.378920000955,2.10575
0.378930000955,2.16825
0.378940000955,2.137
0.378950000955,2.137
0.378960000955,2.137
0.378970000955,2.16825
0.378980000955,2.137
0.378990000955,2.137
0.379000000955,2.16825
0.379010000955,2.137
0.379020000955,2.137
0.379030000955,2.137
0.379040000955,2.137
0.379050000955,2.16825
0.379060000955,2.137
0.379070000955,2.137
0.379080000955,2.137
0.379090000955,2.16825
0.379100000955,2.137
0.379110000955,2.137
0.379120000955,2.16825
0.379130000955,2.137
0.379140000955,2.16825
0.379150000955,2.137
0.379160000955,2.137
0.379170000955,2.16825
0.379180000955,2.137
0.379190000955,2.16825
0.379200000955,2.16825
0.379210000955,2.137
0.379220000955,2.137
0.379230000955,2.137
0.379240000955,2.16825
0.379250000955,2.137
0.379260000955,2.10575
0.379270000955,2.137
0.379280000955,2.16825
0.379290000955,2.16825
0.379300000955,2.16825
0.379310000955,2.137
0.379320000955,2.16825
0.379330000955,2.137
0.379340000955,2.16825
0.379350000955,2.16825
0.379360000955,2.137
0.379370000955,2.137
0.379380000955,2.137
0.379390000955,2.10575
0.379400000955,2.16825
0.379410000955,2.137
0.379420000955,2.137
0.379430000955,2.137
0.379440000955,2.137
0.379450000955,2.16825
0.379460000955,2.137
0.379470000955,2.16825
0.379480000955,2.16825
0.379490000955,2.137
0.379500000955,2.137
0.379510000955,2.137
0.379520000955,2.16825
0.379530000955,2.10575
0.379540000955,2.137
0.379550000955,2.16825
0.379560000955,2.137
0.379570000955,2.137
0.379580000955,2.16825
0.379590000955,2.10575
0.379600000955,2.16825
0.379610000955,2.137
0.379620000955,2.10575
0.379630000955,2.137
0.379640000955,2.16825
0.379650000955,2.10575
0.379660000955,2.137
0.379670000955,2.137
0.379680000955,2.137
0.379690000955,2.137
0.379700000955,2.137
0.379710000955,2.137
0.379720000955,2.137
0.379730000955,2.137
0.379740000955,2.137
0.379750000955,2.137
0.379760000955,2.137
0.379770000955,2.137
0.379780000955,2.137
0.379790000955,2.137
0.379800000955,2.16825
0.379810000955,2.16825
0.379820000955,2.137
0.379830000955,2.137
0.379840000955,2.10575
0.379850000955,2.137
0.379860000955,2.137
0.379870000955,2.10575
0.379880000955,2.1995
0.379890000955,2.137
0.379900000955,2.137
0.379910000955,2.137
0.379920000955,2.137
0.379930000955,2.16825
0.379940000955,2.137
0.379950000955,2.137
0.379960000955,2.16825
0.379970000955,2.137
0.379980000955,2.10575
0.379990000955,2.137
0.380000000955,2.16825
0.380010000955,2.16825
0.380020000955,2.1995
0.380030000955,2.10575
0.380040000955,2.10575
0.380050000955,2.137
0.380060000955,2.137
0.380070000955,2.137
0.380080000955,2.137
0.380090000955,2.137
0.380100000955,2.137
0.380110000955,2.137
0.380120000955,2.137
0.380130000955,2.137
0.380140000955,2.137
0.380150000955,2.16825
0.380160000955,2.137
0.380170000955,2.137
0.380180000955,2.137
0.380190000955,2.137
0.380200000955,2.137
0.380210000955,2.137
0.380220000955,2.16825
0.380230000955,2.137
0.380240000955,2.137
0.380250000955,2.16825
0.380260000955,2.137
0.380270000955,2.137
0.380280000955,2.16825
0.380290000955,2.16825
0.380300000955,2.137
0.380310000955,2.16825
0.380320000955,2.137
0.380330000955,2.16825
0.380340000955,2.137
0.380350000955,2.16825
0.380360000955,2.137
0.380370000955,2.137
0.380380000955,2.137
0.380390000955,2.137
0.380400000955,2.16825
0.380410000955,2.16825
0.380420000955,2.16825
0.380430000955,2.137
0.380440000955,2.16825
0.380450000955,2.137
0.380460000955,2.137
0.380470000955,2.16825
0.380480000955,2.137
0.380490000955,2.137
0.380500000955,2.137
0.380510000955,2.137
0.380520000955,2.16825
0.380530000955,0.16825
0.380540000955,-0.0192499
0.380550000955,-0.0192499
0.380560000955,-0.0504999
0.380570000955,-0.0192499
0.380580000955,-0.0192499
0.380590000955,-0.0192499
0.380600000955,-0.0192499
0.380610000955,-0.0192499
0.380620000955,-0.0192499
0.380630000955,-0.0192499
0.380640000955,-0.0192499
0.380650000955,-0.0192499
0.380660000955,-0.0192499
0.380670000955,0.0120001
0.380680000955,-0.0192499
0.380690000955,-0.0192499
0.380700000955,0.0120001
0.380710000955,0.0120001
0.380720000955,-0.0192499
0.380730000955,-0.0192499
0.380740000955,-0.0192499
0.380750000955,-0.0192499
0.380760000955,0.0120001
0.380770000955,0.0120001
0.380780000955,-0.0192499
0.380790000955,-0.0192499
0.380800000955,-0.0192499
0.380810000955,0.0120001
0.380820000955,0.0120001
0.380830000955,-0.0192499
0.380840000955,0.0120001
0.380850000955,-0.0504999
0.380860000955,-0.0192499
0.380870000955,-0.0192499
0.380880000955,-0.0192499
0.380890000955,-0.0504999
0.380900000955,-0.0192499
0.380910000955,-0.0192499
0.380920000955,-0.0192499
0.380930000955,-0.0192499
0.380940000955,0.0120001
0.380950000955,0.0120001
0.380960000955,-0.0192499
0.380970000955,0.0120001
0.380980000955,-0.0192499
0.380990000955,-0.0192499
0.381000000955,-0.0192499
0.381010000955,-0.0192499
0.381020000955,-0.0504999
0.381030000955,0.0120001
0.381040000955,-0.0192499
0.381050000955,0.0120001
0.381060000955,-0.0504999
0.381070000955,-0.0192499
0.381080000955,-0.0504999
0.381090000955,0.0120001
0.381100000955,-0.0192499
0.381110000955,-0.0504999
0.381120000955,-0.0192499
0.381130000955,0.0120001
0.381140000955,0.0120001
0.381150000955,0.0120001
0.381160000955,-0.0192499
0.381170000955,-0.0192499
0.381180000955,0.0120001
0.381190000955,-0.0192499
0.381200000955,-0.0192499
0.381210000955,-0.0192499
0.381220000955,-0.0192499
0.381230000955,-0.0192499
0.381240000955,-0.0192499
0.381250000955,0.0120001
0.381260000955,-0.0192499
0.381270000955,0.0120001
0.381280000955,-0.0192499
0.381290000955,0.0120001
0.381300000955,-0.0192499
0.381310000955,-0.0192499
0.381320000955,-0.0192499
0.381330000955,-0.0192499
0.381340000955,-0.0504999
0.381350000955,-0.0192499
0.381360000955,0.0120001
0.381370000955,-0.0192499
0.381380000955,-0.0504999
0.381390000955,-0.0192499
0.381400000955,-0.0192499
0.381410000955,-0.0192499
0.381420000955,-0.0504999
0.381430000955,-0.0192499
0.381440000955,-0.0192499
0.381450000955,-0.0192499
0.381460000955,-0.0192499
0.381470000955,0.0120001
0.381480000955,-0.0192499
0.381490000955,0.0120001
0.381500000955,0.0120001
0.381510000955,-0.0192499
0.381520000955,-0.0192499
0.381530000955,-0.0192499
0.381540000955,-0.0192499
0.381550000955,-0.0192499
0.381560000955,-0.0192499
0.381570000955,-0.0192499
0.381580000955,-0.0192499
0.381590000955,0.0120001
0.381600000955,-0.0192499
0.381610000955,-0.0192499
0.381620000955,-0.0504999
0.381630000955,0.0120001
0.381640000955,-0.0504999
0.381650000955,-0.0504999
0.381660000955,-0.0192499
0.381670000955,-0.0504999
0.381680000955,-0.0504999
0.381690000955,-0.0192499
0.381700000955,0.0120001
0.381710000955,0.0120001
0.381720000955,0.0120001
0.381730000955,0.0120001
0.381740000955,-0.0192499
0.381750000955,-0.0192499
0.381760000955,0.0120001
0.381770000955,-0.0504999
0.381780000955,-0.0192499
0.381790000955,-0.0192499
0.381800000955,-0.0192499
0.381810000955,0.0120001
0.381820000955,-0.0192499
0.381830000955,-0.0192499
0.381840000955,-0.0192499
0.381850000955,-0.0192499
0.381860000955,-0.0504999
0.381870000955,0.0120001
0.381880000955,-0.0192499
0.381890000955,0.0120001
0.381900000955,0.0120001
0.381910000955,-0.0192499
0.381920000955,0.0120001
0.381930000955,-0.0192499
0.381940000955,-0.0504999
0.381950000955,0.0120001
0.381960000955,-0.0504999
0.381970000955,-0.0504999
0.381980000955,-0.0192499
0.381990000955,-0.0192499
0.382000000955,-0.0192499
0.382010000955,-0.0192499
0.382020000955,-0.0192499
0.382030000955,0.0120001
0.382040000955,-0.0192499
0.382050000955,0.0120001
0.382060000955,-0.0192499
0.382070000955,-0.0192499
0.382080000955,-0.0192499
0.382090000955,-0.0192499
0.382100000955,-0.0504999
0.382110000955,-0.0192499
0.382120000955,-0.0192499
0.382130000955,0.0120001
0.382140000955,-0.0192499
0.382150000955,0.0120001
0.382160000955,0.0120001
0.382170000955,-0.0192499
0.382180000955,-0.0192499
0.382190000955,-0.0192499
0.382200000955,-0.0192499
0.382210000955,-0.0192499
0.382220000955,-0.0192499
0.382230000955,-0.0192499
0.382240000955,-0.0192499
0.382250000955,-0.0192499
0.382260000955,-0.0192499
0.382270000955,-0.0192499
0.382280000955,-0.0504999
0.382290000955,-0.0504999
0.382300000955,-0.0504999
0.382310000955,0.0120001
0.382320000955,0.0120001
0.382330000955,-0.0504999
0.382340000955,0.0120001
0.382350000955,-0.0192499
0.382360000955,-0.0192499
0.382370000955,0.0120001
0.382380000955,-0.0504999
0.382390000955,-0.0192499
0.382400000955,-0.0192499
0.382410000955,0.0120001
0.382420000955,0.0120001
0.382430000955,-0.0192499
0.382440000955,-0.0192499
0.382450000955,-0.0192499
0.382460000955,-0.0504999
0.382470000955,0.0120001
0.382480000955,-0.0192499
0.382490000955,0.0120001
0.382500000955,-0.0192499
0.382510000955,-0.0192499
0.382520000955,-0.0504999
0.382530000955,-0.0504999
0.382540000955,-0.0504999
0.382550000955,-0.0192499
0.382560000955,-0.0192499
0.382570000955,-0.0504999
0.382580000955,-0.0192499
0.382590000955,-0.0192499
0.382600000955,-0.0192499
0.382610000955,-0.0192499
0.382620000955,-0.0192499
0.382630000955,-0.0504999
0.382640000955,-0.0192499
0.382650000955,-0.0192499
0.382660000955,-0.0192499
0.382670000955,0.0120001
0.382680000955,-0.0192499
0.382690000955,-0.0192499
0.382700000955,-0.0192499
0.382710000955,-0.0192499
0.382720000955,-0.0192499
0.382730000955,-0.0504999
0.382740000955,-0.0504999
0.382750000955,-0.0192499
0.382760000955,0.0120001
0.382770000955,-0.0192499
0.382780000955,-0.0192499
0.382790000955,-0.0192499
0.382800000955,-0.0192499
0.382810000955,-0.0192499
0.382820000955,-0.0192499
0.382830000955,-0.0192499
0.382840000955,-0.0192499
0.382850000955,-0.0192499
0.382860000955,-0.0192499
0.382870000955,-0.0504999
0.382880000955,-0.0192499
0.382890000955,-0.0192499
0.382900000955,-0.0192499
0.382910000955,-0.0192499
0.382920000955,0.0120001
0.382930000955,0.0120001
0.382940000955,-0.0504999
0.382950000955,-0.0192499
0.382960000955,-0.0192499
0.382970000955,-0.0192499
0.382980000955,0.0120001
0.382990000955,-0.0504999
0.383000000955,-0.0192499
0.383010000955,-0.0504999
0.383020000955,0.0120001
0.383030000955,-0.0192499
0.383040000955,-0.0504999
0.383050000955,-0.0504999
0.383060000955,-0.0192499
0.383070000955,-0.0192499
0.383080000955,0.0120001
0.383090000955,-0.0192499
0.383100000955,-0.0192499
0.383110000955,-0.0192499
0.383120000955,0.0120001
0.383130000955,-0.0504999
0.383140000955,-0.0504999
0.383150000955,0.0120001
0.383160000955,0.0120001
0.383170000955,-0.0192499
0.383180000955,0.0120001
0.383190000955,-0.0504999
0.383200000955,-0.0192499
0.383210000955,-0.0192499
0.383220000955,-0.0192499
0.383230000955,-0.0192499
0.383240000955,-0.0504999
0.383250000955,0.0120001
0.383260000955,-0.0192499
0.383270000955,-0.0504999
0.383280000955,-0.0192499
0.383290000955,0.0120001
0.383300000955,-0.0192499
0.383310000955,-0.0504999
0.383320000955,-0.0192499
0.383330000955,-0.0192499
0.383340000955,-0.0192499
0.383350000955,0.0120001
0.383360000955,0.0120001
0.383370000955,-0.0192499
0.383380000955,-0.0504999
0.383390000955,-0.0504999
0.383400000955,-0.0192499
0.383410000955,-0.0192499
0.383420000955,0.0120001
0.383430000955,-0.0192499
0.383440000955,-0.0192499
0.383450000955,-0.0192499
0.383460000955,-0.0192499
0.383470000955,0.0120001
0.383480000955,0.0120001
0.383490000955,-0.0192499
0.383500000955,0.0120001
0.383510000955,0.0120001
0.383520000955,-0.0192499
0.383530000955,-0.0192499
0.383540000955,-0.0504999
0.383550000955,-0.0504999
0.383560000955,-0.0504999
0.383570000955,-0.0192499
0.383580000955,-0.0192499
0.383590000955,-0.0504999
0.383600000955,-0.0192499
0.383610000955,-0.0192499
0.383620000955,-0.0192499
0.383630000955,-0.0192499
0.383640000955,-0.0192499
0.383650000955,-0.0192499
0.383660000955,-0.0192499
0.383670000955,0.0120001
0.383680000955,-0.0192499
0.383690000955,0.0120001
0.383700000955,-0.0192499
0.383710000955,-0.0192499
0.383720000955,-0.0192499
0.383730000955,-0.0192499
0.383740000955,-0.0504999
0.383750000955,-0.0504999
0.383760000955,-0.0192499
0.383770000955,-0.0192499
0.383780000955,-0.0192499
0.383790000955,-0.0192499
0.383800000955,0.0120001
0.383810000955,-0.0504999
0.383820000955,-0.0192499
0.383830000955,-0.0192499
0.383840000955,-0.0192499
0.383850000955,-0.0192499
0.383860000955,0.0120001
0.383870000955,-0.0192499
0.383880000955,-0.0192499
0.383890000955,-0.0192499
0.383900000955,0.0120001
0.383910000955,-0.0504999
0.383920000955,-0.0192499
0.383930000955,0.0120001
0.383940000955,-0.0192499
0.383950000955,-0.0192499
0.383960000955,-0.0192499
0.383970000955,0.0120001
0.383980000955,-0.0504999
0.383990000955,-0.0192499
0.384000000955,-0.0192499
0.384010000955,-0.0192499
0.384020000955,-0.0192499
0.384030000955,-0.0192499
0.384040000955,-0.0192499
0.384050000955,0.0120001
0.384060000955,0.0120001
0.384070000955,0.0120001
0.384080000955,0.0120001
0.384090000955,-0.0504999
0.384100000955,-0.0192499
0.384110000955,-0.0192499
0.384120000955,-0.0504999
0.384130000955,-0.0192499
0.384140000955,-0.0192499
0.384150000955,-0.0504999
0.384160000955,0.0120001
0.384170000955,-0.0192499
0.384180000955,-0.0504999
0.384190000955,-0.0192499
0.384200000955,1.887
0.384210000955,2.0745
0.384220000955,2.137
0.384230000955,2.10575
0.384240000955,2.137
0.384250000955,2.16825
0.384260000955,2.16825
0.384270000955,2.137
0.384280000955,2.137
0.384290000955,2.137
0.384300000955,2.10575
0.384310000955,2.16825
0.384320000955,2.137
0.384330000955,2.137
0.384340000955,2.137
0.384350000955,2.137
0.384360000955,2.137
0.384370000955,2.137
0.384380000955,2.10575
0.384390000955,2.10575
0.384400000955,2.137
0.384410000955,2.10575
0.384420000955,2.137
0.384430000955,2.10575
0.384440000955,2.137
0.384450000955,2.10575
0.384460000955,2.137
0.384470000955,2.10575
0.384480000955,2.137
0.384490000955,2.10575
0.384500000955,2.137
0.384510000955,2.10575
0.384520000955,2.16825
0.384530000955,2.137
0.384540000955,2.16825
0.384550000955,2.137
0.384560000955,2.10575
0.384570000955,2.137
0.384580000955,2.137
0.384590000955,2.16825
0.384600000955,2.10575
0.384610000955,2.137
0.384620000955,2.137
0.384630000955,2.137
0.384640000955,2.137
0.384650000955,2.10575
0.384660000955,2.137
0.384670000955,2.137
0.384680000955,2.137
0.384690000955,2.10575
0.384700000955,2.137
0.384710000955,2.10575
0.384720000955,2.137
0.384730000955,2.137
0.384740000955,2.137
0.384750000955,2.137
0.384760000955,2.137
0.384770000955,2.137
0.384780000955,2.137
0.384790000955,2.137
0.384800000955,2.10575
0.384810000955,2.16825
0.384820000955,2.137
0.384830000955,2.10575
0.384840000955,2.137
0.384850000955,2.16825
0.384860000955,2.16825
0.384870000955,2.10575
0.384880000955,2.16825
0.384890000955,2.16825
0.384900000955,2.137
0.384910000955,2.137
0.384920000955,2.10575
0.384930000955,2.16825
0.384940000955,2.137
0.384950000955,2.137
0.384960000955,2.137
0.384970000955,2.16825
0.384980000955,2.10575
0.384990000955,2.137
0.385000000955,2.137
0.385010000955,2.10575
0.385020000955,2.16825
0.385030000955,2.10575
0.385040000955,2.16825
0.385050000955,2.137
0.385060000955,2.16825
0.385070000955,2.137
0.385080000955,2.137
0.385090000955,2.137
0.385100000955,2.137
0.385110000955,2.16825
0.385120000955,2.137
0.385130000955,2.137
0.385140000955,2.137
0.385150000955,2.137
0.385160000955,2.137
0.385170000955,2.137
0.385180000955,2.137
0.385190000955,2.16825
0.385200000955,2.16825
0.385210000955,2.137
0.385220000955,2.137
0.385230000955,2.137
0.385240000955,2.137
0.385250000955,2.16825
0.385260000955,2.137
0.385270000955,2.137
0.385280000955,2.137
0.385290000955,2.16825
0.385300000955,2.16825
0.385310000955,2.10575
0.385320000955,2.16825
0.385330000955,2.1995
0.385340000955,2.137
0.385350000955,2.16825
0.385360000955,2.137
0.385370000955,2.137
0.385380000955,2.16825
0.385390000955,2.137
0.385400000955,2.137
0.385410000955,2.137
0.385420000955,2.137
0.385430000955,2.137
0.385440000955,2.137
0.385450000955,2.16825
0.385460000955,2.137
0.385470000955,2.137
0.385480000955,2.16825
0.385490000955,2.137
0.385500000955,2.137
0.385510000955,2.137
0.385520000955,2.137
0.385530000955,2.137
0.385540000955,2.10575
0.385550000955,2.16825
0.385560000955,2.137
0.385570000955,2.16825
0.385580000955,2.137
0.385590000955,2.137
0.385600000955,2.137
0.385610000955,2.137
0.385620000955,2.16825
0.385630000955,2.137
0.385640000955,2.16825
0.385650000955,2.10575
0.385660000955,2.137
0.385670000955,2.10575
0.385680000955,2.137
0.385690000955,2.137
0.385700000955,2.10575
0.385710000955,2.137
0.385720000955,2.137
0.385730000955,2.16825
0.385740000955,2.16825
0.385750000955,2.16825
0.385760000955,2.137
0.385770000955,2.137
0.385780000955,2.137
0.385790000955,2.16825
0.385800000955,2.137
0.385810000955,2.137
0.385820000955,2.16825
0.385830000955,2.16825
0.385840000955,2.137
0.385850000955,2.137
0.385860000955,2.137
0.385870000955,2.10575
0.385880000955,2.137
0.385890000955,2.137
0.385900000955,2.137
0.385910000955,2.137
0.385920000955,2.16825
0.385930000955,2.137
0.385940000955,2.137
0.385950000955,2.16825
0.385960000955,2.137
0.385970000955,2.10575
0.385980000955,2.137
0.385990000955,2.137
0.386000000955,2.16825
0.386010000955,2.10575
0.386020000955,2.137
0.386030000955,2.16825
0.386040000955,2.137
0.386050000955,2.137
0.386060000955,2.137
0.386070000955,2.137
0.386080000955,2.10575
0.386090000955,2.16825
0.386100000955,2.137
0.386110000955,2.137
0.386120000955,2.10575
0.386130000955,2.137
0.386140000955,2.16825
0.386150000955,2.137
0.386160000955,2.10575
0.386170000955,2.137
0.386180000955,2.137
0.386190000955,2.137
0.386200000955,2.16825
0.386210000955,2.137
0.386220000955,2.10575
0.386230000955,2.137
0.386240000955,2.16825
0.386250000955,2.137
0.386260000955,2.137
0.386270000955,2.16825
0.386280000955,2.10575
0.386290000955,2.137
0.386300000955,2.137
0.386310000955,2.137
0.386320000955,2.137
0.386330000955,2.10575
0.386340000955,2.137
0.386350000955,2.137
0.386360000955,2.137
0.386370000955,2.137
0.386380000955,2.137
0.386390000955,2.10575
0.386400000955,2.137
0.386410000955,2.16825
0.386420000955,2.137
0.386430000955,2.137
0.386440000955,2.16825
0.386450000955,2.137
0.386460000955,2.137
0.386470000955,2.10575
0.386480000955,2.16825
0.386490000955,2.137
0.386500000955,2.137
0.386510000955,2.137
0.386520000955,2.16825
0.386530000955,2.1995
0.386540000955,2.16825
0.386550000955,2.137
0.386560000955,2.10575
0.386570000955,2.137
0.386580000955,2.137
0.386590000955,2.16825
0.386600000955,2.10575
0.386610000955,2.137
0.386620000955,2.1995
0.386630000955,2.16825
0.386640000955,2.137
0.386650000955,2.137
0.386660000955,2.10575
0.386670000955,2.137
0.386680000955,2.10575
0.386690000955,2.137
0.386700000955,2.16825
0.386710000955,2.16825
0.386720000955,2.137
0.386730000955,2.137
0.386740000955,2.16825
0.386750000955,2.10575
0.386760000955,2.137
0.386770000955,2.137
0.386780000955,2.137
0.386790000955,2.137
0.386800000955,2.16825
0.386810000955,2.137
0.386820000955,2.137
0.386830000955,2.137
0.386840000955,2.137
0.386850000955,2.137
0.386860000955,2.137
0.386870000955,2.137
0.386880000955,2.137
0.386890000955,2.16825
0.386900000955,2.137
0.386910000955,2.137
0.386920000955,2.137
0.386930000955,2.137
0.386940000955,2.137
0.386950000955,2.137
0.386960000955,2.10575
0.386970000955,2.137
0.386980000955,2.137
0.386990000955,2.16825
0.387000000955,2.137
0.387010000955,2.137
0.387020000955,2.16825
0.387030000955,2.10575
0.387040000955,2.137
0.387050000955,2.137
0.387060000955,2.137
0.387070000955,2.16825
0.387080000955,2.137
0.387090000955,2.16825
0.387100000955,2.137
0.387110000955,2.137
0.387120000955,2.137
0.387130000955,2.16825
0.387140000955,2.137
0.387150000955,2.16825
0.387160000955,2.16825
0.387170000955,2.16825
0.387180000955,2.137
0.387190000955,2.16825
0.387200000955,2.137
0.387210000955,2.137
0.387220000955,2.16825
0.387230000955,2.10575
0.387240000955,2.16825
0.387250000955,2.16825
0.387260000955,2.10575
0.387270000955,2.10575
0.387280000955,2.16825
0.387290000955,2.137
0.387300000955,2.137
0.387310000955,2.137
0.387320000955,2.137
0.387330000955,2.16825
0.387340000955,2.137
0.387350000955,2.16825
0.387360000955,2.137
0.387370000955,2.16825
0.387380000955,2.10575
0.387390000955,2.137
0.387400000955,2.16825
0.387410000955,2.16825
0.387420000955,2.10575
0.387430000955,2.137
0.387440000955,2.10575
0.387450000955,2.10575
0.387460000955,2.137
0.387470000955,2.137
0.387480000955,2.137
0.387490000955,2.137
0.387500000955,2.10575
0.387510000955,2.137
0.387520000955,2.16825
0.387530000955,2.137
0.387540000955,2.137
0.387550000955,2.10575
0.387560000955,2.137
0.387570000955,2.137
0.387580000955,2.137
0.387590000955,2.137
0.387600000955,2.16825
0.387610000955,2.16825
0.387620000955,2.16825
0.387630000955,2.16825
0.387640000955,2.137
0.387650000955,2.16825
0.387660000955,2.137
0.387670000955,2.16825
0.387680000955,2.16825
0.387690000955,2.137
0.387700000955,2.10575
0.387710000955,2.10575
0.387720000955,2.137
0.387730000955,2.137
0.387740000955,2.137
0.387750000955,2.16825
0.387760000955,2.137
0.387770000955,2.137
0.387780000955,2.137
0.387790000955,2.137
0.387800000955,2.137
0.387810000955,2.137
0.387820000955,2.0745
0.387830000955,2.137
0.387840000955,2.137
0.387850000955,2.137
0.387860000955,2.137
0.387870000955,2.137
0.387880000955,2.137
0.387890000955,2.137
0.387900000955,2.16825
0.387910000955,2.137
0.387920000955,2.137
0.387930000955,2.137
0.387940000955,2.16825
0.387950000955,2.137
0.387960000955,2.137
0.387970000955,2.137
0.387980000955,2.137
0.387990000955,2.137
0.388000000955,2.137
0.388010000955,2.137
0.388020000955,2.137
0.388030000955,2.137
0.388040000955,2.137
0.388050000955,2.16825
0.388060000955,2.137
0.388070000955,2.137
0.388080000955,2.137
0.388090000955,2.16825
0.388100000955,2.16825
0.388110000955,2.137
0.388120000955,2.137
0.388130000955,2.16825
0.388140000955,2.16825
0.388150000955,2.137
0.388160000955,2.10575
0.388170000955,2.16825
0.388180000955,2.137
0.388190000955,2.137
0.388200000955,2.16825
0.388210000955,2.137
0.388220000955,2.137
0.388230000955,2.137
0.388240000955,2.10575
0.388250000955,2.137
0.388260000955,2.16825
0.388270000955,2.137
0.388280000955,2.137
0.388290000955,2.137
0.388300000955,2.10575
0.388310000955,2.16825
0.388320000955,2.10575
0.388330000955,2.137
0.388340000955,2.10575
0.388350000955,2.16825
0.388360000955,2.10575
0.388370000955,2.137
0.388380000955,2.137
0.388390000955,2.137
0.388400000955,2.137
0.388410000955,2.10575
0.388420000955,2.137
0.388430000955,2.16825
0.388440000955,2.137
0.388450000955,2.10575
0.388460000955,2.16825
0.388470000955,2.137
0.388480000955,2.137
0.388490000955,2.137
0.388500000955,2.137
0.388510000955,2.137
0.388520000955,2.137
0.388530000955,2.16825
0.388540000955,2.137
0.388550000955,2.137
0.388560000955,2.137
0.388570000955,2.137
0.388580000955,2.137
0.388590000955,2.16825
0.388600000955,2.16825
0.388610000955,2.10575
0.388620000955,2.16825
0.388630000955,2.137
0.388640000955,2.16825
0.388650000955,2.16825
0.388660000955,2.16825
0.388670000955,2.16825
0.388680000955,2.137
0.388690000955,2.137
0.388700000955,2.16825
0.388710000955,2.137
0.388720000955,2.16825
0.388730000955,2.137
0.388740000955,2.137
0.388750000955,2.1995
0.388760000955,2.16825
0.388770000955,2.16825
0.388780000955,2.137
0.388790000955,2.137
0.388800000955,2.137
0.388810000955,2.16825
0.388820000955,2.137
0.388830000955,2.1995
0.388840000955,2.1995
0.388850000955,2.137
0.388860000955,2.137
0.388870000955,2.137
0.388880000955,2.137
0.388890000955,2.10575
0.388900000955,2.137
0.388910000955,2.137
0.388920000955,2.16825
0.388930000955,2.137
0.388940000955,2.137
0.388950000955,2.137
0.388960000955,2.16825
0.388970000955,2.16825
0.388980000955,2.10575
0.388990000955,2.137
0.389000000955,2.16825
0.389010000955,2.137
0.389020000955,2.137
0.389030000955,2.16825
0.389040000955,2.137
0.389050000955,2.137
0.389060000955,2.137
0.389070000955,2.10575
0.389080000955,2.1995
0.389090000955,2.137
0.389100000955,2.137
0.389110000955,2.10575
0.389120000955,2.137
0.389130000955,2.137
0.389140000955,2.10575
0.389150000955,2.137
0.389160000955,2.16825
0.389170000955,2.137
0.389180000955,2.137
0.389190000955,2.137
0.389200000955,2.16825
0.389210000955,2.16825
0.389220000955,2.16825
0.389230000955,2.16825
0.389240000955,2.16825
0.389250000955,2.137
0.389260000955,2.137
0.389270000955,2.16825
0.389280000955,2.137
0.389290000955,2.137
0.389300000955,2.137
0.389310000955,2.10575
0.389320000955,2.16825
0.389330000955,2.16825
0.389340000955,2.16825
0.389350000955,2.137
0.389360000955,2.137
0.389370000955,2.137
0.389380000955,2.16825
0.389390000955,2.137
0.389400000955,2.16825
0.389410000955,2.16825
0.389420000955,2.10575
0.389430000955,2.16825
0.389440000955,2.137
0.389450000955,2.137
0.389460000955,2.137
0.389470000955,2.137
0.389480000955,2.10575
0.389490000955,2.137
0.389500000955,2.10575
0.389510000955,2.16825
0.389520000955,2.16825
0.389530000955,2.137
0.389540000955,2.137
0.389550000955,2.137
0.389560000955,2.137
0.389570000955,2.10575
0.389580000955,2.16825
0.389590000955,2.137
0.389600000955,2.16825
0.389610000955,2.137
0.389620000955,2.16825
0.389630000955,2.16825
0.389640000955,2.137
0.389650000955,2.16825
0.389660000955,2.137
0.389670000955,2.10575
0.389680000955,2.16825
0.389690000955,2.137
0.389700000955,2.16825
0.389710000955,2.16825
0.389720000955,2.16825
0.389730000955,2.10575
0.389740000955,2.10575
0.389750000955,2.137
0.389760000955,2.16825
0.389770000955,2.16825
0.389780000955,2.10575
0.389790000955,2.137
0.389800000955,2.137
0.389810000955,2.16825
0.389820000955,2.16825
0.389830000955,2.16825
0.389840000955,2.137
0.389850000955,2.137
0.389860000955,2.16825
0.389870000955,2.10575
0.389880000955,2.137
0.389890000955,2.137
0.389900000955,2.137
0.389910000955,2.137
0.389920000955,2.137
0.389930000955,2.137
0.389940000955,2.16825
0.389950000955,2.137
0.389960000955,2.137
0.389970000955,2.137
0.389980000955,2.137
0.389990000955,2.10575
0.390000000955,2.137
0.390010000955,2.16825
0.390020000955,2.137
0.390030000955,2.16825
0.390040000955,2.137
0.390050000955,2.137
0.390060000955,2.137
0.390070000955,2.137
0.390080000955,2.137
0.390090000955,2.137
0.390100000955,2.16825
0.390110000955,2.137
0.390120000955,2.16825
0.390130000955,2.16825
0.390140000955,2.137
0.390150000955,2.137
0.390160000955,2.16825
0.390170000955,2.137
0.390180000955,2.137
0.390190000955,2.137
0.390200000955,2.16825
0.390210000955,2.10575
0.390220000955,2.137
0.390230000955,2.137
0.390240000955,2.137
0.390250000955,2.137
0.390260000955,2.16825
0.390270000955,2.137
0.390280000955,2.137
0.390290000955,2.137
0.390300000955,2.16825
0.390310000955,2.16825
0.390320000955,2.137
0.390330000955,2.16825
0.390340000955,2.16825
0.390350000955,2.137
0.390360000955,2.137
0.390370000955,2.16825
0.390380000955,2.137
0.390390000955,2.137
0.390400000955,2.137
0.390410000955,2.10575
0.390420000955,2.137
0.390430000955,2.16825
0.390440000955,2.137
0.390450000955,2.16825
0.390460000955,2.16825
0.390470000955,2.16825
0.390480000955,2.137
0.390490000955,2.137
0.390500000955,2.137
0.390510000955,2.137
0.390520000955,2.16825
0.390530000955,2.16825
0.390540000955,2.16825
0.390550000955,2.137
0.390560000955,2.137
0.390570000955,2.137
0.390580000955,2.137
0.390590000955,2.1995
0.390600000955,2.137
0.390610000955,2.137
0.390620000955,2.137
0.390630000955,2.137
0.390640000955,2.1995
0.390650000955,2.16825
0.390660000955,2.137
0.390670000955,2.137
0.390680000955,2.16825
0.390690000955,2.16825
0.390700000955,2.16825
0.390710000955,2.16825
0.390720000955,2.137
0.390730000955,2.137
0.390740000955,2.137
0.390750000955,2.137
0.390760000955,2.137
0.390770000955,2.137
0.390780000955,2.16825
0.390790000955,2.137
0.390800000955,2.137
0.390810000955,2.137
0.390820000955,2.16825
0.390830000955,2.16825
0.390840000955,2.137
0.390850000955,2.137
0.390860000955,2.137
0.390870000955,2.16825
0.390880000955,2.1995
0.390890000955,2.10575
0.390900000955,2.137
0.390910000955,2.16825
0.390920000955,2.137
0.390930000955,2.137
0.390940000955,2.1995
0.390950000955,2.16825
0.390960000955,2.16825
0.390970000955,2.137
0.390980000955,2.16825
0.390990000955,2.1995
0.391000000955,2.137
0.391010000955,2.137
0.391020000955,2.16825
0.391030000955,2.10575
0.391040000955,2.137
0.391050000955,2.137
0.391060000955,2.137
0.391070000955,2.137
0.391080000955,2.137
0.391090000955,2.16825
0.391100000955,2.16825
0.391110000955,2.16825
0.391120000955,2.137
0.391130000955,2.10575
0.391140000955,2.16825
0.391150000955,2.137
0.391160000955,2.137
0.391170000955,2.16825
0.391180000955,2.137
0.391190000955,2.16825
0.391200000955,2.137
0.391210000955,2.16825
0.391220000955,2.137
0.391230000955,2.16825
0.391240000955,2.137
0.391250000955,2.137
0.391260000955,2.137
0.391270000955,2.137
0.391280000955,2.137
0.391290000955,2.137
0.391300000955,2.137
0.391310000955,2.16825
0.391320000955,2.137
0.391330000955,2.16825
0.391340000955,2.137
0.391350000955,2.16825
0.391360000955,2.137
0.391370000955,2.137
0.391380000955,2.16825
0.391390000955,2.16825
0.391400000955,2.137
0.391410000955,2.16825
0.391420000955,2.16825
0.391430000955,2.137
0.391440000955,2.137
0.391450000955,2.16825
0.391460000955,2.137
0.391470000955,2.16825
0.391480000955,2.16825
0.391490000955,2.137
0.391500000955,2.10575
0.391510000955,2.16825
0.391520000955,2.16825
0.391530000955,2.16825
0.391540000955,2.137
0.391550000955,2.137
0.391560000955,2.16825
0.391570000955,2.137
0.391580000955,2.137
0.391590000955,2.137
0.391600000955,2.137
0.391610000955,2.16825
0.391620000955,2.16825
0.391630000955,2.10575
0.391640000955,2.16825
0.391650000955,2.137
0.391660000955,2.137
0.391670000955,2.137
0.391680000955,2.137
0.391690000955,2.137
0.391700000955,2.16825
0.391710000955,2.10575
0.391720000955,2.16825
0.391730000955,2.137
0.391740000955,2.137
0.391750000955,2.16825
0.391760000955,2.137
0.391770000955,2.137
0.391780000955,2.16825
0.391790000955,2.137
0.391800000955,2.10575
0.391810000955,2.137
0.391820000955,2.137
0.391830000955,2.16825
0.391840000955,2.137
0.391850000955,2.137
0.391860000955,2.137
0.391870000955,2.137
0.391880000955,2.137
0.391890000955,2.16825
0.391900000955,2.137
0.391910000955,2.16825
0.391920000955,2.137
0.391930000955,2.137
0.391940000955,2.137
0.391950000955,2.137
0.391960000955,2.137
0.391970000955,2.137
0.391980000955,2.137
0.391990000955,2.16825
0.392000000955,2.10575
0.392010000955,2.16825
0.392020000955,2.16825
0.392030000955,2.16825
0.392040000955,2.137
0.392050000955,2.137
0.392060000955,2.137
0.392070000955,2.16825
0.392080000955,2.137
0.392090000955,2.137
0.392100000955,2.16825
0.392110000955,2.1995
0.392120000955,2.16825
0.392130000955,2.137
0.392140000955,2.16825
0.392150000955,2.137
0.392160000955,2.16825
0.392170000955,2.137
0.392180000955,2.16825
0.392190000955,2.137
0.392200000955,2.137
0.392210000955,2.137
0.392220000955,2.137
0.392230000955,2.16825
0.392240000955,2.16825
0.392250000955,2.137
0.392260000955,2.16825
0.392270000955,2.16825
0.392280000955,2.137
0.392290000955,2.137
0.392300000955,2.16825
0.392310000955,2.137
0.392320000955,2.137
0.392330000955,2.137
0.392340000955,2.16825
0.392350000955,2.137
0.392360000955,2.137
0.392370000955,2.16825
0.392380000955,2.137
0.392390000955,2.137
0.392400000955,2.16825
0.392410000955,2.137
0.392420000955,2.16825
0.392430000955,2.10575
0.392440000955,2.16825
0.392450000955,2.137
0.392460000955,2.137
0.392470000955,2.137
0.392480000955,2.16825
0.392490000955,2.16825
0.392500000955,2.137
0.392510000955,2.137
0.392520000955,2.16825
0.392530000955,2.16825
0.392540000955,2.16825
0.392550000955,2.137
0.392560000955,2.137
0.392570000955,2.10575
0.392580000955,2.137
0.392590000955,2.137
0.392600000955,2.16825
0.392610000955,2.1995
0.392620000955,2.137
0.392630000955,2.16825
0.392640000955,2.16825
0.392650000955,2.16825
0.392660000955,2.10575
0.392670000955,2.1995
0.392680000955,2.137
0.392690000955,2.137
0.392700000955,2.137
0.392710000955,2.10575
0.392720000955,2.16825
0.392730000955,2.10575
0.392740000955,2.16825
0.392750000955,2.137
0.392760000955,2.16825
0.392770000955,2.137
0.392780000955,2.16825
0.392790000955,2.16825
0.392800000955,2.137
0.392810000955,2.137
0.392820000955,2.137
0.392830000955,2.137
0.392840000955,2.16825
0.392850000955,2.1995
0.392860000955,2.137
0.392870000955,2.16825
0.392880000955,2.137
0.392890000955,2.137
0.392900000955,2.16825
0.392910000955,2.16825
0.392920000955,2.16825
0.392930000955,2.16825
0.392940000955,2.16825
0.392950000955,2.137
0.392960000955,2.137
0.392970000955,2.137
0.392980000955,2.16825
0.392990000955,2.137
0.393000000955,2.16825
0.393010000955,2.137
0.393020000955,2.137
0.393030000955,2.137
0.393040000955,2.137
0.393050000955,2.16825
0.393060000955,2.137
0.393070000955,2.137
0.393080000955,2.10575
0.393090000955,2.137
0.393100000955,2.16825
0.393110000955,2.1995
0.393120000955,2.137
0.393130000955,2.16825
0.393140000955,2.137
0.393150000955,2.16825
0.393160000955,2.10575
0.393170000955,2.23075
0.393180000955,2.137
0.393190000955,2.137
0.393200000955,2.16825
0.393210000955,2.16825
0.393220000955,2.16825
0.393230000955,2.1995
0.393240000955,2.137
0.393250000955,2.137
0.393260000955,2.137
0.393270000955,2.137
0.393280000955,2.16825
0.393290000955,2.16825
0.393300000955,2.10575
0.393310000955,2.137
0.393320000955,2.16825
0.393330000955,2.137
0.393340000955,2.137
0.393350000955,2.10575
0.393360000955,2.137
0.393370000955,2.16825
0.393380000955,2.16825
0.393390000955,2.16825
0.393400000955,2.16825
0.393410000955,2.16825
0.393420000955,2.137
0.393430000955,2.137
0.393440000955,2.137
0.393450000955,2.137
0.393460000955,2.16825
0.393470000955,2.16825
0.393480000955,2.137
0.393490000955,2.1995
0.393500000955,2.16825
0.393510000955,2.16825
0.393520000955,2.137
0.393530000955,2.137
0.393540000955,2.16825
0.393550000955,2.137
0.393560000955,2.16825
0.393570000955,2.137
0.393580000955,2.137
0.393590000955,2.16825
0.393600000955,2.137
0.393610000955,2.137
0.393620000955,2.137
0.393630000955,2.16825
0.393640000955,2.16825
0.393650000955,2.137
0.393660000955,2.16825
0.393670000955,2.137
0.393680000955,2.16825
0.393690000955,2.137
0.393700000955,2.16825
0.393710000955,2.16825
0.393720000955,2.137
0.393730000955,2.137
0.393740000955,2.137
0.393750000955,2.137
0.393760000955,2.137
0.393770000955,2.137
0.393780000955,2.16825
0.393790000955,2.16825
0.393800000955,2.16825
0.393810000955,2.137
0.393820000955,2.137
0.393830000955,2.137
0.393840000955,2.137
0.393850000955,2.16825
0.393860000955,2.137
0.393870000955,2.137
0.393880000955,2.137
0.393890000955,2.137
0.393900000955,2.16825
0.393910000955,2.16825
0.393920000955,2.1995
0.393930000955,2.137
0.393940000955,2.16825
0.393950000955,2.137
0.393960000955,2.16825
0.393970000955,2.16825
0.393980000955,2.137
0.393990000955,2.137
0.394000000955,2.16825
0.394010000955,2.137
0.394020000955,2.137
0.394030000955,2.16825
0.394040000955,2.137
0.394050000955,2.16825
0.394060000955,2.137
0.394070000955,2.137
0.394080000955,2.137
0.394090000955,2.16825
0.394100000955,2.137
0.394110000955,2.137
0.394120000955,2.137
0.394130000955,2.137
0.394140000955,2.10575
0.394150000955,2.137
0.394160000955,2.137
0.394170000955,2.16825
0.394180000955,2.137
0.394190000955,2.137
0.394200000955,2.137
0.394210000955,2.16825
0.394220000955,2.16825
0.394230000955,2.16825
0.394240000955,2.16825
0.394250000955,2.137
0.394260000955,2.16825
0.394270000955,2.137
0.394280000955,2.16825
0.394290000955,2.137
0.394300000955,2.137
0.394310000955,2.16825
0.394320000955,2.16825
0.394330000955,2.137
0.394340000955,2.16825
0.394350000955,2.16825
0.394360000955,2.16825
0.394370000955,2.16825
0.394380000955,2.16825
0.394390000955,2.16825
0.394400000955,2.16825
0.394410000955,2.137
0.394420000955,2.16825
0.394430000955,2.10575
0.394440000955,2.137
0.394450000955,2.16825
0.394460000955,2.137
0.394470000955,2.16825
0.394480000955,2.137
0.394490000955,2.10575
0.394500000955,2.137
0.394510000955,2.137
0.394520000955,2.137
0.394530000955,2.137
0.394540000955,2.1995
0.394550000955,2.16825
0.394560000955,2.137
0.394570000955,2.16825
0.394580000955,2.1995
0.394590000955,2.137
0.394600000955,2.137
0.394610000955,2.137
0.394620000955,2.16825
0.394630000955,2.16825
0.394640000955,2.137
0.394650000955,2.137
0.394660000955,2.16825
0.394670000955,2.16825
0.394680000955,2.16825
0.394690000955,2.137
0.394700000955,2.137
0.394710000955,2.1995
0.394720000955,2.1995
0.394730000955,2.16825
0.394740000955,2.16825
0.394750000955,2.16825
0.394760000955,2.137
0.394770000955,2.16825
0.394780000955,2.16825
0.394790000955,2.16825
0.394800000955,2.16825
0.394810000955,2.16825
0.394820000955,2.137
0.394830000955,2.137
0.394840000955,2.16825
0.394850000955,2.137
0.394860000955,2.137
0.394870000955,2.137
0.394880000955,2.16825
0.394890000955,2.137
0.394900000955,2.16825
0.394910000955,2.16825
0.394920000955,2.137
0.394930000955,2.16825
0.394940000955,2.137
0.394950000955,2.137
0.394960000955,2.16825
0.394970000955,2.137
0.394980000955,2.16825
0.394990000955,2.16825
0.395000000955,2.137
0.395010000955,2.137
0.395020000955,2.137
0.395030000955,2.10575
0.395040000955,2.16825
0.395050000955,2.16825
0.395060000955,2.10575
0.395070000955,2.137
0.395080000955,2.16825
0.395090000955,2.137
0.395100000955,2.137
0.395110000955,2.16825
0.395120000955,2.16825
0.395130000955,2.10575
0.395140000955,2.137
0.395150000955,2.137
0.395160000955,2.16825
0.395170000955,2.137
0.395180000955,2.137
0.395190000955,2.1995
0.395200000955,2.16825
0.395210000955,2.137
0.395220000955,2.16825
0.395230000955,2.137
0.395240000955,2.16825
0.395250000955,2.16825
0.395260000955,2.16825
0.395270000955,2.16825
0.395280000955,2.10575
0.395290000955,2.16825
0.395300000955,2.16825
0.395310000955,2.16825
0.395320000955,2.16825
0.395330000955,2.16825
0.395340000955,2.16825
0.395350000955,2.16825
0.395360000955,2.16825
0.395370000955,2.137
0.395380000955,2.137
0.395390000955,2.137
0.395400000955,2.137
0.395410000955,2.137
0.395420000955,2.137
0.395430000955,2.16825
0.395440000955,2.16825
0.395450000955,2.16825
0.395460000955,2.137
0.395470000955,2.16825
0.395480000955,2.16825
0.395490000955,2.1995
0.395500000955,2.16825
0.395510000955,2.137
0.395520000955,2.16825
0.395530000955,2.16825
0.395540000955,2.16825
0.395550000955,2.16825
0.395560000955,2.137
0.395570000955,2.16825
0.395580000955,2.16825
0.395590000955,2.16825
0.395600000955,2.137
0.395610000955,2.16825
0.395620000955,2.137
0.395630000955,2.1995
0.395640000955,2.16825
0.395650000955,2.16825
0.395660000955,2.137
0.395670000955,2.137
0.395680000955,2.16825
0.395690000955,2.16825
0.395700000955,2.137
0.395710000955,2.10575
0.395720000955,2.16825
0.395730000955,2.16825
0.395740000955,2.16825
0.395750000955,2.137
0.395760000955,2.137
0.395770000955,2.16825
0.395780000955,2.137
0.395790000955,2.16825
0.395800000955,2.16825
0.395810000955,2.16825
0.395820000955,2.16825
0.395830000955,2.16825
0.395840000955,2.137
0.395850000955,2.137
0.395860000955,2.137
0.395870000955,2.16825
0.395880000955,2.16825
0.395890000955,2.1995
0.395900000955,2.16825
0.395910000955,2.16825
0.395920000955,2.16825
0.395930000955,2.1995
0.395940000955,2.137
0.395950000955,2.16825
0.395960000955,2.1995
0.395970000955,2.137
0.395980000955,2.137
0.395990000955,2.16825
0.396000000955,2.137
0.396010000955,2.137
0.396020000955,2.16825
0.396030000955,2.16825
0.396040000955,2.137
0.396050000955,2.137
0.396060000955,2.137
0.396070000955,2.137
0.396080000955,2.137
0.396090000955,2.16825
0.396100000955,2.16825
0.396110000955,2.137
0.396120000955,2.16825
0.396130000955,2.16825
0.396140000955,2.16825
0.396150000955,2.16825
0.396160000955,2.137
0.396170000955,2.137
0.396180000955,2.10575
0.396190000955,2.137
0.396200000955,2.23075
0.396210000955,2.16825
0.396220000955,2.137
0.396230000955,2.1995
0.396240000955,2.16825
0.396250000955,2.137
0.396260000955,2.16825
0.396270000955,2.137
0.396280000955,2.10575
0.396290000955,2.1995
0.396300000955,2.137
0.396310000955,2.16825
0.396320000955,2.16825
0.396330000955,2.16825
0.396340000955,2.137
0.396350000955,2.137
0.396360000955,2.16825
0.396370000955,2.16825
0.396380000955,2.16825
0.396390000955,2.137
0.396400000955,2.137
0.396410000955,2.137
0.396420000955,2.137
0.396430000955,2.16825
0.396440000955,2.16825
0.396450000955,2.137
0.396460000955,2.137
0.396470000955,2.16825
0.396480000955,2.137
0.396490000955,2.16825
0.396500000955,2.16825
0.396510000955,2.16825
0.396520000955,2.16825
0.396530000955,2.16825
0.396540000955,2.137
0.396550000955,2.16825
0.396560000955,2.16825
0.396570000955,2.16825
0.396580000955,2.16825
0.396590000955,2.16825
0.396600000955,2.16825
0.396610000955,2.16825
0.396620000955,2.137
0.396630000955,2.16825
0.396640000955,2.137
0.396650000955,2.16825
0.396660000955,2.16825
0.396670000955,2.16825
0.396680000955,2.16825
0.396690000955,2.137
0.396700000955,2.16825
0.396710000955,2.1995
0.396720000955,2.16825
0.396730000955,2.16825
0.396740000955,2.16825
0.396750000955,2.10575
0.396760000955,2.137
0.396770000955,2.137
0.396780000955,2.16825
0.396790000955,2.137
0.396800000955,2.137
0.396810000955,2.137
0.396820000955,2.16825
0.396830000955,2.16825
0.396840000955,2.16825
0.396850000955,2.16825
0.396860000955,2.137
0.396870000955,2.16825
0.396880000955,2.137
0.396890000955,2.16825
0.396900000955,2.16825
0.396910000955,2.16825
0.396920000955,2.137
0.396930000955,2.137
0.396940000955,2.16825
0.396950000955,2.16825
0.396960000955,2.16825
0.396970000955,2.137
0.396980000955,2.137
0.396990000955,2.137
0.397000000955,2.16825
0.397010000955,2.137
0.397020000955,2.16825
0.397030000955,2.16825
0.397040000955,2.16825
0.397050000955,2.16825
0.397060000955,2.137
0.397070000955,2.16825
0.397080000955,2.16825
0.397090000955,2.16825
0.397100000955,2.137
0.397110000955,2.137
0.397120000955,2.137
0.397130000955,2.16825
0.397140000955,2.16825
0.397150000955,2.16825
0.397160000955,2.16825
0.397170000955,2.16825
0.397180000955,2.16825
0.397190000955,2.137
0.397200000955,2.1995
0.397210000955,2.16825
0.397220000955,2.16825
0.397230000955,2.137
0.397240000955,2.16825
0.397250000955,2.16825
0.397260000955,2.16825
0.397270000955,2.137
0.397280000955,2.137
0.397290000955,2.16825
0.397300000955,2.16825
0.397310000955,2.16825
0.397320000955,2.16825
0.397330000955,2.16825
0.397340000955,2.137
0.397350000955,2.16825
0.397360000955,2.1995
0.397370000955,2.16825
0.397380000955,2.16825
0.397390000955,2.137
0.397400000955,2.16825
0.397410000955,2.16825
0.397420000955,2.137
0.397430000955,2.16825
0.397440000955,2.16825
0.397450000955,2.137
0.397460000955,2.16825
0.397470000955,2.16825
0.397480000955,2.137
0.397490000955,2.16825
0.397500000955,2.16825
0.397510000955,2.137
0.397520000955,2.137
0.397530000955,2.16825
0.397540000955,2.137
0.397550000955,2.16825
0.397560000955,2.137
0.397570000955,2.10575
0.397580000955,2.16825
0.397590000955,2.16825
0.397600000955,2.16825
0.397610000955,2.16825
0.397620000955,2.16825
0.397630000955,2.16825
0.397640000955,2.137
0.397650000955,2.1995
0.397660000955,2.16825
0.397670000955,2.1995
0.397680000955,2.16825
0.397690000955,2.137
0.397700000955,2.1995
0.397710000955,2.16825
0.397720000955,2.137
0.397730000955,2.10575
0.397740000955,2.16825
0.397750000955,2.16825
0.397760000955,2.137
0.397770000955,2.16825
0.397780000955,2.16825
0.397790000955,2.16825
0.397800000955,2.1995
0.397810000955,2.16825
0.397820000955,2.1995
0.397830000955,2.16825
0.397840000955,2.16825
0.397850000955,2.16825
0.397860000955,2.16825
0.397870000955,2.1995
0.397880000955,2.137
0.397890000955,2.16825
0.397900000955,2.16825
0.397910000955,2.137
0.397920000955,2.16825
0.397930000955,2.137
0.397940000955,2.16825
0.397950000955,2.137
0.397960000955,2.137
0.397970000955,2.137
0.397980000955,2.137
0.397990000955,2.16825
0.398000000955,2.16825
0.398010000955,2.16825
0.398020000955,2.16825
0.398030000955,2.16825
0.398040000955,2.16825
0.398050000955,2.137
0.398060000955,2.16825
0.398070000955,2.137
0.398080000955,2.16825
0.398090000955,2.16825
0.398100000955,2.16825
0.398110000955,2.16825
0.398120000955,2.16825
0.398130000955,2.16825
0.398140000955,2.1995
0.398150000955,2.16825
0.398160000955,2.137
0.398170000955,2.16825
0.398180000955,2.16825
0.398190000955,2.1995
0.398200000955,2.137
0.398210000955,2.137
0.398220000955,2.1995
0.398230000955,2.137
0.398240000955,2.1995
0.398250000955,2.137
0.398260000955,2.137
0.398270000955,2.137
0.398280000955,2.16825
0.398290000955,2.16825
0.398300000955,2.137
0.398310000955,2.137
0.398320000955,2.137
0.398330000955,2.16825
0.398340000955,2.137
0.398350000955,2.137
0.398360000955,2.16825
0.398370000955,2.137
0.398380000955,2.137
0.398390000955,2.16825
0.398400000955,2.1995
0.398410000955,2.137
0.398420000955,2.137
0.398430000955,2.137
0.398440000955,2.137
0.398450000955,2.1995
0.398460000955,2.16825
0.398470000955,2.137
0.398480000955,2.137
0.398490000955,2.137
0.398500000955,2.137
0.398510000955,2.16825
0.398520000955,2.16825
0.398530000955,2.16825
0.398540000955,2.16825
0.398550000955,2.16825
0.398560000955,2.10575
0.398570000955,2.16825
0.398580000955,2.1995
0.398590000955,2.137
0.398600000955,2.16825
0.398610000955,2.137
0.398620000955,2.137
0.398630000955,2.16825
0.398640000955,2.137
0.398650000955,2.137
0.398660000955,2.137
0.398670000955,2.137
0.398680000955,2.16825
0.398690000955,2.10575
0.398700000955,2.137
0.398710000955,2.137
0.398720000955,2.16825
0.398730000955,2.16825
0.398740000955,2.16825
0.398750000955,2.16825
0.398760000955,2.10575
0.398770000955,2.1995
0.398780000955,2.16825
0.398790000955,2.10575
0.398800000955,2.16825
0.398810000955,2.16825
0.398820000955,2.16825
0.398830000955,2.16825
0.398840000955,2.137
0.398850000955,2.16825
0.398860000955,2.1995
0.398870000955,2.16825
0.398880000955,2.16825
0.398890000955,2.16825
0.398900000955,2.16825
0.398910000955,2.137
0.398920000955,2.10575
0.398930000955,2.137
0.398940000955,2.16825
0.398950000955,2.16825
0.398960000955,2.16825
0.398970000955,2.16825
0.398980000955,2.137
0.398990000955,2.16825
0.399000000955,2.137
0.399010000955,2.16825
0.399020000955,2.16825
0.399030000955,2.16825
0.399040000955,2.16825
0.399050000955,2.137
0.399060000955,2.137
0.399070000955,2.16825
0.399080000955,2.1995
0.399090000955,2.16825
0.399100000955,2.16825
0.399110000955,2.137
0.399120000955,2.16825
0.399130000955,2.16825
0.399140000955,2.16825
0.399150000955,2.137
0.399160000955,2.16825
0.399170000955,2.1995
0.399180000955,2.137
0.399190000955,2.137
0.399200000955,2.16825
0.399210000955,2.16825
0.399220000955,2.137
0.399230000955,2.137
0.399240000955,2.16825
0.399250000955,2.16825
0.399260000955,2.16825
0.399270000955,2.16825
0.399280000955,2.16825
0.399290000955,2.16825
0.399300000955,2.1995
0.399310000955,2.16825
0.399320000955,2.137
0.399330000955,2.137
0.399340000955,2.137
0.399350000955,2.137
0.399360000955,2.16825
0.399370000955,2.137
0.399380000955,2.16825
0.399390000955,2.16825
0.399400000955,2.137
0.399410000955,2.137
0.399420000955,2.1995
0.399430000955,2.1995
0.399440000955,2.16825
0.399450000955,2.137
0.399460000955,2.16825
0.399470000955,2.16825
0.399480000955,2.137
0.399490000955,2.137
0.399500000955,2.1995
0.399510000955,2.137
0.399520000955,2.16825
0.399530000955,2.137
0.399540000955,2.137
0.399550000955,2.16825
0.399560000955,2.137
0.399570000955,2.16825
0.399580000955,2.16825
0.399590000955,2.137
0.399600000955,2.16825
0.399610000955,2.137
0.399620000955,2.137
0.399630000955,2.16825
0.399640000955,2.1995
0.399650000955,2.16825
0.399660000955,2.137
0.399670000955,2.137
0.399680000955,2.16825
0.399690000955,2.10575
0.399700000955,2.137
0.399710000955,2.16825
0.399720000955,2.16825
0.399730000955,2.16825
0.399740000955,2.137
0.399750000955,2.137
0.399760000955,2.16825
0.399770000955,2.137
0.399780000955,2.16825
0.399790000955,2.16825
0.399800000955,2.16825
0.399810000955,2.137
0.399820000955,2.137
0.399830000955,2.137
0.399840000955,2.16825
0.399850000955,2.16825
0.399860000955,2.137
0.399870000955,2.16825
0.399880000955,2.16825
0.399890000955,2.16825
0.399900000955,2.1995
0.399910000955,2.16825
0.399920000955,2.1995
0.399930000955,2.16825
0.399940000955,2.137
0.399950000955,2.137
0.399960000955,2.137
0.399970000955,2.137
0.399980000955,2.1995
0.399990000955,2.16825
0.400000000955,2.16825
0.400010000955,2.16825
0.400020000955,2.16825
0.400030000955,2.1995
0.400040000955,2.10575
0.400050000955,2.1995
0.400060000955,2.137
0.400070000955,2.16825
0.400080000955,2.16825
0.400090000955,2.16825
0.400100000955,2.16825
0.400110000955,2.16825
0.400120000955,2.16825
0.400130000955,2.16825
0.400140000955,2.16825
0.400150000955,2.16825
0.400160000955,2.16825
0.400170000955,2.16825
0.400180000955,2.16825
0.400190000955,2.137
0.400200000955,2.137
0.400210000955,2.137
0.400220000955,2.16825
0.400230000955,2.1995
0.400240000955,2.137
0.400250000955,2.137
0.400260000955,2.137
0.400270000955,2.16825
0.400280000955,2.137
0.400290000955,2.137
0.400300000955,2.16825
0.400310000955,2.16825
0.400320000955,2.137
0.400330000955,2.16825
0.400340000955,2.16825
0.400350000955,2.137
0.400360000955,2.137
0.400370000955,2.137
0.400380000955,2.16825
0.400390000955,2.137
0.400400000955,2.137
0.400410000955,2.1995
0.400420000955,2.16825
0.400430000955,2.1995
0.400440000955,2.16825
0.400450000955,2.137
0.400460000955,2.137
0.400470000955,2.1995
0.400480000955,2.16825
0.400490000955,2.137
0.400500000955,2.137
0.400510000955,2.137
0.400520000955,2.16825
0.400530000955,2.16825
0.400540000955,2.16825
0.400550000955,2.137
0.400560000955,2.16825
0.400570000955,2.137
0.400580000955,2.16825
0.400590000955,2.137
0.400600000955,2.16825
0.400610000955,2.137
0.400620000955,2.10575
0.400630000955,2.137
0.400640000955,2.1995
0.400650000955,2.137
0.400660000955,2.137
0.400670000955,2.16825
0.400680000955,2.16825
0.400690000955,2.16825
0.400700000955,2.137
0.400710000955,2.137
0.400720000955,2.16825
0.400730000955,2.137
0.400740000955,2.16825
0.400750000955,2.137
0.400760000955,2.16825
0.400770000955,2.16825
0.400780000955,2.1995
0.400790000955,2.16825
0.400800000955,2.137
0.400810000955,2.16825
0.400820000955,2.16825
0.400830000955,2.137
0.400840000955,2.137
0.400850000955,2.137
0.400860000955,2.16825
0.400870000955,2.137
0.400880000955,2.137
0.400890000955,2.16825
0.400900000955,2.16825
0.400910000955,2.16825
0.400920000955,2.16825
0.400930000955,2.137
0.400940000955,2.16825
0.400950000955,2.137
0.400960000955,2.16825
0.400970000955,2.137
0.400980000955,2.16825
0.400990000955,2.137
0.401000000955,2.137
0.401010000955,2.16825
0.401020000955,2.16825
0.401030000955,2.16825
0.401040000955,2.137
0.401050000955,2.16825
0.401060000955,2.16825
0.401070000955,2.16825
0.401080000955,2.16825
0.401090000955,2.137
0.401100000955,2.137
0.401110000955,2.16825
0.401120000955,2.137
0.401130000955,2.137
0.401140000955,2.16825
0.401150000955,2.137
0.401160000955,2.16825
0.401170000955,2.16825
0.401180000955,2.16825
0.401190000955,2.137
0.401200000955,2.137
0.401210000955,2.137
0.401220000955,2.16825
0.401230000955,2.1995
0.401240000955,2.16825
0.401250000955,2.137
0.401260000955,2.16825
0.401270000955,2.16825
0.401280000955,2.16825
0.401290000955,2.137
0.401300000955,2.16825
0.401310000955,2.16825
0.401320000955,2.1995
0.401330000955,2.137
0.401340000955,2.137
0.401350000955,2.137
0.401360000955,2.137
0.401370000955,2.16825
0.401380000955,2.16825
0.401390000955,2.16825
0.401400000955,2.16825
0.401410000955,2.137
0.401420000955,2.1995
0.401430000955,2.16825
0.401440000955,2.137
0.401450000955,2.16825
0.401460000955,2.16825
0.401470000955,2.16825
0.401480000955,2.16825
0.401490000955,2.16825
0.401500000955,2.137
0.401510000955,2.16825
0.401520000955,2.16825
0.401530000955,2.137
0.401540000955,2.137
0.401550000955,2.137
0.401560000955,2.137
0.401570000955,2.16825
0.401580000955,2.16825
0.401590000955,2.16825
0.401600000955,2.16825
0.401610000955,2.1995
0.401620000955,2.16825
0.401630000955,2.1995
0.401640000955,2.16825
0.401650000955,2.16825
0.401660000955,2.137
0.401670000955,2.137
0.401680000955,2.16825
0.401690000955,2.16825
0.401700000955,2.1995
0.401710000955,2.16825
0.401720000955,2.137
0.401730000955,2.16825
0.401740000955,2.1995
0.401750000955,2.16825
0.401760000955,2.16825
0.401770000955,2.137
0.401780000955,2.16825
0.401790000955,2.137
0.401800000955,2.137
0.401810000955,2.16825
0.401820000955,2.137
0.401830000955,2.137
0.401840000955,2.137
0.401850000955,2.137
0.401860000955,2.16825
0.401870000955,2.16825
0.401880000955,2.16825
0.401890000955,2.16825
0.401900000955,2.16825
0.401910000955,2.137
0.401920000955,2.137
0.401930000955,2.1995
0.401940000955,2.16825
0.401950000955,2.1995
0.401960000955,2.16825
0.401970000955,2.16825
0.401980000955,2.16825
0.401990000955,2.1995
0.402000000955,2.16825
0.402010000955,2.16825
0.402020000955,2.16825
0.402030000955,2.16825
0.402040000955,2.16825
0.402050000955,2.16825
0.402060000955,2.137
0.402070000955,2.16825
0.402080000955,2.16825
0.402090000955,2.137
0.402100000955,2.137
0.402110000955,2.137
0.402120000955,2.137
0.402130000955,2.137
0.402140000955,2.16825
0.402150000955,2.16825
0.402160000955,2.16825
0.402170000955,2.137
0.402180000955,2.137
0.402190000955,2.137
0.402200000955,2.137
0.402210000955,2.16825
0.402220000955,2.16825
0.402230000955,2.16825
0.402240000955,2.137
0.402250000955,2.137
0.402260000955,2.16825
0.402270000955,2.16825
0.402280000955,2.16825
0.402290000955,2.1995
0.402300000955,2.137
0.402310000955,2.16825
0.402320000955,2.1995
0.402330000955,2.16825
0.402340000955,2.16825
0.402350000955,2.16825
0.402360000955,2.137
0.402370000955,2.16825
0.402380000955,2.137
0.402390000955,2.137
0.402400000955,2.1995
0.402410000955,2.137
0.402420000955,2.16825
0.402430000955,2.16825
0.402440000955,2.16825
0.402450000955,2.137
0.402460000955,2.16825
0.402470000955,2.16825
0.402480000955,2.16825
0.402490000955,2.16825
0.402500000955,2.16825
0.402510000955,2.137
0.402520000955,2.16825
0.402530000955,2.1995
0.402540000955,2.137
0.402550000955,2.16825
0.402560000955,2.16825
0.402570000955,2.137
0.402580000955,2.16825
0.402590000955,2.137
0.402600000955,2.1995
0.402610000955,2.16825
0.402620000955,2.137
0.402630000955,2.137
0.402640000955,2.16825
0.402650000955,2.16825
0.402660000955,2.16825
0.402670000955,2.137
0.402680000955,2.1995
0.402690000955,2.16825
0.402700000955,2.16825
0.402710000955,2.16825
0.402720000955,2.16825
0.402730000955,2.16825
0.402740000955,2.1995
0.402750000955,2.16825
0.402760000955,2.16825
0.402770000955,2.16825
0.402780000955,2.16825
0.402790000955,2.1995
0.402800000955,2.137
0.402810000955,2.16825
0.402820000955,2.1995
0.402830000955,2.16825
0.402840000955,2.137
0.402850000955,2.16825
0.402860000955,2.16825
0.402870000955,2.137
0.402880000955,2.1995
0.402890000955,2.16825
0.402900000955,2.137
0.402910000955,2.137
0.402920000955,2.16825
0.402930000955,2.16825
0.402940000955,2.10575
0.402950000955,2.16825
0.402960000955,2.1995
0.402970000955,2.137
0.402980000955,2.16825
0.402990000955,2.137
0.403000000955,2.16825
0.403010000955,2.137
0.403020000955,2.16825
0.403030000955,2.16825
0.403040000955,2.1995
0.403050000955,2.16825
0.403060000955,2.16825
0.403070000955,2.137
0.403080000955,2.16825
0.403090000955,2.137
0.403100000955,2.16825
0.403110000955,2.16825
0.403120000955,2.16825
0.403130000955,2.137
0.403140000955,2.16825
0.403150000955,2.137
0.403160000955,2.16825
0.403170000955,2.1995
0.403180000955,2.16825
0.403190000955,2.16825
0.403200000955,2.137
0.403210000955,2.16825
0.403220000955,2.16825
0.403230000955,2.16825
0.403240000955,2.137
0.403250000955,2.16825
0.403260000955,2.137
0.403270000955,2.16825
0.403280000955,2.16825
0.403290000955,2.137
0.403300000955,2.137
0.403310000955,2.137
0.403320000955,2.16825
0.403330000955,2.1995
0.403340000955,2.16825
0.403350000955,2.137
0.403360000955,2.137
0.403370000955,2.137
0.403380000955,2.10575
0.403390000955,2.16825
0.403400000955,2.16825
0.403410000955,2.16825
0.403420000955,2.16825
0.403430000955,2.16825
0.403440000955,2.16825
0.403450000955,2.16825
0.403460000955,2.16825
0.403470000955,2.16825
0.403480000955,2.16825
0.403490000955,2.137
0.403500000955,2.16825
0.403510000955,2.16825
0.403520000955,2.16825
0.403530000955,2.16825
0.403540000955,2.16825
0.403550000955,2.16825
0.403560000955,2.16825
0.403570000955,2.1995
0.403580000955,2.16825
0.403590000955,2.137
0.403600000955,2.1995
0.403610000955,2.16825
0.403620000955,2.1995
0.403630000955,2.16825
0.403640000955,2.137
0.403650000955,2.137
0.403660000955,2.1995
0.403670000955,2.137
0.403680000955,2.137
0.403690000955,2.137
0.403700000955,2.10575
0.403710000955,2.16825
0.403720000955,2.16825
0.403730000955,2.16825
0.403740000955,2.16825
0.403750000955,2.1995
0.403760000955,2.1995
0.403770000955,2.16825
0.403780000955,2.137
0.403790000955,2.137
0.403800000955,2.16825
0.403810000955,2.16825
0.403820000955,2.16825
0.403830000955,2.16825
0.403840000955,2.16825
0.403850000955,2.137
0.403860000955,2.16825
0.403870000955,2.16825
0.403880000955,2.16825
0.403890000955,2.16825
0.403900000955,2.1995
0.403910000955,2.137
0.403920000955,2.137
0.403930000955,2.16825
0.403940000955,2.137
0.403950000955,2.137
0.403960000955,2.1995
0.403970000955,2.137
0.403980000955,2.16825
0.403990000955,2.16825
0.404000000955,2.137
0.404010000955,2.16825
0.404020000955,2.137
0.404030000955,2.16825
0.404040000955,2.16825
0.404050000955,2.137
0.404060000955,2.16825
0.404070000955,2.137
0.404080000955,2.16825
0.404090000955,2.16825
0.404100000955,2.1995
0.404110000955,2.16825
0.404120000955,2.16825
0.404130000955,2.137
0.404140000955,2.137
0.404150000955,2.1995
0.404160000955,2.16825
0.404170000955,2.137
0.404180000955,2.137
0.404190000955,2.16825
0.404200000955,2.1995
0.404210000955,2.137
0.404220000955,2.16825
0.404230000955,2.10575
0.404240000955,2.137
0.404250000955,2.16825
0.404260000955,2.16825
0.404270000955,2.137
0.404280000955,2.16825
0.404290000955,2.16825
0.404300000955,2.1995
0.404310000955,2.16825
0.404320000955,2.137
0.404330000955,2.16825
0.404340000955,2.16825
0.404350000955,2.16825
0.404360000955,2.137
0.404370000955,2.16825
0.404380000955,2.137
0.404390000955,2.16825
0.404400000955,2.1995
0.404410000955,2.137
0.404420000955,2.137
0.404430000955,2.16825
0.404440000955,2.137
0.404450000955,2.16825
0.404460000955,2.16825
0.404470000955,2.16825
0.404480000955,2.16825
0.404490000955,2.16825
0.404500000955,2.16825
0.404510000955,2.16825
0.404520000955,2.16825
0.404530000955,2.16825
0.404540000955,2.16825
0.404550000955,2.16825
0.404560000955,2.16825
0.404570000955,2.16825
0.404580000955,2.137
0.404590000955,2.1995
0.404600000955,2.16825
0.404610000955,2.137
0.404620000955,2.137
0.404630000955,2.1995
0.404640000955,2.16825
0.404650000955,2.137
0.404660000955,2.137
0.404670000955,2.16825
0.404680000955,2.16825
0.404690000955,2.16825
0.404700000955,2.16825
0.404710000955,2.16825
0.404720000955,2.16825
0.404730000955,2.16825
0.404740000955,2.16825
0.404750000955,2.16825
0.404760000955,2.137
0.404770000955,2.16825
0.404780000955,2.16825
0.404790000955,2.137
0.404800000955,2.16825
0.404810000955,2.16825
0.404820000955,2.137
0.404830000955,2.1995
0.404840000955,2.16825
0.404850000955,2.16825
0.404860000955,2.137
0.404870000955,2.16825
0.404880000955,2.137
0.404890000955,2.137
0.404900000955,2.137
0.404910000955,2.16825
0.404920000955,2.16825
0.404930000955,2.16825
0.404940000955,2.16825
0.404950000955,2.16825
0.404960000955,2.1995
0.404970000955,2.16825
0.404980000955,2.16825
0.404990000955,2.16825
0.405000000955,2.16825
0.405010000955,2.16825
0.405020000955,2.137
0.405030000955,2.16825
0.405040000955,2.16825
0.405050000955,2.137
0.405060000955,2.16825
0.405070000955,2.16825
0.405080000955,2.16825
0.405090000955,2.16825
0.405100000955,2.16825
0.405110000955,2.16825
0.405120000955,2.16825
0.405130000955,2.1995
0.405140000955,2.137
0.405150000955,2.137
0.405160000955,2.137
0.405170000955,2.137
0.405180000955,2.137
0.405190000955,2.16825
0.405200000955,2.137
0.405210000955,2.137
0.405220000955,2.16825
0.405230000955,2.16825
0.405240000955,2.137
0.405250000955,2.137
0.405260000955,2.16825
0.405270000955,2.16825
0.405280000955,2.137
0.405290000955,2.1995
0.405300000955,2.16825
0.405310000955,2.16825
0.405320000955,2.16825
0.405330000955,2.16825
0.405340000955,2.16825
0.405350000955,2.1995
0.405360000955,2.137
0.405370000955,2.16825
0.405380000955,2.137
0.405390000955,2.16825
0.405400000955,2.16825
0.405410000955,2.137
0.405420000955,2.16825
0.405430000955,2.1995
0.405440000955,2.1995
0.405450000955,2.137
0.405460000955,2.137
0.405470000955,2.137
0.405480000955,2.1995
0.405490000955,2.16825
0.405500000955,2.137
0.405510000955,2.137
0.405520000955,2.16825
0.405530000955,2.1995
0.405540000955,2.16825
0.405550000955,2.16825
0.405560000955,2.16825
0.405570000955,2.1995
0.405580000955,2.16825
0.405590000955,2.16825
0.405600000955,2.16825
0.405610000955,2.16825
0.405620000955,2.1995
0.405630000955,2.16825
0.405640000955,2.137
0.405650000955,2.16825
0.405660000955,2.16825
0.405670000955,2.16825
0.405680000955,2.1995
0.405690000955,2.16825
0.405700000955,2.137
0.405710000955,2.16825
0.405720000955,2.137
0.405730000955,2.137
0.405740000955,2.16825
0.405750000955,2.1995
0.405760000955,2.1995
0.405770000955,2.137
0.405780000955,2.16825
0.405790000955,2.16825
0.405800000955,2.16825
0.405810000955,2.16825
0.405820000955,2.16825
0.405830000955,2.16825
0.405840000955,2.16825
0.405850000955,2.137
0.405860000955,2.16825
0.405870000955,2.1995
0.405880000955,2.16825
0.405890000955,2.137
0.405900000955,2.16825
0.405910000955,2.137
0.405920000955,2.16825
0.405930000955,2.16825
0.405940000955,2.137
0.405950000955,2.16825
0.405960000955,2.16825
0.405970000955,2.16825
0.405980000955,2.137
0.405990000955,2.137
0.406000000955,2.16825
0.406010000955,2.1995
0.406020000955,2.16825
0.406030000955,2.1995
0.406040000955,2.137
0.406050000955,2.16825
0.406060000955,2.16825
0.406070000955,2.1995
0.406080000955,2.137
0.406090000955,2.137
0.406100000955,2.16825
0.406110000955,2.16825
0.406120000955,2.16825
0.406130000955,2.16825
0.406140000955,2.16825
0.406150000955,2.137
0.406160000955,2.16825
0.406170000955,2.16825
0.406180000955,2.16825
0.406190000955,2.16825
0.406200000955,2.16825
0.406210000955,2.16825
0.406220000955,2.137
0.406230000955,2.16825
0.406240000955,2.16825
0.406250000955,2.16825
0.406260000955,2.137
0.406270000955,2.16825
0.406280000955,2.137
0.406290000955,2.1995
0.406300000955,2.10575
0.406310000955,2.137
0.406320000955,2.16825
0.406330000955,2.16825
0.406340000955,2.16825
0.406350000955,2.16825
0.406360000955,2.16825
0.406370000955,2.16825
0.406380000955,2.16825
0.406390000955,2.137
0.406400000955,2.16825
0.406410000955,2.1995
0.406420000955,2.16825
0.406430000955,2.16825
0.406440000955,2.137
0.406450000955,2.137
0.406460000955,2.16825
0.406470000955,2.16825
0.406480000955,2.137
0.406490000955,2.16825
0.406500000955,2.137
0.406510000955,2.16825
0.406520000955,2.16825
0.406530000955,2.137
0.406540000955,2.1995
0.406550000955,2.16825
0.406560000955,2.137
0.406570000955,2.1995
0.406580000955,2.16825
0.406590000955,2.137
0.406600000955,2.16825
0.406610000955,2.16825
0.406620000955,2.16825
0.406630000955,2.16825
0.406640000955,2.16825
0.406650000955,2.16825
0.406660000955,2.1995
0.406670000955,2.16825
0.406680000955,2.16825
0.406690000955,2.16825
0.406700000955,2.137
0.406710000955,2.16825
0.406720000955,2.137
0.406730000955,2.16825
0.406740000955,2.1995
0.406750000955,2.16825
0.406760000955,2.137
0.406770000955,2.16825
0.406780000955,2.137
0.406790000955,2.1995
0.406800000955,2.16825
0.406810000955,2.16825
0.406820000955,2.16825
0.406830000955,2.16825
0.406840000955,2.16825
0.406850000955,2.137
0.406860000955,2.16825
0.406870000955,2.137
0.406880000955,2.1995
0.406890000955,2.16825
0.406900000955,2.16825
0.406910000955,2.1995
0.406920000955,2.137
0.406930000955,2.16825
0.406940000955,2.16825
0.406950000955,2.16825
0.406960000955,2.16825
0.406970000955,2.16825
0.406980000955,2.16825
0.406990000955,2.16825
0.407000000955,2.16825
0.407010000955,2.16825
0.407020000955,2.16825
0.407030000955,2.137
0.407040000955,2.16825
0.407050000955,2.1995
0.407060000955,2.1995
0.407070000955,2.16825
0.407080000955,2.16825
0.407090000955,2.16825
0.407100000955,2.10575
0.407110000955,2.137
0.407120000955,2.137
0.407130000955,2.16825
0.407140000955,2.16825
0.407150000955,2.16825
0.407160000955,2.16825
0.407170000955,2.16825
0.407180000955,2.16825
0.407190000955,2.16825
0.407200000955,2.16825
0.407210000955,2.16825
0.407220000955,2.137
0.407230000955,2.16825
0.407240000955,2.1995
0.407250000955,2.16825
0.407260000955,2.16825
0.407270000955,2.16825
0.407280000955,2.16825
0.407290000955,2.16825
0.407300000955,2.1995
0.407310000955,2.16825
0.407320000955,2.16825
0.407330000955,2.16825
0.407340000955,2.16825
0.407350000955,2.1995
0.407360000955,2.16825
0.407370000955,2.137
0.407380000955,2.16825
0.407390000955,2.16825
0.407400000955,2.16825
0.407410000955,2.10575
0.407420000955,2.1995
0.407430000955,2.16825
0.407440000955,2.16825
0.407450000955,2.137
0.407460000955,2.16825
0.407470000955,2.16825
0.407480000955,2.16825
0.407490000955,2.10575
0.407500000955,2.137
0.407510000955,2.16825
0.407520000955,2.16825
0.407530000955,2.16825
0.407540000955,2.137
0.407550000955,2.137
0.407560000955,2.16825
0.407570000955,2.16825
0.407580000955,2.1995
0.407590000955,2.137
0.407600000955,2.16825
0.407610000955,2.137
0.407620000955,2.137
0.407630000955,2.16825
0.407640000955,2.1995
0.407650000955,2.1995
0.407660000955,2.16825
0.407670000955,2.16825
0.407680000955,2.137
0.407690000955,2.16825
0.407700000955,2.137
0.407710000955,2.16825
0.407720000955,2.16825
0.407730000955,2.137
0.407740000955,2.16825
0.407750000955,2.1995
0.407760000955,2.16825
0.407770000955,2.16825
0.407780000955,2.137
0.407790000955,2.16825
0.407800000955,2.137
0.407810000955,2.16825
0.407820000955,2.137
0.407830000955,2.137
0.407840000955,2.1995
0.407850000955,2.137
0.407860000955,2.1995
0.407870000955,2.137
0.407880000955,2.137
0.407890000955,2.1995
0.407900000955,2.137
0.407910000955,2.16825
0.407920000955,2.16825
0.407930000955,2.16825
0.407940000955,2.16825
0.407950000955,2.16825
0.407960000955,2.137
0.407970000955,2.16825
0.407980000955,2.16825
0.407990000955,2.137
0.408000000955,2.16825
0.408010000955,2.137
0.408020000955,2.137
0.408030000955,2.16825
0.408040000955,2.1995
0.408050000955,2.16825
0.408060000955,2.16825
0.408070000955,2.16825
0.408080000955,2.16825
0.408090000955,2.16825
0.408100000955,2.137
0.408110000955,2.16825
0.408120000955,2.16825
0.408130000955,2.16825
0.408140000955,2.16825
0.408150000955,2.16825
0.408160000955,2.1995
0.408170000955,2.16825
0.408180000955,2.1995
0.408190000955,2.1995
0.408200000955,2.16825
0.408210000955,2.1995
0.408220000955,2.10575
0.408230000955,2.137
0.408240000955,2.16825
0.408250000955,2.16825
0.408260000955,2.137
0.408270000955,2.137
0.408280000955,2.16825
0.408290000955,2.16825
0.408300000955,2.137
0.408310000955,2.137
0.408320000955,2.16825
0.408330000955,2.137
0.408340000955,2.1995
0.408350000955,2.16825
0.408360000955,2.137
0.408370000955,2.16825
0.408380000955,2.16825
0.408390000955,2.1995
0.408400000955,2.137
0.408410000955,2.16825
0.408420000955,2.16825
0.408430000955,2.16825
0.408440000955,2.137
0.408450000955,2.16825
0.408460000955,2.137
0.408470000955,2.16825
0.408480000955,2.16825
0.408490000955,2.16825
0.408500000955,2.16825
0.408510000955,2.16825
0.408520000955,2.137
0.408530000955,2.16825
0.408540000955,2.137
0.408550000955,2.137
0.408560000955,2.16825
0.408570000955,2.137
0.408580000955,2.16825
0.408590000955,2.137
0.408600000955,2.16825
0.408610000955,2.1995
0.408620000955,2.1995
0.408630000955,2.1995
0.408640000955,2.1995
0.408650000955,2.16825
0.408660000955,2.1995
0.408670000955,2.1995
0.408680000955,2.1995
0.408690000955,2.16825
0.408700000955,2.137
0.408710000955,2.16825
0.408720000955,2.16825
0.408730000955,2.16825
0.408740000955,2.16825
0.408750000955,2.1995
0.408760000955,2.137
0.408770000955,2.16825
0.408780000955,2.16825
0.408790000955,2.1995
0.408800000955,2.137
0.408810000955,2.16825
0.408820000955,2.16825
0.408830000955,2.16825
0.408840000955,2.137
0.408850000955,2.16825
0.408860000955,2.16825
0.408870000955,2.1995
0.408880000955,2.16825
0.408890000955,2.16825
0.408900000955,2.1995
0.408910000955,2.137
0.408920000955,2.1995
0.408930000955,2.137
0.408940000955,2.137
0.408950000955,2.16825
0.408960000955,2.16825
0.408970000955,2.137
0.408980000955,2.1995
0.408990000955,2.137
0.409000000955,2.16825
0.409010000955,2.16825
0.409020000955,2.137
0.409030000955,2.16825
0.409040000955,2.16825
0.409050000955,2.16825
0.409060000955,2.16825
0.409070000955,2.16825
0.409080000955,2.137
0.409090000955,2.1995
0.409100000955,2.137
0.409110000955,2.137
0.409120000955,2.16825
0.409130000955,2.16825
0.409140000955,2.1995
0.409150000955,2.1995
0.409160000955,2.16825
0.409170000955,2.16825
0.409180000955,2.16825
0.409190000955,2.16825
0.409200000955,2.16825
0.409210000955,2.137
0.409220000955,2.16825
0.409230000955,2.16825
0.409240000955,2.16825
0.409250000955,2.137
0.409260000955,2.16825
0.409270000955,2.1995
0.409280000955,2.1995
0.409290000955,2.137
0.409300000955,2.16825
0.409310000955,2.16825
0.409320000955,2.16825
0.409330000955,2.137
0.409340000955,2.16825
0.409350000955,2.16825
0.409360000955,2.16825
0.409370000955,2.16825
0.409380000955,2.16825
0.409390000955,2.16825
0.409400000955,2.16825
0.409410000955,2.16825
0.409420000955,2.137
0.409430000955,2.1995
0.409440000955,2.16825
0.409450000955,2.16825
0.409460000955,2.16825
0.409470000955,2.16825
0.409480000955,2.16825
0.409490000955,2.16825
0.409500000955,2.16825
0.409510000955,2.16825
0.409520000955,2.16825
0.409530000955,2.16825
0.409540000955,2.16825
0.409550000955,2.1995
0.409560000955,2.1995
0.409570000955,2.137
0.409580000955,2.16825
0.409590000955,2.137
0.409600000955,2.16825
0.409610000955,2.16825
0.409620000955,2.137
0.409630000955,2.16825
0.409640000955,2.137
0.409650000955,2.137
0.409660000955,2.16825
0.409670000955,2.16825
0.409680000955,2.16825
0.409690000955,2.137
0.409700000955,2.16825
0.409710000955,2.16825
0.409720000955,2.16825
0.409730000955,2.137
0.409740000955,2.137
0.409750000955,2.16825
0.409760000955,2.137
0.409770000955,2.1995
0.409780000955,2.137
0.409790000955,2.137
0.409800000955,2.1995
0.409810000955,2.16825
0.409820000955,2.137
0.409830000955,2.1995
0.409840000955,2.137
0.409850000955,2.1995
0.409860000955,2.16825
0.409870000955,2.16825
0.409880000955,2.137
0.409890000955,2.137
0.409900000955,2.137
0.409910000955,2.137
0.409920000955,2.16825
0.409930000955,2.16825
0.409940000955,2.16825
0.409950000955,2.16825
0.409960000955,2.16825
0.409970000955,2.1995
0.409980000955,2.16825
0.409990000955,2.16825
0.410000000955,2.16825
0.410010000955,2.137
0.410020000955,2.137
0.410030000955,2.16825
0.410040000955,2.1995
0.410050000955,2.16825
0.410060000955,2.16825
0.410070000955,2.16825
0.410080000955,2.16825
0.410090000955,2.16825
0.410100000955,2.16825
0.410110000955,2.137
0.410120000955,2.16825
0.410130000955,2.16825
0.410140000955,2.16825
0.410150000955,2.137
0.410160000955,2.16825
0.410170000955,2.16825
0.410180000955,2.16825
0.410190000955,2.16825
0.410200000955,2.16825
0.410210000955,2.16825
0.410220000955,2.1995
0.410230000955,2.1995
0.410240000955,2.16825
0.410250000955,2.1995
0.410260000955,2.16825
0.410270000955,2.16825
0.410280000955,2.1995
0.410290000955,2.10575
0.410300000955,2.16825
0.410310000955,2.137
0.410320000955,2.137
0.410330000955,2.137
0.410340000955,2.16825
0.410350000955,2.16825
0.410360000955,2.16825
0.410370000955,2.16825
0.410380000955,2.16825
0.410390000955,2.16825
0.410400000955,2.137
0.410410000955,2.137
0.410420000955,2.16825
0.410430000955,2.16825
0.410440000955,2.16825
0.410450000955,2.16825
0.410460000955,2.16825
0.410470000955,2.137
0.410480000955,2.16825
0.410490000955,2.1995
0.410500000955,2.16825
0.410510000955,2.137
0.410520000955,2.1995
0.410530000955,2.16825
0.410540000955,2.16825
0.410550000955,2.137
0.410560000955,2.1995
0.410570000955,2.137
0.410580000955,2.1995
0.410590000955,2.1995
0.410600000955,2.16825
0.410610000955,2.1995
0.410620000955,2.16825
0.410630000955,2.16825
0.410640000955,2.137
0.410650000955,2.16825
0.410660000955,2.16825
0.410670000955,2.16825
0.410680000955,2.16825
0.410690000955,2.16825
0.410700000955,2.1995
0.410710000955,2.16825
0.410720000955,2.16825
0.410730000955,2.137
0.410740000955,2.16825
0.410750000955,2.137
0.410760000955,2.1995
0.410770000955,2.16825
0.410780000955,2.16825
0.410790000955,2.16825
0.410800000955,2.16825
0.410810000955,2.16825
0.410820000955,2.137
0.410830000955,2.16825
0.410840000955,2.16825
0.410850000955,2.16825
0.410860000955,2.16825
0.410870000955,2.1995
0.410880000955,2.16825
0.410890000955,2.16825
0.410900000955,2.16825
0.410910000955,2.16825
0.410920000955,2.137
0.410930000955,2.16825
0.410940000955,2.16825
0.410950000955,2.16825
0.410960000955,2.16825
0.410970000955,2.137
0.410980000955,2.16825
0.410990000955,2.1995
0.411000000955,2.16825
0.411010000955,2.16825
0.411020000955,2.16825
0.411030000955,2.1995
0.411040000955,2.16825
0.411050000955,2.137
0.411060000955,2.137
0.411070000955,2.16825
0.411080000955,2.16825
0.411090000955,2.16825
0.411100000955,2.16825
0.411110000955,2.16825
0.411120000955,2.16825
0.411130000955,2.16825
0.411140000955,2.16825
0.411150000955,2.16825
0.411160000955,2.16825
0.411170000955,2.137
0.411180000955,2.137
0.411190000955,2.137
0.411200000955,2.137
0.411210000955,2.16825
0.411220000955,2.16825
0.411230000955,2.137
0.411240000955,2.16825
0.411250000955,2.16825
0.411260000955,2.137
0.411270000955,2.16825
0.411280000955,2.16825
0.411290000955,2.137
0.411300000955,2.137
0.411310000955,2.1995
0.411320000955,2.137
0.411330000955,2.16825
0.411340000955,2.137
0.411350000955,2.16825
0.411360000955,2.16825
0.411370000955,2.1995
0.411380000955,2.1995
0.411390000955,2.137
0.411400000955,2.1995
0.411410000955,2.16825
0.411420000955,2.16825
0.411430000955,2.16825
0.411440000955,2.16825
0.411450000955,2.1995
0.411460000955,2.16825
0.411470000955,2.137
0.411480000955,2.16825
0.411490000955,2.137
0.411500000955,2.137
0.411510000955,2.137
0.411520000955,2.1995
0.411530000955,2.16825
0.411540000955,2.16825
0.411550000955,2.137
0.411560000955,2.16825
0.411570000955,2.137
0.411580000955,2.137
0.411590000955,2.137
0.411600000955,2.16825
0.411610000955,2.16825
0.411620000955,2.137
0.411630000955,2.137
0.411640000955,2.16825
0.411650000955,2.1995
0.411660000955,2.137
0.411670000955,2.137
0.411680000955,2.16825
0.411690000955,2.16825
0.411700000955,2.16825
0.411710000955,2.137
0.411720000955,2.137
0.411730000955,2.137
0.411740000955,2.137
0.411750000955,2.16825
0.411760000955,2.1995
0.411770000955,2.16825
0.411780000955,2.16825
0.411790000955,2.16825
0.411800000955,2.1995
0.411810000955,2.16825
0.411820000955,2.137
0.411830000955,2.1995
0.411840000955,2.16825
0.411850000955,2.16825
0.411860000955,2.1995
0.411870000955,2.16825
0.411880000955,2.1995
0.411890000955,2.137
0.411900000955,2.16825
0.411910000955,2.16825
0.411920000955,2.137
0.411930000955,2.16825
0.411940000955,2.16825
0.411950000955,2.16825
0.411960000955,2.16825
0.411970000955,2.137
0.411980000955,2.16825
0.411990000955,2.137
0.412000000955,2.16825
0.412010000955,2.1995
0.412020000955,2.137
0.412030000955,2.16825
0.412040000955,2.137
0.412050000955,2.16825
0.412060000955,2.16825
0.412070000955,2.16825
0.412080000955,2.16825
0.412090000955,2.1995
0.412100000955,2.137
0.412110000955,2.1995
0.412120000955,2.137
0.412130000955,2.16825
0.412140000955,2.10575
0.412150000955,2.137
0.412160000955,2.137
0.412170000955,2.137
0.412180000955,2.16825
0.412190000955,2.10575
0.412200000955,2.16825
0.412210000955,2.16825
0.412220000955,2.137
0.412230000955,2.137
0.412240000955,2.137
0.412250000955,2.137
0.412260000955,2.16825
0.412270000955,2.16825
0.412280000955,2.16825
0.412290000955,2.137
0.412300000955,2.16825
0.412310000955,2.16825
0.412320000955,2.137
0.412330000955,2.16825
0.412340000955,2.137
0.412350000955,2.137
0.412360000955,2.137
0.412370000955,2.10575
0.412380000955,2.16825
0.412390000955,2.1995
0.412400000955,2.16825
0.412410000955,2.16825
0.412420000955,2.1995
0.412430000955,2.137
0.412440000955,2.16825
0.412450000955,2.16825
0.412460000955,2.16825
0.412470000955,2.137
0.412480000955,2.16825
0.412490000955,2.137
0.412500000955,2.16825
0.412510000955,2.16825
0.412520000955,2.16825
0.412530000955,2.137
0.412540000955,2.16825
0.412550000955,2.137
0.412560000955,2.16825
0.412570000955,2.16825
0.412580000955,2.137
0.412590000955,2.137
0.412600000955,2.137
0.412610000955,2.137
0.412620000955,2.137
0.412630000955,2.137
0.412640000955,2.137
0.412650000955,2.16825
0.412660000955,2.137
0.412670000955,2.16825
0.412680000955,2.16825
0.412690000955,2.16825
0.412700000955,2.16825
0.412710000955,2.10575
0.412720000955,2.137
0.412730000955,2.16825
0.412740000955,2.137
0.412750000955,2.137
0.412760000955,2.16825
0.412770000955,2.16825
0.412780000955,2.16825
0.412790000955,2.137
0.412800000955,2.16825
0.412810000955,2.16825
0.412820000955,2.137
0.412830000955,2.16825
0.412840000955,2.137
0.412850000955,2.16825
0.412860000955,2.10575
0.412870000955,2.137
0.412880000955,2.137
0.412890000955,2.137
0.412900000955,2.16825
0.412910000955,2.16825
0.412920000955,2.16825
0.412930000955,2.1995
0.412940000955,2.16825
0.412950000955,2.137
0.412960000955,2.10575
0.412970000955,2.137
0.412980000955,2.137
0.412990000955,2.16825
0.413000000955,2.137
0.413010000955,2.16825
0.413020000955,2.16825
0.413030000955,2.16825
0.413040000955,2.16825
0.413050000955,2.137
0.413060000955,2.16825
0.413070000955,2.137
0.413080000955,2.16825
0.413090000955,2.137
0.413100000955,2.16825
0.413110000955,2.10575
0.413120000955,2.137
0.413130000955,2.16825
0.413140000955,2.10575
0.413150000955,2.137
0.413160000955,2.16825
0.413170000955,2.137
0.413180000955,2.137
0.413190000955,2.10575
0.413200000955,2.16825
0.413210000955,2.137
0.413220000955,2.16825
0.413230000955,2.16825
0.413240000955,2.137
0.413250000955,2.137
0.413260000955,2.137
0.413270000955,2.16825
0.413280000955,2.16825
0.413290000955,2.16825
0.413300000955,2.16825
0.413310000955,2.137
0.413320000955,2.16825
0.413330000955,2.137
0.413340000955,2.16825
0.413350000955,2.137
0.413360000955,2.137
0.413370000955,2.16825
0.413380000955,2.16825
0.413390000955,2.16825
0.413400000955,2.16825
0.413410000955,2.16825
0.413420000955,2.10575
0.413430000955,2.16825
0.413440000955,2.137
0.413450000955,2.137
0.413460000955,2.137
0.413470000955,2.16825
0.413480000955,2.137
0.413490000955,2.137
0.413500000955,2.137
0.413510000955,2.137
0.413520000955,2.16825
0.413530000955,2.16825
0.413540000955,2.137
0.413550000955,2.137
0.413560000955,2.137
0.413570000955,2.137
0.413580000955,2.137
0.413590000955,2.16825
0.413600000955,2.137
0.413610000955,2.16825
0.413620000955,2.137
0.413630000955,2.137
0.413640000955,2.16825
0.413650000955,2.10575
0.413660000955,2.16825
0.413670000955,2.137
0.413680000955,2.137
0.413690000955,2.137
0.413700000955,2.10575
0.413710000955,2.137
0.413720000955,2.137
0.413730000955,2.137
0.413740000955,2.16825
0.413750000955,2.137
0.413760000955,2.16825
0.413770000955,2.137
0.413780000955,2.137
0.413790000955,2.16825
0.413800000955,2.16825
0.413810000955,2.137
0.413820000955,2.137
0.413830000955,2.16825
0.413840000955,2.137
0.413850000955,2.16825
0.413860000955,2.10575
0.413870000955,2.137
0.413880000955,2.137
0.413890000955,2.16825
0.413900000955,2.16825
0.413910000955,2.10575
0.413920000955,2.16825
0.413930000955,2.16825
0.413940000955,2.137
0.413950000955,2.16825
0.413960000955,2.10575
0.413970000955,2.10575
0.413980000955,2.16825
0.413990000955,2.16825
0.414000000955,2.137
0.414010000955,2.10575
0.414020000955,2.16825
0.414030000955,2.16825
0.414040000955,2.10575
0.414050000955,2.137
0.414060000955,2.10575
0.414070000955,2.16825
0.414080000955,2.137
0.414090000955,2.16825
0.414100000955,2.16825
0.414110000955,2.10575
0.414120000955,2.137
0.414130000955,2.137
0.414140000955,2.137
0.414150000955,2.137
0.414160000955,2.16825
0.414170000955,2.16825
0.414180000955,2.16825
0.414190000955,2.137
0.414200000955,2.10575
0.414210000955,2.137
0.414220000955,2.137
0.414230000955,2.137
0.414240000955,2.16825
0.414250000955,2.10575
0.414260000955,2.137
0.414270000955,2.137
0.414280000955,2.16825
0.414290000955,2.137
0.414300000955,2.137
0.414310000955,2.16825
0.414320000955,2.137
0.414330000955,2.137
0.414340000955,2.10575
0.414350000955,2.16825
0.414360000955,2.10575
0.414370000955,2.16825
0.414380000955,2.10575
0.414390000955,2.137
0.414400000955,2.137
0.414410000955,2.137
0.414420000955,2.16825
0.414430000955,2.137
0.414440000955,2.137
0.414450000955,2.16825
0.414460000955,2.137
0.414470000955,2.137
0.414480000955,2.16825
0.414490000955,2.137
0.414500000955,2.137
0.414510000955,2.137
0.414520000955,2.137
0.414530000955,2.137
0.414540000955,2.137
0.414550000955,2.137
0.414560000955,2.16825
0.414570000955,2.137
0.414580000955,2.137
0.414590000955,2.16825
0.414600000955,2.137
0.414610000955,2.137
0.414620000955,2.137
0.414630000955,2.137
0.414640000955,2.16825
0.414650000955,2.137
0.414660000955,2.137
0.414670000955,2.10575
0.414680000955,2.16825
0.414690000955,2.16825
0.414700000955,2.16825
0.414710000955,2.137
0.414720000955,2.10575
0.414730000955,2.137
0.414740000955,2.16825
0.414750000955,2.137
0.414760000955,2.137
0.414770000955,2.137
0.414780000955,2.137
0.414790000955,2.16825
0.414800000955,2.137
0.414810000955,2.16825
0.414820000955,2.137
0.414830000955,2.137
0.414840000955,2.137
0.414850000955,2.10575
0.414860000955,2.137
0.414870000955,2.16825
0.414880000955,2.16825
0.414890000955,2.137
0.414900000955,2.16825
0.414910000955,2.10575
0.414920000955,2.137
0.414930000955,2.10575
0.414940000955,2.137
0.414950000955,2.137
0.414960000955,2.16825
0.414970000955,2.137
0.414980000955,2.137
0.414990000955,2.16825
0.415000000955,2.137
0.415010000955,2.10575
0.415020000955,2.137
0.415030000955,2.137
0.415040000955,2.137
0.415050000955,2.137
0.415060000955,2.137
0.415070000955,2.137
0.415080000955,2.137
0.415090000955,2.137
0.415100000955,2.16825
0.415110000955,2.137
0.415120000955,2.10575
0.415130000955,2.137
0.415140000955,2.137
0.415150000955,2.137
0.415160000955,2.10575
0.415170000955,2.137
0.415180000955,2.137
0.415190000955,2.16825
0.415200000955,2.137
0.415210000955,2.137
0.415220000955,2.137
0.415230000955,2.137
0.415240000955,2.16825
0.415250000955,2.16825
0.415260000955,2.137
0.415270000955,2.137
0.415280000955,2.16825
0.415290000955,2.137
0.415300000955,2.137
0.415310000955,2.137
0.415320000955,2.137
0.415330000955,2.10575
0.415340000955,2.137
0.415350000955,2.16825
0.415360000955,2.10575
0.415370000955,2.137
0.415380000955,2.137
0.415390000955,2.16825
0.415400000955,2.137
0.415410000955,2.137
0.415420000955,2.137
0.415430000955,2.137
0.415440000955,2.137
0.415450000955,2.137
0.415460000955,2.137
0.415470000955,2.137
0.415480000955,2.10575
0.415490000955,2.137
0.415500000955,2.137
0.415510000955,2.16825
0.415520000955,2.10575
0.415530000955,2.137
0.415540000955,2.137
0.415550000955,2.137
0.415560000955,2.137
0.415570000955,2.137
0.415580000955,2.10575
0.415590000955,2.137
0.415600000955,2.10575
0.415610000955,2.137
0.415620000955,2.137
0.415630000955,2.137
0.415640000955,2.137
0.415650000955,2.10575
0.415660000955,2.16825
0.415670000955,2.137
0.415680000955,2.16825
0.415690000955,2.16825
0.415700000955,2.137
0.415710000955,2.137
0.415720000955,2.137
0.415730000955,2.10575
0.415740000955,2.10575
0.415750000955,2.137
0.415760000955,2.137
0.415770000955,2.137
0.415780000955,2.16825
0.415790000955,2.10575
0.415800000955,2.137
0.415810000955,2.137
0.415820000955,2.137
0.415830000955,2.137
0.415840000955,2.137
0.415850000955,2.137
0.415860000955,2.16825
0.415870000955,2.137
0.415880000955,2.10575
0.415890000955,2.137
0.415900000955,2.10575
0.415910000955,2.10575
0.415920000955,2.137
0.415930000955,2.16825
0.415940000955,2.137
0.415950000955,2.10575
0.415960000955,2.16825
0.415970000955,2.137
0.415980000955,2.137
0.415990000955,2.16825
0.416000000955,2.137
0.416010000955,2.137
0.416020000955,2.10575
0.416030000955,2.137
0.416040000955,2.137
0.416050000955,2.137
0.416060000955,2.16825
0.416070000955,2.137
0.416080000955,2.10575
0.416090000955,2.137
0.416100000955,2.137
0.416110000955,2.137
0.416120000955,2.137
0.416130000955,2.137
0.416140000955,2.137
0.416150000955,2.16825
0.416160000955,2.137
0.416170000955,2.137
0.416180000955,2.137
0.416190000955,2.137
0.416200000955,2.16825
0.416210000955,2.137
0.416220000955,2.10575
0.416230000955,2.10575
0.416240000955,2.137
0.416250000955,2.137
0.416260000955,2.137
0.416270000955,2.137
0.416280000955,2.137
0.416290000955,2.16825
0.416300000955,2.16825
0.416310000955,2.137
0.416320000955,2.16825
0.416330000955,2.10575
0.416340000955,2.10575
0.416350000955,2.10575
0.416360000955,2.10575
0.416370000955,2.137
0.416380000955,2.16825
0.416390000955,2.137
0.416400000955,2.137
0.416410000955,2.137
0.416420000955,2.10575
0.416430000955,2.137
0.416440000955,2.16825
0.416450000955,2.137
0.416460000955,2.10575
0.416470000955,2.16825
0.416480000955,2.16825
0.416490000955,2.137
0.416500000955,2.137
0.416510000955,2.10575
0.416520000955,2.10575
0.416530000955,2.16825
0.416540000955,2.137
0.416550000955,2.137
0.416560000955,2.137
0.416570000955,2.16825
0.416580000955,2.16825
0.416590000955,2.137
0.416600000955,2.137
0.416610000955,2.10575
0.416620000955,2.10575
0.416630000955,2.137
0.416640000955,2.137
0.416650000955,2.10575
0.416660000955,2.16825
0.416670000955,2.10575
0.416680000955,2.16825
0.416690000955,2.10575
0.416700000955,2.137
0.416710000955,2.137
0.416720000955,2.137
0.416730000955,2.10575
0.416740000955,2.16825
0.416750000955,2.137
0.416760000955,2.16825
0.416770000955,2.137
0.416780000955,2.137
0.416790000955,2.16825
0.416800000955,2.16825
0.416810000955,2.10575
0.416820000955,2.137
0.416830000955,2.137
0.416840000955,2.137
0.416850000955,2.137
0.416860000955,2.137
0.416870000955,2.137
0.416880000955,2.137
0.416890000955,2.16825
0.416900000955,2.137
0.416910000955,2.16825
0.416920000955,2.137
0.416930000955,2.10575
0.416940000955,2.137
0.416950000955,2.137
0.416960000955,2.10575
0.416970000955,2.16825
0.416980000955,2.10575
0.416990000955,2.10575
0.417000000955,2.1995
0.417010000955,2.16825
0.417020000955,2.137
0.417030000955,2.16825
0.417040000955,2.137
0.417050000955,2.137
0.417060000955,2.137
0.417070000955,2.16825
0.417080000955,2.16825
0.417090000955,2.137
0.417100000955,2.137
0.417110000955,2.16825
0.417120000955,2.16825
0.417130000955,2.10575
0.417140000955,2.137
0.417150000955,2.137
0.417160000955,2.16825
0.417170000955,2.137
0.417180000955,2.10575
0.417190000955,2.137
0.417200000955,2.137
0.417210000955,2.16825
0.417220000955,2.16825
0.417230000955,2.16825
0.417240000955,2.137
0.417250000955,2.10575
0.417260000955,2.137
0.417270000955,2.137
0.417280000955,2.137
0.417290000955,2.16825
0.417300000955,2.137
0.417310000955,2.137
0.417320000955,2.16825
0.417330000955,2.16825
0.417340000955,2.137
0.417350000955,2.10575
0.417360000955,2.16825
0.417370000955,2.137
0.417380000955,2.137
0.417390000955,2.1995
0.417400000955,2.16825
0.417410000955,2.10575
0.417420000955,2.10575
0.417430000955,2.137
0.417440000955,2.137
0.417450000955,2.137
0.417460000955,2.137
0.417470000955,2.137
0.417480000955,2.1995
0.417490000955,2.16825
0.417500000955,2.137
0.417510000955,2.137
0.417520000955,2.137
0.417530000955,2.16825
0.417540000955,2.137
0.417550000955,2.16825
0.417560000955,2.137
0.417570000955,2.137
0.417580000955,2.137
0.417590000955,2.10575
0.417600000955,2.16825
0.417610000955,2.137
0.417620000955,2.137
0.417630000955,2.137
0.417640000955,2.137
0.417650000955,2.10575
0.417660000955,2.137
0.417670000955,2.10575
0.417680000955,2.137
0.417690000955,2.137
0.417700000955,2.10575
0.417710000955,2.137
0.417720000955,2.10575
0.417730000955,2.137
0.417740000955,2.16825
0.417750000955,2.137
0.417760000955,2.137
0.417770000955,2.16825
0.417780000955,2.16825
0.417790000955,2.137
0.417800000955,2.137
0.417810000955,2.16825
0.417820000955,2.137
0.417830000955,2.10575
0.417840000955,2.137
0.417850000955,2.137
0.417860000955,2.137
0.417870000955,2.16825
0.417880000955,2.16825
0.417890000955,2.137
0.417900000955,2.137
0.417910000955,2.137
0.417920000955,2.16825
0.417930000955,2.137
0.417940000955,2.16825
0.417950000955,2.16825
0.417960000955,2.137
0.417970000955,2.137
0.417980000955,2.10575
0.417990000955,2.137
0.418000000955,2.137
0.418010000955,2.137
0.418020000955,2.16825
0.418030000955,2.16825
0.418040000955,2.16825
0.418050000955,2.1995
0.418060000955,2.137
0.418070000955,2.137
0.418080000955,2.16825
0.418090000955,2.16825
0.418100000955,2.16825
0.418110000955,2.137
0.418120000955,2.137
0.418130000955,2.137
0.418140000955,2.10575
0.418150000955,2.16825
0.418160000955,2.16825
0.418170000955,2.137
0.418180000955,2.137
0.418190000955,2.16825
0.418200000955,2.16825
0.418210000955,2.137
0.418220000955,2.137
0.418230000955,2.137
0.418240000955,2.137
0.418250000955,2.16825
0.418260000955,2.137
0.418270000955,2.137
0.418280000955,2.137
0.418290000955,2.137
0.418300000955,2.137
0.418310000955,2.16825
0.418320000955,2.10575
0.418330000955,2.137
0.418340000955,2.137
0.418350000955,2.137
0.418360000955,2.137
0.418370000955,2.16825
0.418380000955,2.16825
0.418390000955,2.137
0.418400000955,2.137
0.418410000955,2.16825
0.418420000955,2.10575
0.418430000955,2.16825
0.418440000955,2.137
0.418450000955,2.137
0.418460000955,2.10575
0.418470000955,2.137
0.418480000955,2.10575
0.418490000955,2.16825
0.418500000955,2.137
0.418510000955,2.137
0.418520000955,2.137
0.418530000955,2.16825
0.418540000955,2.10575
0.418550000955,2.16825
0.418560000955,2.137
0.418570000955,2.137
0.418580000955,2.137
0.418590000955,2.137
0.418600000955,2.137
0.418610000955,2.137
0.418620000955,2.137
0.418630000955,2.16825
0.418640000955,2.137
0.418650000955,2.16825
0.418660000955,2.10575
0.418670000955,2.16825
0.418680000955,2.137
0.418690000955,2.1995
0.418700000955,2.137
0.418710000955,2.137
0.418720000955,2.137
0.418730000955,2.16825
0.418740000955,2.16825
0.418750000955,2.1995
0.418760000955,2.137
0.418770000955,2.16825
0.418780000955,2.16825
0.418790000955,2.137
0.418800000955,2.137
0.418810000955,2.16825
0.418820000955,2.137
0.418830000955,2.10575
0.418840000955,2.137
0.418850000955,2.16825
0.418860000955,2.137
0.418870000955,2.16825
0.418880000955,2.137
0.418890000955,2.10575
0.418900000955,2.1995
0.418910000955,2.137
0.418920000955,2.137
0.418930000955,2.137
0.418940000955,2.16825
0.418950000955,2.10575
0.418960000955,2.137
0.418970000955,2.10575
0.418980000955,2.16825
0.418990000955,2.137
0.419000000955,2.137
0.419010000955,2.137
0.419020000955,2.137
0.419030000955,2.16825
0.419040000955,2.137
0.419050000955,2.10575
0.419060000955,2.16825
0.419070000955,2.137
0.419080000955,2.16825
0.419090000955,2.137
0.419100000955,2.137
0.419110000955,2.137
0.419120000955,2.16825
0.419130000955,2.137
0.419140000955,2.16825
0.419150000955,2.10575
0.419160000955,2.16825
0.419170000955,2.16825
0.419180000955,2.137
0.419190000955,2.16825
0.419200000955,2.137
0.419210000955,2.137
0.419220000955,2.137
0.419230000955,2.16825
0.419240000955,2.137
0.419250000955,2.137
0.419260000955,2.137
0.419270000955,2.16825
0.419280000955,2.16825
0.419290000955,2.137
0.419300000955,2.137
0.419310000955,2.16825
0.419320000955,2.10575
0.419330000955,2.137
0.419340000955,2.137
0.419350000955,2.137
0.419360000955,2.137
0.419370000955,2.10575
0.419380000955,2.137
0.419390000955,2.10575
0.419400000955,2.16825
0.419410000955,2.137
0.419420000955,2.10575
0.419430000955,2.137
0.419440000955,2.16825
0.419450000955,2.137
0.419460000955,2.16825
0.419470000955,2.137
0.419480000955,2.137
0.419490000955,2.16825
0.419500000955,2.137
0.419510000955,2.137
0.419520000955,2.16825
0.419530000955,2.137
0.419540000955,2.16825
0.419550000955,2.16825
0.419560000955,2.137
0.419570000955,2.137
0.419580000955,2.137
0.419590000955,2.137
0.419600000955,2.137
0.419610000955,2.16825
0.419620000955,2.10575
0.419630000955,2.137
0.419640000955,2.10575
0.419650000955,2.16825
0.419660000955,2.137
0.419670000955,2.16825
0.419680000955,2.137
0.419690000955,2.137
0.419700000955,2.137
0.419710000955,2.137
0.419720000955,2.16825
0.419730000955,2.137
0.419740000955,2.137
0.419750000955,2.16825
0.419760000955,2.137
0.419770000955,2.137
0.419780000955,2.137
0.419790000955,2.137
0.419800000955,2.137
0.419810000955,2.16825
0.419820000955,2.137
0.419830000955,2.16825
0.419840000955,2.137
0.419850000955,2.137
0.419860000955,2.16825
0.419870000955,2.10575
0.419880000955,2.16825
0.419890000955,2.10575
0.419900000955,2.137
0.419910000955,2.137
0.419920000955,2.137
0.419930000955,2.137
0.419940000955,2.16825
0.419950000955,2.137
0.419960000955,2.137
0.419970000955,2.137
0.419980000955,2.16825
0.419990000955,2.10575
0.420000000955,2.137
0.420010000955,2.137
0.420020000955,2.10575
0.420030000955,2.137
0.420040000955,2.137
0.420050000955,2.137
0.420060000955,2.16825
0.420070000955,2.137
0.420080000955,2.137
0.420090000955,2.16825
0.420100000955,2.137
0.420110000955,2.137
0.420120000955,2.16825
0.420130000955,2.137
0.420140000955,2.137
0.420150000955,2.16825
0.420160000955,2.10575
0.420170000955,2.137
0.420180000955,2.16825
0.420190000955,2.137
0.420200000955,2.16825
0.420210000955,2.16825
0.420220000955,2.16825
0.420230000955,2.137
0.420240000955,2.137
0.420250000955,2.10575
0.420260000955,2.16825
0.420270000955,2.137
0.420280000955,2.137
0.420290000955,2.137
0.420300000955,2.16825
0.420310000955,2.137
0.420320000955,2.137
0.420330000955,2.16825
0.420340000955,2.137
0.420350000955,2.137
0.420360000955,2.16825
0.420370000955,2.137
0.420380000955,2.137
0.420390000955,2.137
0.420400000955,2.137
0.420410000955,2.137
0.420420000955,2.137
0.420430000955,2.137
0.420440000955,2.16825
0.420450000955,2.16825
0.420460000955,2.16825
0.420470000955,2.137
0.420480000955,2.16825
0.420490000955,2.137
0.420500000955,2.10575
0.420510000955,2.137
0.420520000955,2.137
0.420530000955,2.137
0.420540000955,2.137
0.420550000955,2.137
0.420560000955,2.137
0.420570000955,2.137
0.420580000955,2.137
0.420590000955,2.1995
0.420600000955,2.137
0.420610000955,2.137
0.420620000955,2.10575
0.420630000955,2.1995
0.420640000955,2.137
0.420650000955,2.10575
0.420660000955,2.137
0.420670000955,2.137
0.420680000955,2.16825
0.420690000955,2.137
0.420700000955,2.16825
0.420710000955,2.16825
0.420720000955,2.137
0.420730000955,2.137
0.420740000955,2.16825
0.420750000955,2.1995
0.420760000955,2.137
0.420770000955,2.137
0.420780000955,2.137
0.420790000955,2.137
0.420800000955,2.137
0.420810000955,2.16825
0.420820000955,2.16825
0.420830000955,2.137
0.420840000955,2.137
0.420850000955,2.16825
0.420860000955,2.16825
0.420870000955,2.16825
0.420880000955,2.137
0.420890000955,2.137
0.420900000955,2.137
0.420910000955,2.10575
0.420920000955,2.16825
0.420930000955,2.137
0.420940000955,2.137
0.420950000955,2.16825
0.420960000955,2.137
0.420970000955,2.137
0.420980000955,2.16825
0.420990000955,2.137
0.421000000955,2.137
0.421010000955,2.16825
0.421020000955,2.137
0.421030000955,2.10575
0.421040000955,2.137
0.421050000955,2.16825
0.421060000955,2.16825
0.421070000955,2.137
0.421080000955,2.1995
0.421090000955,2.16825
0.421100000955,2.16825
0.421110000955,2.137
0.421120000955,2.137
0.421130000955,2.137
0.421140000955,2.16825
0.421150000955,2.137
0.421160000955,2.137
0.421170000955,2.16825
0.421180000955,2.137
0.421190000955,2.137
0.421200000955,2.16825
0.421210000955,2.16825
0.421220000955,2.137
0.421230000955,2.10575
0.421240000955,2.16825
0.421250000955,2.137
0.421260000955,2.16825
0.421270000955,2.16825
0.421280000955,2.16825
0.421290000955,2.137
0.421300000955,2.16825
0.421310000955,2.16825
0.421320000955,2.137
0.421330000955,2.137
0.421340000955,2.137
0.421350000955,2.137
0.421360000955,2.16825
0.421370000955,2.137
0.421380000955,2.137
0.421390000955,2.137
0.421400000955,2.137
0.421410000955,2.137
0.421420000955,2.137
0.421430000955,2.16825
0.421440000955,2.137
0.421450000955,2.137
0.421460000955,2.16825
0.421470000955,2.16825
0.421480000955,2.137
0.421490000955,2.137
0.421500000955,2.16825
0.421510000955,2.137
0.421520000955,2.16825
0.421530000955,2.16825
0.421540000955,2.16825
0.421550000955,2.137
0.421560000955,2.137
0.421570000955,2.137
0.421580000955,2.137
0.421590000955,2.137
0.421600000955,2.10575
0.421610000955,2.16825
0.421620000955,2.137
0.421630000955,2.10575
0.421640000955,2.16825
0.421650000955,2.137
0.421660000955,2.137
0.421670000955,2.137
0.421680000955,2.137
0.421690000955,2.137
0.421700000955,2.137
0.421710000955,2.137
0.421720000955,2.16825
0.421730000955,2.137
0.421740000955,2.16825
0.421750000955,2.137
0.421760000955,2.16825
0.421770000955,2.137
0.421780000955,2.137
0.421790000955,2.16825
0.421800000955,2.16825
0.421810000955,2.137
0.421820000955,2.16825
0.421830000955,2.137
0.421840000955,2.16825
0.421850000955,2.137
0.421860000955,2.16825
0.421870000955,2.16825
0.421880000955,2.16825
0.421890000955,2.137
0.421900000955,2.137
0.421910000955,2.137
0.421920000955,2.16825
0.421930000955,2.16825
0.421940000955,2.137
0.421950000955,2.137
0.421960000955,2.16825
0.421970000955,2.137
0.421980000955,2.16825
0.421990000955,2.16825
0.422000000955,2.137
0.422010000955,2.137
0.422020000955,2.10575
0.422030000955,2.137
0.422040000955,2.16825
0.422050000955,2.137
0.422060000955,2.137
0.422070000955,2.16825
0.422080000955,2.137
0.422090000955,2.137
0.422100000955,2.16825
0.422110000955,2.10575
0.422120000955,2.16825
0.422130000955,2.137
0.422140000955,2.10575
0.422150000955,2.137
0.422160000955,2.137
0.422170000955,2.137
0.422180000955,2.137
0.422190000955,2.137
0.422200000955,2.137
0.422210000955,2.137
0.422220000955,2.137
0.422230000955,2.16825
0.422240000955,2.16825
0.422250000955,2.137
0.422260000955,2.137
0.422270000955,2.137
0.422280000955,2.16825
0.422290000955,2.137
0.422300000955,2.16825
0.422310000955,2.137
0.422320000955,2.137
0.422330000955,2.137
0.422340000955,2.137
0.422350000955,2.137
0.422360000955,2.16825
0.422370000955,2.16825
0.422380000955,2.137
0.422390000955,2.137
0.422400000955,2.16825
0.422410000955,2.137
0.422420000955,2.137
0.422430000955,2.16825
0.422440000955,2.137
0.422450000955,2.16825
0.422460000955,2.137
0.422470000955,2.16825
0.422480000955,2.16825
0.422490000955,2.137
0.422500000955,2.16825
0.422510000955,2.137
0.422520000955,2.16825
0.422530000955,2.137
0.422540000955,2.16825
0.422550000955,2.137
0.422560000955,2.10575
0.422570000955,2.10575
0.422580000955,2.137
0.422590000955,2.137
0.422600000955,2.137
0.422610000955,2.16825
0.422620000955,2.137
0.422630000955,2.137
0.422640000955,2.16825
0.422650000955,2.16825
0.422660000955,2.137
0.422670000955,2.16825
0.422680000955,2.16825
0.422690000955,2.16825
0.422700000955,2.137
0.422710000955,2.137
0.422720000955,2.137
0.422730000955,2.137
0.422740000955,2.16825
0.422750000955,2.1995
0.422760000955,2.137
0.422770000955,2.16825
0.422780000955,2.137
0.422790000955,2.16825
0.422800000955,2.16825
0.422810000955,2.137
0.422820000955,2.137
0.422830000955,2.16825
0.422840000955,2.16825
0.422850000955,2.137
0.422860000955,2.137
0.422870000955,2.10575
0.422880000955,2.137
0.422890000955,2.137
0.422900000955,2.16825
0.422910000955,2.16825
0.422920000955,2.16825
0.422930000955,2.10575
0.422940000955,2.137
0.422950000955,2.137
0.422960000955,2.137
0.422970000955,2.10575
0.422980000955,2.137
0.422990000955,2.137
0.423000000955,2.137
0.423010000955,2.16825
0.423020000955,2.16825
0.423030000955,2.137
0.423040000955,2.10575
0.423050000955,2.137
0.423060000955,2.16825
0.423070000955,2.137
0.423080000955,2.0745
0.423090000955,2.16825
0.423100000955,2.137
0.423110000955,2.137
0.423120000955,2.137
0.423130000955,2.16825
0.423140000955,2.16825
0.423150000955,2.137
0.423160000955,2.10575
0.423170000955,2.16825
0.423180000955,2.137
0.423190000955,2.137
0.423200000955,2.137
0.423210000955,2.10575
0.423220000955,2.137
0.423230000955,2.137
0.423240000955,2.16825
0.423250000955,2.10575
0.423260000955,2.16825
0.423270000955,2.137
0.423280000955,2.137
0.423290000955,2.16825
0.423300000955,2.137
0.423310000955,2.10575
0.423320000955,2.10575
0.423330000955,2.137
0.423340000955,2.137
0.423350000955,2.137
0.423360000955,2.137
0.423370000955,2.137
0.423380000955,2.137
0.423390000955,2.137
0.423400000955,2.137
0.423410000955,2.10575
0.423420000955,2.16825
0.423430000955,2.137
0.423440000955,2.137
0.423450000955,2.137
0.423460000955,2.137
0.423470000955,2.137
0.423480000955,2.137
0.423490000955,2.10575
0.423500000955,2.16825
0.423510000955,2.137
0.423520000955,2.137
0.423530000955,2.16825
0.423540000955,2.137
0.423550000955,2.137
0.423560000955,2.16825
0.423570000955,2.137
0.423580000955,2.137
0.423590000955,2.16825
0.423600000955,2.16825
0.423610000955,2.16825
0.423620000955,2.137
0.423630000955,2.16825
0.423640000955,2.16825
0.423650000955,2.10575
0.423660000955,2.137
0.423670000955,2.137
0.423680000955,2.16825
0.423690000955,2.16825
0.423700000955,2.137
0.423710000955,2.1995
0.423720000955,2.137
0.423730000955,2.137
0.423740000955,2.137
0.423750000955,2.16825
0.423760000955,2.16825
0.423770000955,2.16825
0.423780000955,2.137
0.423790000955,2.137
0.423800000955,2.10575
0.423810000955,2.16825
0.423820000955,2.137
0.423830000955,2.137
0.423840000955,2.137
0.423850000955,2.16825
0.423860000955,2.16825
0.423870000955,2.16825
0.423880000955,2.137
0.423890000955,2.16825
0.423900000955,2.16825
0.423910000955,2.16825
0.423920000955,2.16825
0.423930000955,2.137
0.423940000955,2.16825
0.423950000955,2.137
0.423960000955,2.137
0.423970000955,2.137
0.423980000955,2.16825
0.423990000955,2.137
0.424000000955,2.16825
0.424010000955,2.137
0.424020000955,2.137
0.424030000955,2.16825
0.424040000955,2.137
0.424050000955,2.16825
0.424060000955,2.137
0.424070000955,2.10575
0.424080000955,2.137
0.424090000955,2.137
0.424100000955,2.137
0.424110000955,2.137
0.424120000955,2.16825
0.424130000955,2.137
0.424140000955,2.16825
0.424150000955,2.137
0.424160000955,2.16825
0.424170000955,2.137
0.424180000955,2.16825
0.424190000955,2.137
0.424200000955,2.16825
0.424210000955,2.1995
0.424220000955,2.137
0.424230000955,2.137
0.424240000955,2.137
0.424250000955,2.16825
0.424260000955,2.16825
0.424270000955,2.137
0.424280000955,2.16825
0.424290000955,2.1995
0.424300000955,2.137
0.424310000955,2.16825
0.424320000955,2.137
0.424330000955,2.16825
0.424340000955,2.137
0.424350000955,2.137
0.424360000955,2.16825
0.424370000955,2.16825
0.424380000955,2.16825
0.424390000955,2.137
0.424400000955,2.137
0.424410000955,2.16825
0.424420000955,2.16825
0.424430000955,2.137
0.424440000955,2.16825
0.424450000955,2.137
0.424460000955,2.16825
0.424470000955,2.10575
0.424480000955,2.16825
0.424490000955,2.137
0.424500000955,2.16825
0.424510000955,2.1995
0.424520000955,2.16825
0.424530000955,2.16825
0.424540000955,2.16825
0.424550000955,2.137
0.424560000955,2.137
0.424570000955,2.16825
0.424580000955,2.137
0.424590000955,2.137
0.424600000955,2.137
0.424610000955,2.137
0.424620000955,2.137
0.424630000955,2.137
0.424640000955,2.137
0.424650000955,2.16825
0.424660000955,2.16825
0.424670000955,2.16825
0.424680000955,2.10575
0.424690000955,2.16825
0.424700000955,2.10575
0.424710000955,2.16825
0.424720000955,2.137
0.424730000955,2.137
0.424740000955,2.16825
0.424750000955,2.137
0.424760000955,2.16825
0.424770000955,2.137
0.424780000955,2.16825
0.424790000955,2.1995
0.424800000955,2.137
0.424810000955,2.137
0.424820000955,2.16825
0.424830000955,2.137
0.424840000955,2.16825
0.424850000955,2.137
0.424860000955,2.16825
0.424870000955,2.16825
0.424880000955,2.137
0.424890000955,2.16825
0.424900000955,2.16825
0.424910000955,2.137
0.424920000955,2.16825
0.424930000955,2.16825
0.424940000955,2.137
0.424950000955,2.16825
0.424960000955,2.137
0.424970000955,2.16825
0.424980000955,2.16825
0.424990000955,2.16825
0.425000000955,2.137
0.425010000955,2.16825
0.425020000955,2.137
0.425030000955,2.137
0.425040000955,2.137
0.425050000955,2.137
0.425060000955,2.16825
0.425070000955,2.137
0.425080000955,2.16825
0.425090000955,2.137
0.425100000955,2.137
0.425110000955,2.137
0.425120000955,2.137
0.425130000955,2.16825
0.425140000955,2.137
0.425150000955,2.137
0.425160000955,2.137
0.425170000955,2.137
0.425180000955,2.137
0.425190000955,2.137
0.425200000955,2.137
0.425210000955,2.137
0.425220000955,2.137
0.425230000955,2.16825
0.425240000955,2.137
0.425250000955,2.137
0.425260000955,2.137
0.425270000955,2.137
0.425280000955,2.137
0.425290000955,2.16825
0.425300000955,2.137
0.425310000955,2.137
0.425320000955,2.137
0.425330000955,2.137
0.425340000955,2.137
0.425350000955,2.137
0.425360000955,2.137
0.425370000955,2.16825
0.425380000955,2.137
0.425390000955,2.137
0.425400000955,2.137
0.425410000955,2.137
0.425420000955,2.16825
0.425430000955,2.16825
0.425440000955,2.137
0.425450000955,2.16825
0.425460000955,2.16825
0.425470000955,2.16825
0.425480000955,2.137
0.425490000955,2.137
0.425500000955,2.16825
0.425510000955,2.16825
0.425520000955,2.137
0.425530000955,2.16825
0.425540000955,2.137
0.425550000955,2.10575
0.425560000955,2.16825
0.425570000955,2.16825
0.425580000955,2.16825
0.425590000955,2.137
0.425600000955,2.16825
0.425610000955,2.137
0.425620000955,2.1995
0.425630000955,2.16825
0.425640000955,2.137
0.425650000955,2.1995
0.425660000955,2.16825
0.425670000955,2.10575
0.425680000955,2.137
0.425690000955,2.137
0.425700000955,2.1995
0.425710000955,2.137
0.425720000955,2.137
0.425730000955,2.16825
0.425740000955,2.16825
0.425750000955,2.137
0.425760000955,2.16825
0.425770000955,2.16825
0.425780000955,2.16825
0.425790000955,2.16825
0.425800000955,2.137
0.425810000955,2.137
0.425820000955,2.16825
0.425830000955,2.137
0.425840000955,2.16825
0.425850000955,2.137
0.425860000955,2.16825
0.425870000955,2.16825
0.425880000955,2.137
0.425890000955,2.16825
0.425900000955,2.16825
0.425910000955,2.137
0.425920000955,2.16825
0.425930000955,2.137
0.425940000955,2.1995
0.425950000955,2.137
0.425960000955,2.137
0.425970000955,2.16825
0.425980000955,2.137
0.425990000955,2.10575
0.426000000955,2.16825
0.426010000955,2.16825
0.426020000955,2.137
0.426030000955,2.16825
0.426040000955,2.137
0.426050000955,2.16825
0.426060000955,2.137
0.426070000955,2.137
0.426080000955,2.137
0.426090000955,2.16825
0.426100000955,2.137
0.426110000955,2.16825
0.426120000955,2.137
0.426130000955,2.137
0.426140000955,2.16825
0.426150000955,2.137
0.426160000955,2.137
0.426170000955,2.16825
0.426180000955,2.137
0.426190000955,2.16825
0.426200000955,2.16825
0.426210000955,2.137
0.426220000955,2.10575
0.426230000955,2.16825
0.426240000955,2.137
0.426250000955,2.16825
0.426260000955,2.1995
0.426270000955,2.137
0.426280000955,2.137
0.426290000955,2.10575
0.426300000955,2.137
0.426310000955,2.10575
0.426320000955,2.16825
0.426330000955,2.137
0.426340000955,2.137
0.426350000955,2.16825
0.426360000955,2.16825
0.426370000955,2.137
0.426380000955,2.137
0.426390000955,2.137
0.426400000955,2.16825
0.426410000955,2.137
0.426420000955,2.137
0.426430000955,2.16825
0.426440000955,2.10575
0.426450000955,2.16825
0.426460000955,2.16825
0.426470000955,2.137
0.426480000955,2.137
0.426490000955,2.16825
0.426500000955,2.137
0.426510000955,2.137
0.426520000955,2.137
0.426530000955,2.137
0.426540000955,2.137
0.426550000955,2.16825
0.426560000955,2.16825
0.426570000955,2.16825
0.426580000955,2.16825
0.426590000955,2.137
0.426600000955,2.137
0.426610000955,2.16825
0.426620000955,2.16825
0.426630000955,2.1995
0.426640000955,2.137
0.426650000955,2.137
0.426660000955,2.137
0.426670000955,2.137
0.426680000955,2.16825
0.426690000955,2.16825
0.426700000955,2.137
0.426710000955,2.137
0.426720000955,2.137
0.426730000955,2.137
0.426740000955,2.16825
0.426750000955,2.16825
0.426760000955,2.16825
0.426770000955,2.137
0.426780000955,2.16825
0.426790000955,2.16825
0.426800000955,2.16825
0.426810000955,2.137
0.426820000955,2.10575
0.426830000955,2.16825
0.426840000955,2.16825
0.426850000955,2.16825
0.426860000955,2.137
0.426870000955,2.16825
0.426880000955,2.16825
0.426890000955,2.10575
0.426900000955,2.137
0.426910000955,2.137
0.426920000955,2.16825
0.426930000955,2.137
0.426940000955,2.16825
0.426950000955,2.137
0.426960000955,2.16825
0.426970000955,2.16825
0.426980000955,2.16825
0.426990000955,2.16825
0.427000000955,2.16825
0.427010000955,2.137
0.427020000955,2.137
0.427030000955,2.137
0.427040000955,2.137
0.427050000955,2.16825
0.427060000955,2.137
0.427070000955,2.16825
0.427080000955,2.137
0.427090000955,2.137
0.427100000955,2.16825
0.427110000955,2.16825
0.427120000955,2.16825
0.427130000955,2.137
0.427140000955,2.137
0.427150000955,2.1995
0.427160000955,2.16825
0.427170000955,2.137
0.427180000955,2.137
0.427190000955,2.16825
0.427200000955,2.1995
0.427210000955,2.16825
0.427220000955,2.137
0.427230000955,2.16825
0.427240000955,2.16825
0.427250000955,2.137
0.427260000955,2.16825
0.427270000955,2.10575
0.427280000955,2.137
0.427290000955,2.16825
0.427300000955,2.16825
0.427310000955,2.137
0.427320000955,2.137
0.427330000955,2.137
0.427340000955,2.10575
0.427350000955,2.137
0.427360000955,2.137
0.427370000955,2.137
0.427380000955,2.137
0.427390000955,2.16825
0.427400000955,2.137
0.427410000955,2.137
0.427420000955,2.16825
0.427430000955,2.137
0.427440000955,2.137
0.427450000955,2.137
0.427460000955,2.16825
0.427470000955,2.137
0.427480000955,2.16825
0.427490000955,2.137
0.427500000955,2.16825
0.427510000955,2.16825
0.427520000955,2.137
0.427530000955,2.137
0.427540000955,2.16825
0.427550000955,2.137
0.427560000955,2.16825
0.427570000955,2.137
0.427580000955,2.137
0.427590000955,2.137
0.427600000955,2.137
0.427610000955,2.137
0.427620000955,2.137
0.427630000955,2.137
0.427640000955,2.137
0.427650000955,2.137
0.427660000955,2.16825
0.427670000955,2.16825
0.427680000955,2.137
0.427690000955,2.137
0.427700000955,2.137
0.427710000955,2.137
0.427720000955,2.137
0.427730000955,2.16825
0.427740000955,2.137
0.427750000955,2.10575
0.427760000955,2.16825
0.427770000955,2.16825
0.427780000955,2.16825
0.427790000955,2.16825
0.427800000955,2.16825
0.427810000955,2.137
0.427820000955,2.137
0.427830000955,2.16825
0.427840000955,2.137
0.427850000955,2.16825
0.427860000955,2.16825
0.427870000955,2.16825
0.427880000955,2.137
0.427890000955,2.137
0.427900000955,2.16825
0.427910000955,2.16825
0.427920000955,2.16825
0.427930000955,2.16825
0.427940000955,2.10575
0.427950000955,2.137
0.427960000955,2.137
0.427970000955,2.137
0.427980000955,2.137
0.427990000955,2.16825
0.428000000955,2.1995
0.428010000955,2.16825
0.428020000955,2.16825
0.428030000955,2.137
0.428040000955,2.137
0.428050000955,2.137
0.428060000955,2.16825
0.428070000955,2.16825
0.428080000955,2.137
0.428090000955,2.137
0.428100000955,2.137
0.428110000955,2.16825
0.428120000955,2.137
0.428130000955,2.137
0.428140000955,2.137
0.428150000955,2.137
0.428160000955,2.16825
0.428170000955,2.16825
0.428180000955,2.137
0.428190000955,2.137
0.428200000955,2.16825
0.428210000955,2.137
0.428220000955,2.137
0.428230000955,2.1995
0.428240000955,2.16825
0.428250000955,2.16825
0.428260000955,2.16825
0.428270000955,2.137
0.428280000955,2.16825
0.428290000955,2.137
0.428300000955,2.137
0.428310000955,2.16825
0.428320000955,2.137
0.428330000955,2.137
0.428340000955,2.137
0.428350000955,2.137
0.428360000955,2.137
0.428370000955,2.16825
0.428380000955,2.16825
0.428390000955,2.16825
0.428400000955,2.16825
0.428410000955,2.16825
0.428420000955,2.137
0.428430000955,2.16825
0.428440000955,2.137
0.428450000955,2.137
0.428460000955,2.16825
0.428470000955,2.137
0.428480000955,2.16825
0.428490000955,2.137
0.428500000955,2.16825
0.428510000955,2.137
0.428520000955,2.137
0.428530000955,2.137
0.428540000955,2.137
0.428550000955,2.16825
0.428560000955,2.16825
0.428570000955,2.16825
0.428580000955,2.16825
0.428590000955,2.137
0.428600000955,2.16825
0.428610000955,2.16825
0.428620000955,2.137
0.428630000955,2.10575
0.428640000955,2.16825
0.428650000955,2.137
0.428660000955,2.137
0.428670000955,2.137
0.428680000955,2.137
0.428690000955,2.16825
0.428700000955,2.16825
0.428710000955,2.137
0.428720000955,2.16825
0.428730000955,2.16825
0.428740000955,2.137
0.428750000955,2.137
0.428760000955,2.16825
0.428770000955,2.16825
0.428780000955,2.16825
0.428790000955,2.16825
0.428800000955,2.137
0.428810000955,2.16825
0.428820000955,2.137
0.428830000955,2.137
0.428840000955,2.16825
0.428850000955,2.16825
0.428860000955,2.16825
0.428870000955,2.16825
0.428880000955,2.16825
0.428890000955,2.137
0.428900000955,2.137
0.428910000955,2.16825
0.428920000955,2.137
0.428930000955,2.10575
0.428940000955,2.1995
0.428950000955,2.1995
0.428960000955,2.10575
0.428970000955,2.1995
0.428980000955,2.137
0.428990000955,2.137
0.429000000955,2.16825
0.429010000955,2.16825
0.429020000955,2.1995
0.429030000955,2.137
0.429040000955,2.16825
0.429050000955,2.137
0.429060000955,2.10575
0.429070000955,2.16825
0.429080000955,2.16825
0.429090000955,2.137
0.429100000955,2.16825
0.429110000955,2.137
0.429120000955,2.137
0.429130000955,2.16825
0.429140000955,2.16825
0.429150000955,2.137
0.429160000955,2.137
0.429170000955,2.137
0.429180000955,2.137
0.429190000955,2.16825
0.429200000955,2.16825
0.429210000955,2.137
0.429220000955,2.137
0.429230000955,2.137
0.429240000955,2.16825
0.429250000955,2.137
0.429260000955,2.137
0.429270000955,2.10575
0.429280000955,2.137
0.429290000955,2.137
0.429300000955,2.1995
0.429310000955,2.137
0.429320000955,2.137
0.429330000955,2.16825
0.429340000955,2.10575
0.429350000955,2.16825
0.429360000955,2.137
0.429370000955,2.1995
0.429380000955,2.137
0.429390000955,2.10575
0.429400000955,2.137
0.429410000955,2.16825
0.429420000955,2.16825
0.429430000955,2.16825
0.429440000955,2.10575
0.429450000955,2.16825
0.429460000955,2.137
0.429470000955,2.137
0.429480000955,2.137
0.429490000955,2.137
0.429500000955,2.10575
0.429510000955,2.137
0.429520000955,2.16825
0.429530000955,2.1995
0.429540000955,2.16825
0.429550000955,2.16825
0.429560000955,2.137
0.429570000955,2.16825
0.429580000955,2.16825
0.429590000955,2.16825
0.429600000955,2.1995
0.429610000955,2.16825
0.429620000955,2.137
0.429630000955,2.137
0.429640000955,2.16825
0.429650000955,2.137
0.429660000955,2.16825
0.429670000955,2.16825
0.429680000955,2.137
0.429690000955,2.10575
0.429700000955,2.137
0.429710000955,2.137
0.429720000955,2.137
0.429730000955,2.137
0.429740000955,2.10575
0.429750000955,2.10575
0.429760000955,2.16825
0.429770000955,2.16825
0.429780000955,2.137
0.429790000955,2.137
0.429800000955,2.16825
0.429810000955,2.16825
0.429820000955,2.16825
0.429830000955,2.137
0.429840000955,2.1995
0.429850000955,2.16825
0.429860000955,2.16825
0.429870000955,2.137
0.429880000955,2.1995
0.429890000955,2.16825
0.429900000955,2.137
0.429910000955,2.16825
0.429920000955,2.16825
0.429930000955,2.1995
0.429940000955,2.137
0.429950000955,2.16825
0.429960000955,2.137
0.429970000955,2.137
0.429980000955,2.16825
0.429990000955,2.137
0.430000000955,2.16825
0.430010000955,2.16825
0.430020000955,2.16825
0.430030000955,2.137
0.430040000955,2.1995
0.430050000955,2.137
0.430060000955,2.1995
0.430070000955,2.16825
0.430080000955,2.16825
0.430090000955,2.137
0.430100000955,2.1995
0.430110000955,2.137
0.430120000955,2.1995
0.430130000955,2.16825
0.430140000955,2.16825
0.430150000955,2.16825
0.430160000955,2.137
0.430170000955,2.137
0.430180000955,2.16825
0.430190000955,2.16825
0.430200000955,2.16825
0.430210000955,2.1995
0.430220000955,2.137
0.430230000955,2.1995
0.430240000955,2.16825
0.430250000955,2.16825
0.430260000955,2.137
0.430270000955,2.137
0.430280000955,2.16825
0.430290000955,2.137
0.430300000955,2.16825
0.430310000955,2.16825
0.430320000955,2.16825
0.430330000955,2.137
0.430340000955,2.16825
0.430350000955,2.1995
0.430360000955,2.137
0.430370000955,2.16825
0.430380000955,2.16825
0.430390000955,2.16825
0.430400000955,2.16825
0.430410000955,2.137
0.430420000955,2.16825
0.430430000955,2.137
0.430440000955,2.137
0.430450000955,2.16825
0.430460000955,2.137
0.430470000955,2.137
0.430480000955,2.137
0.430490000955,2.137
0.430500000955,2.1995
0.430510000955,2.16825
0.430520000955,2.16825
0.430530000955,2.137
0.430540000955,2.16825
0.430550000955,2.137
0.430560000955,2.137
0.430570000955,2.137
0.430580000955,2.137
0.430590000955,2.16825
0.430600000955,2.1995
0.430610000955,2.16825
0.430620000955,2.16825
0.430630000955,2.137
0.430640000955,2.16825
0.430650000955,2.16825
0.430660000955,2.137
0.430670000955,2.16825
0.430680000955,2.16825
0.430690000955,2.137
0.430700000955,2.137
0.430710000955,2.16825
0.430720000955,2.16825
0.430730000955,2.16825
0.430740000955,2.16825
0.430750000955,2.16825
0.430760000955,2.137
0.430770000955,2.137
0.430780000955,2.16825
0.430790000955,2.16825
0.430800000955,2.16825
0.430810000955,2.137
0.430820000955,2.16825
0.430830000955,2.16825
0.430840000955,2.137
0.430850000955,2.16825
0.430860000955,2.16825
0.430870000955,2.10575
0.430880000955,2.137
0.430890000955,2.16825
0.430900000955,2.16825
0.430910000955,2.16825
0.430920000955,2.16825
0.430930000955,2.16825
0.430940000955,2.16825
0.430950000955,2.16825
0.430960000955,2.137
0.430970000955,2.137
0.430980000955,2.137
0.430990000955,2.137
0.431000000955,2.16825
0.431010000955,2.16825
0.431020000955,2.137
0.431030000955,2.16825
0.431040000955,2.16825
0.431050000955,2.137
0.431060000955,2.16825
0.431070000955,2.16825
0.431080000955,2.16825
0.431090000955,2.16825
0.431100000955,2.16825
0.431110000955,2.16825
0.431120000955,2.16825
0.431130000955,2.16825
0.431140000955,2.1995
0.431150000955,2.16825
0.431160000955,2.137
0.431170000955,2.137
0.431180000955,2.16825
0.431190000955,2.1995
0.431200000955,2.137
0.431210000955,2.16825
0.431220000955,2.137
0.431230000955,2.16825
0.431240000955,2.137
0.431250000955,2.16825
0.431260000955,2.16825
0.431270000955,2.137
0.431280000955,2.16825
0.431290000955,2.137
0.431300000955,2.16825
0.431310000955,2.16825
0.431320000955,2.137
0.431330000955,2.137
0.431340000955,2.16825
0.431350000955,2.16825
0.431360000955,2.16825
0.431370000955,2.137
0.431380000955,2.16825
0.431390000955,2.16825
0.431400000955,2.16825
0.431410000955,2.137
0.431420000955,2.16825
0.431430000955,2.137
0.431440000955,2.16825
0.431450000955,2.137
0.431460000955,2.16825
0.431470000955,2.16825
0.431480000955,2.16825
0.431490000955,2.16825
0.431500000955,2.1995
0.431510000955,2.16825
0.431520000955,2.16825
0.431530000955,2.137
0.431540000955,2.137
0.431550000955,2.16825
0.431560000955,2.137
0.431570000955,2.137
0.431580000955,2.16825
0.431590000955,2.16825
0.431600000955,2.137
0.431610000955,2.16825
0.431620000955,2.16825
0.431630000955,2.16825
0.431640000955,2.137
0.431650000955,2.137
0.431660000955,2.137
0.431670000955,2.16825
0.431680000955,2.16825
0.431690000955,2.16825
0.431700000955,2.16825
0.431710000955,2.1995
0.431720000955,2.16825
0.431730000955,2.137
0.431740000955,2.137
0.431750000955,2.16825
0.431760000955,2.16825
0.431770000955,2.1995
0.431780000955,2.16825
0.431790000955,2.16825
0.431800000955,2.16825
0.431810000955,2.16825
0.431820000955,2.16825
0.431830000955,2.137
0.431840000955,2.1995
0.431850000955,2.137
0.431860000955,2.137
0.431870000955,2.137
0.431880000955,2.16825
0.431890000955,2.137
0.431900000955,2.137
0.431910000955,2.137
0.431920000955,2.16825
0.431930000955,2.137
0.431940000955,2.16825
0.431950000955,2.137
0.431960000955,2.16825
0.431970000955,2.16825
0.431980000955,2.16825
0.431990000955,2.16825
0.432000000955,2.137
0.432010000955,2.1995
0.432020000955,2.16825
0.432030000955,2.16825
0.432040000955,2.16825
0.432050000955,2.1995
0.432060000955,2.137
0.432070000955,2.137
0.432080000955,2.1995
0.432090000955,2.16825
0.432100000955,2.10575
0.432110000955,2.16825
0.432120000955,2.16825
0.432130000955,2.16825
0.432140000955,2.10575
0.432150000955,2.16825
0.432160000955,2.16825
0.432170000955,2.16825
0.432180000955,2.137
0.432190000955,2.16825
0.432200000955,2.137
0.432210000955,2.16825
0.432220000955,2.137
0.432230000955,2.137
0.432240000955,2.16825
0.432250000955,2.16825
0.432260000955,2.137
0.432270000955,2.16825
0.432280000955,2.16825
0.432290000955,2.16825
0.432300000955,2.16825
0.432310000955,2.137
0.432320000955,2.137
0.432330000955,2.1995
0.432340000955,2.16825
0.432350000955,2.16825
0.432360000955,2.16825
0.432370000955,2.16825
0.432380000955,2.16825
0.432390000955,2.16825
0.432400000955,2.16825
0.432410000955,2.16825
0.432420000955,2.16825
0.432430000955,2.137
0.432440000955,2.16825
0.432450000955,2.16825
0.432460000955,2.16825
0.432470000955,2.137
0.432480000955,2.16825
0.432490000955,2.16825
0.432500000955,2.137
0.432510000955,2.137
0.432520000955,2.16825
0.432530000955,2.1995
0.432540000955,2.16825
0.432550000955,2.137
0.432560000955,2.137
0.432570000955,2.16825
0.432580000955,2.16825
0.432590000955,2.137
0.432600000955,2.16825
0.432610000955,2.16825
0.432620000955,2.137
0.432630000955,2.16825
0.432640000955,2.16825
0.432650000955,2.16825
0.432660000955,2.1995
0.432670000955,2.1995
0.432680000955,2.1995
0.432690000955,2.137
0.432700000955,2.16825
0.432710000955,2.137
0.432720000955,2.1995
0.432730000955,2.16825
0.432740000955,2.16825
0.432750000955,2.16825
0.432760000955,2.137
0.432770000955,2.16825
0.432780000955,2.137
0.432790000955,2.137
0.432800000955,2.16825
0.432810000955,2.16825
0.432820000955,2.16825
0.432830000955,2.16825
0.432840000955,2.137
0.432850000955,2.16825
0.432860000955,2.137
0.432870000955,2.16825
0.432880000955,2.137
0.432890000955,2.137
0.432900000955,2.137
0.432910000955,2.137
0.432920000955,2.137
0.432930000955,2.16825
0.432940000955,2.16825
0.432950000955,2.16825
0.432960000955,2.16825
0.432970000955,2.16825
0.432980000955,2.16825
0.432990000955,2.137
0.433000000955,2.137
0.433010000955,2.16825
0.433020000955,2.137
0.433030000955,2.16825
0.433040000955,2.16825
0.433050000955,2.16825
0.433060000955,2.16825
0.433070000955,2.16825
0.433080000955,2.137
0.433090000955,2.16825
0.433100000955,2.16825
0.433110000955,2.137
0.433120000955,2.16825
0.433130000955,2.16825
0.433140000955,2.137
0.433150000955,2.16825
0.433160000955,2.137
0.433170000955,2.16825
0.433180000955,2.16825
0.433190000955,2.137
0.433200000955,2.16825
0.433210000955,2.16825
0.433220000955,2.137
0.433230000955,2.16825
0.433240000955,2.16825
0.433250000955,2.16825
0.433260000955,2.16825
0.433270000955,2.16825
0.433280000955,2.16825
0.433290000955,2.16825
0.433300000955,2.16825
0.433310000955,2.137
0.433320000955,2.137
0.433330000955,2.16825
0.433340000955,2.137
0.433350000955,2.16825
0.433360000955,2.137
0.433370000955,2.1995
0.433380000955,2.16825
0.433390000955,2.16825
0.433400000955,2.16825
0.433410000955,2.16825
0.433420000955,2.16825
0.433430000955,2.16825
0.433440000955,2.16825
0.433450000955,2.16825
0.433460000955,2.137
0.433470000955,2.16825
0.433480000955,2.137
0.433490000955,2.137
0.433500000955,2.137
0.433510000955,2.1995
0.433520000955,2.16825
0.433530000955,2.137
0.433540000955,2.137
0.433550000955,2.137
0.433560000955,2.137
0.433570000955,2.16825
0.433580000955,2.137
0.433590000955,2.137
0.433600000955,2.137
0.433610000955,2.137
0.433620000955,2.16825
0.433630000955,2.16825
0.433640000955,2.137
0.433650000955,2.137
0.433660000955,2.137
0.433670000955,2.137
0.433680000955,2.1995
0.433690000955,2.16825
0.433700000955,2.16825
0.433710000955,2.16825
0.433720000955,2.16825
0.433730000955,2.137
0.433740000955,2.16825
0.433750000955,2.16825
0.433760000955,2.1995
0.433770000955,2.137
0.433780000955,2.16825
0.433790000955,2.16825
0.433800000955,2.16825
0.433810000955,2.137
0.433820000955,2.16825
0.433830000955,2.137
0.433840000955,2.16825
0.433850000955,2.137
0.433860000955,2.137
0.433870000955,2.137
0.433880000955,2.16825
0.433890000955,2.16825
0.433900000955,2.10575
0.433910000955,2.16825
0.433920000955,2.16825
0.433930000955,2.137
0.433940000955,2.16825
0.433950000955,2.16825
0.433960000955,2.137
0.433970000955,2.16825
0.433980000955,2.16825
0.433990000955,2.16825
0.434000000955,2.16825
0.434010000955,2.16825
0.434020000955,2.16825
0.434030000955,2.16825
0.434040000955,2.16825
0.434050000955,2.16825
0.434060000955,2.137
0.434070000955,2.137
0.434080000955,2.137
0.434090000955,2.137
0.434100000955,2.137
0.434110000955,2.137
0.434120000955,2.137
0.434130000955,2.137
0.434140000955,2.137
0.434150000955,2.16825
0.434160000955,2.137
0.434170000955,2.16825
0.434180000955,2.1995
0.434190000955,2.16825
0.434200000955,2.16825
0.434210000955,2.16825
0.434220000955,2.16825
0.434230000955,2.137
0.434240000955,2.137
0.434250000955,2.137
0.434260000955,2.137
0.434270000955,2.16825
0.434280000955,2.137
0.434290000955,2.16825
0.434300000955,2.137
0.434310000955,2.1995
0.434320000955,2.137
0.434330000955,2.16825
0.434340000955,2.16825
0.434350000955,2.16825
0.434360000955,2.137
0.434370000955,2.137
0.434380000955,2.16825
0.434390000955,2.10575
0.434400000955,2.137
0.434410000955,2.1995
0.434420000955,2.137
0.434430000955,2.137
0.434440000955,2.16825
0.434450000955,2.137
0.434460000955,2.1995
0.434470000955,2.16825
0.434480000955,2.16825
0.434490000955,2.137
0.434500000955,2.16825
0.434510000955,2.16825
0.434520000955,2.16825
0.434530000955,2.16825
0.434540000955,2.16825
0.434550000955,2.16825
0.434560000955,2.16825
0.434570000955,2.16825
0.434580000955,2.137
0.434590000955,2.16825
0.434600000955,2.16825
0.434610000955,2.16825
0.434620000955,2.16825
0.434630000955,2.1995
0.434640000955,2.16825
0.434650000955,2.16825
0.434660000955,2.16825
0.434670000955,2.16825
0.434680000955,2.137
0.434690000955,2.137
0.434700000955,2.1995
0.434710000955,2.16825
0.434720000955,2.16825
0.434730000955,2.16825
0.434740000955,2.137
0.434750000955,2.16825
0.434760000955,2.16825
0.434770000955,2.137
0.434780000955,2.16825
0.434790000955,2.137
0.434800000955,2.16825
0.434810000955,2.137
0.434820000955,2.137
0.434830000955,2.16825
0.434840000955,2.137
0.434850000955,2.16825
0.434860000955,2.16825
0.434870000955,2.137
0.434880000955,2.137
0.434890000955,2.137
0.434900000955,2.137
0.434910000955,2.137
0.434920000955,2.137
0.434930000955,2.16825
0.434940000955,2.137
0.434950000955,2.137
0.434960000955,2.137
0.434970000955,2.16825
0.434980000955,2.16825
0.434990000955,2.137
0.435000000955,2.16825
0.435010000955,2.137
0.435020000955,2.16825
0.435030000955,2.16825
0.435040000955,2.16825
0.435050000955,2.16825
0.435060000955,2.16825
0.435070000955,2.137
0.435080000955,2.137
0.435090000955,2.137
0.435100000955,2.1995
0.435110000955,2.16825
0.435120000955,2.16825
0.435130000955,2.16825
0.435140000955,2.1995
0.435150000955,2.16825
0.435160000955,2.137
0.435170000955,2.137
0.435180000955,2.16825
0.435190000955,2.16825
0.435200000955,2.137
0.435210000955,2.137
0.435220000955,2.16825
0.435230000955,2.137
0.435240000955,2.16825
0.435250000955,2.137
0.435260000955,2.137
0.435270000955,2.137
0.435280000955,2.137
0.435290000955,2.16825
0.435300000955,2.137
0.435310000955,2.16825
0.435320000955,2.137
0.435330000955,2.16825
0.435340000955,2.16825
0.435350000955,2.16825
0.435360000955,2.16825
0.435370000955,2.1995
0.435380000955,2.137
0.435390000955,2.10575
0.435400000955,2.16825
0.435410000955,2.16825
0.435420000955,2.137
0.435430000955,2.137
0.435440000955,2.16825
0.435450000955,2.16825
0.435460000955,2.16825
0.435470000955,2.137
0.435480000955,2.16825
0.435490000955,2.10575
0.435500000955,2.16825
0.435510000955,2.137
0.435520000955,2.137
0.435530000955,2.16825
0.435540000955,2.16825
0.435550000955,2.137
0.435560000955,2.1995
0.435570000955,2.137
0.435580000955,2.16825
0.435590000955,2.137
0.435600000955,2.16825
0.435610000955,2.16825
0.435620000955,2.16825
0.435630000955,2.1995
0.435640000955,2.137
0.435650000955,2.16825
0.435660000955,2.16825
0.435670000955,2.137
0.435680000955,2.1995
0.435690000955,2.137
0.435700000955,2.137
0.435710000955,2.10575
0.435720000955,2.137
0.435730000955,2.137
0.435740000955,2.137
0.435750000955,2.137
0.435760000955,2.137
0.435770000955,2.137
0.435780000955,2.137
0.435790000955,2.137
0.435800000955,2.10575
0.435810000955,2.137
0.435820000955,2.137
0.435830000955,2.137
0.435840000955,2.16825
0.435850000955,2.137
0.435860000955,2.137
0.435870000955,2.137
0.435880000955,2.137
0.435890000955,2.16825
0.435900000955,2.16825
0.435910000955,2.137
0.435920000955,2.137
0.435930000955,2.16825
0.435940000955,2.137
0.435950000955,2.137
0.435960000955,2.16825
0.435970000955,2.137
0.435980000955,2.137
0.435990000955,2.137
0.436000000955,2.16825
0.436010000955,2.137
0.436020000955,2.137
0.436030000955,2.16825
0.436040000955,2.16825
0.436050000955,2.137
0.436060000955,2.16825
0.436070000955,2.16825
0.436080000955,2.137
0.436090000955,2.16825
0.436100000955,2.137
0.436110000955,2.137
0.436120000955,2.137
0.436130000955,2.16825
0.436140000955,2.16825
0.436150000955,2.137
0.436160000955,2.16825
0.436170000955,2.16825
0.436180000955,2.16825
0.436190000955,2.137
0.436200000955,2.137
0.436210000955,2.16825
0.436220000955,2.137
0.436230000955,2.16825
0.436240000955,2.137
0.436250000955,2.137
0.436260000955,2.16825
0.436270000955,2.16825
0.436280000955,2.10575
0.436290000955,2.137
0.436300000955,2.16825
0.436310000955,2.137
0.436320000955,2.16825
0.436330000955,2.137
0.436340000955,2.137
0.436350000955,2.137
0.436360000955,2.137
0.436370000955,2.16825
0.436380000955,2.16825
0.436390000955,2.16825
0.436400000955,2.137
0.436410000955,2.16825
0.436420000955,2.137
0.436430000955,2.137
0.436440000955,2.10575
0.436450000955,2.16825
0.436460000955,2.137
0.436470000955,2.16825
0.436480000955,2.137
0.436490000955,2.16825
0.436500000955,2.137
0.436510000955,2.137
0.436520000955,2.137
0.436530000955,2.16825
0.436540000955,2.16825
0.436550000955,2.16825
0.436560000955,2.16825
0.436570000955,2.16825
0.436580000955,2.137
0.436590000955,2.16825
0.436600000955,2.16825
0.436610000955,2.137
0.436620000955,2.137
0.436630000955,2.137
0.436640000955,2.16825
0.436650000955,2.137
0.436660000955,2.16825
0.436670000955,2.16825
0.436680000955,2.137
0.436690000955,2.137
0.436700000955,2.0745
0.436710000955,2.16825
0.436720000955,2.16825
0.436730000955,2.10575
0.436740000955,2.10575
0.436750000955,2.137
0.436760000955,2.16825
0.436770000955,2.16825
0.436780000955,2.137
0.436790000955,2.137
0.436800000955,2.137
0.436810000955,2.137
0.436820000955,2.10575
0.436830000955,2.10575
0.436840000955,2.16825
0.436850000955,2.16825
0.436860000955,2.137
0.436870000955,2.16825
0.436880000955,2.137
0.436890000955,2.137
0.436900000955,2.137
0.436910000955,2.16825
0.436920000955,2.137
0.436930000955,2.10575
0.436940000955,2.137
0.436950000955,2.16825
0.436960000955,2.137
0.436970000955,2.16825
0.436980000955,2.16825
0.436990000955,2.16825
0.437000000955,2.137
0.437010000955,2.137
0.437020000955,2.10575
0.437030000955,2.16825
0.437040000955,2.16825
0.437050000955,2.137
0.437060000955,2.16825
0.437070000955,2.137
0.437080000955,2.137
0.437090000955,2.137
0.437100000955,2.137
0.437110000955,2.16825
0.437120000955,2.137
0.437130000955,2.137
0.437140000955,2.137
0.437150000955,2.16825
0.437160000955,2.137
0.437170000955,2.137
0.437180000955,2.16825
0.437190000955,2.137
0.437200000955,2.137
0.437210000955,2.10575
0.437220000955,2.137
0.437230000955,2.10575
0.437240000955,2.16825
0.437250000955,2.137
0.437260000955,2.16825
0.437270000955,2.137
0.437280000955,2.10575
0.437290000955,2.16825
0.437300000955,2.137
0.437310000955,2.137
0.437320000955,2.16825
0.437330000955,2.137
0.437340000955,2.137
0.437350000955,2.10575
0.437360000955,2.16825
0.437370000955,2.137
0.437380000955,2.137
0.437390000955,2.137
0.437400000955,2.137
0.437410000955,2.137
0.437420000955,2.16825
0.437430000955,2.137
0.437440000955,2.137
0.437450000955,2.10575
0.437460000955,2.137
0.437470000955,2.137
0.437480000955,2.10575
0.437490000955,2.10575
0.437500000955,2.137
0.437510000955,2.137
0.437520000955,2.137
0.437530000955,2.10575
0.437540000955,2.137
0.437550000955,2.137
0.437560000955,2.10575
0.437570000955,2.137
0.437580000955,2.137
0.437590000955,2.137
0.437600000955,2.137
0.437610000955,2.10575
0.437620000955,2.137
0.437630000955,2.10575
0.437640000955,2.137
0.437650000955,2.137
0.437660000955,2.137
0.437670000955,2.10575
0.437680000955,2.10575
0.437690000955,2.137
0.437700000955,2.137
0.437710000955,2.10575
0.437720000955,2.137
0.437730000955,2.137
0.437740000955,2.16825
0.437750000955,2.16825
0.437760000955,2.10575
0.437770000955,2.137
0.437780000955,2.137
0.437790000955,2.137
0.437800000955,2.10575
0.437810000955,2.16825
0.437820000955,2.137
0.437830000955,2.16825
0.437840000955,2.137
0.437850000955,2.137
0.437860000955,2.16825
0.437870000955,2.16825
0.437880000955,2.16825
0.437890000955,2.137
0.437900000955,2.137
0.437910000955,2.16825
0.437920000955,2.137
0.437930000955,2.10575
0.437940000955,2.137
0.437950000955,2.137
0.437960000955,2.137
0.437970000955,2.16825
0.437980000955,2.137
0.437990000955,2.137
0.438000000955,2.137
0.438010000955,2.10575
0.438020000955,2.16825
0.438030000955,2.137
0.438040000955,2.10575
0.438050000955,2.137
0.438060000955,2.137
0.438070000955,2.10575
0.438080000955,2.10575
0.438090000955,2.10575
0.438100000955,2.16825
0.438110000955,2.10575
0.438120000955,2.10575
0.438130000955,2.10575
0.438140000955,2.137
0.438150000955,2.137
0.438160000955,2.137
0.438170000955,2.137
0.438180000955,2.10575
0.438190000955,2.16825
0.438200000955,2.137
0.438210000955,2.16825
0.438220000955,2.16825
0.438230000955,2.137
0.438240000955,2.16825
0.438250000955,2.137
0.438260000955,2.137
0.438270000955,2.137
0.438280000955,2.137
0.438290000955,2.137
0.438300000955,2.10575
0.438310000955,2.137
0.438320000955,2.137
0.438330000955,2.137
0.438340000955,2.137
0.438350000955,2.10575
0.438360000955,2.137
0.438370000955,2.137
0.438380000955,2.16825
0.438390000955,2.137
0.438400000955,2.137
0.438410000955,2.137
0.438420000955,2.10575
0.438430000955,2.10575
0.438440000955,2.137
0.438450000955,2.10575
0.438460000955,2.137
0.438470000955,2.137
0.438480000955,2.137
0.438490000955,2.137
0.438500000955,2.10575
0.438510000955,2.10575
0.438520000955,2.137
0.438530000955,2.137
0.438540000955,2.10575
0.438550000955,2.16825
0.438560000955,2.16825
0.438570000955,2.137
0.438580000955,2.10575
0.438590000955,2.16825
0.438600000955,2.137
0.438610000955,2.137
0.438620000955,2.137
0.438630000955,2.10575
0.438640000955,2.137
0.438650000955,2.16825
0.438660000955,2.137
0.438670000955,2.137
0.438680000955,2.137
0.438690000955,2.137
0.438700000955,2.137
0.438710000955,2.16825
0.438720000955,2.16825
0.438730000955,2.137
0.438740000955,2.137
0.438750000955,2.16825
0.438760000955,2.137
0.438770000955,2.137
0.438780000955,2.137
0.438790000955,2.10575
0.438800000955,2.16825
0.438810000955,2.16825
0.438820000955,2.137
0.438830000955,2.10575
0.438840000955,2.16825
0.438850000955,2.137
0.438860000955,2.10575
0.438870000955,2.137
0.438880000955,2.10575
0.438890000955,2.16825
0.438900000955,2.10575
0.438910000955,2.10575
0.438920000955,2.10575
0.438930000955,2.137
0.438940000955,2.16825
0.438950000955,2.137
0.438960000955,2.137
0.438970000955,2.137
0.438980000955,2.16825
0.438990000955,2.137
0.439000000955,2.16825
0.439010000955,2.137
0.439020000955,2.137
0.439030000955,2.137
0.439040000955,2.137
0.439050000955,2.137
0.439060000955,2.137
0.439070000955,2.137
0.439080000955,2.16825
0.439090000955,2.137
0.439100000955,2.137
0.439110000955,2.10575
0.439120000955,2.137
0.439130000955,2.137
0.439140000955,2.10575
0.439150000955,2.137
0.439160000955,2.137
0.439170000955,2.137
0.439180000955,2.137
0.439190000955,2.137
0.439200000955,2.10575
0.439210000955,2.137
0.439220000955,2.137
0.439230000955,2.137
0.439240000955,2.137
0.439250000955,2.137
0.439260000955,2.10575
0.439270000955,2.10575
0.439280000955,2.137
0.439290000955,2.10575
0.439300000955,2.137
0.439310000955,2.137
0.439320000955,2.137
0.439330000955,2.16825
0.439340000955,2.137
0.439350000955,2.137
0.439360000955,2.137
0.439370000955,2.137
0.439380000955,2.137
0.439390000955,2.10575
0.439400000955,2.16825
0.439410000955,2.137
0.439420000955,2.10575
0.439430000955,2.137
0.439440000955,2.16825
0.439450000955,2.16825
0.439460000955,2.137
0.439470000955,2.137
0.439480000955,2.137
0.439490000955,2.137
0.439500000955,2.16825
0.439510000955,2.16825
0.439520000955,2.16825
0.439530000955,2.137
0.439540000955,2.10575
0.439550000955,2.137
0.439560000955,2.16825
0.439570000955,2.137
0.439580000955,2.137
0.439590000955,2.16825
0.439600000955,2.137
0.439610000955,2.137
0.439620000955,2.137
0.439630000955,2.16825
0.439640000955,2.10575
0.439650000955,2.16825
0.439660000955,2.10575
0.439670000955,2.137
0.439680000955,2.137
0.439690000955,2.137
0.439700000955,2.137
0.439710000955,2.137
0.439720000955,2.137
0.439730000955,2.10575
0.439740000955,2.10575
0.439750000955,2.16825
0.439760000955,2.16825
0.439770000955,2.137
0.439780000955,2.137
0.439790000955,2.137
0.439800000955,2.16825
0.439810000955,2.1995
0.439820000955,2.16825
0.439830000955,2.137
0.439840000955,2.137
0.439850000955,2.137
0.439860000955,2.137
0.439870000955,2.16825
0.439880000955,2.137
0.439890000955,2.16825
0.439900000955,2.137
0.439910000955,2.10575
0.439920000955,2.10575
0.439930000955,2.137
0.439940000955,2.16825
0.439950000955,2.137
0.439960000955,2.137
0.439970000955,2.16825
0.439980000955,2.16825
0.439990000955,2.137
0.440000000955,2.137
0.440010000955,2.137
0.440020000955,2.137
0.440030000955,2.10575
0.440040000955,2.16825
0.440050000955,2.16825
0.440060000955,2.137
0.440070000955,2.10575
0.440080000955,2.137
0.440090000955,2.137
0.440100000955,2.137
0.440110000955,2.137
0.440120000955,2.137
0.440130000955,2.16825
0.440140000955,2.137
0.440150000955,2.137
0.440160000955,2.137
0.440170000955,2.137
0.440180000955,2.137
0.440190000955,2.1995
0.440200000955,2.137
0.440210000955,2.10575
0.440220000955,2.137
0.440230000955,2.137
0.440240000955,2.137
0.440250000955,2.16825
0.440260000955,2.137
0.440270000955,2.16825
0.440280000955,2.10575
0.440290000955,2.137
0.440300000955,2.137
0.440310000955,2.137
0.440320000955,2.16825
0.440330000955,2.137
0.440340000955,2.137
0.440350000955,2.1995
0.440360000955,2.137
0.440370000955,2.16825
0.440380000955,2.16825
0.440390000955,2.137
0.440400000955,2.137
0.440410000955,2.16825
0.440420000955,2.137
0.440430000955,2.137
0.440440000955,2.137
0.440450000955,2.137
0.440460000955,2.137
0.440470000955,2.137
0.440480000955,2.137
0.440490000955,2.137
0.440500000955,2.16825
0.440510000955,2.16825
0.440520000955,2.137
0.440530000955,2.16825
0.440540000955,2.16825
0.440550000955,2.137
0.440560000955,2.16825
0.440570000955,2.137
0.440580000955,2.10575
0.440590000955,2.10575
0.440600000955,2.137
0.440610000955,2.137
0.440620000955,2.16825
0.440630000955,2.137
0.440640000955,2.137
0.440650000955,2.137
0.440660000955,2.10575
0.440670000955,2.137
0.440680000955,2.137
0.440690000955,2.137
0.440700000955,2.137
0.440710000955,2.137
0.440720000955,2.137
0.440730000955,2.16825
0.440740000955,2.137
0.440750000955,2.137
0.440760000955,2.10575
0.440770000955,2.137
0.440780000955,2.137
0.440790000955,2.137
0.440800000955,2.137
0.440810000955,2.137
0.440820000955,2.137
0.440830000955,2.16825
0.440840000955,2.137
0.440850000955,2.137
0.440860000955,2.16825
0.440870000955,2.137
0.440880000955,2.137
0.440890000955,2.137
0.440900000955,2.137
0.440910000955,2.10575
0.440920000955,2.137
0.440930000955,2.10575
0.440940000955,2.10575
0.440950000955,2.137
0.440960000955,2.137
0.440970000955,2.10575
0.440980000955,2.16825
0.440990000955,2.137
0.441000000955,2.137
0.441010000955,2.16825
0.441020000955,2.16825
0.441030000955,2.10575
0.441040000955,2.16825
0.441050000955,2.137
0.441060000955,2.137
0.441070000955,2.137
0.441080000955,2.137
0.441090000955,2.137
0.441100000955,2.16825
0.441110000955,2.137
0.441120000955,2.16825
0.441130000955,2.16825
0.441140000955,2.10575
0.441150000955,2.16825
0.441160000955,2.16825
0.441170000955,2.137
0.441180000955,2.16825
0.441190000955,2.16825
0.441200000955,2.16825
0.441210000955,2.10575
0.441220000955,2.16825
0.441230000955,2.137
0.441240000955,2.137
0.441250000955,2.16825
0.441260000955,2.137
0.441270000955,2.137
0.441280000955,2.137
0.441290000955,2.137
0.441300000955,2.137
0.441310000955,2.10575
0.441320000955,2.16825
0.441330000955,2.137
0.441340000955,2.137
0.441350000955,2.137
0.441360000955,2.137
0.441370000955,2.16825
0.441380000955,2.137
0.441390000955,2.137
0.441400000955,2.137
0.441410000955,2.10575
0.441420000955,2.16825
0.441430000955,2.137
0.441440000955,2.137
0.441450000955,2.16825
0.441460000955,2.137
0.441470000955,2.16825
0.441480000955,2.16825
0.441490000955,2.16825
0.441500000955,2.16825
0.441510000955,2.137
0.441520000955,2.137
0.441530000955,2.137
0.441540000955,2.10575
0.441550000955,2.16825
0.441560000955,2.137
0.441570000955,2.137
0.441580000955,2.16825
0.441590000955,2.137
0.441600000955,2.16825
0.441610000955,2.137
0.441620000955,2.137
0.441630000955,2.10575
0.441640000955,2.16825
0.441650000955,2.16825
0.441660000955,2.137
0.441670000955,2.16825
0.441680000955,2.137
0.441690000955,2.16825
0.441700000955,2.137
0.441710000955,2.16825
0.441720000955,2.137
0.441730000955,2.16825
0.441740000955,2.137
0.441750000955,2.137
0.441760000955,2.16825
0.441770000955,2.16825
0.441780000955,2.137
0.441790000955,2.137
0.441800000955,2.16825
0.441810000955,2.10575
0.441820000955,2.16825
0.441830000955,2.16825
0.441840000955,2.137
0.441850000955,2.16825
0.441860000955,2.16825
0.441870000955,2.16825
0.441880000955,2.137
0.441890000955,2.137
0.441900000955,2.16825
0.441910000955,2.137
0.441920000955,2.137
0.441930000955,2.16825
0.441940000955,2.16825
0.441950000955,2.137
0.441960000955,2.137
0.441970000955,2.137
0.441980000955,2.137
0.441990000955,2.16825
0.442000000955,2.137
0.442010000955,2.137
0.442020000955,2.10575
0.442030000955,2.10575
0.442040000955,2.16825
0.442050000955,2.137
0.442060000955,2.10575
0.442070000955,2.137
0.442080000955,2.137
0.442090000955,2.137
0.442100000955,2.137
0.442110000955,2.137
0.442120000955,2.137
0.442130000955,2.137
0.442140000955,2.137
0.442150000955,2.16825
0.442160000955,2.16825
0.442170000955,2.137
0.442180000955,2.16825
0.442190000955,2.137
0.442200000955,2.16825
0.442210000955,2.137
0.442220000955,2.16825
0.442230000955,2.137
0.442240000955,2.137
0.442250000955,2.1995
0.442260000955,2.137
0.442270000955,2.10575
0.442280000955,2.16825
0.442290000955,2.10575
0.442300000955,2.137
0.442310000955,2.16825
0.442320000955,2.16825
0.442330000955,2.16825
0.442340000955,2.137
0.442350000955,2.137
0.442360000955,2.137
0.442370000955,2.10575
0.442380000955,2.137
0.442390000955,2.16825
0.442400000955,2.137
0.442410000955,2.137
0.442420000955,2.137
0.442430000955,2.16825
0.442440000955,2.137
0.442450000955,2.137
0.442460000955,2.137
0.442470000955,2.137
0.442480000955,2.137
0.442490000955,2.137
0.442500000955,2.16825
0.442510000955,2.16825
0.442520000955,2.137
0.442530000955,2.10575
0.442540000955,2.137
0.442550000955,2.16825
0.442560000955,2.137
0.442570000955,2.16825
0.442580000955,2.10575
0.442590000955,2.16825
0.442600000955,2.16825
0.442610000955,2.16825
0.442620000955,2.137
0.442630000955,2.137
0.442640000955,2.137
0.442650000955,2.137
0.442660000955,2.16825
0.442670000955,2.137
0.442680000955,2.137
0.442690000955,2.137
0.442700000955,2.137
0.442710000955,2.137
0.442720000955,2.137
0.442730000955,2.137
0.442740000955,2.16825
0.442750000955,2.137
0.442760000955,2.137
0.442770000955,2.137
0.442780000955,2.16825
0.442790000955,2.137
0.442800000955,2.137
0.442810000955,2.10575
0.442820000955,2.1995
0.442830000955,2.137
0.442840000955,2.137
0.442850000955,2.137
0.442860000955,2.10575
0.442870000955,2.137
0.442880000955,2.137
0.442890000955,2.16825
0.442900000955,2.137
0.442910000955,2.137
0.442920000955,2.16825
0.442930000955,2.16825
0.442940000955,2.137
0.442950000955,2.137
0.442960000955,2.16825
0.442970000955,2.137
0.442980000955,2.137
0.442990000955,2.137
0.443000000955,2.16825
0.443010000955,2.137
0.443020000955,2.137
0.443030000955,2.16825
0.443040000955,2.16825
0.443050000955,2.137
0.443060000955,2.137
0.443070000955,2.137
0.443080000955,2.16825
0.443090000955,2.16825
0.443100000955,2.10575
0.443110000955,2.16825
0.443120000955,2.10575
0.443130000955,2.16825
0.443140000955,2.137
0.443150000955,2.137
0.443160000955,2.10575
0.443170000955,2.137
0.443180000955,2.137
0.443190000955,2.137
0.443200000955,2.137
0.443210000955,2.16825
0.443220000955,2.137
0.443230000955,2.137
0.443240000955,2.16825
0.443250000955,2.137
0.443260000955,2.137
0.443270000955,2.1995
0.443280000955,2.137
0.443290000955,2.10575
0.443300000955,2.137
0.443310000955,2.137
0.443320000955,2.16825
0.443330000955,2.10575
0.443340000955,2.137
0.443350000955,2.137
0.443360000955,2.137
0.443370000955,2.137
0.443380000955,2.137
0.443390000955,2.10575
0.443400000955,2.16825
0.443410000955,2.16825
0.443420000955,2.16825
0.443430000955,2.137
0.443440000955,2.137
0.443450000955,2.16825
0.443460000955,2.137
0.443470000955,2.10575
0.443480000955,2.137
0.443490000955,2.137
0.443500000955,2.16825
0.443510000955,2.16825
0.443520000955,2.137
0.443530000955,2.16825
0.443540000955,2.137
0.443550000955,2.137
0.443560000955,2.137
0.443570000955,2.137
0.443580000955,2.137
0.443590000955,2.16825
0.443600000955,2.137
0.443610000955,2.137
0.443620000955,2.16825
0.443630000955,2.16825
0.443640000955,2.137
0.443650000955,2.16825
0.443660000955,2.137
0.443670000955,2.16825
0.443680000955,2.16825
0.443690000955,2.137
0.443700000955,2.16825
0.443710000955,2.137
0.443720000955,2.16825
0.443730000955,2.10575
0.443740000955,2.137
0.443750000955,2.10575
0.443760000955,2.137
0.443770000955,2.1995
0.443780000955,2.137
0.443790000955,2.10575
0.443800000955,2.10575
0.443810000955,2.16825
0.443820000955,2.16825
0.443830000955,2.137
0.443840000955,2.137
0.443850000955,2.137
0.443860000955,2.10575
0.443870000955,2.16825
0.443880000955,2.137
0.443890000955,2.137
0.443900000955,2.1995
0.443910000955,2.16825
0.443920000955,2.137
0.443930000955,2.137
0.443940000955,2.16825
0.443950000955,2.137
0.443960000955,2.137
0.443970000955,2.137
0.443980000955,2.16825
0.443990000955,2.137
0.444000000955,2.16825
0.444010000955,2.10575
0.444020000955,2.137
0.444030000955,2.16825
0.444040000955,2.137
0.444050000955,2.137
0.444060000955,2.137
0.444070000955,2.16825
0.444080000955,2.137
0.444090000955,2.137
0.444100000955,2.16825
0.444110000955,2.137
0.444120000955,2.16825
0.444130000955,2.137
0.444140000955,2.1995
0.444150000955,2.16825
0.444160000955,2.16825
0.444170000955,2.137
0.444180000955,2.137
0.444190000955,2.16825
0.444200000955,2.16825
0.444210000955,2.137
0.444220000955,2.137
0.444230000955,2.10575
0.444240000955,2.137
0.444250000955,2.16825
0.444260000955,2.137
0.444270000955,2.137
0.444280000955,2.16825
0.444290000955,2.137
0.444300000955,2.137
0.444310000955,2.16825
0.444320000955,2.137
0.444330000955,2.137
0.444340000955,2.10575
0.444350000955,2.10575
0.444360000955,2.137
0.444370000955,2.137
0.444380000955,2.137
0.444390000955,2.137
0.444400000955,2.16825
0.444410000955,2.16825
0.444420000955,2.137
0.444430000955,2.16825
0.444440000955,2.137
0.444450000955,2.137
0.444460000955,2.137
0.444470000955,2.1995
0.444480000955,2.10575
0.444490000955,2.16825
0.444500000955,2.137
0.444510000955,2.137
0.444520000955,2.1995
0.444530000955,2.16825
0.444540000955,2.16825
0.444550000955,2.16825
0.444560000955,2.137
0.444570000955,2.137
0.444580000955,2.16825
0.444590000955,2.137
0.444600000955,2.137
0.444610000955,2.16825
0.444620000955,2.16825
0.444630000955,2.10575
0.444640000955,2.137
0.444650000955,2.137
0.444660000955,2.10575
0.444670000955,2.16825
0.444680000955,2.16825
0.444690000955,2.137
0.444700000955,2.16825
0.444710000955,2.137
0.444720000955,2.16825
0.444730000955,2.16825
0.444740000955,2.16825
0.444750000955,2.137
0.444760000955,2.137
0.444770000955,2.137
0.444780000955,2.137
0.444790000955,2.137
0.444800000955,2.16825
0.444810000955,2.137
0.444820000955,2.137
0.444830000955,2.10575
0.444840000955,2.16825
0.444850000955,2.10575
0.444860000955,2.137
0.444870000955,2.10575
0.444880000955,2.16825
0.444890000955,2.137
0.444900000955,2.137
0.444910000955,2.16825
0.444920000955,2.16825
0.444930000955,2.137
0.444940000955,2.137
0.444950000955,2.137
0.444960000955,2.137
0.444970000955,2.10575
0.444980000955,2.16825
0.444990000955,2.137
0.445000000955,2.16825
0.445010000955,2.137
0.445020000955,2.137
0.445030000955,2.16825
0.445040000955,2.137
0.445050000955,2.16825
0.445060000955,2.137
0.445070000955,2.137
0.445080000955,2.137
0.445090000955,2.16825
0.445100000955,2.137
0.445110000955,2.16825
0.445120000955,2.10575
0.445130000955,2.1995
0.445140000955,2.137
0.445150000955,2.137
0.445160000955,2.137
0.445170000955,2.137
0.445180000955,2.16825
0.445190000955,2.137
0.445200000955,2.137
0.445210000955,2.137
0.445220000955,2.1995
0.445230000955,2.137
0.445240000955,2.10575
0.445250000955,2.16825
0.445260000955,2.137
0.445270000955,2.16825
0.445280000955,2.16825
0.445290000955,2.137
0.445300000955,2.16825
0.445310000955,2.16825
0.445320000955,2.137
0.445330000955,2.16825
0.445340000955,2.16825
0.445350000955,2.137
0.445360000955,2.137
0.445370000955,2.16825
0.445380000955,2.137
0.445390000955,2.16825
0.445400000955,2.137
0.445410000955,2.16825
0.445420000955,2.137
0.445430000955,2.16825
0.445440000955,2.137
0.445450000955,2.137
0.445460000955,2.16825
0.445470000955,2.16825
0.445480000955,2.16825
0.445490000955,2.137
0.445500000955,2.137
0.445510000955,2.137
0.445520000955,2.137
0.445530000955,2.137
0.445540000955,2.16825
0.445550000955,2.16825
0.445560000955,2.16825
0.445570000955,2.137
0.445580000955,2.16825
0.445590000955,2.137
0.445600000955,2.137
0.445610000955,2.137
0.445620000955,2.137
0.445630000955,2.137
0.445640000955,2.137
0.445650000955,2.16825
0.445660000955,2.16825
0.445670000955,2.137
0.445680000955,2.16825
0.445690000955,2.137
0.445700000955,2.16825
0.445710000955,2.137
0.445720000955,2.16825
0.445730000955,2.137
0.445740000955,2.137
0.445750000955,2.10575
0.445760000955,2.137
0.445770000955,2.10575
0.445780000955,2.137
0.445790000955,2.16825
0.445800000955,2.16825
0.445810000955,2.137
0.445820000955,2.137
0.445830000955,2.137
0.445840000955,2.16825
0.445850000955,2.137
0.445860000955,2.10575
0.445870000955,2.137
0.445880000955,2.10575
0.445890000955,2.16825
0.445900000955,2.137
0.445910000955,2.1995
0.445920000955,2.137
0.445930000955,2.137
0.445940000955,2.16825
0.445950000955,2.137
0.445960000955,2.137
0.445970000955,2.10575
0.445980000955,2.137
0.445990000955,2.137
0.446000000955,2.16825
0.446010000955,2.137
0.446020000955,2.137
0.446030000955,2.137
0.446040000955,2.16825
0.446050000955,2.137
0.446060000955,2.137
0.446070000955,2.137
0.446080000955,2.137
0.446090000955,2.137
0.446100000955,2.137
0.446110000955,2.16825
0.446120000955,2.137
0.446130000955,2.137
0.446140000955,2.16825
0.446150000955,2.137
0.446160000955,2.1995
0.446170000955,2.16825
0.446180000955,2.10575
0.446190000955,2.137
0.446200000955,2.137
0.446210000955,2.16825
0.446220000955,2.16825
0.446230000955,2.16825
0.446240000955,2.16825
0.446250000955,2.137
0.446260000955,2.137
0.446270000955,2.137
0.446280000955,2.137
0.446290000955,2.137
0.446300000955,2.16825
0.446310000955,2.137
0.446320000955,2.137
0.446330000955,2.137
0.446340000955,2.16825
0.446350000955,2.137
0.446360000955,2.137
0.446370000955,2.137
0.446380000955,2.16825
0.446390000955,2.16825
0.446400000955,2.137
0.446410000955,2.10575
0.446420000955,2.137
0.446430000955,2.137
0.446440000955,2.16825
0.446450000955,2.16825
0.446460000955,2.137
0.446470000955,2.16825
0.446480000955,2.16825
0.446490000955,2.16825
0.446500000955,2.16825
0.446510000955,2.137
0.446520000955,2.16825
0.446530000955,2.16825
0.446540000955,2.137
0.446550000955,2.137
0.446560000955,2.137
0.446570000955,2.137
0.446580000955,2.137
0.446590000955,2.137
0.446600000955,2.137
0.446610000955,2.137
0.446620000955,2.16825
0.446630000955,2.137
0.446640000955,2.137
0.446650000955,2.137
0.446660000955,2.137
0.446670000955,2.16825
0.446680000955,2.137
0.446690000955,2.137
0.446700000955,2.137
0.446710000955,2.137
0.446720000955,2.16825
0.446730000955,2.16825
0.446740000955,2.137
0.446750000955,2.1995
0.446760000955,2.137
0.446770000955,2.10575
0.446780000955,2.137
0.446790000955,2.16825
0.446800000955,2.16825
0.446810000955,2.16825
0.446820000955,2.16825
0.446830000955,2.137
0.446840000955,2.137
0.446850000955,2.137
0.446860000955,2.16825
0.446870000955,2.137
0.446880000955,2.16825
0.446890000955,2.137
0.446900000955,2.16825
0.446910000955,2.137
0.446920000955,2.16825
0.446930000955,2.137
0.446940000955,2.137
0.446950000955,2.137
0.446960000955,2.16825
0.446970000955,2.16825
0.446980000955,2.137
0.446990000955,2.137
0.447000000955,2.137
0.447010000955,2.137
0.447020000955,2.137
0.447030000955,2.16825
0.447040000955,2.137
0.447050000955,2.16825
0.447060000955,2.137
0.447070000955,2.16825
0.447080000955,2.137
0.447090000955,2.16825
0.447100000955,2.16825
0.447110000955,2.16825
0.447120000955,2.137
0.447130000955,2.137
0.447140000955,2.1995
0.447150000955,2.137
0.447160000955,2.16825
0.447170000955,2.16825
0.447180000955,2.137
0.447190000955,2.16825
0.447200000955,2.137
0.447210000955,2.137
0.447220000955,2.137
0.447230000955,2.1995
0.447240000955,2.16825
0.447250000955,2.137
0.447260000955,2.16825
0.447270000955,2.16825
0.447280000955,2.16825
0.447290000955,2.137
0.447300000955,2.137
0.447310000955,2.137
0.447320000955,2.137
0.447330000955,2.1995
0.447340000955,2.137
0.447350000955,2.137
0.447360000955,2.16825
0.447370000955,2.137
0.447380000955,2.16825
0.447390000955,2.16825
0.447400000955,2.137
0.447410000955,2.137
0.447420000955,2.16825
0.447430000955,2.10575
0.447440000955,2.137
0.447450000955,2.16825
0.447460000955,2.137
0.447470000955,2.137
0.447480000955,2.16825
0.447490000955,2.137
0.447500000955,2.16825
0.447510000955,2.16825
0.447520000955,2.16825
0.447530000955,2.137
0.447540000955,2.137
0.447550000955,2.137
0.447560000955,2.137
0.447570000955,2.137
0.447580000955,2.16825
0.447590000955,2.137
0.447600000955,2.137
0.447610000955,2.137
0.447620000955,2.16825
0.447630000955,2.137
0.447640000955,2.16825
0.447650000955,2.10575
0.447660000955,2.137
0.447670000955,2.16825
0.447680000955,2.1995
0.447690000955,2.16825
0.447700000955,2.137
0.447710000955,2.137
0.447720000955,2.16825
0.447730000955,2.137
0.447740000955,2.137
0.447750000955,2.137
0.447760000955,2.137
0.447770000955,2.16825
0.447780000955,2.10575
0.447790000955,2.137
0.447800000955,2.137
0.447810000955,2.10575
0.447820000955,2.137
0.447830000955,2.16825
0.447840000955,2.16825
0.447850000955,2.137
0.447860000955,2.16825
0.447870000955,2.137
0.447880000955,2.137
0.447890000955,2.16825
0.447900000955,2.137
0.447910000955,2.137
0.447920000955,2.137
0.447930000955,2.137
0.447940000955,2.137
0.447950000955,2.10575
0.447960000955,2.137
0.447970000955,2.137
0.447980000955,2.16825
0.447990000955,2.16825
0.448000000955,2.16825
0.448010000955,2.137
0.448020000955,2.16825
0.448030000955,2.16825
0.448040000955,2.137
0.448050000955,2.137
0.448060000955,2.1995
0.448070000955,2.137
0.448080000955,2.1995
0.448090000955,2.16825
0.448100000955,2.137
0.448110000955,2.137
0.448120000955,2.16825
0.448130000955,2.16825
0.448140000955,2.137
0.448150000955,2.16825
0.448160000955,2.16825
0.448170000955,2.16825
0.448180000955,2.16825
0.448190000955,2.137
0.448200000955,2.137
0.448210000955,2.16825
0.448220000955,2.16825
0.448230000955,2.16825
0.448240000955,2.16825
0.448250000955,2.137
0.448260000955,2.16825
0.448270000955,2.137
0.448280000955,2.137
0.448290000955,2.10575
0.448300000955,2.137
0.448310000955,2.16825
0.448320000955,2.137
0.448330000955,2.16825
0.448340000955,2.137
0.448350000955,2.137
0.448360000955,2.1995
0.448370000955,2.16825
0.448380000955,2.137
0.448390000955,2.137
0.448400000955,2.10575
0.448410000955,2.137
0.448420000955,2.16825
0.448430000955,2.1995
0.448440000955,2.137
0.448450000955,2.137
0.448460000955,2.137
0.448470000955,2.137
0.448480000955,2.1995
0.448490000955,2.16825
0.448500000955,2.137
0.448510000955,2.137
0.448520000955,2.137
0.448530000955,2.16825
0.448540000955,2.137
0.448550000955,2.16825
0.448560000955,2.137
0.448570000955,2.16825
0.448580000955,2.10575
0.448590000955,2.10575
0.448600000955,2.16825
0.448610000955,2.16825
0.448620000955,2.137
0.448630000955,2.16825
0.448640000955,2.16825
0.448650000955,2.137
0.448660000955,2.10575
0.448670000955,2.16825
0.448680000955,2.16825
0.448690000955,2.137
0.448700000955,2.10575
0.448710000955,2.16825
0.448720000955,2.16825
0.448730000955,2.137
0.448740000955,2.137
0.448750000955,2.16825
0.448760000955,2.137
0.448770000955,2.16825
0.448780000955,2.137
0.448790000955,2.16825
0.448800000955,2.16825
0.448810000955,2.16825
0.448820000955,2.16825
0.448830000955,2.137
0.448840000955,2.16825
0.448850000955,2.137
0.448860000955,2.137
0.448870000955,2.137
0.448880000955,2.137
0.448890000955,2.137
0.448900000955,2.137
0.448910000955,2.137
0.448920000955,2.137
0.448930000955,2.16825
0.448940000955,2.137
0.448950000955,2.16825
0.448960000955,2.16825
0.448970000955,2.16825
0.448980000955,2.137
0.448990000955,2.16825
0.449000000955,2.16825
0.449010000955,2.16825
0.449020000955,2.137
0.449030000955,2.137
0.449040000955,2.10575
0.449050000955,2.16825
0.449060000955,2.137
0.449070000955,2.137
0.449080000955,2.16825
0.449090000955,2.16825
0.449100000955,2.16825
0.449110000955,2.10575
0.449120000955,2.16825
0.449130000955,2.16825
0.449140000955,2.16825
0.449150000955,2.137
0.449160000955,2.137
0.449170000955,2.16825
0.449180000955,2.16825
0.449190000955,2.137
0.449200000955,2.16825
0.449210000955,2.137
0.449220000955,2.16825
0.449230000955,2.16825
0.449240000955,2.137
0.449250000955,2.137
0.449260000955,2.16825
0.449270000955,2.16825
0.449280000955,2.137
0.449290000955,2.16825
0.449300000955,2.137
0.449310000955,2.137
0.449320000955,2.16825
0.449330000955,2.16825
0.449340000955,2.137
0.449350000955,2.137
0.449360000955,2.1995
0.449370000955,2.16825
0.449380000955,2.16825
0.449390000955,2.137
0.449400000955,2.137
0.449410000955,2.137
0.449420000955,2.137
0.449430000955,2.137
0.449440000955,2.137
0.449450000955,2.137
0.449460000955,2.137
0.449470000955,2.16825
0.449480000955,2.137
0.449490000955,2.10575
0.449500000955,2.137
0.449510000955,2.1995
0.449520000955,2.137
0.449530000955,2.137
0.449540000955,2.137
0.449550000955,2.137
0.449560000955,2.16825
0.449570000955,2.16825
0.449580000955,2.16825
0.449590000955,2.137
0.449600000955,2.137
0.449610000955,2.137
0.449620000955,2.137
0.449630000955,2.1995
0.449640000955,2.16825
0.449650000955,2.1995
0.449660000955,2.16825
0.449670000955,2.137
0.449680000955,2.16825
0.449690000955,2.16825
0.449700000955,2.10575
0.449710000955,2.137
0.449720000955,2.137
0.449730000955,2.137
0.449740000955,2.137
0.449750000955,2.16825
0.449760000955,2.16825
0.449770000955,2.16825
0.449780000955,2.137
0.449790000955,2.16825
0.449800000955,2.16825
0.449810000955,2.16825
0.449820000955,2.16825
0.449830000955,2.16825
0.449840000955,2.16825
0.449850000955,2.16825
0.449860000955,2.16825
0.449870000955,2.16825
0.449880000955,2.16825
0.449890000955,2.137
0.449900000955,2.16825
0.449910000955,2.137
0.449920000955,2.1995
0.449930000955,2.16825
0.449940000955,2.137
0.449950000955,2.16825
0.449960000955,2.16825
0.449970000955,2.137
0.449980000955,2.137
0.449990000955,2.16825
0.450000000955,2.137
0.450010000955,2.16825
0.450020000955,2.1995
0.450030000955,2.16825
0.450040000955,2.16825
0.450050000955,2.16825
0.450060000955,2.137
0.450070000955,2.16825
0.450080000955,2.137
0.450090000955,2.137
0.450100000955,2.16825
0.450110000955,2.137
0.450120000955,2.16825
0.450130000955,2.1995
0.450140000955,2.16825
0.450150000955,2.16825
0.450160000955,2.16825
0.450170000955,2.16825
0.450180000955,2.16825
0.450190000955,2.137
0.450200000955,2.137
0.450210000955,2.16825
0.450220000955,2.10575
0.450230000955,2.137
0.450240000955,2.137
0.450250000955,2.16825
0.450260000955,2.137
0.450270000955,2.16825
0.450280000955,2.137
0.450290000955,2.137
0.450300000955,2.137
0.450310000955,2.137
0.450320000955,2.137
0.450330000955,2.16825
0.450340000955,2.16825
0.450350000955,2.16825
0.450360000955,2.137
0.450370000955,2.137
0.450380000955,2.16825
0.450390000955,2.137
0.450400000955,2.16825
0.450410000955,2.16825
0.450420000955,2.137
0.450430000955,2.137
0.450440000955,2.16825
0.450450000955,2.16825
0.450460000955,2.10575
0.450470000955,2.137
0.450480000955,2.16825
0.450490000955,2.137
0.450500000955,2.16825
0.450510000955,2.137
0.450520000955,2.137
0.450530000955,2.137
0.450540000955,2.16825
0.450550000955,2.16825
0.450560000955,2.137
0.450570000955,2.1995
0.450580000955,2.137
0.450590000955,2.16825
0.450600000955,2.137
0.450610000955,2.137
0.450620000955,2.10575
0.450630000955,2.137
0.450640000955,2.1995
0.450650000955,2.137
0.450660000955,2.16825
0.450670000955,2.16825
0.450680000955,2.137
0.450690000955,2.137
0.450700000955,2.10575
0.450710000955,2.16825
0.450720000955,2.16825
0.450730000955,2.137
0.450740000955,2.16825
0.450750000955,2.137
0.450760000955,2.10575
0.450770000955,2.137
0.450780000955,2.137
0.450790000955,2.16825
0.450800000955,2.137
0.450810000955,2.1995
0.450820000955,2.137
0.450830000955,2.137
0.450840000955,2.16825
0.450850000955,2.16825
0.450860000955,2.16825
0.450870000955,2.137
0.450880000955,2.16825
0.450890000955,2.137
0.450900000955,2.16825
0.450910000955,2.16825
0.450920000955,2.137
0.450930000955,2.16825
0.450940000955,2.137
0.450950000955,2.137
0.450960000955,2.16825
0.450970000955,2.16825
0.450980000955,2.137
0.450990000955,2.1995
0.451000000955,2.16825
0.451010000955,2.16825
0.451020000955,2.137
0.451030000955,2.16825
0.451040000955,2.16825
0.451050000955,2.137
0.451060000955,2.137
0.451070000955,2.16825
0.451080000955,2.16825
0.451090000955,2.10575
0.451100000955,2.16825
0.451110000955,2.137
0.451120000955,2.16825
0.451130000955,2.16825
0.451140000955,2.16825
0.451150000955,2.16825
0.451160000955,2.16825
0.451170000955,2.137
0.451180000955,2.137
0.451190000955,2.16825
0.451200000955,2.16825
0.451210000955,2.137
0.451220000955,2.137
0.451230000955,2.137
0.451240000955,2.137
0.451250000955,2.137
0.451260000955,2.16825
0.451270000955,2.137
0.451280000955,2.1995
0.451290000955,2.137
0.451300000955,2.1995
0.451310000955,2.1995
0.451320000955,2.137
0.451330000955,2.137
0.451340000955,2.16825
0.451350000955,2.137
0.451360000955,2.137
0.451370000955,2.137
0.451380000955,2.137
0.451390000955,2.16825
0.451400000955,2.16825
0.451410000955,2.16825
0.451420000955,2.137
0.451430000955,2.137
0.451440000955,2.137
0.451450000955,2.16825
0.451460000955,2.137
0.451470000955,2.137
0.451480000955,2.16825
0.451490000955,2.137
0.451500000955,2.137
0.451510000955,2.16825
0.451520000955,2.137
0.451530000955,2.16825
0.451540000955,2.16825
0.451550000955,2.137
0.451560000955,2.1995
0.451570000955,2.137
0.451580000955,2.16825
0.451590000955,2.16825
0.451600000955,2.137
0.451610000955,2.137
0.451620000955,2.16825
0.451630000955,2.137
0.451640000955,2.16825
0.451650000955,2.137
0.451660000955,2.137
0.451670000955,2.10575
0.451680000955,2.16825
0.451690000955,2.16825
0.451700000955,2.137
0.451710000955,2.1995
0.451720000955,2.16825
0.451730000955,2.16825
0.451740000955,2.16825
0.451750000955,2.1995
0.451760000955,2.10575
0.451770000955,2.16825
0.451780000955,2.16825
0.451790000955,2.137
0.451800000955,2.16825
0.451810000955,2.10575
0.451820000955,2.16825
0.451830000955,2.137
0.451840000955,2.16825
0.451850000955,2.16825
0.451860000955,2.137
0.451870000955,2.137
0.451880000955,2.137
0.451890000955,2.16825
0.451900000955,2.16825
0.451910000955,2.137
0.451920000955,2.16825
0.451930000955,2.137
0.451940000955,2.16825
0.451950000955,2.137
0.451960000955,2.16825
0.451970000955,2.137
0.451980000955,2.16825
0.451990000955,2.1995
0.452000000955,2.137
0.452010000955,2.16825
0.452020000955,2.16825
0.452030000955,2.137
0.452040000955,2.16825
0.452050000955,2.16825
0.452060000955,2.16825
0.452070000955,2.16825
0.452080000955,2.16825
0.452090000955,2.16825
0.452100000955,2.16825
0.452110000955,2.137
0.452120000955,2.137
0.452130000955,2.137
0.452140000955,2.16825
0.452150000955,2.16825
0.452160000955,2.16825
0.452170000955,2.16825
0.452180000955,2.16825
0.452190000955,2.137
0.452200000955,2.16825
0.452210000955,2.16825
0.452220000955,2.137
0.452230000955,2.16825
0.452240000955,2.16825
0.452250000955,2.1995
0.452260000955,2.16825
0.452270000955,2.137
0.452280000955,2.1995
0.452290000955,2.137
0.452300000955,2.10575
0.452310000955,2.16825
0.452320000955,2.16825
0.452330000955,2.137
0.452340000955,2.16825
0.452350000955,2.137
0.452360000955,2.16825
0.452370000955,2.16825
0.452380000955,2.16825
0.452390000955,2.16825
0.452400000955,2.137
0.452410000955,2.16825
0.452420000955,2.1995
0.452430000955,2.16825
0.452440000955,2.137
0.452450000955,2.16825
0.452460000955,2.16825
0.452470000955,2.137
0.452480000955,2.137
0.452490000955,2.1995
0.452500000955,2.16825
0.452510000955,2.16825
0.452520000955,2.16825
0.452530000955,2.16825
0.452540000955,2.137
0.452550000955,2.137
0.452560000955,2.137
0.452570000955,2.16825
0.452580000955,2.16825
0.452590000955,2.1995
0.452600000955,2.137
0.452610000955,2.137
0.452620000955,2.16825
0.452630000955,2.10575
0.452640000955,2.137
0.452650000955,2.137
0.452660000955,2.16825
0.452670000955,2.137
0.452680000955,2.16825
0.452690000955,2.16825
0.452700000955,2.16825
0.452710000955,2.16825
0.452720000955,2.16825
0.452730000955,2.137
0.452740000955,2.137
0.452750000955,2.137
0.452760000955,2.137
0.452770000955,2.10575
0.452780000955,2.16825
0.452790000955,2.16825
0.452800000955,2.1995
0.452810000955,2.137
0.452820000955,2.16825
0.452830000955,2.137
0.452840000955,2.137
0.452850000955,2.137
0.452860000955,2.16825
0.452870000955,2.16825
0.452880000955,2.137
0.452890000955,2.16825
0.452900000955,2.10575
0.452910000955,2.137
0.452920000955,2.16825
0.452930000955,2.16825
0.452940000955,2.137
0.452950000955,2.16825
0.452960000955,2.137
0.452970000955,2.1995
0.452980000955,2.137
0.452990000955,2.10575
0.453000000955,2.1995
0.453010000955,2.137
0.453020000955,2.16825
0.453030000955,2.16825
0.453040000955,2.137
0.453050000955,2.137
0.453060000955,2.137
0.453070000955,2.16825
0.453080000955,2.16825
0.453090000955,2.137
0.453100000955,2.16825
0.453110000955,2.137
0.453120000955,2.16825
0.453130000955,2.16825
0.453140000955,2.16825
0.453150000955,2.137
0.453160000955,2.137
0.453170000955,2.137
0.453180000955,2.16825
0.453190000955,2.16825
0.453200000955,2.16825
0.453210000955,2.16825
0.453220000955,2.137
0.453230000955,2.16825
0.453240000955,2.1995
0.453250000955,2.16825
0.453260000955,2.137
0.453270000955,2.16825
0.453280000955,2.137
0.453290000955,2.137
0.453300000955,2.16825
0.453310000955,2.16825
0.453320000955,2.16825
0.453330000955,2.16825
0.453340000955,2.137
0.453350000955,2.137
0.453360000955,2.16825
0.453370000955,2.137
0.453380000955,2.137
0.453390000955,2.137
0.453400000955,2.137
0.453410000955,2.137
0.453420000955,2.16825
0.453430000955,2.16825
0.453440000955,2.137
0.453450000955,2.16825
0.453460000955,2.137
0.453470000955,2.16825
0.453480000955,2.10575
0.453490000955,2.16825
0.453500000955,2.137
0.453510000955,2.16825
0.453520000955,2.137
0.453530000955,2.16825
0.453540000955,2.16825
0.453550000955,2.16825
0.453560000955,2.16825
0.453570000955,2.1995
0.453580000955,2.16825
0.453590000955,2.137
0.453600000955,2.137
0.453610000955,2.16825
0.453620000955,2.16825
0.453630000955,2.137
0.453640000955,2.137
0.453650000955,2.16825
0.453660000955,2.137
0.453670000955,2.16825
0.453680000955,2.137
0.453690000955,2.137
0.453700000955,2.16825
0.453710000955,2.16825
0.453720000955,2.1995
0.453730000955,2.16825
0.453740000955,2.137
0.453750000955,2.16825
0.453760000955,2.16825
0.453770000955,2.137
0.453780000955,2.137
0.453790000955,2.137
0.453800000955,2.137
0.453810000955,2.16825
0.453820000955,2.10575
0.453830000955,2.16825
0.453840000955,2.1995
0.453850000955,2.1995
0.453860000955,2.137
0.453870000955,2.16825
0.453880000955,2.137
0.453890000955,2.16825
0.453900000955,2.16825
0.453910000955,2.137
0.453920000955,2.16825
0.453930000955,2.137
0.453940000955,2.137
0.453950000955,2.16825
0.453960000955,2.137
0.453970000955,2.16825
0.453980000955,2.16825
0.453990000955,2.16825
0.454000000955,2.16825
0.454010000955,2.137
0.454020000955,2.137
0.454030000955,2.16825
0.454040000955,2.16825
0.454050000955,2.137
0.454060000955,2.16825
0.454070000955,2.16825
0.454080000955,2.137
0.454090000955,2.137
0.454100000955,2.16825
0.454110000955,2.16825
0.454120000955,2.1995
0.454130000955,2.10575
0.454140000955,2.137
0.454150000955,2.137
0.454160000955,2.16825
0.454170000955,2.16825
0.454180000955,2.1995
0.454190000955,2.16825
0.454200000955,2.137
0.454210000955,2.16825
0.454220000955,2.1995
0.454230000955,2.16825
0.454240000955,2.16825
0.454250000955,2.137
0.454260000955,2.16825
0.454270000955,2.16825
0.454280000955,2.16825
0.454290000955,2.16825
0.454300000955,2.16825
0.454310000955,2.16825
0.454320000955,2.16825
0.454330000955,2.16825
0.454340000955,2.16825
0.454350000955,2.16825
0.454360000955,2.137
0.454370000955,2.137
0.454380000955,2.137
0.454390000955,2.16825
0.454400000955,2.137
0.454410000955,2.137
0.454420000955,2.137
0.454430000955,2.137
0.454440000955,2.16825
0.454450000955,2.137
0.454460000955,2.16825
0.454470000955,2.16825
0.454480000955,2.137
0.454490000955,2.137
0.454500000955,2.10575
0.454510000955,2.16825
0.454520000955,2.1995
0.454530000955,2.16825
0.454540000955,2.137
0.454550000955,2.137
0.454560000955,2.137
0.454570000955,2.137
0.454580000955,2.16825
0.454590000955,2.137
0.454600000955,2.137
0.454610000955,2.1995
0.454620000955,2.16825
0.454630000955,2.16825
0.454640000955,2.137
0.454650000955,2.137
0.454660000955,2.16825
0.454670000955,2.137
0.454680000955,2.137
0.454690000955,2.1995
0.454700000955,2.137
0.454710000955,2.16825
0.454720000955,2.16825
0.454730000955,2.137
0.454740000955,2.16825
0.454750000955,2.137
0.454760000955,2.16825
0.454770000955,2.16825
0.454780000955,2.16825
0.454790000955,2.16825
0.454800000955,2.137
0.454810000955,2.137
0.454820000955,2.137
0.454830000955,2.137
0.454840000955,2.137
0.454850000955,2.137
0.454860000955,2.137
0.454870000955,2.137
0.454880000955,2.16825
0.454890000955,2.137
0.454900000955,2.137
0.454910000955,2.137
0.454920000955,2.16825
0.454930000955,2.137
0.454940000955,2.137
0.454950000955,2.16825
0.454960000955,2.137
0.454970000955,2.137
0.454980000955,2.137
0.454990000955,2.16825
0.455000000955,2.1995
0.455010000955,2.137
0.455020000955,2.137
0.455030000955,2.16825
0.455040000955,2.137
0.455050000955,2.137
0.455060000955,2.16825
0.455070000955,2.1995
0.455080000955,2.137
0.455090000955,2.137
0.455100000955,2.16825
0.455110000955,2.137
0.455120000955,2.137
0.455130000955,2.16825
0.455140000955,2.16825
0.455150000955,2.16825
0.455160000955,2.137
0.455170000955,2.16825
0.455180000955,2.137
0.455190000955,2.16825
0.455200000955,2.16825
0.455210000955,2.16825
0.455220000955,2.16825
0.455230000955,2.137
0.455240000955,2.1995
0.455250000955,2.16825
0.455260000955,2.16825
0.455270000955,2.137
0.455280000955,2.137
0.455290000955,2.16825
0.455300000955,2.16825
0.455310000955,2.137
0.455320000955,2.137
0.455330000955,2.16825
0.455340000955,2.16825
0.455350000955,2.16825
0.455360000955,2.16825
0.455370000955,2.16825
0.455380000955,2.16825
0.455390000955,2.137
0.455400000955,2.137
0.455410000955,2.137
0.455420000955,2.1995
0.455430000955,2.16825
0.455440000955,2.16825
0.455450000955,2.16825
0.455460000955,2.16825
0.455470000955,2.16825
0.455480000955,2.16825
0.455490000955,2.16825
0.455500000955,2.16825
0.455510000955,2.16825
0.455520000955,2.16825
0.455530000955,2.16825
0.455540000955,2.1995
0.455550000955,2.16825
0.455560000955,2.137
0.455570000955,2.1995
0.455580000955,2.16825
0.455590000955,2.137
0.455600000955,2.16825
0.455610000955,2.16825
0.455620000955,2.16825
0.455630000955,2.137
0.455640000955,2.16825
0.455650000955,2.137
0.455660000955,2.16825
0.455670000955,2.16825
0.455680000955,2.1995
0.455690000955,2.16825
0.455700000955,2.16825
0.455710000955,2.137
0.455720000955,2.1995
0.455730000955,2.16825
0.455740000955,2.137
0.455750000955,2.16825
0.455760000955,2.16825
0.455770000955,2.16825
0.455780000955,2.16825
0.455790000955,2.137
0.455800000955,2.137
0.455810000955,2.16825
0.455820000955,2.137
0.455830000955,2.16825
0.455840000955,2.16825
0.455850000955,2.16825
0.455860000955,2.137
0.455870000955,2.16825
0.455880000955,2.16825
0.455890000955,2.137
0.455900000955,2.16825
0.455910000955,2.137
0.455920000955,2.16825
0.455930000955,2.16825
0.455940000955,2.16825
0.455950000955,2.16825
0.455960000955,2.16825
0.455970000955,2.1995
0.455980000955,2.137
0.455990000955,2.137
0.456000000955,2.16825
0.456010000955,2.137
0.456020000955,2.16825
0.456030000955,2.16825
0.456040000955,2.137
0.456050000955,2.16825
0.456060000955,2.137
0.456070000955,2.16825
0.456080000955,2.137
0.456090000955,2.10575
0.456100000955,2.137
0.456110000955,2.16825
0.456120000955,2.16825
0.456130000955,2.137
0.456140000955,2.137
0.456150000955,2.1995
0.456160000955,2.137
0.456170000955,2.137
0.456180000955,2.16825
0.456190000955,2.137
0.456200000955,2.137
0.456210000955,2.137
0.456220000955,2.16825
0.456230000955,2.137
0.456240000955,2.16825
0.456250000955,2.16825
0.456260000955,2.16825
0.456270000955,2.137
0.456280000955,2.137
0.456290000955,2.137
0.456300000955,2.137
0.456310000955,2.16825
0.456320000955,2.16825
0.456330000955,2.16825
0.456340000955,2.16825
0.456350000955,2.137
0.456360000955,2.16825
0.456370000955,2.16825
0.456380000955,2.16825
0.456390000955,2.137
0.456400000955,2.16825
0.456410000955,2.16825
0.456420000955,2.16825
0.456430000955,2.137
0.456440000955,2.16825
0.456450000955,2.16825
0.456460000955,2.137
0.456470000955,2.137
0.456480000955,2.1995
0.456490000955,2.16825
0.456500000955,2.137
0.456510000955,2.137
0.456520000955,2.137
0.456530000955,2.137
0.456540000955,2.137
0.456550000955,2.137
0.456560000955,2.1995
0.456570000955,2.16825
0.456580000955,2.16825
0.456590000955,2.137
0.456600000955,2.16825
0.456610000955,2.16825
0.456620000955,2.137
0.456630000955,2.137
0.456640000955,2.16825
0.456650000955,2.16825
0.456660000955,2.16825
0.456670000955,2.1995
0.456680000955,2.137
0.456690000955,2.16825
0.456700000955,2.16825
0.456710000955,2.137
0.456720000955,2.137
0.456730000955,2.16825
0.456740000955,2.10575
0.456750000955,2.16825
0.456760000955,2.1995
0.456770000955,2.16825
0.456780000955,2.10575
0.456790000955,2.137
0.456800000955,2.137
0.456810000955,2.137
0.456820000955,2.16825
0.456830000955,2.16825
0.456840000955,2.16825
0.456850000955,2.16825
0.456860000955,2.137
0.456870000955,2.16825
0.456880000955,2.137
0.456890000955,2.16825
0.456900000955,2.16825
0.456910000955,2.137
0.456920000955,2.1995
0.456930000955,2.16825
0.456940000955,2.16825
0.456950000955,2.16825
0.456960000955,2.137
0.456970000955,2.1995
0.456980000955,2.16825
0.456990000955,2.137
0.457000000955,2.16825
0.457010000955,2.16825
0.457020000955,2.1995
0.457030000955,2.137
0.457040000955,2.1995
0.457050000955,2.137
0.457060000955,2.137
0.457070000955,2.16825
0.457080000955,2.137
0.457090000955,2.137
0.457100000955,2.137
0.457110000955,2.137
0.457120000955,2.1995
0.457130000955,2.16825
0.457140000955,2.16825
0.457150000955,2.16825
0.457160000955,2.137
0.457170000955,2.16825
0.457180000955,2.137
0.457190000955,2.137
0.457200000955,2.16825
0.457210000955,2.16825
0.457220000955,2.1995
0.457230000955,2.16825
0.457240000955,2.16825
0.457250000955,2.16825
0.457260000955,2.137
0.457270000955,2.1995
0.457280000955,2.16825
0.457290000955,2.16825
0.457300000955,2.16825
0.457310000955,2.16825
0.457320000955,2.137
0.457330000955,2.16825
0.457340000955,2.16825
0.457350000955,2.137
0.457360000955,2.16825
0.457370000955,2.16825
0.457380000955,2.16825
0.457390000955,2.16825
0.457400000955,2.137
0.457410000955,2.16825
0.457420000955,2.1995
0.457430000955,2.16825
0.457440000955,2.16825
0.457450000955,2.16825
0.457460000955,2.16825
0.457470000955,2.1995
0.457480000955,2.16825
0.457490000955,2.1995
0.457500000955,2.16825
0.457510000955,2.16825
0.457520000955,2.16825
0.457530000955,2.16825
0.457540000955,2.16825
0.457550000955,2.16825
0.457560000955,2.137
0.457570000955,2.16825
0.457580000955,2.16825
0.457590000955,2.16825
0.457600000955,2.16825
0.457610000955,2.16825
0.457620000955,2.16825
0.457630000955,2.16825
0.457640000955,2.16825
0.457650000955,2.137
0.457660000955,2.16825
0.457670000955,2.16825
0.457680000955,2.16825
0.457690000955,2.16825
0.457700000955,2.16825
0.457710000955,2.16825
0.457720000955,2.137
0.457730000955,2.137
0.457740000955,2.16825
0.457750000955,2.16825
0.457760000955,2.16825
0.457770000955,2.137
0.457780000955,2.16825
0.457790000955,2.137
0.457800000955,2.1995
0.457810000955,2.16825
0.457820000955,2.16825
0.457830000955,2.16825
0.457840000955,2.16825
0.457850000955,2.16825
0.457860000955,2.137
0.457870000955,2.16825
0.457880000955,2.137
0.457890000955,2.137
0.457900000955,2.137
0.457910000955,2.16825
0.457920000955,2.16825
0.457930000955,2.1995
0.457940000955,2.16825
0.457950000955,2.1995
0.457960000955,2.16825
0.457970000955,2.16825
0.457980000955,2.1995
0.457990000955,2.16825
0.458000000955,2.10575
0.458010000955,2.137
0.458020000955,2.16825
0.458030000955,2.16825
0.458040000955,2.1995
0.458050000955,2.16825
0.458060000955,2.16825
0.458070000955,2.16825
0.458080000955,2.16825
0.458090000955,2.137
0.458100000955,2.137
0.458110000955,2.16825
0.458120000955,2.1995
0.458130000955,2.137
0.458140000955,2.137
0.458150000955,2.16825
0.458160000955,2.10575
0.458170000955,2.137
0.458180000955,2.16825
0.458190000955,2.137
0.458200000955,2.137
0.458210000955,2.16825
0.458220000955,2.137
0.458230000955,2.137
0.458240000955,2.137
0.458250000955,2.16825
0.458260000955,2.137
0.458270000955,2.16825
0.458280000955,2.16825
0.458290000955,2.137
0.458300000955,2.1995
0.458310000955,2.16825
0.458320000955,2.16825
0.458330000955,2.16825
0.458340000955,2.16825
0.458350000955,2.16825
0.458360000955,2.16825
0.458370000955,2.16825
0.458380000955,2.16825
0.458390000955,2.16825
0.458400000955,2.137
0.458410000955,2.16825
0.458420000955,2.16825
0.458430000955,2.16825
0.458440000955,2.137
0.458450000955,2.137
0.458460000955,2.16825
0.458470000955,2.137
0.458480000955,2.16825
0.458490000955,2.1995
0.458500000955,2.16825
0.458510000955,2.16825
0.458520000955,2.16825
0.458530000955,2.137
0.458540000955,2.137
0.458550000955,2.137
0.458560000955,2.16825
0.458570000955,2.1995
0.458580000955,2.1995
0.458590000955,2.16825
0.458600000955,2.16825
0.458610000955,2.137
0.458620000955,2.137
0.458630000955,2.16825
0.458640000955,2.137
0.458650000955,2.16825
0.458660000955,2.16825
0.458670000955,2.16825
0.458680000955,2.1995
0.458690000955,2.16825
0.458700000955,2.16825
0.458710000955,2.16825
0.458720000955,2.16825
0.458730000955,2.137
0.458740000955,2.137
0.458750000955,2.16825
0.458760000955,2.137
0.458770000955,2.16825
0.458780000955,2.16825
0.458790000955,2.16825
0.458800000955,2.16825
0.458810000955,2.1995
0.458820000955,2.16825
0.458830000955,2.16825
0.458840000955,2.16825
0.458850000955,2.137
0.458860000955,2.16825
0.458870000955,2.16825
0.458880000955,2.16825
0.458890000955,2.16825
0.458900000955,2.16825
0.458910000955,2.16825
0.458920000955,2.10575
0.458930000955,2.16825
0.458940000955,2.16825
0.458950000955,2.1995
0.458960000955,2.137
0.458970000955,2.137
0.458980000955,2.137
0.458990000955,2.137
0.459000000955,2.137
0.459010000955,2.1995
0.459020000955,2.16825
0.459030000955,2.137
0.459040000955,2.1995
0.459050000955,2.1995
0.459060000955,2.16825
0.459070000955,2.16825
0.459080000955,2.16825
0.459090000955,2.137
0.459100000955,2.137
0.459110000955,2.1995
0.459120000955,2.16825
0.459130000955,2.16825
0.459140000955,2.16825
0.459150000955,2.16825
0.459160000955,2.137
0.459170000955,2.137
0.459180000955,2.16825
0.459190000955,2.137
0.459200000955,2.16825
0.459210000955,2.16825
0.459220000955,2.16825
0.459230000955,2.16825
0.459240000955,2.16825
0.459250000955,2.137
0.459260000955,2.16825
0.459270000955,2.16825
0.459280000955,2.16825
0.459290000955,2.137
0.459300000955,2.137
0.459310000955,2.16825
0.459320000955,2.16825
0.459330000955,2.10575
0.459340000955,2.137
0.459350000955,2.16825
0.459360000955,2.16825
0.459370000955,2.137
0.459380000955,2.16825
0.459390000955,2.16825
0.459400000955,2.16825
0.459410000955,2.16825
0.459420000955,2.16825
0.459430000955,2.16825
0.459440000955,2.1995
0.459450000955,2.16825
0.459460000955,2.16825
0.459470000955,2.137
0.459480000955,2.1995
0.459490000955,2.137
0.459500000955,2.16825
0.459510000955,2.137
0.459520000955,2.137
0.459530000955,2.137
0.459540000955,2.137
0.459550000955,2.1995
0.459560000955,2.1995
0.459570000955,2.137
0.459580000955,2.16825
0.459590000955,2.1995
0.459600000955,2.16825
0.459610000955,2.137
0.459620000955,2.16825
0.459630000955,2.1995
0.459640000955,2.16825
0.459650000955,2.16825
0.459660000955,2.137
0.459670000955,2.137
0.459680000955,2.16825
0.459690000955,2.137
0.459700000955,2.137
0.459710000955,2.16825
0.459720000955,2.16825
0.459730000955,2.137
0.459740000955,2.16825
0.459750000955,2.16825
0.459760000955,2.16825
0.459770000955,2.1995
0.459780000955,2.16825
0.459790000955,2.16825
0.459800000955,2.137
0.459810000955,2.10575
0.459820000955,2.16825
0.459830000955,2.16825
0.459840000955,2.1995
0.459850000955,2.137
0.459860000955,2.16825
0.459870000955,2.16825
0.459880000955,2.16825
0.459890000955,2.16825
0.459900000955,2.1995
0.459910000955,2.1995
0.459920000955,2.16825
0.459930000955,2.16825
0.459940000955,2.1995
0.459950000955,2.1995
0.459960000955,2.16825
0.459970000955,2.16825
0.459980000955,2.137
0.459990000955,2.16825
0.460000000955,2.137
0.460010000955,2.137
0.460020000955,2.16825
0.460030000955,2.16825
0.460040000955,2.16825
0.460050000955,2.16825
0.460060000955,2.16825
0.460070000955,2.16825
0.460080000955,2.1995
0.460090000955,2.137
0.460100000955,2.16825
0.460110000955,2.16825
0.460120000955,2.137
0.460130000955,2.16825
0.460140000955,2.16825
0.460150000955,2.16825
0.460160000955,2.137
0.460170000955,2.16825
0.460180000955,2.16825
0.460190000955,2.16825
0.460200000955,2.16825
0.460210000955,2.137
0.460220000955,2.1995
0.460230000955,2.137
0.460240000955,2.1995
0.460250000955,2.137
0.460260000955,2.16825
0.460270000955,2.16825
0.460280000955,2.16825
0.460290000955,2.137
0.460300000955,2.16825
0.460310000955,2.137
0.460320000955,2.16825
0.460330000955,2.16825
0.460340000955,2.137
0.460350000955,2.137
0.460360000955,2.137
0.460370000955,2.16825
0.460380000955,2.137
0.460390000955,2.137
0.460400000955,2.1995
0.460410000955,2.16825
0.460420000955,2.137
0.460430000955,2.16825
0.460440000955,2.16825
0.460450000955,2.16825
0.460460000955,2.16825
0.460470000955,2.1995
0.460480000955,2.137
0.460490000955,2.16825
0.460500000955,2.137
0.460510000955,2.16825
0.460520000955,2.1995
0.460530000955,2.137
0.460540000955,2.16825
0.460550000955,2.137
0.460560000955,2.16825
0.460570000955,2.137
0.460580000955,2.16825
0.460590000955,2.16825
0.460600000955,2.137
0.460610000955,2.16825
0.460620000955,2.16825
0.460630000955,2.1995
0.460640000955,2.16825
0.460650000955,2.16825
0.460660000955,2.16825
0.460670000955,2.16825
0.460680000955,2.1995
0.460690000955,2.1995
0.460700000955,2.137
0.460710000955,2.1995
0.460720000955,2.137
0.460730000955,2.16825
0.460740000955,2.1995
0.460750000955,2.16825
0.460760000955,2.137
0.460770000955,2.16825
0.460780000955,2.16825
0.460790000955,2.16825
0.460800000955,2.137
0.460810000955,2.137
0.460820000955,2.16825
0.460830000955,2.137
0.460840000955,2.16825
0.460850000955,2.16825
0.460860000955,2.1995
0.460870000955,2.137
0.460880000955,2.10575
0.460890000955,2.137
0.460900000955,2.137
0.460910000955,2.16825
0.460920000955,2.16825
0.460930000955,2.137
0.460940000955,2.137
0.460950000955,2.16825
0.460960000955,2.16825
0.460970000955,2.16825
0.460980000955,2.16825
0.460990000955,2.16825
0.461000000955,2.137
0.461010000955,2.137
0.461020000955,2.137
0.461030000955,2.137
0.461040000955,2.1995
0.461050000955,2.137
0.461060000955,2.137
0.461070000955,2.16825
0.461080000955,2.16825
0.461090000955,2.1995
0.461100000955,2.137
0.461110000955,2.137
0.461120000955,2.1995
0.461130000955,2.16825
0.461140000955,2.16825
0.461150000955,2.16825
0.461160000955,2.137
0.461170000955,2.137
0.461180000955,2.1995
0.461190000955,2.137
0.461200000955,2.137
0.461210000955,2.16825
0.461220000955,2.16825
0.461230000955,2.16825
0.461240000955,2.137
0.461250000955,2.16825
0.461260000955,2.137
0.461270000955,2.16825
0.461280000955,2.137
0.461290000955,2.16825
0.461300000955,2.16825
0.461310000955,2.137
0.461320000955,2.16825
0.461330000955,2.16825
0.461340000955,2.137
0.461350000955,2.137
0.461360000955,2.137
0.461370000955,2.137
0.461380000955,2.137
0.461390000955,2.16825
0.461400000955,2.16825
0.461410000955,2.137
0.461420000955,2.16825
0.461430000955,2.1995
0.461440000955,2.16825
0.461450000955,2.16825
0.461460000955,2.16825
0.461470000955,2.137
0.461480000955,2.137
0.461490000955,2.1995
0.461500000955,2.137
0.461510000955,2.16825
0.461520000955,2.137
0.461530000955,2.16825
0.461540000955,2.137
0.461550000955,2.16825
0.461560000955,2.137
0.461570000955,2.137
0.461580000955,2.137
0.461590000955,2.1995
0.461600000955,2.16825
0.461610000955,2.16825
0.461620000955,2.16825
0.461630000955,2.16825
0.461640000955,2.16825
0.461650000955,2.16825
0.461660000955,2.16825
0.461670000955,2.16825
0.461680000955,2.137
0.461690000955,2.16825
0.461700000955,2.137
0.461710000955,2.137
0.461720000955,2.16825
0.461730000955,2.137
0.461740000955,2.10575
0.461750000955,2.16825
0.461760000955,2.16825
0.461770000955,2.16825
0.461780000955,2.1995
0.461790000955,2.16825
0.461800000955,2.16825
0.461810000955,2.137
0.461820000955,2.16825
0.461830000955,2.16825
0.461840000955,2.16825
0.461850000955,2.16825
0.461860000955,2.16825
0.461870000955,2.1995
0.461880000955,2.16825
0.461890000955,2.16825
0.461900000955,2.137
0.461910000955,2.16825
0.461920000955,2.16825
0.461930000955,2.1995
0.461940000955,2.16825
0.461950000955,2.137
0.461960000955,2.137
0.461970000955,2.137
0.461980000955,2.16825
0.461990000955,2.10575
0.462000000955,2.16825
0.462010000955,2.1995
0.462020000955,2.137
0.462030000955,2.16825
0.462040000955,2.1995
0.462050000955,2.16825
0.462060000955,2.137
0.462070000955,2.137
0.462080000955,2.16825
0.462090000955,2.16825
0.462100000955,2.16825
0.462110000955,2.137
0.462120000955,2.1995
0.462130000955,2.16825
0.462140000955,2.16825
0.462150000955,2.16825
0.462160000955,2.16825
0.462170000955,2.16825
0.462180000955,2.16825
0.462190000955,2.16825
0.462200000955,2.10575
0.462210000955,2.16825
0.462220000955,2.16825
0.462230000955,2.16825
0.462240000955,2.137
0.462250000955,2.16825
0.462260000955,2.137
0.462270000955,2.137
0.462280000955,2.16825
0.462290000955,2.137
0.462300000955,2.16825
0.462310000955,2.16825
0.462320000955,2.137
0.462330000955,2.16825
0.462340000955,2.1995
0.462350000955,2.16825
0.462360000955,2.16825
0.462370000955,2.16825
0.462380000955,2.16825
0.462390000955,2.137
0.462400000955,2.16825
0.462410000955,2.16825
0.462420000955,2.137
0.462430000955,2.1995
0.462440000955,2.137
0.462450000955,2.137
0.462460000955,2.16825
0.462470000955,2.137
0.462480000955,2.16825
0.462490000955,2.16825
0.462500000955,2.10575
0.462510000955,2.16825
0.462520000955,2.16825
0.462530000955,2.16825
0.462540000955,2.137
0.462550000955,2.16825
0.462560000955,2.1995
0.462570000955,2.137
0.462580000955,2.1995
0.462590000955,2.137
0.462600000955,2.16825
0.462610000955,2.137
0.462620000955,2.16825
0.462630000955,2.137
0.462640000955,2.16825
0.462650000955,2.137
0.462660000955,2.137
0.462670000955,2.16825
0.462680000955,2.16825
0.462690000955,2.16825
0.462700000955,2.137
0.462710000955,2.137
0.462720000955,2.137
0.462730000955,2.137
0.462740000955,2.16825
0.462750000955,2.16825
0.462760000955,2.16825
0.462770000955,2.16825
0.462780000955,2.16825
0.462790000955,2.16825
0.462800000955,2.1995
0.462810000955,2.137
0.462820000955,2.16825
0.462830000955,2.137
0.462840000955,2.137
0.462850000955,2.16825
0.462860000955,2.16825
0.462870000955,2.16825
0.462880000955,2.16825
0.462890000955,2.16825
0.462900000955,2.1995
0.462910000955,2.137
0.462920000955,2.16825
0.462930000955,2.137
0.462940000955,2.16825
0.462950000955,2.137
0.462960000955,2.137
0.462970000955,2.16825
0.462980000955,2.137
0.462990000955,2.16825
0.463000000955,2.16825
0.463010000955,2.16825
0.463020000955,2.137
0.463030000955,2.137
0.463040000955,2.137
0.463050000955,2.1995
0.463060000955,2.16825
0.463070000955,2.16825
0.463080000955,2.137
0.463090000955,2.137
0.463100000955,2.16825
0.463110000955,2.1995
0.463120000955,2.16825
0.463130000955,2.137
0.463140000955,2.16825
0.463150000955,2.137
0.463160000955,2.137
0.463170000955,2.1995
0.463180000955,2.16825
0.463190000955,2.16825
0.463200000955,2.16825
0.463210000955,2.16825
0.463220000955,2.137
0.463230000955,2.16825
0.463240000955,2.16825
0.463250000955,2.137
0.463260000955,2.137
0.463270000955,2.1995
0.463280000955,2.1995
0.463290000955,2.137
0.463300000955,2.137
0.463310000955,2.16825
0.463320000955,2.137
0.463330000955,2.16825
0.463340000955,2.137
0.463350000955,2.137
0.463360000955,2.16825
0.463370000955,2.137
0.463380000955,2.16825
0.463390000955,2.16825
0.463400000955,2.16825
0.463410000955,2.137
0.463420000955,2.137
0.463430000955,2.16825
0.463440000955,2.137
0.463450000955,2.16825
0.463460000955,2.16825
0.463470000955,2.16825
0.463480000955,2.16825
0.463490000955,2.137
0.463500000955,2.137
0.463510000955,2.16825
0.463520000955,2.137
0.463530000955,2.137
0.463540000955,2.137
0.463550000955,2.16825
0.463560000955,2.137
0.463570000955,2.16825
0.463580000955,2.137
0.463590000955,2.16825
0.463600000955,2.1995
0.463610000955,2.1995
0.463620000955,2.137
0.463630000955,2.137
0.463640000955,2.137
0.463650000955,2.16825
0.463660000955,2.137
0.463670000955,2.16825
0.463680000955,2.137
0.463690000955,2.16825
0.463700000955,2.16825
0.463710000955,2.16825
0.463720000955,2.137
0.463730000955,2.137
0.463740000955,2.137
0.463750000955,2.16825
0.463760000955,2.137
0.463770000955,2.137
0.463780000955,2.16825
0.463790000955,2.137
0.463800000955,2.137
0.463810000955,2.1995
0.463820000955,2.1995
0.463830000955,2.16825
0.463840000955,2.137
0.463850000955,2.1995
0.463860000955,2.16825
0.463870000955,2.16825
0.463880000955,2.16825
0.463890000955,2.16825
0.463900000955,2.16825
0.463910000955,2.137
0.463920000955,2.16825
0.463930000955,2.16825
0.463940000955,2.16825
0.463950000955,2.137
0.463960000955,2.16825
0.463970000955,2.16825
0.463980000955,2.16825
0.463990000955,2.16825
0.464000000955,2.137
0.464010000955,2.1995
0.464020000955,2.137
0.464030000955,2.137
0.464040000955,2.16825
0.464050000955,2.16825
0.464060000955,2.137
0.464070000955,2.16825
0.464080000955,2.137
0.464090000955,2.137
0.464100000955,2.1995
0.464110000955,2.16825
0.464120000955,2.137
0.464130000955,2.16825
0.464140000955,2.137
0.464150000955,2.1995
0.464160000955,2.16825
0.464170000955,2.16825
0.464180000955,2.16825
0.464190000955,2.16825
0.464200000955,2.16825
0.464210000955,2.1995
0.464220000955,2.16825
0.464230000955,2.137
0.464240000955,2.16825
0.464250000955,2.16825
0.464260000955,2.16825
0.464270000955,2.137
0.464280000955,2.16825
0.464290000955,2.16825
0.464300000955,2.137
0.464310000955,2.16825
0.464320000955,2.16825
0.464330000955,2.16825
0.464340000955,2.16825
0.464350000955,2.16825
0.464360000955,2.16825
0.464370000955,2.137
0.464380000955,2.137
0.464390000955,2.16825
0.464400000955,2.1995
0.464410000955,2.1995
0.464420000955,2.137
0.464430000955,2.16825
0.464440000955,2.137
0.464450000955,2.16825
0.464460000955,2.16825
0.464470000955,2.137
0.464480000955,2.1995
0.464490000955,2.16825
0.464500000955,2.16825
0.464510000955,2.16825
0.464520000955,2.16825
0.464530000955,2.16825
0.464540000955,2.16825
0.464550000955,2.16825
0.464560000955,2.16825
0.464570000955,2.16825
0.464580000955,2.137
0.464590000955,2.137
0.464600000955,2.16825
0.464610000955,2.16825
0.464620000955,2.16825
0.464630000955,2.16825
0.464640000955,2.137
0.464650000955,2.1995
0.464660000955,2.137
0.464670000955,2.16825
0.464680000955,2.16825
0.464690000955,2.16825
0.464700000955,2.16825
0.464710000955,2.1995
0.464720000955,2.16825
0.464730000955,2.16825
0.464740000955,2.16825
0.464750000955,2.16825
0.464760000955,2.137
0.464770000955,2.16825
0.464780000955,2.137
0.464790000955,2.137
0.464800000955,2.16825
0.464810000955,2.16825
0.464820000955,2.16825
0.464830000955,2.16825
0.464840000955,2.16825
0.464850000955,2.137
0.464860000955,2.16825
0.464870000955,2.16825
0.464880000955,2.16825
0.464890000955,2.16825
0.464900000955,2.1995
0.464910000955,2.16825
0.464920000955,2.16825
0.464930000955,2.16825
0.464940000955,2.16825
0.464950000955,2.16825
0.464960000955,2.16825
0.464970000955,2.137
0.464980000955,2.10575
0.464990000955,2.137
0.465000000955,2.137
0.465010000955,2.16825
0.465020000955,2.1995
0.465030000955,2.16825
0.465040000955,2.1995
0.465050000955,2.16825
0.465060000955,2.16825
0.465070000955,2.16825
0.465080000955,2.16825
0.465090000955,2.16825
0.465100000955,2.16825
0.465110000955,2.16825
0.465120000955,2.137
0.465130000955,2.16825
0.465140000955,2.1995
0.465150000955,2.16825
0.465160000955,2.137
0.465170000955,2.16825
0.465180000955,2.16825
0.465190000955,2.137
0.465200000955,2.16825
0.465210000955,2.16825
0.465220000955,2.137
0.465230000955,2.16825
0.465240000955,2.137
0.465250000955,2.16825
0.465260000955,2.1995
0.465270000955,2.137
0.465280000955,2.16825
0.465290000955,2.16825
0.465300000955,2.16825
0.465310000955,2.1995
0.465320000955,2.16825
0.465330000955,2.1995
0.465340000955,2.16825
0.465350000955,2.16825
0.465360000955,2.137
0.465370000955,2.16825
0.465380000955,2.16825
0.465390000955,2.16825
0.465400000955,2.16825
0.465410000955,2.16825
0.465420000955,2.1995
0.465430000955,2.137
0.465440000955,2.16825
0.465450000955,2.137
0.465460000955,2.10575
0.465470000955,2.16825
0.465480000955,2.137
0.465490000955,2.16825
0.465500000955,2.16825
0.465510000955,2.137
0.465520000955,2.16825
0.465530000955,2.1995
0.465540000955,2.16825
0.465550000955,2.137
0.465560000955,2.16825
0.465570000955,2.16825
0.465580000955,2.137
0.465590000955,2.137
0.465600000955,2.16825
0.465610000955,2.137
0.465620000955,2.1995
0.465630000955,2.16825
0.465640000955,2.16825
0.465650000955,2.16825
0.465660000955,2.16825
0.465670000955,2.16825
0.465680000955,2.16825
0.465690000955,2.137
0.465700000955,2.137
0.465710000955,2.16825
0.465720000955,2.137
0.465730000955,2.16825
0.465740000955,2.16825
0.465750000955,2.16825
0.465760000955,2.16825
0.465770000955,2.137
0.465780000955,2.16825
0.465790000955,2.137
0.465800000955,2.137
0.465810000955,2.137
0.465820000955,2.16825
0.465830000955,2.16825
0.465840000955,2.16825
0.465850000955,2.137
0.465860000955,2.137
0.465870000955,2.16825
0.465880000955,2.16825
0.465890000955,2.16825
0.465900000955,2.16825
0.465910000955,2.1995
0.465920000955,2.23075
0.465930000955,2.16825
0.465940000955,2.16825
0.465950000955,2.16825
0.465960000955,2.16825
0.465970000955,2.16825
0.465980000955,2.16825
0.465990000955,2.137
0.466000000955,2.137
0.466010000955,2.1995
0.466020000955,2.16825
0.466030000955,2.16825
0.466040000955,2.10575
0.466050000955,2.137
0.466060000955,2.16825
0.466070000955,2.16825
0.466080000955,2.16825
0.466090000955,2.137
0.466100000955,2.16825
0.466110000955,2.1995
0.466120000955,2.16825
0.466130000955,2.137
0.466140000955,2.137
0.466150000955,2.137
0.466160000955,2.10575
0.466170000955,2.16825
0.466180000955,2.16825
0.466190000955,2.16825
0.466200000955,2.16825
0.466210000955,2.137
0.466220000955,2.137
0.466230000955,2.1995
0.466240000955,2.16825
0.466250000955,2.137
0.466260000955,2.1995
0.466270000955,2.137
0.466280000955,2.137
0.466290000955,2.137
0.466300000955,2.16825
0.466310000955,2.137
0.466320000955,2.16825
0.466330000955,2.16825
0.466340000955,2.16825
0.466350000955,2.137
0.466360000955,2.137
0.466370000955,2.16825
0.466380000955,2.16825
0.466390000955,2.16825
0.466400000955,2.16825
0.466410000955,2.16825
0.466420000955,2.16825
0.466430000955,2.1995
0.466440000955,2.137
0.466450000955,2.16825
0.466460000955,2.16825
0.466470000955,2.16825
0.466480000955,2.16825
0.466490000955,2.137
0.466500000955,2.16825
0.466510000955,2.16825
0.466520000955,2.16825
0.466530000955,2.137
0.466540000955,2.1995
0.466550000955,2.16825
0.466560000955,2.137
0.466570000955,2.137
0.466580000955,2.1995
0.466590000955,2.16825
0.466600000955,2.16825
0.466610000955,2.16825
0.466620000955,2.16825
0.466630000955,2.16825
0.466640000955,2.16825
0.466650000955,2.137
0.466660000955,2.16825
0.466670000955,2.137
0.466680000955,2.16825
0.466690000955,2.16825
0.466700000955,2.16825
0.466710000955,2.137
0.466720000955,2.1995
0.466730000955,2.16825
0.466740000955,2.16825
0.466750000955,2.137
0.466760000955,2.137
0.466770000955,2.16825
0.466780000955,2.16825
0.466790000955,2.137
0.466800000955,2.16825
0.466810000955,2.137
0.466820000955,2.137
0.466830000955,2.1995
0.466840000955,2.16825
0.466850000955,2.16825
0.466860000955,2.137
0.466870000955,2.1995
0.466880000955,2.16825
0.466890000955,2.16825
0.466900000955,2.16825
0.466910000955,2.16825
0.466920000955,2.16825
0.466930000955,2.137
0.466940000955,2.137
0.466950000955,2.16825
0.466960000955,2.137
0.466970000955,2.16825
0.466980000955,2.16825
0.466990000955,2.16825
0.467000000955,2.23075
0.467010000955,2.16825
0.467020000955,2.16825
0.467030000955,2.16825
0.467040000955,2.137
0.467050000955,2.16825
0.467060000955,2.16825
0.467070000955,2.137
0.467080000955,2.137
0.467090000955,2.10575
0.467100000955,2.16825
0.467110000955,2.137
0.467120000955,2.16825
0.467130000955,2.1995
0.467140000955,2.137
0.467150000955,2.16825
0.467160000955,2.1995
0.467170000955,2.16825
0.467180000955,2.137
0.467190000955,2.10575
0.467200000955,2.137
0.467210000955,2.16825
0.467220000955,2.137
0.467230000955,2.16825
0.467240000955,2.137
0.467250000955,2.137
0.467260000955,2.137
0.467270000955,2.16825
0.467280000955,2.137
0.467290000955,2.16825
0.467300000955,2.16825
0.467310000955,2.16825
0.467320000955,2.16825
0.467330000955,2.10575
0.467340000955,2.16825
0.467350000955,2.137
0.467360000955,2.137
0.467370000955,2.16825
0.467380000955,2.10575
0.467390000955,2.137
0.467400000955,2.16825
0.467410000955,2.16825
0.467420000955,2.137
0.467430000955,2.16825
0.467440000955,2.137
0.467450000955,2.16825
0.467460000955,2.137
0.467470000955,2.16825
0.467480000955,2.137
0.467490000955,2.16825
0.467500000955,2.16825
0.467510000955,2.16825
0.467520000955,2.16825
0.467530000955,2.137
0.467540000955,2.16825
0.467550000955,2.137
0.467560000955,2.16825
0.467570000955,2.137
0.467580000955,2.137
0.467590000955,2.137
0.467600000955,2.16825
0.467610000955,2.16825
0.467620000955,2.137
0.467630000955,2.16825
0.467640000955,2.16825
0.467650000955,2.137
0.467660000955,2.137
0.467670000955,2.137
0.467680000955,2.137
0.467690000955,2.137
0.467700000955,2.137
0.467710000955,2.16825
0.467720000955,2.16825
0.467730000955,2.137
0.467740000955,2.137
0.467750000955,2.137
0.467760000955,2.16825
0.467770000955,2.137
0.467780000955,2.16825
0.467790000955,2.16825
0.467800000955,2.16825
0.467810000955,2.16825
0.467820000955,2.16825
0.467830000955,2.137
0.467840000955,2.137
0.467850000955,2.137
0.467860000955,2.16825
0.467870000955,2.137
0.467880000955,2.16825
0.467890000955,2.16825
0.467900000955,2.10575
0.467910000955,2.16825
0.467920000955,2.16825
0.467930000955,2.16825
0.467940000955,2.10575
0.467950000955,2.137
0.467960000955,2.16825
0.467970000955,2.137
0.467980000955,2.16825
0.467990000955,2.137
0.468000000955,2.10575
0.468010000955,2.16825
0.468020000955,2.137
0.468030000955,2.16825
0.468040000955,2.16825
0.468050000955,2.16825
0.468060000955,2.10575
0.468070000955,2.137
0.468080000955,2.137
0.468090000955,2.16825
0.468100000955,2.137
0.468110000955,2.137
0.468120000955,2.16825
0.468130000955,2.16825
0.468140000955,2.137
0.468150000955,2.10575
0.468160000955,2.16825
0.468170000955,2.137
0.468180000955,2.137
0.468190000955,2.137
0.468200000955,2.137
0.468210000955,2.137
0.468220000955,2.137
0.468230000955,2.137
0.468240000955,2.137
0.468250000955,2.137
0.468260000955,2.16825
0.468270000955,2.16825
0.468280000955,2.16825
0.468290000955,2.137
0.468300000955,2.137
0.468310000955,2.16825
0.468320000955,2.10575
0.468330000955,2.137
0.468340000955,2.16825
0.468350000955,2.16825
0.468360000955,2.137
0.468370000955,2.16825
0.468380000955,2.16825
0.468390000955,2.16825
0.468400000955,2.16825
0.468410000955,2.10575
0.468420000955,2.137
0.468430000955,2.137
0.468440000955,2.137
0.468450000955,2.10575
0.468460000955,2.10575
0.468470000955,2.16825
0.468480000955,2.137
0.468490000955,2.137
0.468500000955,2.137
0.468510000955,2.1995
0.468520000955,2.16825
0.468530000955,2.10575
0.468540000955,2.16825
0.468550000955,2.10575
0.468560000955,2.137
0.468570000955,2.16825
0.468580000955,2.16825
0.468590000955,2.137
0.468600000955,2.16825
0.468610000955,2.16825
0.468620000955,2.137
0.468630000955,2.16825
0.468640000955,2.1995
0.468650000955,2.137
0.468660000955,2.137
0.468670000955,2.16825
0.468680000955,2.10575
0.468690000955,2.137
0.468700000955,2.137
0.468710000955,2.137
0.468720000955,2.137
0.468730000955,2.137
0.468740000955,2.137
0.468750000955,2.16825
0.468760000955,2.137
0.468770000955,2.10575
0.468780000955,2.137
0.468790000955,2.137
0.468800000955,2.137
0.468810000955,2.16825
0.468820000955,2.10575
0.468830000955,2.16825
0.468840000955,2.137
0.468850000955,2.137
0.468860000955,2.10575
0.468870000955,2.137
0.468880000955,2.137
0.468890000955,2.137
0.468900000955,2.137
0.468910000955,2.16825
0.468920000955,2.137
0.468930000955,2.137
0.468940000955,2.16825
0.468950000955,2.137
0.468960000955,2.137
0.468970000955,2.10575
0.468980000955,2.10575
0.468990000955,2.10575
0.469000000955,2.137
0.469010000955,2.137
0.469020000955,2.1995
0.469030000955,2.137
0.469040000955,2.16825
0.469050000955,2.137
0.469060000955,2.137
0.469070000955,2.10575
0.469080000955,2.16825
0.469090000955,2.137
0.469100000955,2.137
0.469110000955,2.137
0.469120000955,2.16825
0.469130000955,2.137
0.469140000955,2.16825
0.469150000955,2.137
0.469160000955,2.137
0.469170000955,2.16825
0.469180000955,2.16825
0.469190000955,2.137
0.469200000955,2.137
0.469210000955,2.137
0.469220000955,2.16825
0.469230000955,2.137
0.469240000955,2.137
0.469250000955,2.137
0.469260000955,2.137
0.469270000955,2.16825
0.469280000955,2.137
0.469290000955,2.137
0.469300000955,2.137
0.469310000955,2.16825
0.469320000955,2.137
0.469330000955,2.16825
0.469340000955,2.16825
0.469350000955,2.137
0.469360000955,2.10575
0.469370000955,2.16825
0.469380000955,2.16825
0.469390000955,2.137
0.469400000955,2.10575
0.469410000955,2.137
0.469420000955,2.137
0.469430000955,2.16825
0.469440000955,2.137
0.469450000955,2.137
0.469460000955,2.137
0.469470000955,2.137
0.469480000955,2.16825
0.469490000955,2.16825
0.469500000955,2.137
0.469510000955,2.10575
0.469520000955,2.16825
0.469530000955,2.137
0.469540000955,2.137
0.469550000955,2.137
0.469560000955,2.10575
0.469570000955,2.137
0.469580000955,2.137
0.469590000955,2.0745
0.469600000955,2.10575
0.469610000955,2.16825
0.469620000955,2.137
0.469630000955,2.137
0.469640000955,2.16825
0.469650000955,2.137
0.469660000955,2.16825
0.469670000955,2.10575
0.469680000955,2.137
0.469690000955,2.137
0.469700000955,2.16825
0.469710000955,2.10575
0.469720000955,2.137
0.469730000955,2.16825
0.469740000955,2.16825
0.469750000955,2.16825
0.469760000955,2.137
0.469770000955,2.137
0.469780000955,2.137
0.469790000955,2.137
0.469800000955,2.137
0.469810000955,2.137
0.469820000955,2.137
0.469830000955,2.137
0.469840000955,2.137
0.469850000955,2.137
0.469860000955,2.137
0.469870000955,2.137
0.469880000955,2.137
0.469890000955,2.10575
0.469900000955,2.137
0.469910000955,2.137
0.469920000955,2.137
0.469930000955,2.137
0.469940000955,2.137
0.469950000955,2.137
0.469960000955,2.16825
0.469970000955,2.137
0.469980000955,2.1995
0.469990000955,2.137
0.470000000955,2.10575
0.470010000955,2.137
0.470020000955,2.137
0.470030000955,2.137
0.470040000955,2.16825
0.470050000955,2.137
0.470060000955,2.16825
0.470070000955,2.137
0.470080000955,2.137
0.470090000955,2.137
0.470100000955,2.137
0.470110000955,2.137
0.470120000955,2.137
0.470130000955,2.137
0.470140000955,2.137
0.470150000955,2.16825
0.470160000955,2.137
0.470170000955,2.137
0.470180000955,2.10575
0.470190000955,2.137
0.470200000955,2.137
0.470210000955,2.137
0.470220000955,2.137
0.470230000955,2.137
0.470240000955,2.10575
0.470250000955,2.137
0.470260000955,2.137
0.470270000955,2.137
0.470280000955,2.16825
0.470290000955,2.10575
0.470300000955,2.16825
0.470310000955,2.137
0.470320000955,2.16825
0.470330000955,2.137
0.470340000955,2.137
0.470350000955,2.137
0.470360000955,2.137
0.470370000955,2.137
0.470380000955,2.137
0.470390000955,2.16825
0.470400000955,2.16825
0.470410000955,2.16825
0.470420000955,2.137
0.470430000955,2.10575
0.470440000955,2.16825
0.470450000955,2.137
0.470460000955,2.10575
0.470470000955,2.10575
0.470480000955,2.137
0.470490000955,2.137
0.470500000955,2.137
0.470510000955,2.137
0.470520000955,2.137
0.470530000955,2.16825
0.470540000955,2.137
0.470550000955,2.10575
0.470560000955,2.137
0.470570000955,2.137
0.470580000955,2.1995
0.470590000955,2.16825
0.470600000955,2.137
0.470610000955,2.16825
0.470620000955,2.16825
0.470630000955,2.137
0.470640000955,2.137
0.470650000955,2.10575
0.470660000955,2.137
0.470670000955,2.137
0.470680000955,2.137
0.470690000955,2.16825
0.470700000955,2.137
0.470710000955,2.137
0.470720000955,2.10575
0.470730000955,2.137
0.470740000955,2.137
0.470750000955,2.137
0.470760000955,2.16825
0.470770000955,2.16825
0.470780000955,2.16825
0.470790000955,2.16825
0.470800000955,2.137
0.470810000955,2.137
0.470820000955,2.137
0.470830000955,2.16825
0.470840000955,2.137
0.470850000955,2.137
0.470860000955,2.137
0.470870000955,2.137
0.470880000955,2.137
0.470890000955,2.137
0.470900000955,2.16825
0.470910000955,2.16825
0.470920000955,2.137
0.470930000955,2.137
0.470940000955,2.137
0.470950000955,2.16825
0.470960000955,2.16825
0.470970000955,2.16825
0.470980000955,2.16825
0.470990000955,2.16825
0.471000000955,2.16825
0.471010000955,2.137
0.471020000955,2.137
0.471030000955,2.16825
0.471040000955,2.16825
0.471050000955,2.137
0.471060000955,2.16825
0.471070000955,2.10575
0.471080000955,2.137
0.471090000955,2.137
0.471100000955,2.137
0.471110000955,2.16825
0.471120000955,2.10575
0.471130000955,2.137
0.471140000955,2.137
0.471150000955,2.137
0.471160000955,2.137
0.471170000955,2.137
0.471180000955,2.16825
0.471190000955,2.10575
0.471200000955,2.10575
0.471210000955,2.16825
0.471220000955,2.16825
0.471230000955,2.137
0.471240000955,2.137
0.471250000955,2.16825
0.471260000955,2.137
0.471270000955,2.16825
0.471280000955,2.16825
0.471290000955,2.16825
0.471300000955,2.16825
0.471310000955,2.137
0.471320000955,2.16825
0.471330000955,2.10575
0.471340000955,2.16825
0.471350000955,2.137
0.471360000955,2.137
0.471370000955,2.16825
0.471380000955,2.137
0.471390000955,2.10575
0.471400000955,2.137
0.471410000955,2.16825
0.471420000955,2.10575
0.471430000955,2.16825
0.471440000955,2.16825
0.471450000955,2.137
0.471460000955,2.137
0.471470000955,2.137
0.471480000955,2.16825
0.471490000955,2.137
0.471500000955,2.16825
0.471510000955,2.137
0.471520000955,2.137
0.471530000955,2.137
0.471540000955,2.137
0.471550000955,2.16825
0.471560000955,2.137
0.471570000955,2.10575
0.471580000955,2.16825
0.471590000955,2.137
0.471600000955,2.16825
0.471610000955,2.16825
0.471620000955,2.137
0.471630000955,2.16825
0.471640000955,2.16825
0.471650000955,2.137
0.471660000955,2.16825
0.471670000955,2.16825
0.471680000955,2.16825
0.471690000955,2.137
0.471700000955,2.137
0.471710000955,2.16825
0.471720000955,2.137
0.471730000955,2.137
0.471740000955,2.137
0.471750000955,2.16825
0.471760000955,2.137
0.471770000955,2.137
0.471780000955,2.137
0.471790000955,2.137
0.471800000955,2.16825
0.471810000955,2.137
0.471820000955,2.16825
0.471830000955,2.10575
0.471840000955,2.137
0.471850000955,2.137
0.471860000955,2.16825
0.471870000955,2.137
0.471880000955,2.137
0.471890000955,2.137
0.471900000955,2.1995
0.471910000955,2.10575
0.471920000955,2.137
0.471930000955,2.137
0.471940000955,2.137
0.471950000955,2.16825
0.471960000955,2.137
0.471970000955,2.16825
0.471980000955,2.137
0.471990000955,2.16825
0.472000000955,2.137
0.472010000955,2.137
0.472020000955,2.137
0.472030000955,2.137
0.472040000955,2.137
0.472050000955,2.137
0.472060000955,2.10575
0.472070000955,2.137
0.472080000955,2.16825
0.472090000955,2.137
0.472100000955,2.137
0.472110000955,2.137
0.472120000955,2.16825
0.472130000955,2.137
0.472140000955,2.10575
0.472150000955,2.137
0.472160000955,2.16825
0.472170000955,2.10575
0.472180000955,2.1995
0.472190000955,2.137
0.472200000955,2.10575
0.472210000955,2.137
0.472220000955,2.16825
0.472230000955,2.16825
0.472240000955,2.137
0.472250000955,2.137
0.472260000955,2.137
0.472270000955,2.137
0.472280000955,2.137
0.472290000955,2.10575
0.472300000955,2.137
0.472310000955,2.16825
0.472320000955,2.10575
0.472330000955,2.137
0.472340000955,2.16825
0.472350000955,2.137
0.472360000955,2.137
0.472370000955,2.137
0.472380000955,2.16825
0.472390000955,2.137
0.472400000955,2.1995
0.472410000955,2.16825
0.472420000955,2.137
0.472430000955,2.10575
0.472440000955,2.137
0.472450000955,2.10575
0.472460000955,2.137
0.472470000955,2.16825
0.472480000955,2.137
0.472490000955,2.137
0.472500000955,2.16825
0.472510000955,2.137
0.472520000955,2.10575
0.472530000955,2.137
0.472540000955,2.137
0.472550000955,2.16825
0.472560000955,2.16825
0.472570000955,2.137
0.472580000955,2.1995
0.472590000955,2.137
0.472600000955,2.137
0.472610000955,2.137
0.472620000955,2.137
0.472630000955,2.10575
0.472640000955,2.137
0.472650000955,2.16825
0.472660000955,2.137
0.472670000955,2.137
0.472680000955,2.137
0.472690000955,2.137
0.472700000955,2.137
0.472710000955,2.137
0.472720000955,2.1995
0.472730000955,2.137
0.472740000955,2.137
0.472750000955,2.137
0.472760000955,2.10575
0.472770000955,2.137
0.472780000955,2.137
0.472790000955,2.137
0.472800000955,2.16825
0.472810000955,2.16825
0.472820000955,2.137
0.472830000955,2.16825
0.472840000955,2.137
0.472850000955,2.137
0.472860000955,2.10575
0.472870000955,2.137
0.472880000955,2.137
0.472890000955,2.137
0.472900000955,2.16825
0.472910000955,2.16825
0.472920000955,2.16825
0.472930000955,2.16825
0.472940000955,2.10575
0.472950000955,2.16825
0.472960000955,2.16825
0.472970000955,2.137
0.472980000955,2.16825
0.472990000955,2.137
0.473000000955,2.137
0.473010000955,2.137
0.473020000955,2.16825
0.473030000955,2.16825
0.473040000955,2.16825
0.473050000955,2.137
0.473060000955,2.10575
0.473070000955,2.16825
0.473080000955,2.16825
0.473090000955,2.10575
0.473100000955,2.137
0.473110000955,2.16825
0.473120000955,2.137
0.473130000955,2.16825
0.473140000955,2.137
0.473150000955,2.16825
0.473160000955,2.137
0.473170000955,2.137
0.473180000955,2.16825
0.473190000955,2.16825
0.473200000955,2.1995
0.473210000955,2.137
0.473220000955,2.16825
0.473230000955,2.16825
0.473240000955,2.16825
0.473250000955,2.16825
0.473260000955,2.10575
0.473270000955,2.16825
0.473280000955,2.137
0.473290000955,2.137
0.473300000955,2.16825
0.473310000955,2.137
0.473320000955,2.16825
0.473330000955,2.137
0.473340000955,2.137
0.473350000955,2.16825
0.473360000955,2.137
0.473370000955,2.137
0.473380000955,2.137
0.473390000955,2.137
0.473400000955,2.137
0.473410000955,2.137
0.473420000955,2.137
0.473430000955,2.16825
0.473440000955,2.137
0.473450000955,2.137
0.473460000955,2.137
0.473470000955,2.16825
0.473480000955,2.137
0.473490000955,2.137
0.473500000955,2.137
0.473510000955,2.137
0.473520000955,2.16825
0.473530000955,2.137
0.473540000955,2.137
0.473550000955,2.10575
0.473560000955,2.137
0.473570000955,2.137
0.473580000955,2.137
0.473590000955,2.16825
0.473600000955,2.16825
0.473610000955,2.137
0.473620000955,2.16825
0.473630000955,2.16825
0.473640000955,2.16825
0.473650000955,2.137
0.473660000955,2.16825
0.473670000955,2.16825
0.473680000955,2.137
0.473690000955,2.137
0.473700000955,2.137
0.473710000955,2.1995
0.473720000955,2.16825
0.473730000955,2.137
0.473740000955,2.137
0.473750000955,2.16825
0.473760000955,2.137
0.473770000955,2.137
0.473780000955,2.16825
0.473790000955,2.137
0.473800000955,2.16825
0.473810000955,2.16825
0.473820000955,2.137
0.473830000955,2.137
0.473840000955,2.137
0.473850000955,2.16825
0.473860000955,2.16825
0.473870000955,2.16825
0.473880000955,2.16825
0.473890000955,2.137
0.473900000955,2.16825
0.473910000955,2.16825
0.473920000955,2.10575
0.473930000955,2.16825
0.473940000955,2.137
0.473950000955,2.16825
0.473960000955,2.137
0.473970000955,2.16825
0.473980000955,2.137
0.473990000955,2.16825
0.474000000955,2.10575
0.474010000955,2.16825
0.474020000955,2.137
0.474030000955,2.137
0.474040000955,2.16825
0.474050000955,2.137
0.474060000955,2.16825
0.474070000955,2.10575
0.474080000955,2.137
0.474090000955,2.16825
0.474100000955,2.137
0.474110000955,2.137
0.474120000955,2.10575
0.474130000955,2.137
0.474140000955,2.16825
0.474150000955,2.16825
0.474160000955,2.137
0.474170000955,2.16825
0.474180000955,2.137
0.474190000955,2.16825
0.474200000955,2.137
0.474210000955,2.137
0.474220000955,2.137
0.474230000955,2.10575
0.474240000955,2.137
0.474250000955,2.137
0.474260000955,2.16825
0.474270000955,2.16825
0.474280000955,2.16825
0.474290000955,2.137
0.474300000955,2.16825
0.474310000955,2.16825
0.474320000955,2.137
0.474330000955,2.137
0.474340000955,2.10575
0.474350000955,2.137
0.474360000955,2.16825
0.474370000955,2.137
0.474380000955,2.16825
0.474390000955,2.16825
0.474400000955,2.137
0.474410000955,2.16825
0.474420000955,2.16825
0.474430000955,2.137
0.474440000955,2.137
0.474450000955,2.16825
0.474460000955,2.10575
0.474470000955,2.16825
0.474480000955,2.16825
0.474490000955,2.137
0.474500000955,2.137
0.474510000955,2.16825
0.474520000955,2.137
0.474530000955,2.137
0.474540000955,2.16825
0.474550000955,2.10575
0.474560000955,2.137
0.474570000955,2.16825
0.474580000955,2.137
0.474590000955,2.137
0.474600000955,2.137
0.474610000955,2.137
0.474620000955,2.137
0.474630000955,2.16825
0.474640000955,2.16825
0.474650000955,2.16825
0.474660000955,2.137
0.474670000955,2.16825
0.474680000955,2.16825
0.474690000955,2.16825
0.474700000955,2.137
0.474710000955,2.16825
0.474720000955,2.137
0.474730000955,2.137
0.474740000955,2.16825
0.474750000955,2.10575
0.474760000955,2.137
0.474770000955,2.137
0.474780000955,2.137
0.474790000955,2.137
0.474800000955,2.16825
0.474810000955,2.137
0.474820000955,2.16825
0.474830000955,2.137
0.474840000955,2.137
0.474850000955,2.16825
0.474860000955,2.137
0.474870000955,2.137
0.474880000955,2.16825
0.474890000955,2.137
0.474900000955,2.137
0.474910000955,2.16825
0.474920000955,2.137
0.474930000955,2.137
0.474940000955,2.16825
0.474950000955,2.16825
0.474960000955,2.137
0.474970000955,2.16825
0.474980000955,2.137
0.474990000955,2.16825
0.475000000955,2.137
0.475010000955,2.137
0.475020000955,2.137
0.475030000955,2.137
0.475040000955,2.16825
0.475050000955,2.137
0.475060000955,2.137
0.475070000955,2.137
0.475080000955,2.1995
0.475090000955,2.137
0.475100000955,2.16825
0.475110000955,2.16825
0.475120000955,2.16825
0.475130000955,2.137
0.475140000955,2.16825
0.475150000955,2.137
0.475160000955,2.137
0.475170000955,2.137
0.475180000955,2.16825
0.475190000955,2.16825
0.475200000955,2.137
0.475210000955,2.137
0.475220000955,2.137
0.475230000955,2.16825
0.475240000955,2.137
0.475250000955,2.137
0.475260000955,2.137
0.475270000955,2.16825
0.475280000955,2.137
0.475290000955,2.10575
0.475300000955,2.137
0.475310000955,2.137
0.475320000955,2.137
0.475330000955,2.16825
0.475340000955,2.16825
0.475350000955,2.10575
0.475360000955,2.137
0.475370000955,2.1995
0.475380000955,2.16825
0.475390000955,2.16825
0.475400000955,2.10575
0.475410000955,2.16825
0.475420000955,2.137
0.475430000955,2.16825
0.475440000955,2.16825
0.475450000955,2.137
0.475460000955,2.137
0.475470000955,2.16825
0.475480000955,2.1995
0.475490000955,2.137
0.475500000955,2.10575
0.475510000955,2.1995
0.475520000955,2.10575
0.475530000955,2.16825
0.475540000955,2.137
0.475550000955,2.16825
0.475560000955,2.137
0.475570000955,2.137
0.475580000955,2.137
0.475590000955,2.137
0.475600000955,2.137
0.475610000955,2.137
0.475620000955,2.137
0.475630000955,2.16825
0.475640000955,2.137
0.475650000955,2.10575
0.475660000955,2.137
0.475670000955,2.16825
0.475680000955,2.16825
0.475690000955,2.16825
0.475700000955,2.16825
0.475710000955,2.137
0.475720000955,2.10575
0.475730000955,2.16825
0.475740000955,2.137
0.475750000955,2.16825
0.475760000955,2.137
0.475770000955,2.16825
0.475780000955,2.10575
0.475790000955,2.137
0.475800000955,2.16825
0.475810000955,2.137
0.475820000955,2.16825
0.475830000955,2.1995
0.475840000955,2.16825
0.475850000955,2.137
0.475860000955,2.137
0.475870000955,2.137
0.475880000955,2.10575
0.475890000955,2.137
0.475900000955,2.137
0.475910000955,2.16825
0.475920000955,2.10575
0.475930000955,2.137
0.475940000955,2.137
0.475950000955,2.16825
0.475960000955,2.137
0.475970000955,2.16825
0.475980000955,2.137
0.475990000955,2.16825
0.476000000955,2.137
0.476010000955,2.137
0.476020000955,2.16825
0.476030000955,2.16825
0.476040000955,2.137
0.476050000955,2.137
0.476060000955,2.16825
0.476070000955,2.137
0.476080000955,2.10575
0.476090000955,2.137
0.476100000955,2.137
0.476110000955,2.16825
0.476120000955,2.137
0.476130000955,2.137
0.476140000955,2.16825
0.476150000955,2.137
0.476160000955,2.16825
0.476170000955,2.16825
0.476180000955,2.16825
0.476190000955,2.16825
0.476200000955,2.16825
0.476210000955,2.137
0.476220000955,2.137
0.476230000955,2.16825
0.476240000955,2.137
0.476250000955,2.16825
0.476260000955,2.137
0.476270000955,2.137
0.476280000955,2.137
0.476290000955,2.16825
0.476300000955,2.16825
0.476310000955,2.137
0.476320000955,2.137
0.476330000955,2.137
0.476340000955,2.1995
0.476350000955,2.137
0.476360000955,2.137
0.476370000955,2.10575
0.476380000955,2.16825
0.476390000955,2.16825
0.476400000955,2.137
0.476410000955,2.137
0.476420000955,2.137
0.476430000955,2.137
0.476440000955,2.137
0.476450000955,2.16825
0.476460000955,2.16825
0.476470000955,2.16825
0.476480000955,2.137
0.476490000955,2.16825
0.476500000955,2.137
0.476510000955,2.137
0.476520000955,2.16825
0.476530000955,2.16825
0.476540000955,2.10575
0.476550000955,2.16825
0.476560000955,2.137
0.476570000955,2.137
0.476580000955,2.137
0.476590000955,2.137
0.476600000955,2.137
0.476610000955,2.137
0.476620000955,2.16825
0.476630000955,2.16825
0.476640000955,2.16825
0.476650000955,2.137
0.476660000955,2.137
0.476670000955,2.137
0.476680000955,2.137
0.476690000955,2.16825
0.476700000955,2.16825
0.476710000955,2.16825
0.476720000955,2.137
0.476730000955,2.137
0.476740000955,2.16825
0.476750000955,2.137
0.476760000955,2.137
0.476770000955,2.16825
0.476780000955,2.137
0.476790000955,2.137
0.476800000955,2.1995
0.476810000955,2.16825
0.476820000955,2.137
0.476830000955,2.137
0.476840000955,2.137
0.476850000955,2.137
0.476860000955,2.137
0.476870000955,2.16825
0.476880000955,2.137
0.476890000955,2.16825
0.476900000955,2.137
0.476910000955,2.137
0.476920000955,2.10575
0.476930000955,2.137
0.476940000955,2.16825
0.476950000955,2.137
0.476960000955,2.137
0.476970000955,2.16825
0.476980000955,2.1995
0.476990000955,2.16825
0.477000000955,2.16825
0.477010000955,2.16825
0.477020000955,2.137
0.477030000955,2.10575
0.477040000955,2.137
0.477050000955,2.16825
0.477060000955,2.137
0.477070000955,2.10575
0.477080000955,2.137
0.477090000955,2.137
0.477100000955,2.137
0.477110000955,2.137
0.477120000955,2.16825
0.477130000955,2.137
0.477140000955,2.137
0.477150000955,2.16825
0.477160000955,2.137
0.477170000955,2.137
0.477180000955,2.137
0.477190000955,2.137
0.477200000955,2.137
0.477210000955,2.16825
0.477220000955,2.16825
0.477230000955,2.16825
0.477240000955,2.16825
0.477250000955,2.10575
0.477260000955,2.16825
0.477270000955,2.16825
0.477280000955,2.137
0.477290000955,2.137
0.477300000955,2.16825
0.477310000955,2.137
0.477320000955,2.137
0.477330000955,2.137
0.477340000955,2.16825
0.477350000955,2.137
0.477360000955,2.137
0.477370000955,2.137
0.477380000955,2.137
0.477390000955,2.137
0.477400000955,2.137
0.477410000955,2.16825
0.477420000955,2.16825
0.477430000955,2.137
0.477440000955,2.137
0.477450000955,2.137
0.477460000955,2.16825
0.477470000955,2.137
0.477480000955,2.137
0.477490000955,2.137
0.477500000955,2.16825
0.477510000955,2.16825
0.477520000955,2.137
0.477530000955,2.16825
0.477540000955,2.10575
0.477550000955,2.16825
0.477560000955,2.16825
0.477570000955,2.16825
0.477580000955,2.16825
0.477590000955,2.137
0.477600000955,2.16825
0.477610000955,2.16825
0.477620000955,2.137
0.477630000955,2.16825
0.477640000955,2.137
0.477650000955,2.16825
0.477660000955,2.16825
0.477670000955,2.137
0.477680000955,2.137
0.477690000955,2.10575
0.477700000955,2.16825
0.477710000955,2.137
0.477720000955,2.137
0.477730000955,2.137
0.477740000955,2.137
0.477750000955,2.16825
0.477760000955,2.137
0.477770000955,2.137
0.477780000955,2.137
0.477790000955,2.16825
0.477800000955,2.137
0.477810000955,2.16825
0.477820000955,2.16825
0.477830000955,2.16825
0.477840000955,2.137
0.477850000955,2.16825
0.477860000955,2.137
0.477870000955,2.10575
0.477880000955,2.137
0.477890000955,2.16825
0.477900000955,2.137
0.477910000955,2.16825
0.477920000955,2.10575
0.477930000955,2.16825
0.477940000955,2.137
0.477950000955,2.137
0.477960000955,2.137
0.477970000955,2.16825
0.477980000955,2.1995
0.477990000955,2.137
0.478000000955,2.137
0.478010000955,2.137
0.478020000955,2.137
0.478030000955,2.16825
0.478040000955,2.137
0.478050000955,2.1995
0.478060000955,2.137
0.478070000955,2.137
0.478080000955,2.16825
0.478090000955,2.16825
0.478100000955,2.137
0.478110000955,2.16825
0.478120000955,2.137
0.478130000955,2.16825
0.478140000955,2.137
0.478150000955,2.16825
0.478160000955,2.16825
0.478170000955,2.137
0.478180000955,2.137
0.478190000955,2.16825
0.478200000955,2.137
0.478210000955,2.16825
0.478220000955,2.16825
0.478230000955,2.137
0.478240000955,2.137
0.478250000955,2.16825
0.478260000955,2.137
0.478270000955,2.137
0.478280000955,2.16825
0.478290000955,2.137
0.478300000955,2.137
0.478310000955,2.137
0.478320000955,2.137
0.478330000955,2.137
0.478340000955,2.16825
0.478350000955,2.16825
0.478360000955,2.137
0.478370000955,2.16825
0.478380000955,2.137
0.478390000955,2.10575
0.478400000955,2.10575
0.478410000955,2.137
0.478420000955,2.137
0.478430000955,2.16825
0.478440000955,2.10575
0.478450000955,2.137
0.478460000955,2.1995
0.478470000955,2.16825
0.478480000955,2.137
0.478490000955,2.16825
0.478500000955,2.1995
0.478510000955,2.137
0.478520000955,2.137
0.478530000955,2.137
0.478540000955,2.137
0.478550000955,2.137
0.478560000955,2.16825
0.478570000955,2.1995
0.478580000955,2.16825
0.478590000955,2.137
0.478600000955,2.16825
0.478610000955,2.16825
0.478620000955,2.137
0.478630000955,2.137
0.478640000955,2.137
0.478650000955,2.16825
0.478660000955,2.137
0.478670000955,2.137
0.478680000955,2.137
0.478690000955,2.137
0.478700000955,2.1995
0.478710000955,2.16825
0.478720000955,2.137
0.478730000955,2.137
0.478740000955,2.16825
0.478750000955,2.16825
0.478760000955,2.1995
0.478770000955,2.137
0.478780000955,2.137
0.478790000955,2.137
0.478800000955,2.137
0.478810000955,2.137
0.478820000955,2.10575
0.478830000955,2.137
0.478840000955,2.16825
0.478850000955,2.137
0.478860000955,2.137
0.478870000955,2.16825
0.478880000955,2.137
0.478890000955,2.16825
0.478900000955,2.16825
0.478910000955,2.16825
0.478920000955,2.137
0.478930000955,2.137
0.478940000955,2.137
0.478950000955,2.16825
0.478960000955,2.16825
0.478970000955,2.137
0.478980000955,2.16825
0.478990000955,2.16825
0.479000000955,2.137
0.479010000955,2.137
0.479020000955,2.137
0.479030000955,2.16825
0.479040000955,2.137
0.479050000955,2.137
0.479060000955,2.16825
0.479070000955,2.16825
0.479080000955,2.137
0.479090000955,2.16825
0.479100000955,2.137
0.479110000955,2.16825
0.479120000955,2.16825
0.479130000955,2.1995
0.479140000955,2.16825
0.479150000955,2.137
0.479160000955,2.16825
0.479170000955,2.1995
0.479180000955,2.16825
0.479190000955,2.16825
0.479200000955,2.137
0.479210000955,2.137
0.479220000955,2.137
0.479230000955,2.16825
0.479240000955,2.137
0.479250000955,2.137
0.479260000955,2.10575
0.479270000955,2.10575
0.479280000955,2.137
0.479290000955,2.16825
0.479300000955,2.137
0.479310000955,2.137
0.479320000955,2.16825
0.479330000955,2.137
0.479340000955,2.137
0.479350000955,2.16825
0.479360000955,2.16825
0.479370000955,2.137
0.479380000955,2.137
0.479390000955,2.16825
0.479400000955,2.1995
0.479410000955,2.137
0.479420000955,2.16825
0.479430000955,2.137
0.479440000955,2.16825
0.479450000955,2.16825
0.479460000955,2.137
0.479470000955,2.16825
0.479480000955,2.137
0.479490000955,2.16825
0.479500000955,2.137
0.479510000955,2.16825
0.479520000955,2.137
0.479530000955,2.137
0.479540000955,2.137
0.479550000955,2.137
0.479560000955,2.16825
0.479570000955,2.137
0.479580000955,2.16825
0.479590000955,2.10575
0.479600000955,2.16825
0.479610000955,2.137
0.479620000955,2.16825
0.479630000955,2.16825
0.479640000955,2.137
0.479650000955,2.137
0.479660000955,2.16825
0.479670000955,2.16825
0.479680000955,2.137
0.479690000955,2.16825
0.479700000955,2.16825
0.479710000955,2.16825
0.479720000955,2.137
0.479730000955,2.137
0.479740000955,2.16825
0.479750000955,2.16825
0.479760000955,2.137
0.479770000955,2.137
0.479780000955,2.137
0.479790000955,2.137
0.479800000955,2.1995
0.479810000955,2.1995
0.479820000955,2.16825
0.479830000955,2.137
0.479840000955,2.16825
0.479850000955,2.16825
0.479860000955,2.137
0.479870000955,2.16825
0.479880000955,2.16825
0.479890000955,2.137
0.479900000955,2.137
0.479910000955,2.16825
0.479920000955,2.16825
0.479930000955,2.16825
0.479940000955,2.137
0.479950000955,2.137
0.479960000955,2.10575
0.479970000955,2.137
0.479980000955,2.137
0.479990000955,2.1995
0.480000000955,2.137
0.480010000955,2.137
0.480020000955,2.1995
0.480030000955,2.16825
0.480040000955,2.16825
0.480050000955,2.16825
0.480060000955,2.137
0.480070000955,2.16825
0.480080000955,2.137
0.480090000955,2.1995
0.480100000955,2.16825
0.480110000955,2.16825
0.480120000955,2.16825
0.480130000955,2.137
0.480140000955,2.16825
0.480150000955,2.137
0.480160000955,2.137
0.480170000955,2.16825
0.480180000955,2.16825
0.480190000955,2.16825
0.480200000955,2.137
0.480210000955,2.16825
0.480220000955,2.16825
0.480230000955,2.137
0.480240000955,2.137
0.480250000955,2.16825
0.480260000955,2.137
0.480270000955,2.16825
0.480280000955,2.16825
0.480290000955,2.137
0.480300000955,2.16825
0.480310000955,2.137
0.480320000955,2.16825
0.480330000955,2.137
0.480340000955,2.137
0.480350000955,2.137
0.480360000955,2.16825
0.480370000955,2.16825
0.480380000955,2.16825
0.480390000955,2.1995
0.480400000955,2.137
0.480410000955,2.16825
0.480420000955,2.16825
0.480430000955,2.137
0.480440000955,2.16825
0.480450000955,2.137
0.480460000955,2.137
0.480470000955,2.137
0.480480000955,2.16825
0.480490000955,2.16825
0.480500000955,2.137
0.480510000955,2.16825
0.480520000955,2.16825
0.480530000955,2.137
0.480540000955,2.137
0.480550000955,2.16825
0.480560000955,2.137
0.480570000955,2.16825
0.480580000955,2.16825
0.480590000955,2.137
0.480600000955,2.16825
0.480610000955,2.16825
0.480620000955,2.16825
0.480630000955,2.137
0.480640000955,2.137
0.480650000955,2.16825
0.480660000955,2.16825
0.480670000955,2.137
0.480680000955,2.16825
0.480690000955,2.137
0.480700000955,2.16825
0.480710000955,2.137
0.480720000955,2.137
0.480730000955,2.16825
0.480740000955,2.137
0.480750000955,2.137
0.480760000955,2.1995
0.480770000955,2.137
0.480780000955,2.16825
0.480790000955,2.16825
0.480800000955,2.137
0.480810000955,2.16825
0.480820000955,2.137
0.480830000955,2.16825
0.480840000955,2.137
0.480850000955,2.16825
0.480860000955,2.137
0.480870000955,2.16825
0.480880000955,2.137
0.480890000955,2.16825
0.480900000955,2.1995
0.480910000955,2.16825
0.480920000955,2.16825
0.480930000955,2.137
0.480940000955,2.137
0.480950000955,2.16825
0.480960000955,2.16825
0.480970000955,2.137
0.480980000955,2.16825
0.480990000955,2.137
0.481000000955,2.137
0.481010000955,2.137
0.481020000955,2.16825
0.481030000955,2.16825
0.481040000955,2.137
0.481050000955,2.16825
0.481060000955,2.16825
0.481070000955,2.16825
0.481080000955,2.16825
0.481090000955,2.16825
0.481100000955,2.10575
0.481110000955,2.16825
0.481120000955,2.137
0.481130000955,2.137
0.481140000955,2.1995
0.481150000955,2.16825
0.481160000955,2.16825
0.481170000955,2.16825
0.481180000955,2.16825
0.481190000955,2.16825
0.481200000955,2.16825
0.481210000955,2.137
0.481220000955,2.16825
0.481230000955,2.16825
0.481240000955,2.137
0.481250000955,2.137
0.481260000955,2.16825
0.481270000955,2.137
0.481280000955,2.137
0.481290000955,2.137
0.481300000955,2.137
0.481310000955,2.16825
0.481320000955,2.16825
0.481330000955,2.137
0.481340000955,2.137
0.481350000955,2.137
0.481360000955,2.16825
0.481370000955,2.137
0.481380000955,2.1995
0.481390000955,2.16825
0.481400000955,2.137
0.481410000955,2.137
0.481420000955,2.137
0.481430000955,2.137
0.481440000955,2.137
0.481450000955,2.16825
0.481460000955,2.137
0.481470000955,2.16825
0.481480000955,2.137
0.481490000955,2.137
0.481500000955,2.16825
0.481510000955,2.16825
0.481520000955,2.16825
0.481530000955,2.137
0.481540000955,2.137
0.481550000955,2.16825
0.481560000955,2.137
0.481570000955,2.10575
0.481580000955,2.137
0.481590000955,2.1995
0.481600000955,2.137
0.481610000955,2.16825
0.481620000955,2.16825
0.481630000955,2.1995
0.481640000955,2.16825
0.481650000955,2.137
0.481660000955,2.137
0.481670000955,2.137
0.481680000955,2.16825
0.481690000955,2.16825
0.481700000955,2.16825
0.481710000955,2.16825
0.481720000955,2.1995
0.481730000955,2.137
0.481740000955,2.137
0.481750000955,2.137
0.481760000955,2.137
0.481770000955,2.16825
0.481780000955,2.16825
0.481790000955,2.137
0.481800000955,2.16825
0.481810000955,2.137
0.481820000955,2.137
0.481830000955,2.137
0.481840000955,2.137
0.481850000955,2.16825
0.481860000955,2.137
0.481870000955,2.137
0.481880000955,2.137
0.481890000955,2.137
0.481900000955,2.16825
0.481910000955,2.137
0.481920000955,2.16825
0.481930000955,2.137
0.481940000955,2.16825
0.481950000955,2.137
0.481960000955,2.137
0.481970000955,2.16825
0.481980000955,2.137
0.481990000955,2.16825
0.482000000955,2.137
0.482010000955,2.16825
0.482020000955,2.137
0.482030000955,2.16825
0.482040000955,2.16825
0.482050000955,2.16825
0.482060000955,2.137
0.482070000955,2.16825
0.482080000955,2.16825
0.482090000955,2.137
0.482100000955,2.137
0.482110000955,2.137
0.482120000955,2.16825
0.482130000955,2.16825
0.482140000955,2.137
0.482150000955,2.137
0.482160000955,2.16825
0.482170000955,2.16825
0.482180000955,2.137
0.482190000955,2.16825
0.482200000955,2.137
0.482210000955,2.1995
0.482220000955,2.137
0.482230000955,2.16825
0.482240000955,2.16825
0.482250000955,2.137
0.482260000955,2.16825
0.482270000955,2.1995
0.482280000955,2.16825
0.482290000955,2.1995
0.482300000955,2.137
0.482310000955,2.16825
0.482320000955,2.16825
0.482330000955,2.137
0.482340000955,2.16825
0.482350000955,2.16825
0.482360000955,2.137
0.482370000955,2.137
0.482380000955,2.16825
0.482390000955,2.16825
0.482400000955,2.137
0.482410000955,2.10575
0.482420000955,2.16825
0.482430000955,2.16825
0.482440000955,2.137
0.482450000955,2.16825
0.482460000955,2.137
0.482470000955,2.137
0.482480000955,2.137
0.482490000955,2.16825
0.482500000955,2.137
0.482510000955,2.137
0.482520000955,2.16825
0.482530000955,2.16825
0.482540000955,2.137
0.482550000955,2.16825
0.482560000955,2.137
0.482570000955,2.16825
0.482580000955,2.16825
0.482590000955,2.137
0.482600000955,2.16825
0.482610000955,2.16825
0.482620000955,2.137
0.482630000955,2.137
0.482640000955,2.137
0.482650000955,2.16825
0.482660000955,2.16825
0.482670000955,2.137
0.482680000955,2.16825
0.482690000955,2.16825
0.482700000955,2.1995
0.482710000955,2.16825
0.482720000955,2.10575
0.482730000955,2.16825
0.482740000955,2.16825
0.482750000955,2.16825
0.482760000955,2.1995
0.482770000955,2.137
0.482780000955,2.16825
0.482790000955,2.137
0.482800000955,2.16825
0.482810000955,2.16825
0.482820000955,2.16825
0.482830000955,2.137
0.482840000955,2.137
0.482850000955,2.16825
0.482860000955,2.137
0.482870000955,2.16825
0.482880000955,2.137
0.482890000955,2.16825
0.482900000955,2.137
0.482910000955,2.10575
0.482920000955,2.137
0.482930000955,2.16825
0.482940000955,2.137
0.482950000955,2.137
0.482960000955,2.137
0.482970000955,2.137
0.482980000955,2.137
0.482990000955,2.137
0.483000000955,2.16825
0.483010000955,2.16825
0.483020000955,2.137
0.483030000955,2.137
0.483040000955,2.16825
0.483050000955,2.137
0.483060000955,2.1995
0.483070000955,2.16825
0.483080000955,2.16825
0.483090000955,2.1995
0.483100000955,2.137
0.483110000955,2.16825
0.483120000955,2.137
0.483130000955,2.16825
0.483140000955,2.10575
0.483150000955,2.137
0.483160000955,2.16825
0.483170000955,2.137
0.483180000955,2.137
0.483190000955,2.137
0.483200000955,2.137
0.483210000955,2.10575
0.483220000955,2.137
0.483230000955,2.137
0.483240000955,2.16825
0.483250000955,2.10575
0.483260000955,2.137
0.483270000955,2.16825
0.483280000955,2.16825
0.483290000955,2.16825
0.483300000955,2.16825
0.483310000955,2.16825
0.483320000955,2.137
0.483330000955,2.16825
0.483340000955,2.16825
0.483350000955,2.16825
0.483360000955,2.16825
0.483370000955,2.16825
0.483380000955,2.16825
0.483390000955,2.137
0.483400000955,2.16825
0.483410000955,2.16825
0.483420000955,2.16825
0.483430000955,2.16825
0.483440000955,2.1995
0.483450000955,2.16825
0.483460000955,2.137
0.483470000955,2.16825
0.483480000955,2.137
0.483490000955,2.16825
0.483500000955,2.10575
0.483510000955,2.137
0.483520000955,2.137
0.483530000955,2.137
0.483540000955,2.137
0.483550000955,2.137
0.483560000955,2.137
0.483570000955,2.16825
0.483580000955,2.16825
0.483590000955,2.137
0.483600000955,2.137
0.483610000955,2.16825
0.483620000955,2.137
0.483630000955,2.16825
0.483640000955,2.16825
0.483650000955,2.137
0.483660000955,2.16825
0.483670000955,2.137
0.483680000955,2.137
0.483690000955,2.137
0.483700000955,2.137
0.483710000955,2.16825
0.483720000955,2.137
0.483730000955,2.137
0.483740000955,2.137
0.483750000955,2.16825
0.483760000955,2.16825
0.483770000955,2.137
0.483780000955,2.16825
0.483790000955,2.137
0.483800000955,2.16825
0.483810000955,2.16825
0.483820000955,2.137
0.483830000955,2.137
0.483840000955,2.137
0.483850000955,2.16825
0.483860000955,2.137
0.483870000955,2.1995
0.483880000955,2.16825
0.483890000955,2.137
0.483900000955,2.1995
0.483910000955,2.137
0.483920000955,2.16825
0.483930000955,2.137
0.483940000955,2.137
0.483950000955,2.16825
0.483960000955,2.16825
0.483970000955,2.137
0.483980000955,2.10575
0.483990000955,2.137
0.484000000955,2.16825
0.484010000955,2.137
0.484020000955,2.137
0.484030000955,2.16825
0.484040000955,2.137
0.484050000955,2.137
0.484060000955,2.16825
0.484070000955,2.137
0.484080000955,2.16825
0.484090000955,2.137
0.484100000955,2.137
0.484110000955,2.137
0.484120000955,2.16825
0.484130000955,2.16825
0.484140000955,2.16825
0.484150000955,2.137
0.484160000955,2.16825
0.484170000955,2.16825
0.484180000955,2.16825
0.484190000955,2.137
0.484200000955,2.137
0.484210000955,2.16825
0.484220000955,2.137
0.484230000955,2.137
0.484240000955,2.1995
0.484250000955,2.1995
0.484260000955,2.16825
0.484270000955,2.16825
0.484280000955,2.1995
0.484290000955,2.137
0.484300000955,2.137
0.484310000955,2.1995
0.484320000955,2.16825
0.484330000955,2.137
0.484340000955,2.137
0.484350000955,2.137
0.484360000955,2.16825
0.484370000955,2.137
0.484380000955,2.16825
0.484390000955,2.16825
0.484400000955,2.16825
0.484410000955,2.137
0.484420000955,2.16825
0.484430000955,2.137
0.484440000955,2.137
0.484450000955,2.16825
0.484460000955,2.1995
0.484470000955,2.16825
0.484480000955,2.137
0.484490000955,2.137
0.484500000955,2.137
0.484510000955,2.1995
0.484520000955,2.137
0.484530000955,2.1995
0.484540000955,2.137
0.484550000955,2.137
0.484560000955,2.137
0.484570000955,2.1995
0.484580000955,2.137
0.484590000955,2.16825
0.484600000955,2.137
0.484610000955,2.16825
0.484620000955,2.16825
0.484630000955,2.16825
0.484640000955,2.137
0.484650000955,2.16825
0.484660000955,2.16825
0.484670000955,2.10575
0.484680000955,2.16825
0.484690000955,2.1995
0.484700000955,2.137
0.484710000955,2.16825
0.484720000955,2.1995
0.484730000955,2.16825
0.484740000955,2.137
0.484750000955,2.16825
0.484760000955,2.137
0.484770000955,2.16825
0.484780000955,2.137
0.484790000955,2.16825
0.484800000955,2.16825
0.484810000955,2.16825
0.484820000955,2.16825
0.484830000955,2.16825
0.484840000955,2.137
0.484850000955,2.16825
0.484860000955,2.137
0.484870000955,2.16825
0.484880000955,2.137
0.484890000955,2.137
0.484900000955,2.16825
0.484910000955,2.1995
0.484920000955,2.137
0.484930000955,2.16825
0.484940000955,2.16825
0.484950000955,2.16825
0.484960000955,2.137
0.484970000955,2.137
0.484980000955,2.16825
0.484990000955,2.16825
0.485000000955,2.16825
0.485010000955,2.16825
0.485020000955,2.16825
0.485030000955,2.137
0.485040000955,2.16825
0.485050000955,2.16825
0.485060000955,2.16825
0.485070000955,2.137
0.485080000955,2.137
0.485090000955,2.137
0.485100000955,2.1995
0.485110000955,2.16825
0.485120000955,2.16825
0.485130000955,2.137
0.485140000955,2.137
0.485150000955,2.137
0.485160000955,2.1995
0.485170000955,2.16825
0.485180000955,2.16825
0.485190000955,2.16825
0.485200000955,2.16825
0.485210000955,2.137
0.485220000955,2.10575
0.485230000955,2.137
0.485240000955,2.137
0.485250000955,2.137
0.485260000955,2.16825
0.485270000955,2.137
0.485280000955,2.16825
0.485290000955,2.16825
0.485300000955,2.137
0.485310000955,2.137
0.485320000955,2.16825
0.485330000955,2.137
0.485340000955,2.137
0.485350000955,2.16825
0.485360000955,2.16825
0.485370000955,2.16825
0.485380000955,2.137
0.485390000955,2.16825
0.485400000955,2.1995
0.485410000955,2.16825
0.485420000955,2.16825
0.485430000955,2.137
0.485440000955,2.137
0.485450000955,2.137
0.485460000955,2.16825
0.485470000955,2.137
0.485480000955,2.137
0.485490000955,2.137
0.485500000955,2.137
0.485510000955,2.137
0.485520000955,2.16825
0.485530000955,2.137
0.485540000955,2.137
0.485550000955,2.137
0.485560000955,2.137
0.485570000955,2.16825
0.485580000955,2.16825
0.485590000955,2.137
0.485600000955,2.16825
0.485610000955,2.16825
0.485620000955,2.16825
0.485630000955,2.137
0.485640000955,2.137
0.485650000955,2.1995
0.485660000955,2.16825
0.485670000955,2.16825
0.485680000955,2.16825
0.485690000955,2.16825
0.485700000955,2.16825
0.485710000955,2.137
0.485720000955,2.16825
0.485730000955,2.16825
0.485740000955,2.137
0.485750000955,2.137
0.485760000955,2.16825
0.485770000955,2.16825
0.485780000955,2.137
0.485790000955,2.137
0.485800000955,2.16825
0.485810000955,2.137
0.485820000955,2.137
0.485830000955,2.1995
0.485840000955,2.16825
0.485850000955,2.16825
0.485860000955,2.137
0.485870000955,2.137
0.485880000955,2.137
0.485890000955,2.16825
0.485900000955,2.16825
0.485910000955,2.16825
0.485920000955,2.16825
0.485930000955,2.16825
0.485940000955,2.137
0.485950000955,2.16825
0.485960000955,2.16825
0.485970000955,2.137
0.485980000955,2.16825
0.485990000955,2.137
0.486000000955,2.137
0.486010000955,2.16825
0.486020000955,2.137
0.486030000955,2.137
0.486040000955,2.16825
0.486050000955,2.16825
0.486060000955,2.137
0.486070000955,2.137
0.486080000955,2.137
0.486090000955,2.16825
0.486100000955,2.16825
0.486110000955,2.16825
0.486120000955,2.16825
0.486130000955,2.1995
0.486140000955,2.137
0.486150000955,2.16825
0.486160000955,2.137
0.486170000955,2.137
0.486180000955,2.10575
0.486190000955,2.16825
0.486200000955,2.137
0.486210000955,2.16825
0.486220000955,2.16825
0.486230000955,2.16825
0.486240000955,2.137
0.486250000955,2.137
0.486260000955,2.1995
0.486270000955,2.137
0.486280000955,2.16825
0.486290000955,2.16825
0.486300000955,2.137
0.486310000955,2.137
0.486320000955,2.16825
0.486330000955,2.16825
0.486340000955,2.16825
0.486350000955,2.137
0.486360000955,2.137
0.486370000955,2.137
0.486380000955,2.137
0.486390000955,2.10575
0.486400000955,2.137
0.486410000955,2.10575
0.486420000955,2.137
0.486430000955,2.137
0.486440000955,2.16825
0.486450000955,2.137
0.486460000955,2.137
0.486470000955,2.16825
0.486480000955,2.137
0.486490000955,2.137
0.486500000955,2.137
0.486510000955,2.137
0.486520000955,2.16825
0.486530000955,2.1995
0.486540000955,2.16825
0.486550000955,2.137
0.486560000955,2.137
0.486570000955,2.16825
0.486580000955,2.16825
0.486590000955,2.137
0.486600000955,2.16825
0.486610000955,2.16825
0.486620000955,2.16825
0.486630000955,2.137
0.486640000955,2.137
0.486650000955,2.16825
0.486660000955,2.16825
0.486670000955,2.1995
0.486680000955,2.1995
0.486690000955,2.137
0.486700000955,2.1995
0.486710000955,2.16825
0.486720000955,2.16825
0.486730000955,2.1995
0.486740000955,2.16825
0.486750000955,2.137
0.486760000955,2.137
0.486770000955,2.16825
0.486780000955,2.137
0.486790000955,2.137
0.486800000955,2.16825
0.486810000955,2.1995
0.486820000955,2.137
0.486830000955,2.16825
0.486840000955,2.137
0.486850000955,2.137
0.486860000955,2.16825
0.486870000955,2.10575
0.486880000955,2.16825
0.486890000955,2.137
0.486900000955,2.137
0.486910000955,2.10575
0.486920000955,2.137
0.486930000955,2.16825
0.486940000955,2.137
0.486950000955,2.137
0.486960000955,2.137
0.486970000955,2.137
0.486980000955,2.16825
0.486990000955,2.137
0.487000000955,2.16825
0.487010000955,2.16825
0.487020000955,2.16825
0.487030000955,2.16825
0.487040000955,2.16825
0.487050000955,2.137
0.487060000955,2.1995
0.487070000955,2.16825
0.487080000955,2.16825
0.487090000955,2.137
0.487100000955,2.1995
0.487110000955,2.16825
0.487120000955,2.16825
0.487130000955,2.16825
0.487140000955,2.16825
0.487150000955,2.16825
0.487160000955,2.16825
0.487170000955,2.1995
0.487180000955,2.16825
0.487190000955,2.16825
0.487200000955,2.16825
0.487210000955,2.16825
0.487220000955,2.16825
0.487230000955,2.137
0.487240000955,2.16825
0.487250000955,2.16825
0.487260000955,2.137
0.487270000955,2.16825
0.487280000955,2.16825
0.487290000955,2.137
0.487300000955,2.137
0.487310000955,2.137
0.487320000955,2.16825
0.487330000955,2.1995
0.487340000955,2.137
0.487350000955,2.16825
0.487360000955,2.16825
0.487370000955,2.137
0.487380000955,2.137
0.487390000955,2.137
0.487400000955,2.16825
0.487410000955,2.137
0.487420000955,2.16825
0.487430000955,2.16825
0.487440000955,2.16825
0.487450000955,2.16825
0.487460000955,2.16825
0.487470000955,2.137
0.487480000955,2.137
0.487490000955,2.137
0.487500000955,2.16825
0.487510000955,2.16825
0.487520000955,2.10575
0.487530000955,2.137
0.487540000955,2.16825
0.487550000955,2.16825
0.487560000955,2.137
0.487570000955,2.16825
0.487580000955,2.16825
0.487590000955,2.137
0.487600000955,2.16825
0.487610000955,2.137
0.487620000955,2.16825
0.487630000955,2.16825
0.487640000955,2.10575
0.487650000955,2.137
0.487660000955,2.1995
0.487670000955,2.16825
0.487680000955,2.1995
0.487690000955,2.16825
0.487700000955,2.16825
0.487710000955,2.137
0.487720000955,2.16825
0.487730000955,2.16825
0.487740000955,2.137
0.487750000955,2.16825
0.487760000955,2.137
0.487770000955,2.16825
0.487780000955,2.137
0.487790000955,2.1995
0.487800000955,2.10575
0.487810000955,2.137
0.487820000955,2.137
0.487830000955,2.16825
0.487840000955,2.1995
0.487850000955,2.16825
0.487860000955,2.1995
0.487870000955,2.137
0.487880000955,2.137
0.487890000955,2.16825
0.487900000955,2.137
0.487910000955,2.137
0.487920000955,2.16825
0.487930000955,2.16825
0.487940000955,2.16825
0.487950000955,2.16825
0.487960000955,2.16825
0.487970000955,2.137
0.487980000955,2.137
0.487990000955,2.137
0.488000000955,2.16825
0.488010000955,2.16825
0.488020000955,2.16825
0.488030000955,2.137
0.488040000955,2.16825
0.488050000955,2.16825
0.488060000955,2.137
0.488070000955,2.16825
0.488080000955,2.16825
0.488090000955,2.137
0.488100000955,2.137
0.488110000955,2.16825
0.488120000955,2.137
0.488130000955,2.137
0.488140000955,2.137
0.488150000955,2.16825
0.488160000955,2.16825
0.488170000955,2.137
0.488180000955,2.16825
0.488190000955,2.16825
0.488200000955,2.137
0.488210000955,2.16825
0.488220000955,2.10575
0.488230000955,2.16825
0.488240000955,2.16825
0.488250000955,2.137
0.488260000955,2.16825
0.488270000955,2.16825
0.488280000955,2.16825
0.488290000955,2.16825
0.488300000955,2.16825
0.488310000955,2.16825
0.488320000955,2.16825
0.488330000955,2.10575
0.488340000955,2.137
0.488350000955,2.137
0.488360000955,2.16825
0.488370000955,2.16825
0.488380000955,2.16825
0.488390000955,2.16825
0.488400000955,2.16825
0.488410000955,2.137
0.488420000955,2.137
0.488430000955,2.16825
0.488440000955,2.137
0.488450000955,2.137
0.488460000955,2.137
0.488470000955,2.1995
0.488480000955,2.137
0.488490000955,2.137
0.488500000955,2.16825
0.488510000955,2.16825
0.488520000955,2.16825
0.488530000955,2.137
0.488540000955,2.137
0.488550000955,2.16825
0.488560000955,2.137
0.488570000955,2.137
0.488580000955,2.137
0.488590000955,2.16825
0.488600000955,2.137
0.488610000955,2.16825
0.488620000955,2.1995
0.488630000955,2.16825
0.488640000955,2.16825
0.488650000955,2.16825
0.488660000955,2.16825
0.488670000955,2.137
0.488680000955,2.16825
0.488690000955,2.137
0.488700000955,2.16825
0.488710000955,2.16825
0.488720000955,2.16825
0.488730000955,2.137
0.488740000955,2.16825
0.488750000955,2.16825
0.488760000955,2.16825
0.488770000955,2.16825
0.488780000955,2.137
0.488790000955,2.16825
0.488800000955,2.137
0.488810000955,2.16825
0.488820000955,2.137
0.488830000955,2.16825
0.488840000955,2.16825
0.488850000955,2.137
0.488860000955,2.16825
0.488870000955,2.16825
0.488880000955,2.137
0.488890000955,2.137
0.488900000955,2.137
0.488910000955,2.137
0.488920000955,2.137
0.488930000955,2.137
0.488940000955,2.137
0.488950000955,2.137
0.488960000955,2.16825
0.488970000955,2.137
0.488980000955,2.10575
0.488990000955,2.137
0.489000000955,2.10575
0.489010000955,2.16825
0.489020000955,2.16825
0.489030000955,2.16825
0.489040000955,2.137
0.489050000955,2.16825
0.489060000955,2.137
0.489070000955,2.137
0.489080000955,2.10575
0.489090000955,2.10575
0.489100000955,2.137
0.489110000955,2.137
0.489120000955,2.16825
0.489130000955,2.137
0.489140000955,2.137
0.489150000955,2.137
0.489160000955,2.10575
0.489170000955,2.16825
0.489180000955,2.16825
0.489190000955,2.16825
0.489200000955,2.16825
0.489210000955,2.137
0.489220000955,2.16825
0.489230000955,2.16825
0.489240000955,2.137
0.489250000955,2.137
0.489260000955,2.16825
0.489270000955,2.137
0.489280000955,2.10575
0.489290000955,2.10575
0.489300000955,2.137
0.489310000955,2.137
0.489320000955,2.16825
0.489330000955,2.137
0.489340000955,2.137
0.489350000955,2.16825
0.489360000955,2.1995
0.489370000955,2.16825
0.489380000955,2.137
0.489390000955,2.16825
0.489400000955,2.16825
0.489410000955,2.10575
0.489420000955,2.137
0.489430000955,2.137
0.489440000955,2.10575
0.489450000955,2.16825
0.489460000955,2.137
0.489470000955,2.16825
0.489480000955,2.137
0.489490000955,2.137
0.489500000955,2.137
0.489510000955,2.137
0.489520000955,2.16825
0.489530000955,2.16825
0.489540000955,2.137
0.489550000955,2.137
0.489560000955,2.10575
0.489570000955,2.137
0.489580000955,2.137
0.489590000955,2.16825
0.489600000955,2.16825
0.489610000955,2.137
0.489620000955,2.137
0.489630000955,2.137
0.489640000955,2.137
0.489650000955,2.1995
0.489660000955,2.10575
0.489670000955,2.137
0.489680000955,2.137
0.489690000955,2.16825
0.489700000955,2.137
0.489710000955,2.137
0.489720000955,2.137
0.489730000955,2.16825
0.489740000955,2.137
0.489750000955,2.137
0.489760000955,2.137
0.489770000955,2.137
0.489780000955,2.16825
0.489790000955,2.137
0.489800000955,2.137
0.489810000955,2.137
0.489820000955,2.10575
0.489830000955,2.137
0.489840000955,2.137
0.489850000955,2.137
0.489860000955,2.10575
0.489870000955,2.137
0.489880000955,2.16825
0.489890000955,2.137
0.489900000955,2.16825
0.489910000955,2.16825
0.489920000955,2.137
0.489930000955,2.10575
0.489940000955,2.137
0.489950000955,2.137
0.489960000955,2.10575
0.489970000955,2.137
0.489980000955,2.137
0.489990000955,2.16825
0.490000000955,2.16825
0.490010000955,2.10575
0.490020000955,2.137
0.490030000955,2.137
0.490040000955,2.16825
0.490050000955,2.137
0.490060000955,2.1995
0.490070000955,2.10575
0.490080000955,2.137
0.490090000955,2.137
0.490100000955,2.16825
0.490110000955,2.16825
0.490120000955,2.137
0.490130000955,2.16825
0.490140000955,2.137
0.490150000955,2.16825
0.490160000955,2.16825
0.490170000955,2.16825
0.490180000955,2.16825
0.490190000955,2.137
0.490200000955,2.10575
0.490210000955,2.137
0.490220000955,2.137
0.490230000955,2.10575
0.490240000955,2.137
0.490250000955,2.16825
0.490260000955,2.16825
0.490270000955,2.16825
0.490280000955,2.137
0.490290000955,2.16825
0.490300000955,2.137
0.490310000955,2.137
0.490320000955,2.137
0.490330000955,2.10575
0.490340000955,2.10575
0.490350000955,2.137
0.490360000955,2.137
0.490370000955,2.16825
0.490380000955,2.137
0.490390000955,2.10575
0.490400000955,2.137
0.490410000955,2.137
0.490420000955,2.16825
0.490430000955,2.137
0.490440000955,2.137
0.490450000955,2.10575
0.490460000955,2.137
0.490470000955,2.16825
0.490480000955,2.16825
0.490490000955,2.137
0.490500000955,2.137
0.490510000955,2.137
0.490520000955,2.137
0.490530000955,2.137
0.490540000955,2.137
0.490550000955,2.10575
0.490560000955,2.137
0.490570000955,2.10575
0.490580000955,2.137
0.490590000955,2.10575
0.490600000955,2.137
0.490610000955,2.137
0.490620000955,2.10575
0.490630000955,2.16825
0.490640000955,2.16825
0.490650000955,2.137
0.490660000955,2.137
0.490670000955,2.137
0.490680000955,2.137
0.490690000955,2.137
0.490700000955,2.16825
0.490710000955,2.137
0.490720000955,2.137
0.490730000955,2.137
0.490740000955,2.137
0.490750000955,2.137
0.490760000955,2.137
0.490770000955,2.137
0.490780000955,2.137
0.490790000955,2.10575
0.490800000955,2.10575
0.490810000955,2.137
0.490820000955,2.137
0.490830000955,2.137
0.490840000955,2.10575
0.490850000955,2.10575
0.490860000955,2.16825
0.490870000955,2.137
0.490880000955,2.137
0.490890000955,2.137
0.490900000955,2.137
0.490910000955,2.137
0.490920000955,2.137
0.490930000955,2.10575
0.490940000955,2.10575
0.490950000955,2.137
0.490960000955,2.137
0.490970000955,2.16825
0.490980000955,2.10575
0.490990000955,2.137
0.491000000955,2.137
0.491010000955,2.137
0.491020000955,2.137
0.491030000955,2.16825
0.491040000955,2.16825
0.491050000955,2.10575
0.491060000955,2.16825
0.491070000955,2.137
0.491080000955,2.16825
0.491090000955,2.10575
0.491100000955,2.137
0.491110000955,2.16825
0.491120000955,2.137
0.491130000955,2.10575
0.491140000955,2.137
0.491150000955,2.137
0.491160000955,2.10575
0.491170000955,2.137
0.491180000955,2.137
0.491190000955,2.137
0.491200000955,2.16825
0.491210000955,2.10575
0.491220000955,2.10575
0.491230000955,2.16825
0.491240000955,2.137
0.491250000955,2.10575
0.491260000955,2.10575
0.491270000955,2.137
0.491280000955,2.16825
0.491290000955,2.137
0.491300000955,2.16825
0.491310000955,2.137
0.491320000955,2.137
0.491330000955,2.137
0.491340000955,2.10575
0.491350000955,2.137
0.491360000955,2.137
0.491370000955,2.10575
0.491380000955,2.137
0.491390000955,2.137
0.491400000955,2.137
0.491410000955,2.10575
0.491420000955,2.16825
0.491430000955,2.137
0.491440000955,2.137
0.491450000955,2.10575
0.491460000955,2.137
0.491470000955,2.16825
0.491480000955,2.137
0.491490000955,2.137
0.491500000955,2.137
0.491510000955,2.16825
0.491520000955,2.10575
0.491530000955,2.137
0.491540000955,2.137
0.491550000955,2.137
0.491560000955,2.10575
0.491570000955,2.137
0.491580000955,2.16825
0.491590000955,2.10575
0.491600000955,2.137
0.491610000955,2.16825
0.491620000955,2.16825
0.491630000955,2.10575
0.491640000955,2.10575
0.491650000955,2.137
0.491660000955,2.137
0.491670000955,2.137
0.491680000955,2.137
0.491690000955,2.10575
0.491700000955,2.137
0.491710000955,2.16825
0.491720000955,2.137
0.491730000955,2.10575
0.491740000955,2.10575
0.491750000955,2.10575
0.491760000955,2.137
0.491770000955,2.137
0.491780000955,2.137
0.491790000955,2.16825
0.491800000955,2.137
0.491810000955,2.137
0.491820000955,2.16825
0.491830000955,2.137
0.491840000955,2.137
0.491850000955,2.137
0.491860000955,2.137
0.491870000955,2.16825
0.491880000955,2.137
0.491890000955,2.137
0.491900000955,2.10575
0.491910000955,2.16825
0.491920000955,2.137
0.491930000955,2.137
0.491940000955,2.137
0.491950000955,2.10575
0.491960000955,2.137
0.491970000955,2.10575
0.491980000955,2.137
0.491990000955,2.137
0.492000000955,2.10575
0.492010000955,2.137
0.492020000955,2.137
0.492030000955,2.137
0.492040000955,2.137
0.492050000955,2.137
0.492060000955,2.16825
0.492070000955,2.10575
0.492080000955,2.16825
0.492090000955,2.137
0.492100000955,2.10575
0.492110000955,2.16825
0.492120000955,2.137
0.492130000955,2.16825
0.492140000955,2.10575
0.492150000955,2.137
0.492160000955,2.137
0.492170000955,2.137
0.492180000955,2.137
0.492190000955,2.137
0.492200000955,2.137
0.492210000955,2.16825
0.492220000955,2.16825
0.492230000955,2.10575
0.492240000955,2.10575
0.492250000955,2.137
0.492260000955,2.10575
0.492270000955,2.137
0.492280000955,2.137
0.492290000955,2.137
0.492300000955,2.137
0.492310000955,2.137
0.492320000955,2.10575
0.492330000955,2.16825
0.492340000955,2.137
0.492350000955,2.137
0.492360000955,2.10575
0.492370000955,2.137
0.492380000955,2.137
0.492390000955,2.137
0.492400000955,2.137
0.492410000955,2.137
0.492420000955,2.137
0.492430000955,2.10575
0.492440000955,2.10575
0.492450000955,2.16825
0.492460000955,2.137
0.492470000955,2.10575
0.492480000955,2.137
0.492490000955,2.137
0.492500000955,2.137
0.492510000955,2.137
0.492520000955,2.10575
0.492530000955,2.137
0.492540000955,2.137
0.492550000955,2.137
0.492560000955,2.10575
0.492570000955,2.137
0.492580000955,2.10575
0.492590000955,2.10575
0.492600000955,2.137
0.492610000955,2.137
0.492620000955,2.137
0.492630000955,2.137
0.492640000955,2.137
0.492650000955,2.137
0.492660000955,2.137
0.492670000955,2.137
0.492680000955,2.137
0.492690000955,2.137
0.492700000955,2.137
0.492710000955,2.137
0.492720000955,2.10575
0.492730000955,2.137
0.492740000955,2.137
0.492750000955,2.137
0.492760000955,2.16825
0.492770000955,2.137
0.492780000955,2.10575
0.492790000955,2.10575
0.492800000955,2.10575
0.492810000955,2.16825
0.492820000955,2.137
0.492830000955,2.137
0.492840000955,2.10575
0.492850000955,2.10575
0.492860000955,2.137
0.492870000955,2.16825
0.492880000955,2.137
0.492890000955,2.137
0.492900000955,2.16825
0.492910000955,2.137
0.492920000955,2.10575
0.492930000955,2.137
0.492940000955,2.10575
0.492950000955,2.16825
0.492960000955,2.137
0.492970000955,2.10575
0.492980000955,2.137
0.492990000955,2.137
0.493000000955,2.137
0.493010000955,2.137
0.493020000955,2.137
0.493030000955,2.10575
0.493040000955,2.10575
0.493050000955,2.137
0.493060000955,2.137
0.493070000955,2.137
0.493080000955,2.10575
0.493090000955,2.16825
0.493100000955,2.137
0.493110000955,2.10575
0.493120000955,2.137
0.493130000955,2.10575
0.493140000955,2.16825
0.493150000955,2.137
0.493160000955,2.16825
0.493170000955,2.137
0.493180000955,2.137
0.493190000955,2.10575
0.493200000955,2.137
0.493210000955,2.137
0.493220000955,2.137
0.493230000955,2.137
0.493240000955,2.137
0.493250000955,2.16825
0.493260000955,2.137
0.493270000955,2.137
0.493280000955,2.16825
0.493290000955,2.137
0.493300000955,2.137
0.493310000955,2.10575
0.493320000955,2.137
0.493330000955,2.137
0.493340000955,2.16825
0.493350000955,2.137
0.493360000955,2.16825
0.493370000955,2.137
0.493380000955,2.137
0.493390000955,2.16825
0.493400000955,2.16825
0.493410000955,2.137
0.493420000955,2.137
0.493430000955,2.10575
0.493440000955,2.137
0.493450000955,2.137
0.493460000955,2.137
0.493470000955,2.137
0.493480000955,2.137
0.493490000955,2.137
0.493500000955,2.137
0.493510000955,2.10575
0.493520000955,2.137
0.493530000955,2.137
0.493540000955,2.137
0.493550000955,2.10575
0.493560000955,2.10575
0.493570000955,2.137
0.493580000955,2.16825
0.493590000955,2.137
0.493600000955,2.10575
0.493610000955,2.137
0.493620000955,2.137
0.493630000955,2.137
0.493640000955,2.1995
0.493650000955,2.137
0.493660000955,2.137
0.493670000955,2.137
0.493680000955,2.137
0.493690000955,2.10575
0.493700000955,2.137
0.493710000955,2.16825
0.493720000955,2.16825
0.493730000955,2.137
0.493740000955,2.137
0.493750000955,2.10575
0.493760000955,2.16825
0.493770000955,2.10575
0.493780000955,2.16825
0.493790000955,2.137
0.493800000955,2.137
0.493810000955,2.137
0.493820000955,2.137
0.493830000955,2.137
0.493840000955,2.16825
0.493850000955,2.137
0.493860000955,2.137
0.493870000955,2.10575
0.493880000955,2.10575
0.493890000955,2.0745
0.493900000955,2.137
0.493910000955,2.16825
0.493920000955,2.137
0.493930000955,2.137
0.493940000955,2.10575
0.493950000955,2.16825
0.493960000955,2.137
0.493970000955,2.16825
0.493980000955,2.137
0.493990000955,2.137
0.494000000955,2.10575
0.494010000955,2.137
0.494020000955,2.10575
0.494030000955,2.137
0.494040000955,2.10575
0.494050000955,2.137
0.494060000955,2.137
0.494070000955,2.16825
0.494080000955,2.16825
0.494090000955,2.16825
0.494100000955,2.137
0.494110000955,2.16825
0.494120000955,2.137
0.494130000955,2.137
0.494140000955,2.10575
0.494150000955,2.137
0.494160000955,2.137
0.494170000955,2.137
0.494180000955,2.137
0.494190000955,2.137
0.494200000955,2.16825
0.494210000955,2.137
0.494220000955,2.137
0.494230000955,2.137
0.494240000955,2.137
0.494250000955,2.137
0.494260000955,2.137
0.494270000955,2.137
0.494280000955,2.137
0.494290000955,2.137
0.494300000955,2.137
0.494310000955,2.16825
0.494320000955,2.16825
0.494330000955,2.137
0.494340000955,2.16825
0.494350000955,2.137
0.494360000955,2.137
0.494370000955,2.137
0.494380000955,2.10575
0.494390000955,2.10575
0.494400000955,2.16825
0.494410000955,2.137
0.494420000955,2.137
0.494430000955,2.137
0.494440000955,2.137
0.494450000955,2.137
0.494460000955,2.16825
0.494470000955,2.137
0.494480000955,2.137
0.494490000955,2.10575
0.494500000955,2.137
0.494510000955,2.10575
0.494520000955,2.137
0.494530000955,2.137
0.494540000955,2.137
0.494550000955,2.10575
0.494560000955,2.16825
0.494570000955,2.137
0.494580000955,2.137
0.494590000955,2.137
0.494600000955,2.16825
0.494610000955,2.10575
0.494620000955,2.10575
0.494630000955,2.137
0.494640000955,2.137
0.494650000955,2.10575
0.494660000955,2.137
0.494670000955,2.137
0.494680000955,2.137
0.494690000955,2.10575
0.494700000955,2.137
0.494710000955,2.137
0.494720000955,2.137
0.494730000955,2.137
0.494740000955,2.16825
0.494750000955,2.137
0.494760000955,2.10575
0.494770000955,2.137
0.494780000955,2.0745
0.494790000955,2.137
0.494800000955,2.16825
0.494810000955,2.137
0.494820000955,2.137
0.494830000955,2.137
0.494840000955,2.137
0.494850000955,2.137
0.494860000955,2.137
0.494870000955,2.16825
0.494880000955,2.16825
0.494890000955,2.137
0.494900000955,2.137
0.494910000955,2.16825
0.494920000955,2.137
0.494930000955,2.10575
0.494940000955,2.137
0.494950000955,2.16825
0.494960000955,2.16825
0.494970000955,2.137
0.494980000955,2.137
0.494990000955,2.137
0.495000000955,2.137
0.495010000955,2.137
0.495020000955,2.16825
0.495030000955,2.16825
0.495040000955,2.137
0.495050000955,2.137
0.495060000955,2.137
0.495070000955,2.137
0.495080000955,2.16825
0.495090000955,2.137
0.495100000955,2.137
0.495110000955,2.137
0.495120000955,2.10575
0.495130000955,2.137
0.495140000955,2.137
0.495150000955,2.10575
0.495160000955,2.16825
0.495170000955,2.137
0.495180000955,2.10575
0.495190000955,2.137
0.495200000955,2.137
0.495210000955,2.137
0.495220000955,2.16825
0.495230000955,2.137
0.495240000955,2.137
0.495250000955,2.137
0.495260000955,2.16825
0.495270000955,2.137
0.495280000955,2.137
0.495290000955,2.137
0.495300000955,2.16825
0.495310000955,2.137
0.495320000955,2.10575
0.495330000955,2.137
0.495340000955,2.16825
0.495350000955,2.16825
0.495360000955,2.16825
0.495370000955,2.137
0.495380000955,2.137
0.495390000955,2.10575
0.495400000955,2.16825
0.495410000955,2.137
0.495420000955,2.16825
0.495430000955,2.16825
0.495440000955,2.137
0.495450000955,2.137
0.495460000955,2.10575
0.495470000955,2.137
0.495480000955,2.137
0.495490000955,2.137
0.495500000955,2.16825
0.495510000955,2.16825
0.495520000955,2.137
0.495530000955,2.137
0.495540000955,2.137
0.495550000955,2.137
0.495560000955,2.16825
0.495570000955,2.137
0.495580000955,2.16825
0.495590000955,2.137
0.495600000955,2.137
0.495610000955,2.137
0.495620000955,2.16825
0.495630000955,2.137
0.495640000955,2.10575
0.495650000955,2.137
0.495660000955,2.10575
0.495670000955,2.16825
0.495680000955,2.16825
0.495690000955,2.137
0.495700000955,2.137
0.495710000955,2.16825
0.495720000955,2.137
0.495730000955,2.137
0.495740000955,2.137
0.495750000955,2.16825
0.495760000955,2.137
0.495770000955,2.137
0.495780000955,2.137
0.495790000955,2.137
0.495800000955,2.137
0.495810000955,2.137
0.495820000955,2.137
0.495830000955,2.137
0.495840000955,2.137
0.495850000955,2.16825
0.495860000955,2.137
0.495870000955,2.137
0.495880000955,2.137
0.495890000955,2.137
0.495900000955,2.16825
0.495910000955,2.16825
0.495920000955,2.137
0.495930000955,2.137
0.495940000955,2.137
0.495950000955,2.137
0.495960000955,2.137
0.495970000955,2.16825
0.495980000955,2.137
0.495990000955,2.137
0.496000000955,2.16825
0.496010000955,2.137
0.496020000955,2.10575
0.496030000955,2.1995
0.496040000955,2.137
0.496050000955,2.10575
0.496060000955,2.16825
0.496070000955,2.10575
0.496080000955,2.137
0.496090000955,2.137
0.496100000955,2.137
0.496110000955,2.137
0.496120000955,2.137
0.496130000955,2.137
0.496140000955,2.137
0.496150000955,2.137
0.496160000955,2.137
0.496170000955,2.16825
0.496180000955,2.137
0.496190000955,2.137
0.496200000955,2.137
0.496210000955,2.137
0.496220000955,2.16825
0.496230000955,2.137
0.496240000955,2.137
0.496250000955,2.16825
0.496260000955,2.10575
0.496270000955,2.1995
0.496280000955,2.1995
0.496290000955,2.137
0.496300000955,2.137
0.496310000955,2.16825
0.496320000955,2.137
0.496330000955,2.10575
0.496340000955,2.137
0.496350000955,2.137
0.496360000955,2.137
0.496370000955,2.10575
0.496380000955,2.137
0.496390000955,2.16825
0.496400000955,2.137
0.496410000955,2.16825
0.496420000955,2.137
0.496430000955,2.10575
0.496440000955,2.137
0.496450000955,2.137
0.496460000955,2.137
0.496470000955,2.137
0.496480000955,2.16825
0.496490000955,2.137
0.496500000955,2.137
0.496510000955,2.137
0.496520000955,2.16825
0.496530000955,2.16825
0.496540000955,2.137
0.496550000955,2.137
0.496560000955,2.16825
0.496570000955,2.16825
0.496580000955,2.137
0.496590000955,2.137
0.496600000955,2.137
0.496610000955,2.16825
0.496620000955,2.137
0.496630000955,2.10575
0.496640000955,2.137
0.496650000955,2.137
0.496660000955,2.137
0.496670000955,2.137
0.496680000955,2.137
0.496690000955,2.137
0.496700000955,2.137
0.496710000955,2.16825
0.496720000955,2.10575
0.496730000955,2.137
0.496740000955,2.137
0.496750000955,2.137
0.496760000955,2.16825
0.496770000955,2.16825
0.496780000955,2.137
0.496790000955,2.137
0.496800000955,2.16825
0.496810000955,2.10575
0.496820000955,2.16825
0.496830000955,2.137
0.496840000955,2.137
0.496850000955,2.16825
0.496860000955,2.137
0.496870000955,2.10575
0.496880000955,2.137
0.496890000955,2.10575
0.496900000955,2.10575
0.496910000955,2.16825
0.496920000955,2.137
0.496930000955,2.137
0.496940000955,2.10575
0.496950000955,2.16825
0.496960000955,2.137
0.496970000955,2.137
0.496980000955,2.16825
0.496990000955,2.137
0.497000000955,2.137
0.497010000955,2.137
0.497020000955,2.137
0.497030000955,2.137
0.497040000955,2.137
0.497050000955,2.137
0.497060000955,2.137
0.497070000955,2.10575
0.497080000955,2.137
0.497090000955,2.16825
0.497100000955,2.10575
0.497110000955,2.137
0.497120000955,2.10575
0.497130000955,2.137
0.497140000955,2.137
0.497150000955,2.137
0.497160000955,2.16825
0.497170000955,2.137
0.497180000955,2.137
0.497190000955,2.137
0.497200000955,2.16825
0.497210000955,2.137
0.497220000955,2.16825
0.497230000955,2.137
0.497240000955,2.137
0.497250000955,2.137
0.497260000955,2.10575
0.497270000955,2.16825
0.497280000955,2.16825
0.497290000955,2.137
0.497300000955,2.16825
0.497310000955,2.137
0.497320000955,2.137
0.497330000955,2.10575
0.497340000955,2.16825
0.497350000955,2.16825
0.497360000955,2.16825
0.497370000955,2.137
0.497380000955,2.10575
0.497390000955,2.137
0.497400000955,2.10575
0.497410000955,2.137
0.497420000955,2.137
0.497430000955,2.137
0.497440000955,2.16825
0.497450000955,2.137
0.497460000955,2.10575
0.497470000955,2.137
0.497480000955,2.137
0.497490000955,2.137
0.497500000955,2.10575
0.497510000955,2.137
0.497520000955,2.16825
0.497530000955,2.16825
0.497540000955,2.16825
0.497550000955,2.16825
0.497560000955,2.16825
0.497570000955,2.137
0.497580000955,2.16825
0.497590000955,2.16825
0.497600000955,2.137
0.497610000955,2.137
0.497620000955,2.16825
0.497630000955,2.10575
0.497640000955,2.16825
0.497650000955,2.137
0.497660000955,2.16825
0.497670000955,2.137
0.497680000955,2.137
0.497690000955,2.137
0.497700000955,2.137
0.497710000955,2.137
0.497720000955,2.10575
0.497730000955,2.137
0.497740000955,2.16825
0.497750000955,2.16825
0.497760000955,2.137
0.497770000955,2.16825
0.497780000955,2.137
0.497790000955,2.137
0.497800000955,2.16825
0.497810000955,2.137
0.497820000955,2.16825
0.497830000955,2.10575
0.497840000955,2.137
0.497850000955,2.137
0.497860000955,2.137
0.497870000955,2.16825
0.497880000955,2.10575
0.497890000955,2.137
0.497900000955,2.10575
0.497910000955,2.137
0.497920000955,2.137
0.497930000955,2.16825
0.497940000955,2.137
0.497950000955,2.137
0.497960000955,2.10575
0.497970000955,2.16825
0.497980000955,2.137
0.497990000955,2.10575
0.498000000955,2.137
0.498010000955,2.137
0.498020000955,2.16825
0.498030000955,2.137
0.498040000955,2.137
0.498050000955,2.16825
0.498060000955,2.16825
0.498070000955,2.137
0.498080000955,2.137
0.498090000955,2.16825
0.498100000955,2.137
0.498110000955,2.137
0.498120000955,2.137
0.498130000955,2.16825
0.498140000955,2.16825
0.498150000955,2.16825
0.498160000955,2.16825
0.498170000955,2.16825
0.498180000955,2.16825
0.498190000955,2.137
0.498200000955,2.16825
0.498210000955,2.16825
0.498220000955,2.137
0.498230000955,2.16825
0.498240000955,2.16825
0.498250000955,2.137
0.498260000955,2.137
0.498270000955,2.137
0.498280000955,2.16825
0.498290000955,2.137
0.498300000955,2.137
0.498310000955,2.16825
0.498320000955,2.16825
0.498330000955,2.16825
0.498340000955,2.137
0.498350000955,2.137
0.498360000955,2.137
0.498370000955,2.137
0.498380000955,2.16825
0.498390000955,2.16825
0.498400000955,2.137
0.498410000955,2.137
0.498420000955,2.16825
0.498430000955,2.137
0.498440000955,2.137
0.498450000955,2.137
0.498460000955,2.16825
0.498470000955,2.137
0.498480000955,2.16825
0.498490000955,2.16825
0.498500000955,2.137
0.498510000955,2.16825
0.498520000955,2.137
0.498530000955,2.137
0.498540000955,2.137
0.498550000955,2.10575
0.498560000955,2.16825
0.498570000955,2.10575
0.498580000955,2.137
0.498590000955,2.16825
0.498600000955,2.137
0.498610000955,2.137
0.498620000955,2.10575
0.498630000955,2.137
0.498640000955,2.137
0.498650000955,2.137
0.498660000955,2.137
0.498670000955,2.16825
0.498680000955,2.137
0.498690000955,2.137
0.498700000955,2.16825
0.498710000955,2.16825
0.498720000955,2.10575
0.498730000955,2.137
0.498740000955,2.16825
0.498750000955,2.16825
0.498760000955,2.16825
0.498770000955,2.16825
0.498780000955,2.137
0.498790000955,2.137
0.498800000955,2.16825
0.498810000955,2.16825
0.498820000955,2.16825
0.498830000955,2.10575
0.498840000955,2.137
0.498850000955,2.16825
0.498860000955,2.16825
0.498870000955,2.137
0.498880000955,2.137
0.498890000955,2.16825
0.498900000955,2.16825
0.498910000955,2.137
0.498920000955,2.16825
0.498930000955,2.10575
0.498940000955,2.137
0.498950000955,2.10575
0.498960000955,2.137
0.498970000955,2.137
0.498980000955,2.16825
0.498990000955,2.137
0.499000000955,2.16825
0.499010000955,2.16825
0.499020000955,2.137
0.499030000955,2.16825
0.499040000955,2.10575
0.499050000955,2.16825
0.499060000955,2.10575
0.499070000955,2.16825
0.499080000955,2.10575
0.499090000955,2.16825
0.499100000955,2.16825
0.499110000955,2.137
0.499120000955,2.137
0.499130000955,2.137
0.499140000955,2.16825
0.499150000955,2.137
0.499160000955,2.16825
0.499170000955,2.137
0.499180000955,2.16825
0.499190000955,2.137
0.499200000955,2.137
0.499210000955,2.137
0.499220000955,2.137
0.499230000955,2.1995
0.499240000955,2.137
0.499250000955,2.137
0.499260000955,2.137
0.499270000955,2.137
0.499280000955,2.137
0.499290000955,2.16825
0.499300000955,2.10575
0.499310000955,2.16825
0.499320000955,2.137
0.499330000955,2.10575
0.499340000955,2.10575
0.499350000955,2.137
0.499360000955,2.137
0.499370000955,2.137
0.499380000955,2.137
0.499390000955,2.16825
0.499400000955,2.10575
0.499410000955,2.10575
0.499420000955,2.137
0.499430000955,2.137
0.499440000955,2.137
0.499450000955,2.10575
0.499460000955,2.16825
0.499470000955,2.137
0.499480000955,2.137
0.499490000955,2.10575
0.499500000955,2.137
0.499510000955,2.16825
0.499520000955,2.137
0.499530000955,2.16825
0.499540000955,2.137
0.499550000955,2.137
0.499560000955,2.137
0.499570000955,2.137
0.499580000955,2.137
0.499590000955,2.137
0.499600000955,2.137
0.499610000955,2.137
0.499620000955,2.10575
0.499630000955,2.16825
0.499640000955,2.137
0.499650000955,2.137
0.499660000955,2.16825
0.499670000955,2.137
0.499680000955,2.137
0.499690000955,2.137
0.499700000955,2.137
0.499710000955,2.137
0.499720000955,2.10575
0.499730000955,2.137
0.499740000955,2.137
0.499750000955,2.16825
0.499760000955,2.16825
0.499770000955,2.16825
0.499780000955,2.10575
0.499790000955,2.137
0.499800000955,2.137
0.499810000955,2.137
0.499820000955,2.137
0.499830000955,2.137
0.499840000955,2.16825
0.499850000955,2.137
0.499860000955,2.137
0.499870000955,2.16825
0.499880000955,2.137
0.499890000955,2.137
0.499900000955,2.137
0.499910000955,2.16825
0.499920000955,2.137
0.499930000955,2.16825
0.499940000955,2.16825
0.499950000955,2.16825
0.499960000955,2.137
0.499970000955,2.137
0.499980000955,2.16825
0.499990000955,2.137
0.500000000955,2.137
0.500010000955,2.137
0.500020000955,2.10575
0.500030000955,2.16825
0.500040000955,2.16825
0.500050000955,2.16825
0.500060000955,2.137
0.500070000955,2.137
0.500080000955,2.16825
0.500090000955,2.16825
0.500100000955,2.137
0.500110000955,2.10575
0.500120000955,2.16825
0.500130000955,2.137
0.500140000955,2.10575
0.500150000955,2.137
0.500160000955,2.137
0.500170000955,2.137
0.500180000955,2.137
0.500190000955,2.137
0.500200000955,2.137
0.500210000955,2.16825
0.500220000955,2.137
0.500230000955,2.16825
0.500240000955,2.137
0.500250000955,2.10575
0.500260000955,2.16825
0.500270000955,2.137
0.500280000955,2.16825
0.500290000955,2.137
0.500300000955,2.16825
0.500310000955,2.137
0.500320000955,2.137
0.500330000955,2.137
0.500340000955,2.137
0.500350000955,2.137
0.500360000955,2.16825
0.500370000955,2.137
0.500380000955,2.137
0.500390000955,2.16825
0.500400000955,2.137
0.500410000955,2.16825
0.500420000955,2.137
0.500430000955,2.16825
0.500440000955,2.16825
0.500450000955,2.137
0.500460000955,2.137
0.500470000955,2.16825
0.500480000955,2.137
0.500490000955,2.16825
0.500500000955,2.137
0.500510000955,2.137
0.500520000955,2.10575
0.500530000955,2.137
0.500540000955,2.137
0.500550000955,2.16825
0.500560000955,2.1995
0.500570000955,2.137
0.500580000955,2.16825
0.500590000955,2.16825
0.500600000955,2.16825
0.500610000955,2.137
0.500620000955,2.16825
0.500630000955,2.137
0.500640000955,2.137
0.500650000955,2.137
0.500660000955,2.16825
0.500670000955,2.137
0.500680000955,2.16825
0.500690000955,2.16825
0.500700000955,2.1995
0.500710000955,2.137
0.500720000955,2.137
0.500730000955,2.16825
0.500740000955,2.10575
0.500750000955,2.16825
0.500760000955,2.137
0.500770000955,2.137
0.500780000955,2.16825
0.500790000955,2.16825
0.500800000955,2.137
0.500810000955,2.137
0.500820000955,2.16825
0.500830000955,2.137
0.500840000955,2.16825
0.500850000955,2.16825
0.500860000955,2.137
0.500870000955,2.137
0.500880000955,2.16825
0.500890000955,2.137
0.500900000955,2.137
0.500910000955,2.16825
0.500920000955,2.137
0.500930000955,2.137
0.500940000955,2.137
0.500950000955,2.137
0.500960000955,2.137
0.500970000955,2.137
0.500980000955,2.137
0.500990000955,2.137
0.501000000955,2.16825
0.501010000955,2.16825
0.501020000955,2.16825
0.501030000955,2.16825
0.501040000955,2.137
0.501050000955,2.137
0.501060000955,2.10575
0.501070000955,2.137
0.501080000955,2.137
0.501090000955,2.10575
0.501100000955,2.137
0.501110000955,2.137
0.501120000955,2.137
0.501130000955,2.16825
0.501140000955,2.16825
0.501150000955,2.137
0.501160000955,2.16825
0.501170000955,2.16825
0.501180000955,2.137
0.501190000955,2.137
0.501200000955,2.137
0.501210000955,2.137
0.501220000955,2.16825
0.501230000955,2.16825
0.501240000955,2.10575
0.501250000955,2.16825
0.501260000955,2.137
0.501270000955,2.137
0.501280000955,2.137
0.501290000955,2.137
0.501300000955,2.137
0.501310000955,2.16825
0.501320000955,2.137
0.501330000955,2.137
0.501340000955,2.16825
0.501350000955,2.16825
0.501360000955,2.137
0.501370000955,2.137
0.501380000955,2.137
0.501390000955,2.137
0.501400000955,2.137
0.501410000955,2.137
0.501420000955,2.137
0.501430000955,2.16825
0.501440000955,2.137
0.501450000955,2.10575
0.501460000955,2.16825
0.501470000955,2.16825
0.501480000955,2.16825
0.501490000955,2.137
0.501500000955,2.137
0.501510000955,2.16825
0.501520000955,2.16825
0.501530000955,2.137
0.501540000955,2.16825
0.501550000955,2.16825
0.501560000955,2.16825
0.501570000955,2.16825
0.501580000955,2.137
0.501590000955,2.10575
0.501600000955,2.137
0.501610000955,2.137
0.501620000955,2.16825
0.501630000955,2.137
0.501640000955,2.137
0.501650000955,2.137
0.501660000955,2.16825
0.501670000955,2.16825
0.501680000955,2.137
0.501690000955,2.16825
0.501700000955,2.137
0.501710000955,2.10575
0.501720000955,2.137
0.501730000955,2.137
0.501740000955,2.137
0.501750000955,2.16825
0.501760000955,2.16825
0.501770000955,2.16825
0.501780000955,2.16825
0.501790000955,2.16825
0.501800000955,2.16825
0.501810000955,2.137
0.501820000955,2.10575
0.501830000955,2.137
0.501840000955,2.10575
0.501850000955,2.16825
0.501860000955,2.137
0.501870000955,2.137
0.501880000955,2.137
0.501890000955,2.1995
0.501900000955,2.137
0.501910000955,2.10575
0.501920000955,2.16825
0.501930000955,2.137
0.501940000955,2.137
0.501950000955,2.137
0.501960000955,2.16825
0.501970000955,2.16825
0.501980000955,2.137
0.501990000955,2.137
0.502000000955,2.137
0.502010000955,2.137
0.502020000955,2.137
0.502030000955,2.137
0.502040000955,2.16825
0.502050000955,2.137
0.502060000955,2.16825
0.502070000955,2.137
0.502080000955,2.137
0.502090000955,2.137
0.502100000955,2.10575
0.502110000955,2.16825
0.502120000955,2.137
0.502130000955,2.137
0.502140000955,2.1995
0.502150000955,2.16825
0.502160000955,2.137
0.502170000955,2.137
0.502180000955,2.16825
0.502190000955,2.16825
0.502200000955,2.137
0.502210000955,2.137
0.502220000955,2.137
0.502230000955,2.137
0.502240000955,2.137
0.502250000955,2.137
0.502260000955,2.16825
0.502270000955,2.137
0.502280000955,2.1995
0.502290000955,2.137
0.502300000955,2.16825
0.502310000955,2.16825
0.502320000955,2.137
0.502330000955,2.16825
0.502340000955,2.16825
0.502350000955,2.137
0.502360000955,2.137
0.502370000955,2.137
0.502380000955,2.137
0.502390000955,2.137
0.502400000955,2.137
0.502410000955,2.16825
0.502420000955,2.137
0.502430000955,2.16825
0.502440000955,2.16825
0.502450000955,2.137
0.502460000955,2.137
0.502470000955,2.16825
0.502480000955,2.137
0.502490000955,2.10575
0.502500000955,2.16825
0.502510000955,2.137
0.502520000955,2.137
0.502530000955,2.137
0.502540000955,2.137
0.502550000955,2.137
0.502560000955,2.10575
0.502570000955,2.137
0.502580000955,2.137
0.502590000955,2.137
0.502600000955,2.137
0.502610000955,2.10575
0.502620000955,2.16825
0.502630000955,2.16825
0.502640000955,2.137
0.502650000955,2.1995
0.502660000955,2.16825
0.502670000955,2.16825
0.502680000955,2.1995
0.502690000955,2.137
0.502700000955,2.16825
0.502710000955,2.137
0.502720000955,2.137
0.502730000955,2.16825
0.502740000955,2.137
0.502750000955,2.137
0.502760000955,2.137
0.502770000955,2.137
0.502780000955,2.137
0.502790000955,2.137
0.502800000955,2.10575
0.502810000955,2.137
0.502820000955,2.137
0.502830000955,2.16825
0.502840000955,2.16825
0.502850000955,2.16825
0.502860000955,2.10575
0.502870000955,2.137
0.502880000955,2.137
0.502890000955,2.10575
0.502900000955,2.137
0.502910000955,2.137
0.502920000955,2.16825
0.502930000955,2.10575
0.502940000955,2.16825
0.502950000955,2.137
0.502960000955,2.137
0.502970000955,2.1995
0.502980000955,2.16825
0.502990000955,2.16825
0.503000000955,2.137
0.503010000955,2.137
0.503020000955,2.16825
0.503030000955,2.16825
0.503040000955,2.137
0.503050000955,2.16825
0.503060000955,2.137
0.503070000955,2.137
0.503080000955,2.16825
0.503090000955,2.16825
0.503100000955,2.137
0.503110000955,2.137
0.503120000955,2.137
0.503130000955,2.137
0.503140000955,2.137
0.503150000955,2.137
0.503160000955,2.137
0.503170000955,2.137
0.503180000955,2.137
0.503190000955,2.16825
0.503200000955,2.137
0.503210000955,2.10575
0.503220000955,2.137
0.503230000955,2.137
0.503240000955,2.16825
0.503250000955,2.16825
0.503260000955,2.16825
0.503270000955,2.16825
0.503280000955,2.137
0.503290000955,2.16825
0.503300000955,2.137
0.503310000955,2.137
0.503320000955,2.137
0.503330000955,2.137
0.503340000955,2.16825
0.503350000955,2.137
0.503360000955,2.137
0.503370000955,2.137
0.503380000955,2.137
0.503390000955,2.16825
0.503400000955,2.16825
0.503410000955,2.137
0.503420000955,2.16825
0.503430000955,2.137
0.503440000955,2.137
0.503450000955,2.16825
0.503460000955,2.16825
0.503470000955,2.137
0.503480000955,2.16825
0.503490000955,2.137
0.503500000955,2.137
0.503510000955,2.137
0.503520000955,2.137
0.503530000955,2.137
0.503540000955,2.1995
0.503550000955,2.137
0.503560000955,2.137
0.503570000955,2.137
0.503580000955,2.137
0.503590000955,2.10575
0.503600000955,2.10575
0.503610000955,2.137
0.503620000955,2.16825
0.503630000955,2.137
0.503640000955,2.137
0.503650000955,2.137
0.503660000955,2.137
0.503670000955,2.137
0.503680000955,2.137
0.503690000955,2.16825
0.503700000955,2.16825
0.503710000955,2.137
0.503720000955,2.137
0.503730000955,2.137
0.503740000955,2.16825
0.503750000955,2.137
0.503760000955,2.16825
0.503770000955,2.137
0.503780000955,2.137
0.503790000955,2.137
0.503800000955,2.137
0.503810000955,2.137
0.503820000955,2.137
0.503830000955,2.137
0.503840000955,2.137
0.503850000955,2.16825
0.503860000955,2.137
0.503870000955,2.137
0.503880000955,2.10575
0.503890000955,2.137
0.503900000955,2.16825
0.503910000955,2.137
0.503920000955,2.16825
0.503930000955,2.137
0.503940000955,2.137
0.503950000955,2.137
0.503960000955,2.16825
0.503970000955,2.137
0.503980000955,2.16825
0.503990000955,2.16825
0.504000000955,2.137
0.504010000955,2.16825
0.504020000955,2.10575
0.504030000955,2.16825
0.504040000955,2.137
0.504050000955,2.137
0.504060000955,2.137
0.504070000955,2.16825
0.504080000955,2.137
0.504090000955,2.137
0.504100000955,2.16825
0.504110000955,2.137
0.504120000955,2.16825
0.504130000955,2.137
0.504140000955,2.137
0.504150000955,2.1995
0.504160000955,2.16825
0.504170000955,2.16825
0.504180000955,2.137
0.504190000955,2.137
0.504200000955,2.137
0.504210000955,2.137
0.504220000955,2.137
0.504230000955,2.1995
0.504240000955,2.137
0.504250000955,2.137
0.504260000955,2.10575
0.504270000955,2.16825
0.504280000955,2.16825
0.504290000955,2.137
0.504300000955,2.137
0.504310000955,2.137
0.504320000955,2.137
0.504330000955,2.137
0.504340000955,2.137
0.504350000955,2.16825
0.504360000955,2.137
0.504370000955,2.137
0.504380000955,2.1995
0.504390000955,2.137
0.504400000955,2.16825
0.504410000955,2.16825
0.504420000955,2.16825
0.504430000955,2.10575
0.504440000955,2.16825
0.504450000955,2.1995
0.504460000955,2.137
0.504470000955,2.16825
0.504480000955,2.137
0.504490000955,2.16825
0.504500000955,2.16825
0.504510000955,2.16825
0.504520000955,2.137
0.504530000955,2.137
0.504540000955,2.16825
0.504550000955,2.16825
0.504560000955,2.16825
0.504570000955,2.16825
0.504580000955,2.16825
0.504590000955,2.137
0.504600000955,2.16825
0.504610000955,2.16825
0.504620000955,2.137
0.504630000955,2.137
0.504640000955,2.137
0.504650000955,2.10575
0.504660000955,2.137
0.504670000955,2.16825
0.504680000955,2.16825
0.504690000955,2.16825
0.504700000955,2.16825
0.504710000955,2.137
0.504720000955,2.16825
0.504730000955,2.137
0.504740000955,2.137
0.504750000955,2.10575
0.504760000955,2.16825
0.504770000955,2.137
0.504780000955,2.137
0.504790000955,2.137
0.504800000955,2.16825
0.504810000955,2.16825
0.504820000955,2.137
0.504830000955,2.16825
0.504840000955,2.137
0.504850000955,2.137
0.504860000955,2.16825
0.504870000955,2.16825
0.504880000955,2.16825
0.504890000955,2.16825
0.504900000955,2.137
0.504910000955,2.16825
0.504920000955,2.137
0.504930000955,2.16825
0.504940000955,2.137
0.504950000955,2.137
0.504960000955,2.16825
0.504970000955,2.137
0.504980000955,2.137
0.504990000955,2.16825
0.505000000955,2.10575
0.505010000955,2.137
0.505020000955,2.137
0.505030000955,2.137
0.505040000955,2.137
0.505050000955,2.137
0.505060000955,2.16825
0.505070000955,2.137
0.505080000955,2.137
0.505090000955,2.16825
0.505100000955,2.16825
0.505110000955,2.16825
0.505120000955,2.1995
0.505130000955,2.137
0.505140000955,2.16825
0.505150000955,2.16825
0.505160000955,2.137
0.505170000955,2.16825
0.505180000955,2.137
0.505190000955,2.16825
0.505200000955,2.16825
0.505210000955,2.137
0.505220000955,2.137
0.505230000955,2.16825
0.505240000955,2.137
0.505250000955,2.10575
0.505260000955,2.16825
0.505270000955,2.137
0.505280000955,2.16825
0.505290000955,2.16825
0.505300000955,2.16825
0.505310000955,2.137
0.505320000955,2.137
0.505330000955,2.137
0.505340000955,2.137
0.505350000955,2.16825
0.505360000955,2.137
0.505370000955,2.137
0.505380000955,2.16825
0.505390000955,2.16825
0.505400000955,2.16825
0.505410000955,2.137
0.505420000955,2.16825
0.505430000955,2.16825
0.505440000955,2.16825
0.505450000955,2.137
0.505460000955,2.16825
0.505470000955,2.137
0.505480000955,2.16825
0.505490000955,2.16825
0.505500000955,2.16825
0.505510000955,2.16825
0.505520000955,2.16825
0.505530000955,2.16825
0.505540000955,2.137
0.505550000955,2.16825
0.505560000955,2.16825
0.505570000955,2.137
0.505580000955,2.137
0.505590000955,2.137
0.505600000955,2.16825
0.505610000955,2.137
0.505620000955,2.137
0.505630000955,2.16825
0.505640000955,2.16825
0.505650000955,2.16825
0.505660000955,2.137
0.505670000955,2.16825
0.505680000955,2.1995
0.505690000955,2.1995
0.505700000955,2.16825
0.505710000955,2.16825
0.505720000955,2.137
0.505730000955,2.137
0.505740000955,2.137
0.505750000955,2.137
0.505760000955,2.16825
0.505770000955,2.1995
0.505780000955,2.137
0.505790000955,2.137
0.505800000955,2.16825
0.505810000955,2.137
0.505820000955,2.16825
0.505830000955,2.1995
0.505840000955,2.16825
0.505850000955,2.16825
0.505860000955,2.137
0.505870000955,2.10575
0.505880000955,2.16825
0.505890000955,2.16825
0.505900000955,2.137
0.505910000955,2.16825
0.505920000955,2.16825
0.505930000955,2.1995
0.505940000955,2.137
0.505950000955,2.16825
0.505960000955,2.16825
0.505970000955,2.16825
0.505980000955,2.10575
0.505990000955,2.16825
0.506000000955,2.16825
0.506010000955,2.137
0.506020000955,2.137
0.506030000955,2.137
0.506040000955,2.137
0.506050000955,2.137
0.506060000955,2.1995
0.506070000955,2.16825
0.506080000955,2.16825
0.506090000955,2.137
0.506100000955,2.137
0.506110000955,2.16825
0.506120000955,2.137
0.506130000955,2.10575
0.506140000955,2.16825
0.506150000955,2.137
0.506160000955,2.137
0.506170000955,2.16825
0.506180000955,2.137
0.506190000955,2.1995
0.506200000955,2.16825
0.506210000955,2.16825
0.506220000955,2.137
0.506230000955,2.16825
0.506240000955,2.137
0.506250000955,2.16825
0.506260000955,2.137
0.506270000955,2.16825
0.506280000955,2.16825
0.506290000955,2.16825
0.506300000955,2.16825
0.506310000955,2.16825
0.506320000955,2.137
0.506330000955,2.137
0.506340000955,2.137
0.506350000955,2.1995
0.506360000955,2.137
0.506370000955,2.16825
0.506380000955,2.137
0.506390000955,2.137
0.506400000955,2.137
0.506410000955,2.16825
0.506420000955,2.16825
0.506430000955,2.16825
0.506440000955,2.1995
0.506450000955,2.16825
0.506460000955,2.10575
0.506470000955,2.137
0.506480000955,2.1995
0.506490000955,2.16825
0.506500000955,2.16825
0.506510000955,2.137
0.506520000955,2.16825
0.506530000955,2.137
0.506540000955,2.137
0.506550000955,2.16825
0.506560000955,2.137
0.506570000955,2.137
0.506580000955,2.137
0.506590000955,2.137
0.506600000955,2.16825
0.506610000955,2.16825
0.506620000955,2.16825
0.506630000955,2.16825
0.506640000955,2.137
0.506650000955,2.137
0.506660000955,2.16825
0.506670000955,2.16825
0.506680000955,2.1995
0.506690000955,2.137
0.506700000955,2.1995
0.506710000955,2.16825
0.506720000955,2.137
0.506730000955,2.16825
0.506740000955,2.137
0.506750000955,2.137
0.506760000955,2.137
0.506770000955,2.16825
0.506780000955,2.137
0.506790000955,2.137
0.506800000955,2.137
0.506810000955,2.137
0.506820000955,2.16825
0.506830000955,2.16825
0.506840000955,2.16825
0.506850000955,2.137
0.506860000955,2.137
0.506870000955,2.137
0.506880000955,2.16825
0.506890000955,2.16825
0.506900000955,2.137
0.506910000955,2.137
0.506920000955,2.137
0.506930000955,2.137
0.506940000955,2.137
0.506950000955,2.16825
0.506960000955,2.137
0.506970000955,2.16825
0.506980000955,2.16825
0.506990000955,2.16825
0.507000000955,2.16825
0.507010000955,2.137
0.507020000955,2.1995
0.507030000955,2.137
0.507040000955,2.16825
0.507050000955,2.137
0.507060000955,2.16825
0.507070000955,2.1995
0.507080000955,2.137
0.507090000955,2.137
0.507100000955,2.137
0.507110000955,2.16825
0.507120000955,2.16825
0.507130000955,2.16825
0.507140000955,2.16825
0.507150000955,2.137
0.507160000955,2.137
0.507170000955,2.137
0.507180000955,2.16825
0.507190000955,2.137
0.507200000955,2.16825
0.507210000955,2.137
0.507220000955,2.16825
0.507230000955,2.16825
0.507240000955,2.137
0.507250000955,2.16825
0.507260000955,2.16825
0.507270000955,2.16825
0.507280000955,2.137
0.507290000955,2.137
0.507300000955,2.137
0.507310000955,2.16825
0.507320000955,2.16825
0.507330000955,2.10575
0.507340000955,2.137
0.507350000955,2.16825
0.507360000955,2.137
0.507370000955,2.137
0.507380000955,2.137
0.507390000955,2.137
0.507400000955,2.16825
0.507410000955,2.16825
0.507420000955,2.16825
0.507430000955,2.137
0.507440000955,2.16825
0.507450000955,2.10575
0.507460000955,2.1995
0.507470000955,2.16825
0.507480000955,2.137
0.507490000955,2.137
0.507500000955,2.137
0.507510000955,2.137
0.507520000955,2.137
0.507530000955,2.137
0.507540000955,2.16825
0.507550000955,2.1995
0.507560000955,2.16825
0.507570000955,2.16825
0.507580000955,2.16825
0.507590000955,2.137
0.507600000955,2.16825
0.507610000955,2.16825
0.507620000955,2.16825
0.507630000955,2.137
0.507640000955,2.16825
0.507650000955,2.137
0.507660000955,2.16825
0.507670000955,2.16825
0.507680000955,2.16825
0.507690000955,2.16825
0.507700000955,2.137
0.507710000955,2.16825
0.507720000955,2.16825
0.507730000955,2.137
0.507740000955,2.16825
0.507750000955,2.16825
0.507760000955,2.137
0.507770000955,2.137
0.507780000955,2.16825
0.507790000955,2.16825
0.507800000955,2.137
0.507810000955,2.16825
0.507820000955,2.137
0.507830000955,2.10575
0.507840000955,2.23075
0.507850000955,2.10575
0.507860000955,2.1995
0.507870000955,2.1995
0.507880000955,2.1995
0.507890000955,2.137
0.507900000955,2.137
0.507910000955,2.16825
0.507920000955,2.1995
0.507930000955,2.137
0.507940000955,2.137
0.507950000955,2.137
0.507960000955,2.16825
0.507970000955,2.137
0.507980000955,2.16825
0.507990000955,2.137
0.508000000955,2.16825
0.508010000955,2.16825
0.508020000955,2.1995
0.508030000955,2.16825
0.508040000955,2.137
0.508050000955,2.137
0.508060000955,2.137
0.508070000955,2.16825
0.508080000955,2.137
0.508090000955,2.137
0.508100000955,2.137
0.508110000955,2.137
0.508120000955,2.16825
0.508130000955,2.1995
0.508140000955,2.137
0.508150000955,2.16825
0.508160000955,2.137
0.508170000955,2.137
0.508180000955,2.137
0.508190000955,2.1995
0.508200000955,2.16825
0.508210000955,2.1995
0.508220000955,2.137
0.508230000955,2.137
0.508240000955,2.1995
0.508250000955,2.137
0.508260000955,2.16825
0.508270000955,2.137
0.508280000955,2.137
0.508290000955,2.16825
0.508300000955,2.16825
0.508310000955,2.137
0.508320000955,2.137
0.508330000955,2.137
0.508340000955,2.16825
0.508350000955,2.137
0.508360000955,2.16825
0.508370000955,2.16825
0.508380000955,2.16825
0.508390000955,2.1995
0.508400000955,2.137
0.508410000955,2.137
0.508420000955,2.16825
0.508430000955,2.10575
0.508440000955,2.1995
0.508450000955,2.137
0.508460000955,2.16825
0.508470000955,2.16825
0.508480000955,2.137
0.508490000955,2.137
0.508500000955,2.10575
0.508510000955,2.137
0.508520000955,2.137
0.508530000955,2.16825
0.508540000955,2.1995
0.508550000955,2.16825
0.508560000955,2.16825
0.508570000955,2.16825
0.508580000955,2.137
0.508590000955,2.16825
0.508600000955,2.137
0.508610000955,2.137
0.508620000955,2.16825
0.508630000955,2.137
0.508640000955,2.16825
0.508650000955,2.16825
0.508660000955,2.1995
0.508670000955,2.16825
0.508680000955,2.137
0.508690000955,2.16825
0.508700000955,2.16825
0.508710000955,2.16825
0.508720000955,2.137
0.508730000955,2.16825
0.508740000955,2.16825
0.508750000955,2.137
0.508760000955,2.16825
0.508770000955,2.137
0.508780000955,2.137
0.508790000955,2.16825
0.508800000955,2.16825
0.508810000955,2.16825
0.508820000955,2.137
0.508830000955,2.137
0.508840000955,2.16825
0.508850000955,2.137
0.508860000955,2.137
0.508870000955,2.16825
0.508880000955,2.16825
0.508890000955,2.16825
0.508900000955,2.137
0.508910000955,2.16825
0.508920000955,2.16825
0.508930000955,2.137
0.508940000955,2.16825
0.508950000955,2.16825
0.508960000955,2.137
0.508970000955,2.16825
0.508980000955,2.16825
0.508990000955,2.137
0.509000000955,2.137
0.509010000955,2.16825
0.509020000955,2.137
0.509030000955,2.137
0.509040000955,2.16825
0.509050000955,2.137
0.509060000955,2.16825
0.509070000955,2.16825
0.509080000955,2.1995
0.509090000955,2.1995
0.509100000955,2.16825
0.509110000955,2.16825
0.509120000955,2.137
0.509130000955,2.16825
0.509140000955,2.137
0.509150000955,2.16825
0.509160000955,2.16825
0.509170000955,2.16825
0.509180000955,2.10575
0.509190000955,2.137
0.509200000955,2.16825
0.509210000955,2.16825
0.509220000955,2.16825
0.509230000955,2.137
0.509240000955,2.137
0.509250000955,2.137
0.509260000955,2.16825
0.509270000955,2.16825
0.509280000955,2.16825
0.509290000955,2.16825
0.509300000955,2.16825
0.509310000955,2.16825
0.509320000955,2.16825
0.509330000955,2.137
0.509340000955,2.16825
0.509350000955,2.137
0.509360000955,2.16825
0.509370000955,2.137
0.509380000955,2.137
0.509390000955,2.137
0.509400000955,2.137
0.509410000955,2.1995
0.509420000955,2.10575
0.509430000955,2.16825
0.509440000955,2.16825
0.509450000955,2.137
0.509460000955,2.137
0.509470000955,2.137
0.509480000955,2.137
0.509490000955,2.137
0.509500000955,2.16825
0.509510000955,2.16825
0.509520000955,2.137
0.509530000955,2.16825
0.509540000955,2.1995
0.509550000955,2.16825
0.509560000955,2.16825
0.509570000955,2.16825
0.509580000955,2.137
0.509590000955,2.137
0.509600000955,2.137
0.509610000955,2.137
0.509620000955,2.16825
0.509630000955,2.137
0.509640000955,2.137
0.509650000955,2.16825
0.509660000955,2.16825
0.509670000955,2.16825
0.509680000955,2.16825
0.509690000955,2.137
0.509700000955,2.16825
0.509710000955,2.16825
0.509720000955,2.137
0.509730000955,2.10575
0.509740000955,2.137
0.509750000955,2.137
0.509760000955,2.137
0.509770000955,2.137
0.509780000955,2.137
0.509790000955,2.16825
0.509800000955,2.137
0.509810000955,2.16825
0.509820000955,2.16825
0.509830000955,2.16825
0.509840000955,2.137
0.509850000955,2.137
0.509860000955,2.16825
0.509870000955,2.137
0.509880000955,2.16825
0.509890000955,2.16825
0.509900000955,2.1995
0.509910000955,2.137
0.509920000955,2.137
0.509930000955,2.16825
0.509940000955,2.16825
0.509950000955,2.137
0.509960000955,2.137
0.509970000955,2.16825
0.509980000955,2.16825
0.509990000955,2.137
0.510000000955,2.137
0.510010000955,2.10575
0.510020000955,2.1995
0.510030000955,2.10575
0.510040000955,2.16825
0.510050000955,2.1995
0.510060000955,2.16825
0.510070000955,2.16825
0.510080000955,2.137
0.510090000955,2.16825
0.510100000955,2.16825
0.510110000955,2.137
0.510120000955,2.16825
0.510130000955,2.137
0.510140000955,2.1995
0.510150000955,2.137
0.510160000955,2.137
0.510170000955,2.137
0.510180000955,2.16825
0.510190000955,2.16825
0.510200000955,2.137
0.510210000955,2.137
0.510220000955,2.137
0.510230000955,2.137
0.510240000955,2.16825
0.510250000955,2.16825
0.510260000955,2.137
0.510270000955,2.137
0.510280000955,2.16825
0.510290000955,2.137
0.510300000955,2.137
0.510310000955,2.137
0.510320000955,2.137
0.510330000955,2.16825
0.510340000955,2.16825
0.510350000955,2.1995
0.510360000955,2.16825
0.510370000955,2.137
0.510380000955,2.137
0.510390000955,2.137
0.510400000955,2.137
0.510410000955,2.137
0.510420000955,2.137
0.510430000955,2.10575
0.510440000955,2.16825
0.510450000955,2.16825
0.510460000955,2.16825
0.510470000955,2.16825
0.510480000955,2.16825
0.510490000955,2.137
0.510500000955,2.16825
0.510510000955,2.16825
0.510520000955,2.16825
0.510530000955,2.1995
0.510540000955,2.137
0.510550000955,2.16825
0.510560000955,2.16825
0.510570000955,2.16825
0.510580000955,2.137
0.510590000955,2.137
0.510600000955,2.16825
0.510610000955,2.16825
0.510620000955,2.137
0.510630000955,2.16825
0.510640000955,2.16825
0.510650000955,2.1995
0.510660000955,2.16825
0.510670000955,2.16825
0.510680000955,2.10575
0.510690000955,2.137
0.510700000955,2.16825
0.510710000955,2.137
0.510720000955,2.16825
0.510730000955,2.16825
0.510740000955,2.137
0.510750000955,2.137
0.510760000955,2.137
0.510770000955,2.137
0.510780000955,2.16825
0.510790000955,2.137
0.510800000955,2.137
0.510810000955,2.137
0.510820000955,2.16825
0.510830000955,2.137
0.510840000955,2.137
0.510850000955,2.16825
0.510860000955,2.1995
0.510870000955,2.137
0.510880000955,2.16825
0.510890000955,2.137
0.510900000955,2.16825
0.510910000955,2.16825
0.510920000955,2.16825
0.510930000955,2.16825
0.510940000955,2.16825
0.510950000955,2.137
0.510960000955,2.16825
0.510970000955,2.137
0.510980000955,2.16825
0.510990000955,2.137
0.511000000955,2.1995
0.511010000955,2.16825
0.511020000955,2.16825
0.511030000955,2.137
0.511040000955,2.16825
0.511050000955,2.16825
0.511060000955,2.137
0.511070000955,2.137
0.511080000955,2.16825
0.511090000955,2.137
0.511100000955,2.137
0.511110000955,2.16825
0.511120000955,2.16825
0.511130000955,2.16825
0.511140000955,2.16825
0.511150000955,2.16825
0.511160000955,2.16825
0.511170000955,2.16825
0.511180000955,2.1995
0.511190000955,2.137
0.511200000955,2.137
0.511210000955,2.137
0.511220000955,2.16825
0.511230000955,2.137
0.511240000955,2.137
0.511250000955,2.16825
0.511260000955,2.137
0.511270000955,2.137
0.511280000955,2.16825
0.511290000955,2.137
0.511300000955,2.137
0.511310000955,2.16825
0.511320000955,2.16825
0.511330000955,2.137
0.511340000955,2.16825
0.511350000955,2.10575
0.511360000955,2.16825
0.511370000955,2.16825
0.511380000955,2.16825
0.511390000955,2.16825
0.511400000955,2.16825
0.511410000955,2.16825
0.511420000955,2.137
0.511430000955,2.16825
0.511440000955,2.1995
0.511450000955,2.16825
0.511460000955,2.137
0.511470000955,2.16825
0.511480000955,2.137
0.511490000955,2.137
0.511500000955,2.16825
0.511510000955,2.16825
0.511520000955,2.16825
0.511530000955,2.137
0.511540000955,2.137
0.511550000955,2.137
0.511560000955,2.137
0.511570000955,2.137
0.511580000955,2.1995
0.511590000955,2.16825
0.511600000955,2.16825
0.511610000955,2.1995
0.511620000955,2.16825
0.511630000955,2.1995
0.511640000955,2.137
0.511650000955,2.1995
0.511660000955,2.16825
0.511670000955,2.16825
0.511680000955,2.137
0.511690000955,2.137
0.511700000955,2.16825
0.511710000955,2.16825
0.511720000955,2.137
0.511730000955,2.16825
0.511740000955,2.137
0.511750000955,2.16825
0.511760000955,2.16825
0.511770000955,2.137
0.511780000955,2.16825
0.511790000955,2.137
0.511800000955,2.137
0.511810000955,2.137
0.511820000955,2.16825
0.511830000955,2.16825
0.511840000955,2.137
0.511850000955,2.16825
0.511860000955,2.137
0.511870000955,2.137
0.511880000955,2.16825
0.511890000955,2.16825
0.511900000955,2.137
0.511910000955,2.137
0.511920000955,2.137
0.511930000955,2.16825
0.511940000955,2.16825
0.511950000955,2.137
0.511960000955,2.16825
0.511970000955,2.137
0.511980000955,2.16825
0.511990000955,2.10575
0.512000000955,2.16825
0.512010000955,2.16825
0.512020000955,2.16825
0.512030000955,2.137
0.512040000955,2.16825
0.512050000955,2.16825
0.512060000955,2.16825
0.512070000955,2.16825
0.512080000955,2.137
0.512090000955,2.16825
0.512100000955,2.16825
0.512110000955,2.16825
0.512120000955,2.10575
0.512130000955,2.137
0.512140000955,2.16825
0.512150000955,2.16825
0.512160000955,2.16825
0.512170000955,2.16825
0.512180000955,2.16825
0.512190000955,2.137
0.512200000955,2.137
0.512210000955,2.137
0.512220000955,2.16825
0.512230000955,2.16825
0.512240000955,2.1995
0.512250000955,2.10575
0.512260000955,2.137
0.512270000955,2.10575
0.512280000955,2.137
0.512290000955,2.137
0.512300000955,2.16825
0.512310000955,2.16825
0.512320000955,2.137
0.512330000955,2.137
0.512340000955,2.16825
0.512350000955,2.16825
0.512360000955,2.1995
0.512370000955,2.137
0.512380000955,2.137
0.512390000955,2.1995
0.512400000955,2.16825
0.512410000955,2.137
0.512420000955,2.16825
0.512430000955,2.137
0.512440000955,2.1995
0.512450000955,2.16825
0.512460000955,2.137
0.512470000955,2.137
0.512480000955,2.137
0.512490000955,2.137
0.512500000955,2.137
0.512510000955,2.16825
0.512520000955,2.1995
0.512530000955,2.16825
0.512540000955,2.137
0.512550000955,2.137
0.512560000955,2.137
0.512570000955,2.16825
0.512580000955,2.137
0.512590000955,2.16825
0.512600000955,2.16825
0.512610000955,2.137
0.512620000955,2.137
0.512630000955,2.137
0.512640000955,2.10575
0.512650000955,2.137
0.512660000955,2.137
0.512670000955,2.10575
0.512680000955,2.16825
0.512690000955,2.16825
0.512700000955,2.16825
0.512710000955,2.137
0.512720000955,2.16825
0.512730000955,2.16825
0.512740000955,2.137
0.512750000955,2.16825
0.512760000955,2.1995
0.512770000955,2.137
0.512780000955,2.1995
0.512790000955,2.16825
0.512800000955,2.16825
0.512810000955,2.137
0.512820000955,2.137
0.512830000955,2.137
0.512840000955,2.16825
0.512850000955,2.16825
0.512860000955,2.16825
0.512870000955,2.137
0.512880000955,2.1995
0.512890000955,2.16825
0.512900000955,2.16825
0.512910000955,2.137
0.512920000955,2.137
0.512930000955,2.16825
0.512940000955,2.16825
0.512950000955,2.137
0.512960000955,2.16825
0.512970000955,2.137
0.512980000955,2.16825
0.512990000955,2.16825
0.513000000955,2.16825
0.513010000955,2.137
0.513020000955,2.137
0.513030000955,2.16825
0.513040000955,2.16825
0.513050000955,2.16825
0.513060000955,2.16825
0.513070000955,2.137
0.513080000955,2.137
0.513090000955,2.16825
0.513100000955,2.137
0.513110000955,2.137
0.513120000955,2.1995
0.513130000955,2.16825
0.513140000955,2.1995
0.513150000955,2.1995
0.513160000955,2.16825
0.513170000955,2.16825
0.513180000955,2.137
0.513190000955,2.137
0.513200000955,2.16825
0.513210000955,2.16825
0.513220000955,2.137
0.513230000955,2.16825
0.513240000955,2.137
0.513250000955,2.16825
0.513260000955,2.16825
0.513270000955,2.16825
0.513280000955,2.1995
0.513290000955,2.16825
0.513300000955,2.16825
0.513310000955,2.16825
0.513320000955,2.16825
0.513330000955,2.16825
0.513340000955,2.137
0.513350000955,2.16825
0.513360000955,2.1995
0.513370000955,2.137
0.513380000955,2.137
0.513390000955,2.137
0.513400000955,2.137
0.513410000955,2.23075
0.513420000955,2.16825
0.513430000955,2.16825
0.513440000955,2.16825
0.513450000955,2.137
0.513460000955,2.1995
0.513470000955,2.137
0.513480000955,2.16825
0.513490000955,2.137
0.513500000955,2.16825
0.513510000955,2.137
0.513520000955,2.16825
0.513530000955,2.137
0.513540000955,2.16825
0.513550000955,2.137
0.513560000955,2.137
0.513570000955,2.16825
0.513580000955,2.137
0.513590000955,2.137
0.513600000955,2.137
0.513610000955,2.16825
0.513620000955,2.16825
0.513630000955,2.16825
0.513640000955,2.137
0.513650000955,2.16825
0.513660000955,2.16825
0.513670000955,2.16825
0.513680000955,2.16825
0.513690000955,2.137
0.513700000955,2.16825
0.513710000955,2.16825
0.513720000955,2.16825
0.513730000955,2.16825
0.513740000955,2.137
0.513750000955,2.137
0.513760000955,2.16825
0.513770000955,2.16825
0.513780000955,2.16825
0.513790000955,2.137
0.513800000955,2.137
0.513810000955,2.16825
0.513820000955,2.137
0.513830000955,2.137
0.513840000955,2.137
0.513850000955,2.137
0.513860000955,2.1995
0.513870000955,2.16825
0.513880000955,2.10575
0.513890000955,2.16825
0.513900000955,2.16825
0.513910000955,2.16825
0.513920000955,2.16825
0.513930000955,2.16825
0.513940000955,2.16825
0.513950000955,2.137
0.513960000955,2.137
0.513970000955,2.137
0.513980000955,2.137
0.513990000955,2.137
0.514000000955,2.16825
0.514010000955,2.16825
0.514020000955,2.137
0.514030000955,2.137
0.514040000955,2.16825
0.514050000955,2.137
0.514060000955,2.137
0.514070000955,2.16825
0.514080000955,2.137
0.514090000955,2.137
0.514100000955,2.137
0.514110000955,2.16825
0.514120000955,2.16825
0.514130000955,2.16825
0.514140000955,2.16825
0.514150000955,2.16825
0.514160000955,2.137
0.514170000955,2.137
0.514180000955,2.137
0.514190000955,2.16825
0.514200000955,2.137
0.514210000955,2.1995
0.514220000955,2.16825
0.514230000955,2.16825
0.514240000955,2.16825
0.514250000955,2.1995
0.514260000955,2.16825
0.514270000955,2.16825
0.514280000955,2.16825
0.514290000955,2.16825
0.514300000955,2.137
0.514310000955,2.16825
0.514320000955,2.16825
0.514330000955,2.137
0.514340000955,2.16825
0.514350000955,2.137
0.514360000955,2.16825
0.514370000955,2.1995
0.514380000955,2.16825
0.514390000955,2.16825
0.514400000955,2.137
0.514410000955,2.137
0.514420000955,2.137
0.514430000955,2.16825
0.514440000955,2.137
0.514450000955,2.16825
0.514460000955,2.16825
0.514470000955,2.16825
0.514480000955,2.16825
0.514490000955,2.16825
0.514500000955,2.16825
0.514510000955,2.137
0.514520000955,2.16825
0.514530000955,2.16825
0.514540000955,2.16825
0.514550000955,2.137
0.514560000955,2.137
0.514570000955,2.137
0.514580000955,2.16825
0.514590000955,2.137
0.514600000955,2.16825
0.514610000955,2.10575
0.514620000955,2.137
0.514630000955,2.137
0.514640000955,2.16825
0.514650000955,2.16825
0.514660000955,2.16825
0.514670000955,2.16825
0.514680000955,2.1995
0.514690000955,2.16825
0.514700000955,2.16825
0.514710000955,2.137
0.514720000955,2.137
0.514730000955,2.1995
0.514740000955,2.16825
0.514750000955,2.137
0.514760000955,2.16825
0.514770000955,2.1995
0.514780000955,2.16825
0.514790000955,2.16825
0.514800000955,2.16825
0.514810000955,2.16825
0.514820000955,2.16825
0.514830000955,2.16825
0.514840000955,2.137
0.514850000955,2.16825
0.514860000955,2.1995
0.514870000955,2.16825
0.514880000955,2.16825
0.514890000955,2.1995
0.514900000955,2.16825
0.514910000955,2.16825
0.514920000955,2.137
0.514930000955,2.137
0.514940000955,2.137
0.514950000955,2.16825
0.514960000955,2.16825
0.514970000955,2.16825
0.514980000955,2.137
0.514990000955,2.16825
0.515000000955,2.16825
0.515010000955,2.137
0.515020000955,2.16825
0.515030000955,2.137
0.515040000955,2.16825
0.515050000955,2.137
0.515060000955,2.16825
0.515070000955,2.137
0.515080000955,2.16825
0.515090000955,2.16825
0.515100000955,2.16825
0.515110000955,2.16825
0.515120000955,2.16825
0.515130000955,2.16825
0.515140000955,2.16825
0.515150000955,2.16825
0.515160000955,2.16825
0.515170000955,2.137
0.515180000955,2.1995
0.515190000955,2.137
0.515200000955,2.137
0.515210000955,2.16825
0.515220000955,2.16825
0.515230000955,2.137
0.515240000955,2.16825
0.515250000955,2.137
0.515260000955,2.16825
0.515270000955,2.137
0.515280000955,2.137
0.515290000955,2.16825
0.515300000955,2.16825
0.515310000955,2.137
0.515320000955,2.16825
0.515330000955,2.137
0.515340000955,2.16825
0.515350000955,2.137
0.515360000955,2.16825
0.515370000955,2.16825
0.515380000955,2.16825
0.515390000955,2.137
0.515400000955,2.137
0.515410000955,2.16825
0.515420000955,2.16825
0.515430000955,2.16825
0.515440000955,2.137
0.515450000955,2.16825
0.515460000955,2.16825
0.515470000955,2.16825
0.515480000955,2.137
0.515490000955,2.137
0.515500000955,2.16825
0.515510000955,2.16825
0.515520000955,2.137
0.515530000955,2.16825
0.515540000955,2.137
0.515550000955,2.16825
0.515560000955,2.16825
0.515570000955,2.16825
0.515580000955,2.137
0.515590000955,2.137
0.515600000955,2.137
0.515610000955,2.16825
0.515620000955,2.16825
0.515630000955,2.16825
0.515640000955,2.16825
0.515650000955,2.16825
0.515660000955,2.1995
0.515670000955,2.16825
0.515680000955,2.16825
0.515690000955,2.16825
0.515700000955,2.137
0.515710000955,2.137
0.515720000955,2.16825
0.515730000955,2.16825
0.515740000955,2.137
0.515750000955,2.137
0.515760000955,2.16825
0.515770000955,2.1995
0.515780000955,2.137
0.515790000955,2.16825
0.515800000955,2.16825
0.515810000955,2.137
0.515820000955,2.16825
0.515830000955,2.137
0.515840000955,2.137
0.515850000955,2.137
0.515860000955,2.137
0.515870000955,2.16825
0.515880000955,2.16825
0.515890000955,2.137
0.515900000955,2.137
0.515910000955,2.137
0.515920000955,2.16825
0.515930000955,2.16825
0.515940000955,2.137
0.515950000955,2.16825
0.515960000955,2.16825
0.515970000955,2.137
0.515980000955,2.16825
0.515990000955,2.16825
0.516000000955,2.16825
0.516010000955,2.16825
0.516020000955,2.1995
0.516030000955,2.137
0.516040000955,2.1995
0.516050000955,2.137
0.516060000955,2.137
0.516070000955,2.137
0.516080000955,2.137
0.516090000955,2.16825
0.516100000955,2.137
0.516110000955,2.137
0.516120000955,2.137
0.516130000955,2.137
0.516140000955,2.16825
0.516150000955,2.16825
0.516160000955,2.1995
0.516170000955,2.16825
0.516180000955,2.16825
0.516190000955,2.16825
0.516200000955,2.16825
0.516210000955,2.137
0.516220000955,2.16825
0.516230000955,2.16825
0.516240000955,2.16825
0.516250000955,2.137
0.516260000955,2.16825
0.516270000955,2.16825
0.516280000955,2.137
0.516290000955,2.16825
0.516300000955,2.137
0.516310000955,2.16825
0.516320000955,2.137
0.516330000955,2.16825
0.516340000955,2.16825
0.516350000955,2.16825
0.516360000955,2.137
0.516370000955,2.137
0.516380000955,2.16825
0.516390000955,2.16825
0.516400000955,2.137
0.516410000955,2.137
0.516420000955,2.16825
0.516430000955,2.16825
0.516440000955,2.16825
0.516450000955,2.16825
0.516460000955,2.137
0.516470000955,2.16825
0.516480000955,2.16825
0.516490000955,2.137
0.516500000955,2.16825
0.516510000955,2.16825
0.516520000955,2.16825
0.516530000955,2.137
0.516540000955,2.16825
0.516550000955,2.16825
0.516560000955,2.16825
0.516570000955,2.137
0.516580000955,2.16825
0.516590000955,2.16825
0.516600000955,2.16825
0.516610000955,2.16825
0.516620000955,2.16825
0.516630000955,2.137
0.516640000955,2.10575
0.516650000955,2.137
0.516660000955,2.16825
0.516670000955,2.137
0.516680000955,2.16825
0.516690000955,2.137
0.516700000955,2.16825
0.516710000955,2.1995
0.516720000955,2.10575
0.516730000955,2.16825
0.516740000955,2.16825
0.516750000955,2.137
0.516760000955,2.16825
0.516770000955,2.1995
0.516780000955,2.16825
0.516790000955,2.16825
0.516800000955,2.137
0.516810000955,2.137
0.516820000955,2.16825
0.516830000955,2.137
0.516840000955,2.16825
0.516850000955,2.16825
0.516860000955,2.16825
0.516870000955,2.137
0.516880000955,2.16825
0.516890000955,2.1995
0.516900000955,2.16825
0.516910000955,2.16825
0.516920000955,2.16825
0.516930000955,2.16825
0.516940000955,2.137
0.516950000955,2.137
0.516960000955,2.16825
0.516970000955,2.16825
0.516980000955,2.137
0.516990000955,2.16825
0.517000000955,2.137
0.517010000955,2.16825
0.517020000955,2.16825
0.517030000955,2.16825
0.517040000955,2.137
0.517050000955,2.10575
0.517060000955,2.16825
0.517070000955,2.137
0.517080000955,2.137
0.517090000955,2.16825
0.517100000955,2.16825
0.517110000955,2.16825
0.517120000955,2.137
0.517130000955,2.16825
0.517140000955,2.16825
0.517150000955,2.16825
0.517160000955,2.16825
0.517170000955,2.16825
0.517180000955,2.137
0.517190000955,2.16825
0.517200000955,2.137
0.517210000955,2.137
0.517220000955,2.137
0.517230000955,2.16825
0.517240000955,2.137
0.517250000955,2.137
0.517260000955,2.16825
0.517270000955,2.16825
0.517280000955,2.16825
0.517290000955,2.16825
0.517300000955,2.16825
0.517310000955,2.16825
0.517320000955,2.16825
0.517330000955,2.16825
0.517340000955,2.16825
0.517350000955,2.16825
0.517360000955,2.16825
0.517370000955,2.1995
0.517380000955,2.137
0.517390000955,2.16825
0.517400000955,2.16825
0.517410000955,2.16825
0.517420000955,2.1995
0.517430000955,2.137
0.517440000955,2.16825
0.517450000955,2.137
0.517460000955,2.1995
0.517470000955,2.1995
0.517480000955,2.16825
0.517490000955,2.16825
0.517500000955,2.16825
0.517510000955,2.137
0.517520000955,2.137
0.517530000955,2.1995
0.517540000955,2.16825
0.517550000955,2.16825
0.517560000955,2.137
0.517570000955,2.1995
0.517580000955,2.16825
0.517590000955,2.16825
0.517600000955,2.16825
0.517610000955,2.1995
0.517620000955,2.137
0.517630000955,2.1995
0.517640000955,2.137
0.517650000955,2.137
0.517660000955,2.137
0.517670000955,2.16825
0.517680000955,2.16825
0.517690000955,2.1995
0.517700000955,2.16825
0.517710000955,2.16825
0.517720000955,2.137
0.517730000955,2.16825
0.517740000955,2.16825
0.517750000955,2.16825
0.517760000955,2.16825
0.517770000955,2.16825
0.517780000955,2.16825
0.517790000955,2.137
0.517800000955,2.16825
0.517810000955,2.137
0.517820000955,2.16825
0.517830000955,2.16825
0.517840000955,2.16825
0.517850000955,2.16825
0.517860000955,2.137
0.517870000955,2.137
0.517880000955,2.137
0.517890000955,2.16825
0.517900000955,2.137
0.517910000955,2.16825
0.517920000955,2.1995
0.517930000955,2.16825
0.517940000955,2.16825
0.517950000955,2.16825
0.517960000955,2.16825
0.517970000955,2.16825
0.517980000955,2.137
0.517990000955,2.137
0.518000000955,2.137
0.518010000955,2.137
0.518020000955,2.16825
0.518030000955,2.137
0.518040000955,2.137
0.518050000955,2.137
0.518060000955,2.16825
0.518070000955,2.16825
0.518080000955,2.137
0.518090000955,2.16825
0.518100000955,2.10575
0.518110000955,2.16825
0.518120000955,2.16825
0.518130000955,2.137
0.518140000955,2.137
0.518150000955,2.16825
0.518160000955,2.16825
0.518170000955,2.137
0.518180000955,2.1995
0.518190000955,2.137
0.518200000955,2.1995
0.518210000955,2.137
0.518220000955,2.137
0.518230000955,2.137
0.518240000955,2.16825
0.518250000955,2.1995
0.518260000955,2.137
0.518270000955,2.137
0.518280000955,2.16825
0.518290000955,2.16825
0.518300000955,2.137
0.518310000955,2.137
0.518320000955,2.137
0.518330000955,2.137
0.518340000955,2.16825
0.518350000955,2.16825
0.518360000955,2.16825
0.518370000955,2.16825
0.518380000955,2.16825
0.518390000955,2.16825
0.518400000955,2.16825
0.518410000955,2.10575
0.518420000955,2.16825
0.518430000955,2.1995
0.518440000955,2.1995
0.518450000955,2.16825
0.518460000955,2.16825
0.518470000955,2.16825
0.518480000955,2.137
0.518490000955,2.137
0.518500000955,2.137
0.518510000955,2.16825
0.518520000955,2.16825
0.518530000955,2.1995
0.518540000955,2.137
0.518550000955,2.137
0.518560000955,2.137
0.518570000955,2.16825
0.518580000955,2.16825
0.518590000955,2.137
0.518600000955,2.16825
0.518610000955,2.16825
0.518620000955,2.137
0.518630000955,2.16825
0.518640000955,2.16825
0.518650000955,2.137
0.518660000955,2.16825
0.518670000955,2.137
0.518680000955,2.16825
0.518690000955,2.137
0.518700000955,2.137
0.518710000955,2.1995
0.518720000955,2.16825
0.518730000955,2.16825
0.518740000955,2.137
0.518750000955,2.1995
0.518760000955,2.16825
0.518770000955,2.137
0.518780000955,2.137
0.518790000955,2.16825
0.518800000955,2.137
0.518810000955,2.16825
0.518820000955,2.16825
0.518830000955,2.16825
0.518840000955,2.16825
0.518850000955,2.16825
0.518860000955,2.16825
0.518870000955,2.137
0.518880000955,2.16825
0.518890000955,2.16825
0.518900000955,2.137
0.518910000955,2.16825
0.518920000955,2.16825
0.518930000955,2.1995
0.518940000955,2.16825
0.518950000955,2.1995
0.518960000955,2.16825
0.518970000955,2.137
0.518980000955,2.137
0.518990000955,2.1995
0.519000000955,2.16825
0.519010000955,2.1995
0.519020000955,2.16825
0.519030000955,2.16825
0.519040000955,2.137
0.519050000955,2.137
0.519060000955,2.16825
0.519070000955,2.16825
0.519080000955,2.137
0.519090000955,2.16825
0.519100000955,2.16825
0.519110000955,2.16825
0.519120000955,2.16825
0.519130000955,2.137
0.519140000955,2.16825
0.519150000955,2.137
0.519160000955,2.137
0.519170000955,2.16825
0.519180000955,2.137
0.519190000955,2.16825
0.519200000955,2.16825
0.519210000955,2.1995
0.519220000955,2.137
0.519230000955,2.16825
0.519240000955,2.16825
0.519250000955,2.16825
0.519260000955,2.16825
0.519270000955,2.16825
0.519280000955,2.137
0.519290000955,2.1995
0.519300000955,2.1995
0.519310000955,2.16825
0.519320000955,2.16825
0.519330000955,2.16825
0.519340000955,2.16825
0.519350000955,2.16825
0.519360000955,2.1995
0.519370000955,2.16825
0.519380000955,2.16825
0.519390000955,2.137
0.519400000955,2.16825
0.519410000955,2.16825
0.519420000955,2.16825
0.519430000955,2.16825
0.519440000955,2.16825
0.519450000955,2.137
0.519460000955,2.16825
0.519470000955,2.137
0.519480000955,2.16825
0.519490000955,2.16825
0.519500000955,2.16825
0.519510000955,2.137
0.519520000955,2.137
0.519530000955,2.137
0.519540000955,2.16825
0.519550000955,2.137
0.519560000955,2.16825
0.519570000955,2.16825
0.519580000955,2.16825
0.519590000955,2.16825
0.519600000955,2.137
0.519610000955,2.16825
0.519620000955,2.16825
0.519630000955,2.1995
0.519640000955,2.16825
0.519650000955,2.137
0.519660000955,2.137
0.519670000955,2.137
0.519680000955,2.1995
0.519690000955,2.137
0.519700000955,2.16825
0.519710000955,2.16825
0.519720000955,2.137
0.519730000955,2.16825
0.519740000955,2.16825
0.519750000955,2.1995
0.519760000955,2.137
0.519770000955,2.16825
0.519780000955,2.16825
0.519790000955,2.16825
0.519800000955,2.137
0.519810000955,2.1995
0.519820000955,2.16825
0.519830000955,2.16825
0.519840000955,2.137
0.519850000955,2.16825
0.519860000955,2.16825
0.519870000955,2.16825
0.519880000955,2.16825
0.519890000955,2.137
0.519900000955,2.137
0.519910000955,2.16825
0.519920000955,2.16825
0.519930000955,2.16825
0.519940000955,2.137
0.519950000955,2.16825
0.519960000955,2.16825
0.519970000955,2.1995
0.519980000955,2.137
0.519990000955,2.137
0.520000000955,2.137
0.520010000955,2.137
0.520020000955,2.16825
0.520030000955,2.16825
0.520040000955,2.137
0.520050000955,2.16825
0.520060000955,2.137
0.520070000955,2.137
0.520080000955,2.137
0.520090000955,2.16825
0.520100000955,2.1995
0.520110000955,2.16825
0.520120000955,2.16825
0.520130000955,2.1995
0.520140000955,2.1995
0.520150000955,2.137
0.520160000955,2.16825
0.520170000955,2.137
0.520180000955,2.137
0.520190000955,2.16825
0.520200000955,2.16825
0.520210000955,2.137
0.520220000955,2.16825
0.520230000955,2.16825
0.520240000955,2.1995
0.520250000955,2.137
0.520260000955,2.1995
0.520270000955,2.137
0.520280000955,2.137
0.520290000955,2.1995
0.520300000955,2.16825
0.520310000955,2.16825
0.520320000955,2.1995
0.520330000955,2.1995
0.520340000955,2.137
0.520350000955,2.16825
0.520360000955,2.16825
0.520370000955,2.16825
0.520380000955,2.137
0.520390000955,2.137
0.520400000955,2.1995
0.520410000955,2.16825
0.520420000955,2.137
0.520430000955,2.16825
0.520440000955,2.16825
0.520450000955,2.137
0.520460000955,2.137
0.520470000955,2.16825
0.520480000955,2.137
0.520490000955,2.1995
0.520500000955,2.137
0.520510000955,2.16825
0.520520000955,2.137
0.520530000955,2.16825
0.520540000955,2.137
0.520550000955,2.16825
0.520560000955,2.16825
0.520570000955,2.137
0.520580000955,2.16825
0.520590000955,2.16825
0.520600000955,2.16825
0.520610000955,2.16825
0.520620000955,2.16825
0.520630000955,2.16825
0.520640000955,2.16825
0.520650000955,2.16825
0.520660000955,2.137
0.520670000955,2.16825
0.520680000955,2.16825
0.520690000955,2.1995
0.520700000955,2.16825
0.520710000955,2.137
0.520720000955,2.16825
0.520730000955,2.1995
0.520740000955,2.16825
0.520750000955,2.1995
0.520760000955,2.137
0.520770000955,2.137
0.520780000955,2.16825
0.520790000955,2.16825
0.520800000955,2.16825
0.520810000955,2.16825
0.520820000955,2.16825
0.520830000955,2.16825
0.520840000955,2.16825
0.520850000955,2.1995
0.520860000955,2.16825
0.520870000955,2.16825
0.520880000955,2.137
0.520890000955,2.137
0.520900000955,2.16825
0.520910000955,2.137
0.520920000955,2.16825
0.520930000955,2.137
0.520940000955,2.16825
0.520950000955,2.16825
0.520960000955,2.137
0.520970000955,2.1995
0.520980000955,2.16825
0.520990000955,2.137
0.521000000955,2.137
0.521010000955,2.16825
0.521020000955,2.1995
0.521030000955,2.137
0.521040000955,2.16825
0.521050000955,2.16825
0.521060000955,2.1995
0.521070000955,2.16825
0.521080000955,2.137
0.521090000955,2.137
0.521100000955,2.10575
0.521110000955,2.16825
0.521120000955,2.16825
0.521130000955,2.16825
0.521140000955,2.137
0.521150000955,2.16825
0.521160000955,2.16825
0.521170000955,2.16825
0.521180000955,2.16825
0.521190000955,2.16825
0.521200000955,2.16825
0.521210000955,2.16825
0.521220000955,2.137
0.521230000955,2.16825
0.521240000955,2.16825
0.521250000955,2.16825
0.521260000955,2.16825
0.521270000955,2.16825
0.521280000955,2.137
0.521290000955,2.16825
0.521300000955,2.10575
0.521310000955,2.16825
0.521320000955,2.1995
0.521330000955,2.16825
0.521340000955,2.16825
0.521350000955,2.16825
0.521360000955,2.16825
0.521370000955,2.1995
0.521380000955,2.16825
0.521390000955,2.1995
0.521400000955,2.16825
0.521410000955,2.16825
0.521420000955,2.1995
0.521430000955,2.10575
0.521440000955,2.16825
0.521450000955,2.16825
0.521460000955,2.16825
0.521470000955,2.16825
0.521480000955,2.16825
0.521490000955,2.16825
0.521500000955,2.16825
0.521510000955,2.16825
0.521520000955,2.16825
0.521530000955,2.16825
0.521540000955,2.16825
0.521550000955,2.16825
0.521560000955,2.16825
0.521570000955,2.16825
0.521580000955,2.16825
0.521590000955,2.16825
0.521600000955,2.137
0.521610000955,2.1995
0.521620000955,2.16825
0.521630000955,2.16825
0.521640000955,2.16825
0.521650000955,2.16825
0.521660000955,2.137
0.521670000955,2.16825
0.521680000955,2.16825
0.521690000955,2.16825
0.521700000955,2.16825
0.521710000955,2.137
0.521720000955,2.137
0.521730000955,2.16825
0.521740000955,2.137
0.521750000955,2.16825
0.521760000955,2.16825
0.521770000955,2.16825
0.521780000955,2.16825
0.521790000955,2.16825
0.521800000955,2.16825
0.521810000955,2.137
0.521820000955,2.16825
0.521830000955,2.16825
0.521840000955,2.137
0.521850000955,2.137
0.521860000955,2.16825
0.521870000955,2.137
0.521880000955,2.137
0.521890000955,2.1995
0.521900000955,2.16825
0.521910000955,2.16825
0.521920000955,2.1995
0.521930000955,2.137
0.521940000955,2.137
0.521950000955,2.137
0.521960000955,2.16825
0.521970000955,2.16825
0.521980000955,2.137
0.521990000955,2.16825
0.522000000955,2.16825
0.522010000955,2.1995
0.522020000955,2.16825
0.522030000955,2.16825
0.522040000955,2.137
0.522050000955,2.23075
0.522060000955,2.137
0.522070000955,2.16825
0.522080000955,2.16825
0.522090000955,2.137
0.522100000955,2.1995
0.522110000955,2.137
0.522120000955,2.137
0.522130000955,2.16825
0.522140000955,2.16825
0.522150000955,2.16825
0.522160000955,2.137
0.522170000955,2.16825
0.522180000955,2.137
0.522190000955,2.16825
0.522200000955,2.16825
0.522210000955,2.16825
0.522220000955,2.137
0.522230000955,2.16825
0.522240000955,2.137
0.522250000955,2.137
0.522260000955,2.16825
0.522270000955,2.1995
0.522280000955,2.137
0.522290000955,2.16825
0.522300000955,2.16825
0.522310000955,2.16825
0.522320000955,2.1995
0.522330000955,2.137
0.522340000955,2.1995
0.522350000955,2.137
0.522360000955,2.16825
0.522370000955,2.1995
0.522380000955,2.16825
0.522390000955,2.137
0.522400000955,2.137
0.522410000955,2.1995
0.522420000955,2.137
0.522430000955,2.16825
0.522440000955,2.16825
0.522450000955,2.137
0.522460000955,2.16825
0.522470000955,2.1995
0.522480000955,2.16825
0.522490000955,2.1995
0.522500000955,2.16825
0.522510000955,2.137
0.522520000955,2.137
0.522530000955,2.16825
0.522540000955,2.1995
0.522550000955,2.137
0.522560000955,2.137
0.522570000955,2.16825
0.522580000955,2.1995
0.522590000955,2.1995
0.522600000955,2.16825
0.522610000955,2.16825
0.522620000955,2.16825
0.522630000955,2.16825
0.522640000955,2.16825
0.522650000955,2.16825
0.522660000955,2.1995
0.522670000955,2.16825
0.522680000955,2.137
0.522690000955,2.16825
0.522700000955,2.137
0.522710000955,2.16825
0.522720000955,2.16825
0.522730000955,2.16825
0.522740000955,2.16825
0.522750000955,2.16825
0.522760000955,2.16825
0.522770000955,2.16825
0.522780000955,2.16825
0.522790000955,2.16825
0.522800000955,2.137
0.522810000955,2.1995
0.522820000955,2.16825
0.522830000955,2.16825
0.522840000955,2.137
0.522850000955,2.137
0.522860000955,2.10575
0.522870000955,2.16825
0.522880000955,2.1995
0.522890000955,2.16825
0.522900000955,2.16825
0.522910000955,2.16825
0.522920000955,2.16825
0.522930000955,2.1995
0.522940000955,2.16825
0.522950000955,2.137
0.522960000955,2.16825
0.522970000955,2.16825
0.522980000955,2.16825
0.522990000955,2.137
0.523000000955,2.1995
0.523010000955,2.16825
0.523020000955,2.1995
0.523030000955,2.16825
0.523040000955,2.16825
0.523050000955,2.137
0.523060000955,2.16825
0.523070000955,2.16825
0.523080000955,2.16825
0.523090000955,2.16825
0.523100000955,2.16825
0.523110000955,2.137
0.523120000955,2.137
0.523130000955,2.16825
0.523140000955,2.16825
0.523150000955,2.16825
0.523160000955,2.1995
0.523170000955,2.16825
0.523180000955,2.16825
0.523190000955,2.16825
0.523200000955,2.137
0.523210000955,2.137
0.523220000955,2.16825
0.523230000955,2.16825
0.523240000955,2.137
0.523250000955,2.16825
0.523260000955,2.16825
0.523270000955,2.16825
0.523280000955,2.1995
0.523290000955,2.137
0.523300000955,2.16825
0.523310000955,2.1995
0.523320000955,2.16825
0.523330000955,2.137
0.523340000955,2.16825
0.523350000955,2.137
0.523360000955,2.16825
0.523370000955,2.16825
0.523380000955,2.137
0.523390000955,2.16825
0.523400000955,2.137
0.523410000955,2.137
0.523420000955,2.16825
0.523430000955,2.16825
0.523440000955,2.137
0.523450000955,2.137
0.523460000955,2.137
0.523470000955,2.16825
0.523480000955,2.16825
0.523490000955,2.16825
0.523500000955,2.16825
0.523510000955,2.137
0.523520000955,2.1995
0.523530000955,2.16825
0.523540000955,2.1995
0.523550000955,2.16825
0.523560000955,2.137
0.523570000955,2.16825
0.523580000955,2.16825
0.523590000955,2.16825
0.523600000955,2.16825
0.523610000955,2.1995
0.523620000955,2.16825
0.523630000955,2.1995
0.523640000955,2.16825
0.523650000955,2.16825
0.523660000955,2.137
0.523670000955,2.16825
0.523680000955,2.16825
0.523690000955,2.137
0.523700000955,2.137
0.523710000955,2.16825
0.523720000955,2.16825
0.523730000955,2.137
0.523740000955,2.16825
0.523750000955,2.137
0.523760000955,2.1995
0.523770000955,2.16825
0.523780000955,2.16825
0.523790000955,2.10575
0.523800000955,2.16825
0.523810000955,2.137
0.523820000955,2.137
0.523830000955,2.16825
0.523840000955,2.16825
0.523850000955,2.1995
0.523860000955,2.16825
0.523870000955,2.1995
0.523880000955,2.16825
0.523890000955,2.137
0.523900000955,2.16825
0.523910000955,2.16825
0.523920000955,2.16825
0.523930000955,2.16825
0.523940000955,2.16825
0.523950000955,2.16825
0.523960000955,2.137
0.523970000955,2.137
0.523980000955,2.16825
0.523990000955,2.16825
0.524000000955,2.137
0.524010000955,2.137
0.524020000955,2.16825
0.524030000955,2.137
0.524040000955,2.16825
0.524050000955,2.137
0.524060000955,2.137
0.524070000955,2.1995
0.524080000955,2.16825
0.524090000955,2.137
0.524100000955,2.16825
0.524110000955,2.1995
0.524120000955,2.137
0.524130000955,2.16825
0.524140000955,2.16825
0.524150000955,2.16825
0.524160000955,2.137
0.524170000955,2.16825
0.524180000955,2.16825
0.524190000955,2.137
0.524200000955,2.1995
0.524210000955,2.137
0.524220000955,2.137
0.524230000955,2.16825
0.524240000955,2.16825
0.524250000955,2.1995
0.524260000955,2.1995
0.524270000955,2.137
0.524280000955,2.137
0.524290000955,2.16825
0.524300000955,2.16825
0.524310000955,2.16825
0.524320000955,2.1995
0.524330000955,2.10575
0.524340000955,2.137
0.524350000955,2.16825
0.524360000955,2.1995
0.524370000955,2.137
0.524380000955,2.137
0.524390000955,2.16825
0.524400000955,2.137
0.524410000955,2.137
0.524420000955,2.16825
0.524430000955,2.137
0.524440000955,2.16825
0.524450000955,2.16825
0.524460000955,2.1995
0.524470000955,2.137
0.524480000955,2.137
0.524490000955,2.137
0.524500000955,2.16825
0.524510000955,2.16825
0.524520000955,2.16825
0.524530000955,2.137
0.524540000955,2.16825
0.524550000955,2.137
0.524560000955,2.16825
0.524570000955,2.16825
0.524580000955,2.137
0.524590000955,2.137
0.524600000955,2.1995
0.524610000955,2.137
0.524620000955,2.1995
0.524630000955,2.137
0.524640000955,2.137
0.524650000955,2.137
0.524660000955,2.1995
0.524670000955,2.137
0.524680000955,2.16825
0.524690000955,2.137
0.524700000955,2.16825
0.524710000955,2.137
0.524720000955,2.137
0.524730000955,2.16825
0.524740000955,2.16825
0.524750000955,2.1995
0.524760000955,2.10575
0.524770000955,2.137
0.524780000955,2.10575
0.524790000955,2.137
0.524800000955,2.16825
0.524810000955,2.16825
0.524820000955,2.16825
0.524830000955,2.137
0.524840000955,2.16825
0.524850000955,2.137
0.524860000955,2.16825
0.524870000955,2.16825
0.524880000955,2.16825
0.524890000955,2.16825
0.524900000955,2.137
0.524910000955,2.137
0.524920000955,2.16825
0.524930000955,2.137
0.524940000955,2.16825
0.524950000955,2.16825
0.524960000955,2.16825
0.524970000955,2.1995
0.524980000955,2.16825
0.524990000955,2.137
0.525000000955,2.16825
0.525010000955,2.1995
0.525020000955,2.16825
0.525030000955,2.16825
0.525040000955,2.16825
0.525050000955,2.16825
0.525060000955,2.137
0.525070000955,2.16825
0.525080000955,2.137
0.525090000955,2.16825
0.525100000955,2.137
0.525110000955,2.16825
0.525120000955,2.137
0.525130000955,2.137
0.525140000955,2.16825
0.525150000955,2.16825
0.525160000955,2.137
0.525170000955,2.16825
0.525180000955,2.23075
0.525190000955,2.137
0.525200000955,2.137
0.525210000955,2.1995
0.525220000955,2.137
0.525230000955,2.16825
0.525240000955,2.137
0.525250000955,2.137
0.525260000955,2.16825
0.525270000955,2.16825
0.525280000955,2.137
0.525290000955,2.16825
0.525300000955,2.137
0.525310000955,2.16825
0.525320000955,2.16825
0.525330000955,2.137
0.525340000955,2.16825
0.525350000955,2.16825
0.525360000955,2.137
0.525370000955,2.16825
0.525380000955,2.16825
0.525390000955,2.16825
0.525400000955,2.16825
0.525410000955,2.16825
0.525420000955,2.137
0.525430000955,2.16825
0.525440000955,2.1995
0.525450000955,2.1995
0.525460000955,2.137
0.525470000955,2.137
0.525480000955,2.10575
0.525490000955,2.16825
0.525500000955,2.137
0.525510000955,2.1995
0.525520000955,2.137
0.525530000955,2.16825
0.525540000955,2.137
0.525550000955,2.137
0.525560000955,2.16825
0.525570000955,2.16825
0.525580000955,2.137
0.525590000955,2.16825
0.525600000955,2.16825
0.525610000955,2.16825
0.525620000955,2.16825
0.525630000955,2.16825
0.525640000955,2.16825
0.525650000955,2.16825
0.525660000955,2.16825
0.525670000955,2.16825
0.525680000955,2.16825
0.525690000955,2.16825
0.525700000955,2.16825
0.525710000955,2.16825
0.525720000955,2.137
0.525730000955,2.16825
0.525740000955,2.137
0.525750000955,2.16825
0.525760000955,2.1995
0.525770000955,2.1995
0.525780000955,2.16825
0.525790000955,2.137
0.525800000955,2.1995
0.525810000955,2.16825
0.525820000955,2.137
0.525830000955,2.137
0.525840000955,2.1995
0.525850000955,2.137
0.525860000955,2.16825
0.525870000955,2.16825
0.525880000955,2.16825
0.525890000955,2.16825
0.525900000955,2.1995
0.525910000955,2.137
0.525920000955,2.16825
0.525930000955,2.16825
0.525940000955,2.16825
0.525950000955,2.137
0.525960000955,2.137
0.525970000955,2.16825
0.525980000955,2.16825
0.525990000955,2.137
0.526000000955,2.16825
0.526010000955,2.16825
0.526020000955,2.137
0.526030000955,2.1995
0.526040000955,2.137
0.526050000955,2.137
0.526060000955,2.16825
0.526070000955,2.137
0.526080000955,2.137
0.526090000955,2.1995
0.526100000955,2.137
0.526110000955,2.16825
0.526120000955,2.137
0.526130000955,2.16825
0.526140000955,2.137
0.526150000955,2.16825
0.526160000955,2.16825
0.526170000955,2.137
0.526180000955,2.16825
0.526190000955,2.16825
0.526200000955,2.137
0.526210000955,2.16825
0.526220000955,2.1995
0.526230000955,2.16825
0.526240000955,2.16825
0.526250000955,2.137
0.526260000955,2.16825
0.526270000955,2.137
0.526280000955,2.137
0.526290000955,2.16825
0.526300000955,2.1995
0.526310000955,2.137
0.526320000955,2.137
0.526330000955,2.16825
0.526340000955,2.16825
0.526350000955,2.16825
0.526360000955,2.16825
0.526370000955,2.16825
0.526380000955,2.137
0.526390000955,2.16825
0.526400000955,2.16825
0.526410000955,2.16825
0.526420000955,2.16825
0.526430000955,2.1995
0.526440000955,2.10575
0.526450000955,2.16825
0.526460000955,2.16825
0.526470000955,2.16825
0.526480000955,2.137
0.526490000955,2.137
0.526500000955,2.16825
0.526510000955,2.1995
0.526520000955,2.16825
0.526530000955,2.16825
0.526540000955,2.1995
0.526550000955,2.16825
0.526560000955,2.16825
0.526570000955,2.137
0.526580000955,2.137
0.526590000955,2.1995
0.526600000955,2.16825
0.526610000955,2.1995
0.526620000955,2.1995
0.526630000955,2.1995
0.526640000955,2.1995
0.526650000955,2.16825
0.526660000955,2.137
0.526670000955,2.16825
0.526680000955,2.16825
0.526690000955,2.16825
0.526700000955,2.16825
0.526710000955,2.16825
0.526720000955,2.16825
0.526730000955,2.1995
0.526740000955,2.16825
0.526750000955,2.16825
0.526760000955,2.16825
0.526770000955,2.10575
0.526780000955,2.16825
0.526790000955,2.16825
0.526800000955,2.16825
0.526810000955,2.16825
0.526820000955,2.16825
0.526830000955,2.137
0.526840000955,2.16825
0.526850000955,2.16825
0.526860000955,2.16825
0.526870000955,2.137
0.526880000955,2.16825
0.526890000955,2.16825
0.526900000955,2.137
0.526910000955,2.10575
0.526920000955,2.16825
0.526930000955,2.137
0.526940000955,2.16825
0.526950000955,2.16825
0.526960000955,2.16825
0.526970000955,2.16825
0.526980000955,2.16825
0.526990000955,2.1995
0.527000000955,2.16825
0.527010000955,2.16825
0.527020000955,2.137
0.527030000955,2.16825
0.527040000955,2.16825
0.527050000955,2.16825
0.527060000955,2.16825
0.527070000955,2.16825
0.527080000955,2.16825
0.527090000955,2.1995
0.527100000955,2.137
0.527110000955,2.16825
0.527120000955,2.16825
0.527130000955,2.137
0.527140000955,2.137
0.527150000955,2.137
0.527160000955,2.16825
0.527170000955,2.16825
0.527180000955,2.16825
0.527190000955,2.16825
0.527200000955,2.137
0.527210000955,2.16825
0.527220000955,2.1995
0.527230000955,2.137
0.527240000955,2.137
0.527250000955,2.16825
0.527260000955,2.1995
0.527270000955,2.16825
0.527280000955,2.137
0.527290000955,2.137
0.527300000955,2.137
0.527310000955,2.16825
0.527320000955,2.16825
0.527330000955,2.1995
0.527340000955,2.16825
0.527350000955,2.16825
0.527360000955,2.1995
0.527370000955,2.16825
0.527380000955,2.137
0.527390000955,2.16825
0.527400000955,2.137
0.527410000955,2.16825
0.527420000955,2.16825
0.527430000955,2.16825
0.527440000955,2.16825
0.527450000955,2.137
0.527460000955,2.16825
0.527470000955,2.16825
0.527480000955,2.1995
0.527490000955,2.137
0.527500000955,2.16825
0.527510000955,2.137
0.527520000955,2.1995
0.527530000955,2.16825
0.527540000955,2.1995
0.527550000955,2.137
0.527560000955,2.16825
0.527570000955,2.16825
0.527580000955,2.16825
0.527590000955,2.16825
0.527600000955,2.1995
0.527610000955,2.137
0.527620000955,2.137
0.527630000955,2.137
0.527640000955,2.137
0.527650000955,2.16825
0.527660000955,2.16825
0.527670000955,2.16825
0.527680000955,2.1995
0.527690000955,2.137
0.527700000955,2.137
0.527710000955,2.16825
0.527720000955,2.16825
0.527730000955,2.16825
0.527740000955,2.137
0.527750000955,2.16825
0.527760000955,2.16825
0.527770000955,2.16825
0.527780000955,2.1995
0.527790000955,2.16825
0.527800000955,2.16825
0.527810000955,2.137
0.527820000955,2.16825
0.527830000955,2.137
0.527840000955,2.1995
0.527850000955,2.1995
0.527860000955,2.137
0.527870000955,2.16825
0.527880000955,2.137
0.527890000955,2.137
0.527900000955,2.1995
0.527910000955,2.16825
0.527920000955,2.16825
0.527930000955,2.16825
0.527940000955,2.16825
0.527950000955,2.16825
0.527960000955,2.16825
0.527970000955,2.16825
0.527980000955,2.16825
0.527990000955,2.137
0.528000000955,2.137
0.528010000955,2.16825
0.528020000955,2.16825
0.528030000955,2.137
0.528040000955,2.137
0.528050000955,2.137
0.528060000955,2.137
0.528070000955,2.16825
0.528080000955,2.16825
0.528090000955,2.1995
0.528100000955,2.16825
0.528110000955,2.16825
0.528120000955,2.16825
0.528130000955,2.1995
0.528140000955,2.16825
0.528150000955,2.16825
0.528160000955,2.16825
0.528170000955,2.137
0.528180000955,2.16825
0.528190000955,2.16825
0.528200000955,2.137
0.528210000955,2.137
0.528220000955,2.16825
0.528230000955,2.16825
0.528240000955,2.16825
0.528250000955,2.16825
0.528260000955,2.137
0.528270000955,2.137
0.528280000955,2.137
0.528290000955,2.16825
0.528300000955,2.137
0.528310000955,2.16825
0.528320000955,2.137
0.528330000955,2.16825
0.528340000955,2.16825
0.528350000955,2.16825
0.528360000955,2.137
0.528370000955,2.137
0.528380000955,2.137
0.528390000955,2.137
0.528400000955,2.16825
0.528410000955,2.137
0.528420000955,2.137
0.528430000955,2.137
0.528440000955,2.16825
0.528450000955,2.137
0.528460000955,2.16825
0.528470000955,2.16825
0.528480000955,2.10575
0.528490000955,2.16825
0.528500000955,2.137
0.528510000955,2.16825
0.528520000955,2.16825
0.528530000955,2.16825
0.528540000955,2.137
0.528550000955,2.16825
0.528560000955,2.16825
0.528570000955,2.137
0.528580000955,2.16825
0.528590000955,2.137
0.528600000955,2.137
0.528610000955,2.1995
0.528620000955,2.16825
0.528630000955,2.16825
0.528640000955,2.16825
0.528650000955,2.16825
0.528660000955,2.16825
0.528670000955,2.137
0.528680000955,2.137
0.528690000955,2.137
0.528700000955,2.16825
0.528710000955,2.16825
0.528720000955,2.16825
0.528730000955,2.137
0.528740000955,2.10575
0.528750000955,2.1995
0.528760000955,2.16825
0.528770000955,2.16825
0.528780000955,2.137
0.528790000955,2.137
0.528800000955,2.1995
0.528810000955,2.16825
0.528820000955,2.137
0.528830000955,2.16825
0.528840000955,2.1995
0.528850000955,2.137
0.528860000955,2.137
0.528870000955,2.137
0.528880000955,2.137
0.528890000955,2.137
0.528900000955,2.137
0.528910000955,2.16825
0.528920000955,2.16825
0.528930000955,2.16825
0.528940000955,2.137
0.528950000955,2.16825
0.528960000955,2.137
0.528970000955,2.16825
0.528980000955,2.137
0.528990000955,2.137
0.529000000955,2.16825
0.529010000955,2.137
0.529020000955,2.137
0.529030000955,2.137
0.529040000955,2.16825
0.529050000955,2.16825
0.529060000955,2.16825
0.529070000955,2.137
0.529080000955,2.137
0.529090000955,2.1995
0.529100000955,2.137
0.529110000955,2.16825
0.529120000955,2.16825
0.529130000955,2.16825
0.529140000955,2.137
0.529150000955,2.137
0.529160000955,2.137
0.529170000955,2.16825
0.529180000955,2.137
0.529190000955,2.16825
0.529200000955,2.137
0.529210000955,2.137
0.529220000955,2.137
0.529230000955,2.137
0.529240000955,2.137
0.529250000955,2.16825
0.529260000955,2.10575
0.529270000955,2.137
0.529280000955,2.16825
0.529290000955,2.137
0.529300000955,2.137
0.529310000955,2.10575
0.529320000955,2.10575
0.529330000955,2.137
0.529340000955,2.137
0.529350000955,2.16825
0.529360000955,2.137
0.529370000955,2.16825
0.529380000955,2.16825
0.529390000955,2.137
0.529400000955,2.16825
0.529410000955,2.137
0.529420000955,2.137
0.529430000955,2.16825
0.529440000955,2.137
0.529450000955,2.16825
0.529460000955,2.10575
0.529470000955,2.16825
0.529480000955,2.137
0.529490000955,2.10575
0.529500000955,2.16825
0.529510000955,2.16825
0.529520000955,2.16825
0.529530000955,2.16825
0.529540000955,2.137
0.529550000955,2.16825
0.529560000955,2.137
0.529570000955,2.137
0.529580000955,2.137
0.529590000955,2.137
0.529600000955,2.137
0.529610000955,2.137
0.529620000955,2.137
0.529630000955,2.16825
0.529640000955,2.137
0.529650000955,2.137
0.529660000955,2.16825
0.529670000955,2.137
0.529680000955,2.137
0.529690000955,2.137
0.529700000955,2.16825
0.529710000955,2.16825
0.529720000955,2.137
0.529730000955,2.16825
0.529740000955,2.16825
0.529750000955,2.16825
0.529760000955,2.137
0.529770000955,2.137
0.529780000955,2.137
0.529790000955,2.137
0.529800000955,2.137
0.529810000955,2.137
0.529820000955,2.137
0.529830000955,2.137
0.529840000955,2.10575
0.529850000955,2.16825
0.529860000955,2.137
0.529870000955,2.16825
0.529880000955,2.16825
0.529890000955,2.16825
0.529900000955,2.16825
0.529910000955,2.16825
0.529920000955,2.137
0.529930000955,2.137
0.529940000955,2.16825
0.529950000955,2.16825
0.529960000955,2.137
0.529970000955,2.137
0.529980000955,2.16825
0.529990000955,2.137
0.530000000955,2.16825
0.530010000955,2.10575
0.530020000955,2.137
0.530030000955,2.137
0.530040000955,2.137
0.530050000955,2.137
0.530060000955,2.137
0.530070000955,2.137
0.530080000955,2.137
0.530090000955,2.16825
0.530100000955,2.137
0.530110000955,2.137
0.530120000955,2.16825
0.530130000955,2.137
0.530140000955,2.137
0.530150000955,2.16825
0.530160000955,2.137
0.530170000955,2.137
0.530180000955,2.137
0.530190000955,2.10575
0.530200000955,2.137
0.530210000955,2.16825
0.530220000955,2.16825
0.530230000955,2.137
0.530240000955,2.137
0.530250000955,2.137
0.530260000955,2.137
0.530270000955,2.137
0.530280000955,2.137
0.530290000955,2.137
0.530300000955,2.10575
0.530310000955,2.137
0.530320000955,2.137
0.530330000955,2.137
0.530340000955,2.137
0.530350000955,2.16825
0.530360000955,2.137
0.530370000955,2.137
0.530380000955,2.10575
0.530390000955,2.16825
0.530400000955,2.10575
0.530410000955,2.137
0.530420000955,2.16825
0.530430000955,2.137
0.530440000955,2.137
0.530450000955,2.10575
0.530460000955,2.16825
0.530470000955,2.137
0.530480000955,2.137
0.530490000955,2.10575
0.530500000955,2.137
0.530510000955,2.137
0.530520000955,2.16825
0.530530000955,2.137
0.530540000955,2.16825
0.530550000955,2.137
0.530560000955,2.16825
0.530570000955,2.10575
0.530580000955,2.137
0.530590000955,2.137
0.530600000955,2.10575
0.530610000955,2.16825
0.530620000955,2.16825
0.530630000955,2.137
0.530640000955,2.137
0.530650000955,2.137
0.530660000955,2.16825
0.530670000955,2.137
0.530680000955,2.137
0.530690000955,2.10575
0.530700000955,2.137
0.530710000955,2.137
0.530720000955,2.137
0.530730000955,2.10575
0.530740000955,2.137
0.530750000955,2.16825
0.530760000955,2.137
0.530770000955,2.137
0.530780000955,2.137
0.530790000955,2.10575
0.530800000955,2.16825
0.530810000955,2.10575
0.530820000955,2.16825
0.530830000955,2.137
0.530840000955,2.137
0.530850000955,2.137
0.530860000955,2.137
0.530870000955,2.137
0.530880000955,2.137
0.530890000955,2.137
0.530900000955,2.16825
0.530910000955,2.16825
0.530920000955,2.137
0.530930000955,2.16825
0.530940000955,2.137
0.530950000955,2.16825
0.530960000955,2.16825
0.530970000955,2.137
0.530980000955,2.137
0.530990000955,2.137
0.531000000955,2.137
0.531010000955,2.137
0.531020000955,2.10575
0.531030000955,2.16825
0.531040000955,2.137
0.531050000955,2.137
0.531060000955,2.10575
0.531070000955,2.137
0.531080000955,2.10575
0.531090000955,2.137
0.531100000955,2.10575
0.531110000955,2.137
0.531120000955,2.137
0.531130000955,2.10575
0.531140000955,2.10575
0.531150000955,2.10575
0.531160000955,2.137
0.531170000955,2.137
0.531180000955,2.137
0.531190000955,2.137
0.531200000955,2.10575
0.531210000955,2.137
0.531220000955,2.137
0.531230000955,2.10575
0.531240000955,2.137
0.531250000955,2.137
0.531260000955,2.137
0.531270000955,2.16825
0.531280000955,2.10575
0.531290000955,2.137
0.531300000955,2.137
0.531310000955,2.137
0.531320000955,2.10575
0.531330000955,2.137
0.531340000955,2.137
0.531350000955,2.16825
0.531360000955,2.137
0.531370000955,2.137
0.531380000955,2.10575
0.531390000955,2.137
0.531400000955,2.137
0.531410000955,2.137
0.531420000955,2.137
0.531430000955,2.10575
0.531440000955,2.137
0.531450000955,2.10575
0.531460000955,2.137
0.531470000955,2.137
0.531480000955,2.137
0.531490000955,2.137
0.531500000955,2.137
0.531510000955,2.16825
0.531520000955,2.16825
0.531530000955,2.137
0.531540000955,2.137
0.531550000955,2.137
0.531560000955,2.10575
0.531570000955,2.16825
0.531580000955,2.16825
0.531590000955,2.10575
0.531600000955,2.137
0.531610000955,2.16825
0.531620000955,2.16825
0.531630000955,2.137
0.531640000955,2.137
0.531650000955,2.10575
0.531660000955,2.137
0.531670000955,2.10575
0.531680000955,2.137
0.531690000955,2.137
0.531700000955,2.137
0.531710000955,2.10575
0.531720000955,2.137
0.531730000955,2.137
0.531740000955,2.137
0.531750000955,2.137
0.531760000955,2.137
0.531770000955,2.137
0.531780000955,2.16825
0.531790000955,2.137
0.531800000955,2.137
0.531810000955,2.10575
0.531820000955,2.16825
0.531830000955,2.137
0.531840000955,2.137
0.531850000955,2.137
0.531860000955,2.137
0.531870000955,2.16825
0.531880000955,2.137
0.531890000955,2.16825
0.531900000955,2.16825
0.531910000955,2.137
0.531920000955,2.137
0.531930000955,2.137
0.531940000955,2.16825
0.531950000955,2.137
0.531960000955,2.137
0.531970000955,2.137
0.531980000955,2.137
0.531990000955,2.137
0.532000000955,2.10575
0.532010000955,2.137
0.532020000955,2.137
0.532030000955,2.137
0.532040000955,2.137
0.532050000955,2.10575
0.532060000955,2.10575
0.532070000955,2.10575
0.532080000955,2.137
0.532090000955,2.16825
0.532100000955,2.137
0.532110000955,2.10575
0.532120000955,2.137
0.532130000955,2.10575
0.532140000955,2.137
0.532150000955,2.16825
0.532160000955,2.137
0.532170000955,2.137
0.532180000955,2.137
0.532190000955,2.137
0.532200000955,2.137
0.532210000955,2.16825
0.532220000955,2.137
0.532230000955,2.137
0.532240000955,2.16825
0.532250000955,2.137
0.532260000955,2.16825
0.532270000955,2.137
0.532280000955,2.137
0.532290000955,2.137
0.532300000955,2.137
0.532310000955,2.137
0.532320000955,2.137
0.532330000955,2.137
0.532340000955,2.137
0.532350000955,2.16825
0.532360000955,2.137
0.532370000955,2.16825
0.532380000955,2.137
0.532390000955,2.137
0.532400000955,2.137
0.532410000955,2.137
0.532420000955,2.16825
0.532430000955,2.137
0.532440000955,2.137
0.532450000955,2.16825
0.532460000955,2.137
0.532470000955,2.137
0.532480000955,2.137
0.532490000955,2.137
0.532500000955,2.16825
0.532510000955,2.16825
0.532520000955,2.16825
0.532530000955,2.16825
0.532540000955,2.16825
0.532550000955,2.10575
0.532560000955,2.137
0.532570000955,2.10575
0.532580000955,2.137
0.532590000955,2.137
0.532600000955,2.137
0.532610000955,2.137
0.532620000955,2.137
0.532630000955,2.16825
0.532640000955,2.16825
0.532650000955,2.137
0.532660000955,2.10575
0.532670000955,2.16825
0.532680000955,2.137
0.532690000955,2.137
0.532700000955,2.137
0.532710000955,2.16825
0.532720000955,2.1995
0.532730000955,2.16825
0.532740000955,2.16825
0.532750000955,2.137
0.532760000955,2.137
0.532770000955,2.10575
0.532780000955,2.137
0.532790000955,2.137
0.532800000955,2.137
0.532810000955,2.137
0.532820000955,2.137
0.532830000955,2.137
0.532840000955,2.10575
0.532850000955,2.137
0.532860000955,2.137
0.532870000955,2.137
0.532880000955,2.137
0.532890000955,2.16825
0.532900000955,2.137
0.532910000955,2.16825
0.532920000955,2.137
0.532930000955,2.137
0.532940000955,2.137
0.532950000955,2.137
0.532960000955,2.137
0.532970000955,2.16825
0.532980000955,2.137
0.532990000955,2.16825
0.533000000955,2.10575
0.533010000955,2.137
0.533020000955,2.137
0.533030000955,2.137
0.533040000955,2.137
0.533050000955,2.137
0.533060000955,2.10575
0.533070000955,2.137
0.533080000955,2.16825
0.533090000955,2.137
0.533100000955,2.137
0.533110000955,2.137
0.533120000955,2.137
0.533130000955,2.137
0.533140000955,2.137
0.533150000955,2.137
0.533160000955,2.16825
0.533170000955,2.137
0.533180000955,2.16825
0.533190000955,2.137
0.533200000955,2.137
0.533210000955,2.10575
0.533220000955,2.137
0.533230000955,2.137
0.533240000955,2.10575
0.533250000955,2.137
0.533260000955,2.137
0.533270000955,2.137
0.533280000955,2.137
0.533290000955,2.1995
0.533300000955,2.10575
0.533310000955,2.137
0.533320000955,2.16825
0.533330000955,2.16825
0.533340000955,2.10575
0.533350000955,2.1995
0.533360000955,2.16825
0.533370000955,2.137
0.533380000955,2.137
0.533390000955,2.137
0.533400000955,2.10575
0.533410000955,2.10575
0.533420000955,2.137
0.533430000955,2.137
0.533440000955,2.137
0.533450000955,2.137
0.533460000955,2.137
0.533470000955,2.137
0.533480000955,2.137
0.533490000955,2.137
0.533500000955,2.16825
0.533510000955,2.16825
0.533520000955,2.137
0.533530000955,2.16825
0.533540000955,2.137
0.533550000955,2.137
0.533560000955,2.137
0.533570000955,2.137
0.533580000955,2.10575
0.533590000955,2.137
0.533600000955,2.137
0.533610000955,2.137
0.533620000955,2.10575
0.533630000955,2.137
0.533640000955,2.137
0.533650000955,2.137
0.533660000955,2.10575
0.533670000955,2.137
0.533680000955,2.16825
0.533690000955,2.137
0.533700000955,2.16825
0.533710000955,2.137
0.533720000955,2.16825
0.533730000955,2.16825
0.533740000955,2.10575
0.533750000955,2.137
0.533760000955,2.137
0.533770000955,2.137
0.533780000955,2.137
0.533790000955,2.16825
0.533800000955,2.137
0.533810000955,2.10575
0.533820000955,2.16825
0.533830000955,2.137
0.533840000955,2.16825
0.533850000955,2.16825
0.533860000955,2.137
0.533870000955,2.137
0.533880000955,2.16825
0.533890000955,2.16825
0.533900000955,2.137
0.533910000955,2.137
0.533920000955,2.137
0.533930000955,2.137
0.533940000955,2.137
0.533950000955,2.137
0.533960000955,2.137
0.533970000955,2.10575
0.533980000955,2.16825
0.533990000955,2.137
0.534000000955,2.137
0.534010000955,2.16825
0.534020000955,2.137
0.534030000955,2.137
0.534040000955,2.137
0.534050000955,2.137
0.534060000955,2.10575
0.534070000955,2.137
0.534080000955,2.10575
0.534090000955,2.16825
0.534100000955,2.137
0.534110000955,2.137
0.534120000955,2.137
0.534130000955,2.137
0.534140000955,2.137
0.534150000955,2.137
0.534160000955,2.137
0.534170000955,2.137
0.534180000955,2.137
0.534190000955,2.16825
0.534200000955,2.16825
0.534210000955,2.16825
0.534220000955,2.10575
0.534230000955,2.137
0.534240000955,2.137
0.534250000955,2.16825
0.534260000955,2.16825
0.534270000955,2.137
0.534280000955,2.137
0.534290000955,2.16825
0.534300000955,2.16825
0.534310000955,2.137
0.534320000955,2.137
0.534330000955,2.16825
0.534340000955,2.137
0.534350000955,2.16825
0.534360000955,2.10575
0.534370000955,2.16825
0.534380000955,2.137
0.534390000955,2.137
0.534400000955,2.137
0.534410000955,2.137
0.534420000955,2.137
0.534430000955,2.16825
0.534440000955,2.16825
0.534450000955,2.16825
0.534460000955,2.137
0.534470000955,2.137
0.534480000955,2.16825
0.534490000955,2.16825
0.534500000955,2.137
0.534510000955,2.137
0.534520000955,2.137
0.534530000955,2.16825
0.534540000955,2.137
0.534550000955,2.137
0.534560000955,2.16825
0.534570000955,2.137
0.534580000955,2.137
0.534590000955,2.16825
0.534600000955,2.10575
0.534610000955,2.137
0.534620000955,2.137
0.534630000955,2.137
0.534640000955,2.137
0.534650000955,2.16825
0.534660000955,2.137
0.534670000955,2.137
0.534680000955,2.16825
0.534690000955,2.10575
0.534700000955,2.137
0.534710000955,2.137
0.534720000955,2.137
0.534730000955,2.137
0.534740000955,2.137
0.534750000955,2.137
0.534760000955,2.137
0.534770000955,2.0745
0.534780000955,2.137
0.534790000955,2.137
0.534800000955,2.137
0.534810000955,2.137
0.534820000955,2.137
0.534830000955,2.16825
0.534840000955,2.16825
0.534850000955,2.137
0.534860000955,2.137
0.534870000955,2.16825
0.534880000955,2.137
0.534890000955,2.16825
0.534900000955,2.16825
0.534910000955,2.137
0.534920000955,2.10575
0.534930000955,2.137
0.534940000955,2.137
0.534950000955,2.137
0.534960000955,2.10575
0.534970000955,2.137
0.534980000955,2.137
0.534990000955,2.137
0.535000000955,2.10575
0.535010000955,2.10575
0.535020000955,2.16825
0.535030000955,2.16825
0.535040000955,2.137
0.535050000955,2.16825
0.535060000955,2.137
0.535070000955,2.137
0.535080000955,2.137
0.535090000955,2.137
0.535100000955,2.16825
0.535110000955,2.137
0.535120000955,2.16825
0.535130000955,2.137
0.535140000955,2.16825
0.535150000955,2.137
0.535160000955,2.137
0.535170000955,2.137
0.535180000955,2.137
0.535190000955,2.16825
0.535200000955,2.16825
0.535210000955,2.137
0.535220000955,2.137
0.535230000955,2.16825
0.535240000955,2.16825
0.535250000955,2.10575
0.535260000955,2.137
0.535270000955,2.137
0.535280000955,2.137
0.535290000955,2.16825
0.535300000955,2.16825
0.535310000955,2.16825
0.535320000955,2.137
0.535330000955,2.137
0.535340000955,2.16825
0.535350000955,2.137
0.535360000955,2.137
0.535370000955,2.137
0.535380000955,2.137
0.535390000955,2.16825
0.535400000955,2.16825
0.535410000955,2.137
0.535420000955,2.137
0.535430000955,2.137
0.535440000955,2.16825
0.535450000955,2.137
0.535460000955,2.16825
0.535470000955,2.137
0.535480000955,2.16825
0.535490000955,2.1995
0.535500000955,2.10575
0.535510000955,2.137
0.535520000955,2.16825
0.535530000955,2.10575
0.535540000955,2.16825
0.535550000955,2.10575
0.535560000955,2.137
0.535570000955,2.137
0.535580000955,2.137
0.535590000955,2.137
0.535600000955,2.137
0.535610000955,2.137
0.535620000955,2.10575
0.535630000955,2.10575
0.535640000955,2.137
0.535650000955,2.16825
0.535660000955,2.137
0.535670000955,2.16825
0.535680000955,2.137
0.535690000955,2.137
0.535700000955,2.137
0.535710000955,2.10575
0.535720000955,2.137
0.535730000955,2.137
0.535740000955,2.137
0.535750000955,2.16825
0.535760000955,2.137
0.535770000955,2.137
0.535780000955,2.137
0.535790000955,2.137
0.535800000955,2.10575
0.535810000955,2.16825
0.535820000955,2.137
0.535830000955,2.137
0.535840000955,2.16825
0.535850000955,2.137
0.535860000955,2.137
0.535870000955,2.137
0.535880000955,2.16825
0.535890000955,2.137
0.535900000955,2.10575
0.535910000955,2.137
0.535920000955,2.137
0.535930000955,2.137
0.535940000955,2.137
0.535950000955,2.16825
0.535960000955,2.137
0.535970000955,2.137
0.535980000955,2.16825
0.535990000955,2.137
0.536000000955,2.16825
0.536010000955,2.16825
0.536020000955,2.10575
0.536030000955,2.137
0.536040000955,2.137
0.536050000955,2.137
0.536060000955,2.137
0.536070000955,2.10575
0.536080000955,2.137
0.536090000955,2.137
0.536100000955,2.16825
0.536110000955,2.137
0.536120000955,2.16825
0.536130000955,2.16825
0.536140000955,2.137
0.536150000955,2.16825
0.536160000955,2.16825
0.536170000955,2.10575
0.536180000955,2.16825
0.536190000955,2.137
0.536200000955,2.137
0.536210000955,2.137
0.536220000955,2.16825
0.536230000955,2.137
0.536240000955,2.137
0.536250000955,2.16825
0.536260000955,2.137
0.536270000955,2.137
0.536280000955,2.137
0.536290000955,2.137
0.536300000955,2.10575
0.536310000955,2.137
0.536320000955,2.16825
0.536330000955,2.16825
0.536340000955,2.137
0.536350000955,2.10575
0.536360000955,2.137
0.536370000955,2.137
0.536380000955,2.10575
0.536390000955,2.137
0.536400000955,2.16825
0.536410000955,2.137
0.536420000955,2.137
0.536430000955,2.137
0.536440000955,2.10575
0.536450000955,2.137
0.536460000955,2.16825
0.536470000955,2.10575
0.536480000955,2.10575
0.536490000955,2.137
0.536500000955,2.16825
0.536510000955,2.137
0.536520000955,2.137
0.536530000955,2.137
0.536540000955,2.10575
0.536550000955,2.137
0.536560000955,2.137
0.536570000955,2.16825
0.536580000955,2.137
0.536590000955,2.137
0.536600000955,2.137
0.536610000955,2.137
0.536620000955,2.16825
0.536630000955,2.16825
0.536640000955,2.137
0.536650000955,2.137
0.536660000955,2.10575
0.536670000955,2.137
0.536680000955,2.10575
0.536690000955,2.16825
0.536700000955,2.137
0.536710000955,2.10575
0.536720000955,2.137
0.536730000955,2.16825
0.536740000955,2.137
0.536750000955,2.16825
0.536760000955,2.137
0.536770000955,2.1995
0.536780000955,2.16825
0.536790000955,2.16825
0.536800000955,2.137
0.536810000955,2.137
0.536820000955,2.137
0.536830000955,2.16825
0.536840000955,2.137
0.536850000955,2.137
0.536860000955,2.137
0.536870000955,2.16825
0.536880000955,2.10575
0.536890000955,2.16825
0.536900000955,2.16825
0.536910000955,2.16825
0.536920000955,2.16825
0.536930000955,2.137
0.536940000955,2.10575
0.536950000955,2.137
0.536960000955,2.16825
0.536970000955,2.10575
0.536980000955,2.16825
0.536990000955,2.16825
0.537000000955,2.1995
0.537010000955,2.1995
0.537020000955,2.16825
0.537030000955,2.16825
0.537040000955,2.16825
0.537050000955,2.16825
0.537060000955,2.137
0.537070000955,2.16825
0.537080000955,2.16825
0.537090000955,2.16825
0.537100000955,2.10575
0.537110000955,2.137
0.537120000955,2.1995
0.537130000955,2.137
0.537140000955,2.137
0.537150000955,2.137
0.537160000955,2.137
0.537170000955,2.137
0.537180000955,2.137
0.537190000955,2.16825
0.537200000955,2.137
0.537210000955,2.137
0.537220000955,2.137
0.537230000955,2.137
0.537240000955,2.16825
0.537250000955,2.16825
0.537260000955,2.16825
0.537270000955,2.137
0.537280000955,2.16825
0.537290000955,2.16825
0.537300000955,2.137
0.537310000955,2.137
0.537320000955,2.16825
0.537330000955,2.16825
0.537340000955,2.16825
0.537350000955,2.137
0.537360000955,2.16825
0.537370000955,2.16825
0.537380000955,2.137
0.537390000955,2.10575
0.537400000955,2.16825
0.537410000955,2.16825
0.537420000955,2.137
0.537430000955,2.137
0.537440000955,2.137
0.537450000955,2.16825
0.537460000955,2.16825
0.537470000955,2.137
0.537480000955,2.137
0.537490000955,2.16825
0.537500000955,2.137
0.537510000955,2.137
0.537520000955,2.10575
0.537530000955,2.16825
0.537540000955,2.137
0.537550000955,2.137
0.537560000955,2.137
0.537570000955,2.16825
0.537580000955,2.137
0.537590000955,2.137
0.537600000955,2.16825
0.537610000955,2.16825
0.537620000955,2.137
0.537630000955,2.10575
0.537640000955,2.137
0.537650000955,2.137
0.537660000955,2.10575
0.537670000955,2.16825
0.537680000955,2.10575
0.537690000955,2.137
0.537700000955,2.137
0.537710000955,2.137
0.537720000955,2.16825
0.537730000955,2.16825
0.537740000955,2.10575
0.537750000955,2.10575
0.537760000955,2.10575
0.537770000955,2.16825
0.537780000955,2.137
0.537790000955,2.137
0.537800000955,2.16825
0.537810000955,2.137
0.537820000955,2.16825
0.537830000955,2.16825
0.537840000955,2.16825
0.537850000955,2.16825
0.537860000955,2.137
0.537870000955,2.137
0.537880000955,2.137
0.537890000955,2.137
0.537900000955,2.16825
0.537910000955,2.137
0.537920000955,2.137
0.537930000955,2.137
0.537940000955,2.137
0.537950000955,2.137
0.537960000955,2.1995
0.537970000955,2.16825
0.537980000955,2.137
0.537990000955,2.137
0.538000000955,2.137
0.538010000955,2.137
0.538020000955,2.16825
0.538030000955,2.10575
0.538040000955,2.137
0.538050000955,2.10575
0.538060000955,2.137
0.538070000955,2.16825
0.538080000955,2.137
0.538090000955,2.137
0.538100000955,2.137
0.538110000955,2.16825
0.538120000955,2.16825
0.538130000955,2.1995
0.538140000955,2.137
0.538150000955,2.10575
0.538160000955,2.16825
0.538170000955,2.137
0.538180000955,2.137
0.538190000955,2.137
0.538200000955,2.137
0.538210000955,2.16825
0.538220000955,2.137
0.538230000955,2.137
0.538240000955,2.16825
0.538250000955,2.137
0.538260000955,2.16825
0.538270000955,2.10575
0.538280000955,2.1995
0.538290000955,2.16825
0.538300000955,2.16825
0.538310000955,2.16825
0.538320000955,2.137
0.538330000955,2.137
0.538340000955,2.137
0.538350000955,2.137
0.538360000955,2.137
0.538370000955,2.137
0.538380000955,2.137
0.538390000955,2.137
0.538400000955,2.16825
0.538410000955,2.16825
0.538420000955,2.137
0.538430000955,2.137
0.538440000955,2.137
0.538450000955,2.16825
0.538460000955,2.16825
0.538470000955,2.137
0.538480000955,2.137
0.538490000955,2.16825
0.538500000955,2.16825
0.538510000955,2.137
0.538520000955,2.137
0.538530000955,2.16825
0.538540000955,2.10575
0.538550000955,2.10575
0.538560000955,2.137
0.538570000955,2.137
0.538580000955,2.16825
0.538590000955,2.16825
0.538600000955,2.1995
0.538610000955,2.16825
0.538620000955,2.16825
0.538630000955,2.16825
0.538640000955,2.137
0.538650000955,2.1995
0.538660000955,2.137
0.538670000955,2.16825
0.538680000955,2.16825
0.538690000955,2.137
0.538700000955,2.137
0.538710000955,2.137
0.538720000955,2.137
0.538730000955,2.137
0.538740000955,2.137
0.538750000955,2.137
0.538760000955,2.137
0.538770000955,2.137
0.538780000955,2.137
0.538790000955,2.137
0.538800000955,2.16825
0.538810000955,2.137
0.538820000955,2.137
0.538830000955,2.137
0.538840000955,2.137
0.538850000955,2.137
0.538860000955,2.137
0.538870000955,2.137
0.538880000955,2.16825
0.538890000955,2.137
0.538900000955,2.10575
0.538910000955,2.137
0.538920000955,2.137
0.538930000955,2.10575
0.538940000955,2.16825
0.538950000955,2.137
0.538960000955,2.137
0.538970000955,2.137
0.538980000955,2.137
0.538990000955,2.16825
0.539000000955,2.16825
0.539010000955,2.10575
0.539020000955,2.137
0.539030000955,2.16825
0.539040000955,2.137
0.539050000955,2.16825
0.539060000955,2.137
0.539070000955,2.137
0.539080000955,2.137
0.539090000955,2.16825
0.539100000955,2.137
0.539110000955,2.137
0.539120000955,2.16825
0.539130000955,2.137
0.539140000955,2.16825
0.539150000955,2.16825
0.539160000955,2.16825
0.539170000955,2.16825
0.539180000955,2.16825
0.539190000955,2.16825
0.539200000955,2.16825
0.539210000955,2.10575
0.539220000955,2.16825
0.539230000955,2.137
0.539240000955,2.10575
0.539250000955,2.137
0.539260000955,2.137
0.539270000955,2.137
0.539280000955,2.16825
0.539290000955,2.16825
0.539300000955,2.137
0.539310000955,2.10575
0.539320000955,2.137
0.539330000955,2.137
0.539340000955,2.137
0.539350000955,2.137
0.539360000955,2.137
0.539370000955,2.16825
0.539380000955,2.137
0.539390000955,2.137
0.539400000955,2.137
0.539410000955,2.137
0.539420000955,2.137
0.539430000955,2.137
0.539440000955,2.137
0.539450000955,2.137
0.539460000955,2.137
0.539470000955,2.137
0.539480000955,2.137
0.539490000955,2.137
0.539500000955,2.137
0.539510000955,2.137
0.539520000955,2.137
0.539530000955,2.137
0.539540000955,2.1995
0.539550000955,2.137
0.539560000955,2.137
0.539570000955,2.137
0.539580000955,2.137
0.539590000955,2.16825
0.539600000955,2.16825
0.539610000955,2.137
0.539620000955,2.137
0.539630000955,2.16825
0.539640000955,2.137
0.539650000955,2.137
0.539660000955,2.10575
0.539670000955,2.16825
0.539680000955,2.10575
0.539690000955,2.137
0.539700000955,2.16825
0.539710000955,2.10575
0.539720000955,2.16825
0.539730000955,2.137
0.539740000955,2.16825
0.539750000955,2.16825
0.539760000955,2.1995
0.539770000955,2.16825
0.539780000955,2.10575
0.539790000955,2.137
0.539800000955,2.137
0.539810000955,2.137
0.539820000955,2.137
0.539830000955,2.10575
0.539840000955,2.16825
0.539850000955,2.137
0.539860000955,2.10575
0.539870000955,2.137
0.539880000955,2.16825
0.539890000955,2.16825
0.539900000955,2.16825
0.539910000955,2.137
0.539920000955,2.137
0.539930000955,2.16825
0.539940000955,2.137
0.539950000955,2.137
0.539960000955,2.16825
0.539970000955,2.16825
0.539980000955,2.137
0.539990000955,2.137
0.540000000955,2.10575
0.540010000955,2.16825
0.540020000955,2.137
0.540030000955,2.137
0.540040000955,2.16825
0.540050000955,2.137
0.540060000955,2.137
0.540070000955,2.137
0.540080000955,2.137
0.540090000955,2.16825
0.540100000955,2.137
0.540110000955,2.137
0.540120000955,2.137
0.540130000955,2.16825
0.540140000955,2.137
0.540150000955,2.137
0.540160000955,2.137
0.540170000955,2.137
0.540180000955,2.16825
0.540190000955,2.137
0.540200000955,2.16825
0.540210000955,2.137
0.540220000955,2.137
0.540230000955,2.137
0.540240000955,2.137
0.540250000955,2.16825
0.540260000955,2.137
0.540270000955,2.137
0.540280000955,2.137
0.540290000955,2.137
0.540300000955,2.137
0.540310000955,2.16825
0.540320000955,2.137
0.540330000955,2.16825
0.540340000955,2.137
0.540350000955,2.10575
0.540360000955,2.16825
0.540370000955,2.137
0.540380000955,2.16825
0.540390000955,2.137
0.540400000955,2.16825
0.540410000955,2.16825
0.540420000955,2.137
0.540430000955,2.16825
0.540440000955,2.16825
0.540450000955,2.16825
0.540460000955,2.137
0.540470000955,2.137
0.540480000955,2.16825
0.540490000955,2.137
0.540500000955,2.137
0.540510000955,2.10575
0.540520000955,2.137
0.540530000955,2.137
0.540540000955,2.16825
0.540550000955,2.137
0.540560000955,2.137
0.540570000955,2.137
0.540580000955,2.137
0.540590000955,2.137
0.540600000955,2.16825
0.540610000955,2.16825
0.540620000955,2.137
0.540630000955,2.137
0.540640000955,2.137
0.540650000955,2.16825
0.540660000955,2.16825
0.540670000955,2.137
0.540680000955,2.16825
0.540690000955,2.16825
0.540700000955,2.16825
0.540710000955,2.10575
0.540720000955,2.137
0.540730000955,2.16825
0.540740000955,2.10575
0.540750000955,2.137
0.540760000955,2.137
0.540770000955,2.10575
0.540780000955,2.137
0.540790000955,2.137
0.540800000955,2.137
0.540810000955,2.10575
0.540820000955,2.137
0.540830000955,2.16825
0.540840000955,2.137
0.540850000955,2.16825
0.540860000955,2.16825
0.540870000955,2.137
0.540880000955,2.137
0.540890000955,2.137
0.540900000955,2.137
0.540910000955,2.10575
0.540920000955,2.10575
0.540930000955,2.10575
0.540940000955,2.137
0.540950000955,2.137
0.540960000955,2.137
0.540970000955,2.137
0.540980000955,2.137
0.540990000955,2.16825
0.541000000955,2.1995
0.541010000955,2.16825
0.541020000955,2.137
0.541030000955,2.137
0.541040000955,2.137
0.541050000955,2.137
0.541060000955,2.137
0.541070000955,2.137
0.541080000955,2.137
0.541090000955,2.16825
0.541100000955,2.137
0.541110000955,2.16825
0.541120000955,2.137
0.541130000955,2.137
0.541140000955,2.1995
0.541150000955,2.137
0.541160000955,2.137
0.541170000955,2.137
0.541180000955,2.16825
0.541190000955,2.137
0.541200000955,2.137
0.541210000955,2.137
0.541220000955,2.137
0.541230000955,2.10575
0.541240000955,2.10575
0.541250000955,2.16825
0.541260000955,2.16825
0.541270000955,2.137
0.541280000955,2.137
0.541290000955,2.137
0.541300000955,2.16825
0.541310000955,2.16825
0.541320000955,2.16825
0.541330000955,2.137
0.541340000955,2.137
0.541350000955,2.137
0.541360000955,2.137
0.541370000955,2.137
0.541380000955,2.16825
0.541390000955,2.137
0.541400000955,2.16825
0.541410000955,2.137
0.541420000955,2.137
0.541430000955,2.137
0.541440000955,2.137
0.541450000955,2.16825
0.541460000955,2.16825
0.541470000955,2.137
0.541480000955,2.137
0.541490000955,2.137
0.541500000955,2.16825
0.541510000955,2.16825
0.541520000955,2.10575
0.541530000955,2.137
0.541540000955,2.10575
0.541550000955,2.10575
0.541560000955,2.137
0.541570000955,2.137
0.541580000955,2.16825
0.541590000955,2.137
0.541600000955,2.137
0.541610000955,2.137
0.541620000955,2.137
0.541630000955,2.137
0.541640000955,2.137
0.541650000955,2.16825
0.541660000955,2.16825
0.541670000955,2.1995
0.541680000955,2.137
0.541690000955,2.10575
0.541700000955,2.10575
0.541710000955,2.10575
0.541720000955,2.16825
0.541730000955,2.137
0.541740000955,2.137
0.541750000955,2.16825
0.541760000955,2.1995
0.541770000955,2.137
0.541780000955,2.16825
0.541790000955,2.16825
0.541800000955,2.137
0.541810000955,2.16825
0.541820000955,2.137
0.541830000955,2.137
0.541840000955,2.137
0.541850000955,2.16825
0.541860000955,2.137
0.541870000955,2.16825
0.541880000955,2.1995
0.541890000955,2.16825
0.541900000955,2.137
0.541910000955,2.137
0.541920000955,2.137
0.541930000955,2.10575
0.541940000955,2.137
0.541950000955,2.10575
0.541960000955,2.16825
0.541970000955,2.16825
0.541980000955,2.137
0.541990000955,2.137
0.542000000955,2.16825
0.542010000955,2.137
0.542020000955,2.137
0.542030000955,2.137
0.542040000955,2.137
0.542050000955,2.137
0.542060000955,2.16825
0.542070000955,2.137
0.542080000955,2.16825
0.542090000955,2.16825
0.542100000955,2.137
0.542110000955,2.1995
0.542120000955,2.137
0.542130000955,2.16825
0.542140000955,2.16825
0.542150000955,2.137
0.542160000955,2.137
0.542170000955,2.1995
0.542180000955,2.137
0.542190000955,2.137
0.542200000955,2.16825
0.542210000955,2.16825
0.542220000955,2.16825
0.542230000955,2.16825
0.542240000955,2.137
0.542250000955,2.16825
0.542260000955,2.137
0.542270000955,2.137
0.542280000955,2.10575
0.542290000955,2.16825
0.542300000955,2.16825
0.542310000955,2.10575
0.542320000955,2.137
0.542330000955,2.16825
0.542340000955,2.137
0.542350000955,2.137
0.542360000955,2.16825
0.542370000955,2.16825
0.542380000955,2.137
0.542390000955,2.137
0.542400000955,2.16825
0.542410000955,2.137
0.542420000955,2.137
0.542430000955,2.16825
0.542440000955,2.137
0.542450000955,2.16825
0.542460000955,2.1995
0.542470000955,2.16825
0.542480000955,2.137
0.542490000955,2.137
0.542500000955,2.137
0.542510000955,2.16825
0.542520000955,2.137
0.542530000955,2.16825
0.542540000955,2.137
0.542550000955,2.16825
0.542560000955,2.10575
0.542570000955,2.16825
0.542580000955,2.137
0.542590000955,2.16825
0.542600000955,2.137
0.542610000955,2.1995
0.542620000955,2.10575
0.542630000955,2.1995
0.542640000955,2.16825
0.542650000955,2.137
0.542660000955,2.16825
0.542670000955,2.137
0.542680000955,2.137
0.542690000955,2.1995
0.542700000955,2.137
0.542710000955,2.137
0.542720000955,2.16825
0.542730000955,2.137
0.542740000955,2.137
0.542750000955,2.137
0.542760000955,2.10575
0.542770000955,2.137
0.542780000955,2.16825
0.542790000955,2.137
0.542800000955,2.137
0.542810000955,2.137
0.542820000955,2.16825
0.542830000955,2.137
0.542840000955,2.16825
0.542850000955,2.137
0.542860000955,2.137
0.542870000955,2.137
0.542880000955,2.16825
0.542890000955,2.137
0.542900000955,2.16825
0.542910000955,2.137
0.542920000955,2.137
0.542930000955,2.16825
0.542940000955,2.137
0.542950000955,2.16825
0.542960000955,2.16825
0.542970000955,2.16825
0.542980000955,2.137
0.542990000955,2.137
0.543000000955,2.16825
0.543010000955,2.137
0.543020000955,2.16825
0.543030000955,2.137
0.543040000955,2.137
0.543050000955,2.16825
0.543060000955,2.137
0.543070000955,2.137
0.543080000955,2.137
0.543090000955,2.137
0.543100000955,2.137
0.543110000955,2.137
0.543120000955,2.16825
0.543130000955,2.137
0.543140000955,2.137
0.543150000955,2.137
0.543160000955,2.137
0.543170000955,2.137
0.543180000955,2.137
0.543190000955,2.137
0.543200000955,2.137
0.543210000955,2.137
0.543220000955,2.137
0.543230000955,2.10575
0.543240000955,2.137
0.543250000955,2.137
0.543260000955,2.137
0.543270000955,2.137
0.543280000955,2.137
0.543290000955,2.137
0.543300000955,2.137
0.543310000955,2.137
0.543320000955,2.10575
0.543330000955,2.137
0.543340000955,2.16825
0.543350000955,2.137
0.543360000955,2.16825
0.543370000955,2.16825
0.543380000955,2.137
0.543390000955,2.137
0.543400000955,2.1995
0.543410000955,2.16825
0.543420000955,2.137
0.543430000955,2.137
0.543440000955,2.137
0.543450000955,2.137
0.543460000955,2.137
0.543470000955,2.137
0.543480000955,2.137
0.543490000955,2.137
0.543500000955,2.16825
0.543510000955,2.137
0.543520000955,2.137
0.543530000955,2.137
0.543540000955,2.1995
0.543550000955,2.1995
0.543560000955,2.16825
0.543570000955,2.16825
0.543580000955,2.137
0.543590000955,2.16825
0.543600000955,2.137
0.543610000955,2.137
0.543620000955,2.10575
0.543630000955,2.137
0.543640000955,2.16825
0.543650000955,2.137
0.543660000955,2.16825
0.543670000955,2.137
0.543680000955,2.16825
0.543690000955,2.137
0.543700000955,2.16825
0.543710000955,2.137
0.543720000955,2.137
0.543730000955,2.16825
0.543740000955,2.1995
0.543750000955,2.137
0.543760000955,2.16825
0.543770000955,2.16825
0.543780000955,2.137
0.543790000955,2.137
0.543800000955,2.137
0.543810000955,2.137
0.543820000955,2.137
0.543830000955,2.137
0.543840000955,2.16825
0.543850000955,2.16825
0.543860000955,2.16825
0.543870000955,2.137
0.543880000955,2.137
0.543890000955,2.16825
0.543900000955,2.137
0.543910000955,2.137
0.543920000955,2.16825
0.543930000955,2.137
0.543940000955,2.137
0.543950000955,2.16825
0.543960000955,2.10575
0.543970000955,2.137
0.543980000955,2.16825
0.543990000955,2.137
0.544000000955,2.1995
0.544010000955,2.16825
0.544020000955,2.137
0.544030000955,2.16825
0.544040000955,2.137
0.544050000955,2.16825
0.544060000955,2.137
0.544070000955,2.137
0.544080000955,2.137
0.544090000955,2.137
0.544100000955,2.137
0.544110000955,2.16825
0.544120000955,2.137
0.544130000955,2.137
0.544140000955,2.137
0.544150000955,2.16825
0.544160000955,2.137
0.544170000955,2.137
0.544180000955,2.16825
0.544190000955,2.16825
0.544200000955,2.137
0.544210000955,2.16825
0.544220000955,2.16825
0.544230000955,2.16825
0.544240000955,2.137
0.544250000955,2.137
0.544260000955,2.137
0.544270000955,2.16825
0.544280000955,2.137
0.544290000955,2.137
0.544300000955,2.137
0.544310000955,2.137
0.544320000955,2.16825
0.544330000955,2.137
0.544340000955,2.137
0.544350000955,2.137
0.544360000955,2.10575
0.544370000955,2.16825
0.544380000955,2.16825
0.544390000955,2.137
0.544400000955,2.137
0.544410000955,2.16825
0.544420000955,2.137
0.544430000955,2.137
0.544440000955,2.16825
0.544450000955,2.10575
0.544460000955,2.16825
0.544470000955,2.137
0.544480000955,2.16825
0.544490000955,2.137
0.544500000955,2.16825
0.544510000955,2.137
0.544520000955,2.16825
0.544530000955,2.10575
0.544540000955,2.16825
0.544550000955,2.137
0.544560000955,2.16825
0.544570000955,2.16825
0.544580000955,2.137
0.544590000955,2.16825
0.544600000955,2.137
0.544610000955,2.137
0.544620000955,2.137
0.544630000955,2.16825
0.544640000955,2.16825
0.544650000955,2.16825
0.544660000955,2.137
0.544670000955,2.16825
0.544680000955,2.137
0.544690000955,2.137
0.544700000955,2.1995
0.544710000955,2.137
0.544720000955,2.137
0.544730000955,2.137
0.544740000955,2.16825
0.544750000955,2.16825
0.544760000955,2.137
0.544770000955,2.137
0.544780000955,2.16825
0.544790000955,2.16825
0.544800000955,2.137
0.544810000955,2.16825
0.544820000955,2.137
0.544830000955,2.137
0.544840000955,2.16825
0.544850000955,2.16825
0.544860000955,2.137
0.544870000955,2.137
0.544880000955,2.137
0.544890000955,2.16825
0.544900000955,2.137
0.544910000955,2.137
0.544920000955,2.137
0.544930000955,2.137
0.544940000955,2.16825
0.544950000955,2.16825
0.544960000955,2.16825
0.544970000955,2.16825
0.544980000955,2.137
0.544990000955,2.10575
0.545000000955,2.137
0.545010000955,2.137
0.545020000955,2.16825
0.545030000955,2.16825
0.545040000955,2.137
0.545050000955,2.137
0.545060000955,2.16825
0.545070000955,2.10575
0.545080000955,2.16825
0.545090000955,2.137
0.545100000955,2.16825
0.545110000955,2.137
0.545120000955,2.137
0.545130000955,2.16825
0.545140000955,2.137
0.545150000955,2.137
0.545160000955,2.137
0.545170000955,2.137
0.545180000955,2.137
0.545190000955,2.137
0.545200000955,2.137
0.545210000955,2.137
0.545220000955,2.137
0.545230000955,2.16825
0.545240000955,2.16825
0.545250000955,2.137
0.545260000955,2.137
0.545270000955,2.10575
0.545280000955,2.137
0.545290000955,2.16825
0.545300000955,2.137
0.545310000955,2.137
0.545320000955,2.137
0.545330000955,2.137
0.545340000955,2.16825
0.545350000955,2.137
0.545360000955,2.137
0.545370000955,2.137
0.545380000955,2.137
0.545390000955,2.137
0.545400000955,2.137
0.545410000955,2.137
0.545420000955,2.137
0.545430000955,2.10575
0.545440000955,2.10575
0.545450000955,2.137
0.545460000955,2.137
0.545470000955,2.10575
0.545480000955,2.16825
0.545490000955,2.137
0.545500000955,2.137
0.545510000955,2.137
0.545520000955,2.137
0.545530000955,2.137
0.545540000955,2.16825
0.545550000955,2.137
0.545560000955,2.137
0.545570000955,2.10575
0.545580000955,2.16825
0.545590000955,2.137
0.545600000955,2.137
0.545610000955,2.10575
0.545620000955,2.10575
0.545630000955,2.137
0.545640000955,2.0745
0.545650000955,2.16825
0.545660000955,2.137
0.545670000955,2.137
0.545680000955,2.10575
0.545690000955,2.137
0.545700000955,2.10575
0.545710000955,2.137
0.545720000955,2.16825
0.545730000955,2.16825
0.545740000955,2.137
0.545750000955,2.137
0.545760000955,2.137
0.545770000955,2.137
0.545780000955,2.137
0.545790000955,2.16825
0.545800000955,2.137
0.545810000955,2.137
0.545820000955,2.10575
0.545830000955,2.137
0.545840000955,2.137
0.545850000955,2.137
0.545860000955,2.10575
0.545870000955,2.137
0.545880000955,2.137
0.545890000955,2.10575
0.545900000955,2.10575
0.545910000955,2.137
0.545920000955,2.137
0.545930000955,2.10575
0.545940000955,2.137
0.545950000955,2.137
0.545960000955,2.137
0.545970000955,2.137
0.545980000955,2.16825
0.545990000955,2.137
0.546000000955,2.137
0.546010000955,2.137
0.546020000955,2.137
0.546030000955,2.16825
0.546040000955,2.10575
0.546050000955,2.10575
0.546060000955,2.10575
0.546070000955,2.137
0.546080000955,2.137
0.546090000955,2.137
0.546100000955,2.137
0.546110000955,2.16825
0.546120000955,2.137
0.546130000955,2.137
0.546140000955,2.137
0.546150000955,2.10575
0.546160000955,2.137
0.546170000955,2.10575
0.546180000955,2.10575
0.546190000955,2.137
0.546200000955,2.137
0.546210000955,2.137
0.546220000955,2.0745
0.546230000955,2.10575
0.546240000955,2.16825
0.546250000955,2.10575
0.546260000955,2.10575
0.546270000955,2.137
0.546280000955,2.137
0.546290000955,2.10575
0.546300000955,2.137
0.546310000955,2.137
0.546320000955,2.10575
0.546330000955,2.137
0.546340000955,2.10575
0.546350000955,2.10575
0.546360000955,2.10575
0.546370000955,2.10575
0.546380000955,2.10575
0.546390000955,2.137
0.546400000955,2.10575
0.546410000955,2.10575
0.546420000955,2.10575
0.546430000955,2.137
0.546440000955,2.10575
0.546450000955,2.10575
0.546460000955,2.10575
0.546470000955,2.10575
0.546480000955,2.10575
0.546490000955,2.137
0.546500000955,2.137
0.546510000955,2.137
0.546520000955,2.16825
0.546530000955,2.137
0.546540000955,2.10575
0.546550000955,2.0745
0.546560000955,2.10575
0.546570000955,2.10575
0.546580000955,2.137
0.546590000955,2.137
0.546600000955,2.137
0.546610000955,2.137
0.546620000955,2.0745
0.546630000955,2.16825
0.546640000955,2.137
0.546650000955,2.10575
0.546660000955,2.137
0.546670000955,2.10575
0.546680000955,2.10575
0.546690000955,2.137
0.546700000955,2.10575
0.546710000955,2.137
0.546720000955,2.137
0.546730000955,2.10575
0.546740000955,2.137
0.546750000955,2.137
0.546760000955,2.137
0.546770000955,2.10575
0.546780000955,2.10575
0.546790000955,2.10575
0.546800000955,2.10575
0.546810000955,2.137
0.546820000955,2.137
0.546830000955,2.137
0.546840000955,2.10575
0.546850000955,2.10575
0.546860000955,2.10575
0.546870000955,2.137
0.546880000955,2.10575
0.546890000955,2.10575
0.546900000955,2.10575
0.546910000955,2.10575
0.546920000955,2.10575
0.546930000955,2.16825
0.546940000955,2.10575
0.546950000955,2.137
0.546960000955,2.137
0.546970000955,2.10575
0.546980000955,2.137
0.546990000955,2.10575
0.547000000955,2.10575
0.547010000955,2.10575
0.547020000955,2.137
0.547030000955,2.10575
0.547040000955,2.0745
0.547050000955,2.16825
0.547060000955,2.10575
0.547070000955,2.137
0.547080000955,2.137
0.547090000955,2.0745
0.547100000955,2.0745
0.547110000955,2.0745
0.547120000955,2.10575
0.547130000955,2.10575
0.547140000955,2.137
0.547150000955,2.0745
0.547160000955,2.10575
0.547170000955,2.04325
0.547180000955,2.10575
0.547190000955,2.10575
0.547200000955,2.0745
0.547210000955,2.10575
0.547220000955,2.16825
0.547230000955,2.10575
0.547240000955,2.0745
0.547250000955,2.10575
0.547260000955,2.0745
0.547270000955,2.0745
0.547280000955,2.137
0.547290000955,2.10575
0.547300000955,2.10575
0.547310000955,2.10575
0.547320000955,2.137
0.547330000955,2.10575
0.547340000955,2.10575
0.547350000955,2.10575
0.547360000955,2.10575
0.547370000955,2.0745
0.547380000955,2.10575
0.547390000955,2.10575
0.547400000955,2.10575
0.547410000955,2.0745
0.547420000955,2.137
0.547430000955,2.10575
0.547440000955,2.10575
0.547450000955,2.0745
0.547460000955,2.0745
0.547470000955,2.10575
0.547480000955,2.10575
0.547490000955,2.16825
0.547500000955,2.10575
0.547510000955,2.10575
0.547520000955,2.10575
0.547530000955,2.137
0.547540000955,2.10575
0.547550000955,2.10575
0.547560000955,2.137
0.547570000955,2.0745
0.547580000955,2.10575
0.547590000955,2.10575
0.547600000955,2.137
0.547610000955,2.137
0.547620000955,2.10575
0.547630000955,2.0745
0.547640000955,2.10575
0.547650000955,2.10575
0.547660000955,2.10575
0.547670000955,2.137
0.547680000955,2.10575
0.547690000955,2.10575
0.547700000955,2.10575
0.547710000955,2.137
0.547720000955,2.137
0.547730000955,2.0745
0.547740000955,2.137
0.547750000955,2.0745
0.547760000955,2.10575
0.547770000955,2.10575
0.547780000955,2.10575
0.547790000955,2.10575
0.547800000955,2.137
0.547810000955,2.10575
0.547820000955,2.137
0.547830000955,2.10575
0.547840000955,2.10575
0.547850000955,2.10575
0.547860000955,2.0745
0.547870000955,2.137
0.547880000955,2.0745
0.547890000955,2.137
0.547900000955,2.0745
0.547910000955,2.137
0.547920000955,2.10575
0.547930000955,2.137
0.547940000955,2.137
0.547950000955,2.10575
0.547960000955,2.10575
0.547970000955,2.137
0.547980000955,2.10575
0.547990000955,2.137
0.548000000955,2.10575
0.548010000955,2.16825
0.548020000955,2.10575
0.548030000955,2.10575
0.548040000955,2.10575
0.548050000955,2.10575
0.548060000955,2.137
0.548070000955,2.0745
0.548080000955,2.0745
0.548090000955,2.10575
0.548100000955,2.10575
0.548110000955,2.137
0.548120000955,2.0745
0.548130000955,2.10575
0.548140000955,2.16825
0.548150000955,2.137
0.548160000955,2.10575
0.548170000955,2.137
0.548180000955,2.10575
0.548190000955,2.137
0.548200000955,2.137
0.548210000955,2.10575
0.548220000955,2.10575
0.548230000955,2.10575
0.548240000955,2.137
0.548250000955,2.0745
0.548260000955,2.10575
0.548270000955,2.0745
0.548280000955,2.10575
0.548290000955,2.137
0.548300000955,2.10575
0.548310000955,2.10575
0.548320000955,2.10575
0.548330000955,2.137
0.548340000955,2.10575
0.548350000955,2.137
0.548360000955,2.137
0.548370000955,2.0745
0.548380000955,2.137
0.548390000955,2.0745
0.548400000955,2.10575
0.548410000955,2.10575
0.548420000955,2.137
0.548430000955,2.0745
0.548440000955,2.137
0.548450000955,2.0745
0.548460000955,2.10575
0.548470000955,2.10575
0.548480000955,2.10575
0.548490000955,2.10575
0.548500000955,2.10575
0.548510000955,2.10575
0.548520000955,2.10575
0.548530000955,2.10575
0.548540000955,2.137
0.548550000955,2.10575
0.548560000955,2.137
0.548570000955,2.10575
0.548580000955,2.16825
0.548590000955,2.137
0.548600000955,2.10575
0.548610000955,2.0745
0.548620000955,2.0745
0.548630000955,2.10575
0.548640000955,2.10575
0.548650000955,2.10575
0.548660000955,2.10575
0.548670000955,2.0745
0.548680000955,2.10575
0.548690000955,2.10575
0.548700000955,2.10575
0.548710000955,2.137
0.548720000955,2.10575
0.548730000955,2.10575
0.548740000955,2.137
0.548750000955,2.10575
0.548760000955,2.10575
0.548770000955,2.10575
0.548780000955,2.10575
0.548790000955,2.10575
0.548800000955,2.10575
0.548810000955,2.10575
0.548820000955,2.137
0.548830000955,2.137
0.548840000955,2.10575
0.548850000955,2.10575
0.548860000955,2.10575
0.548870000955,2.137
0.548880000955,2.0745
0.548890000955,2.10575
0.548900000955,2.10575
0.548910000955,2.137
0.548920000955,2.10575
0.548930000955,2.137
0.548940000955,2.137
0.548950000955,2.10575
0.548960000955,2.10575
0.548970000955,2.0745
0.548980000955,2.137
0.548990000955,2.137
0.549000000955,2.10575
0.549010000955,2.10575
0.549020000955,2.10575
0.549030000955,2.10575
0.549040000955,2.137
0.549050000955,2.137
0.549060000955,2.16825
0.549070000955,2.10575
0.549080000955,2.137
0.549090000955,2.10575
0.549100000955,2.137
0.549110000955,2.10575
0.549120000955,2.10575
0.549130000955,2.10575
0.549140000955,2.10575
0.549150000955,2.0745
0.549160000955,2.137
0.549170000955,2.10575
0.549180000955,2.137
0.549190000955,2.10575
0.549200000955,2.10575
0.549210000955,2.137
0.549220000955,2.137
0.549230000955,2.10575
0.549240000955,2.10575
0.549250000955,2.137
0.549260000955,2.10575
0.549270000955,2.0745
0.549280000955,2.10575
0.549290000955,2.137
0.549300000955,2.10575
0.549310000955,2.10575
0.549320000955,2.10575
0.549330000955,2.10575
0.549340000955,2.137
0.549350000955,2.10575
0.549360000955,2.10575
0.549370000955,2.10575
0.549380000955,2.10575
0.549390000955,2.10575
0.549400000955,2.10575
0.549410000955,2.10575
0.549420000955,2.10575
0.549430000955,2.10575
0.549440000955,2.137
0.549450000955,2.137
0.549460000955,2.10575
0.549470000955,2.10575
0.549480000955,2.10575
0.549490000955,2.10575
0.549500000955,2.10575
0.549510000955,2.10575
0.549520000955,2.137
0.549530000955,2.10575
0.549540000955,2.137
0.549550000955,2.137
0.549560000955,2.10575
0.549570000955,2.10575
0.549580000955,2.137
0.549590000955,2.10575
0.549600000955,2.137
0.549610000955,2.137
0.549620000955,2.10575
0.549630000955,2.10575
0.549640000955,2.10575
0.549650000955,2.10575
0.549660000955,2.10575
0.549670000955,2.137
0.549680000955,2.10575
0.549690000955,2.137
0.549700000955,2.10575
0.549710000955,2.10575
0.549720000955,2.137
0.549730000955,2.137
0.549740000955,2.137
0.549750000955,2.10575
0.549760000955,2.137
0.549770000955,2.10575
0.549780000955,2.0745
0.549790000955,2.10575
0.549800000955,2.10575
0.549810000955,2.10575
0.549820000955,2.0745
0.549830000955,2.10575
0.549840000955,2.10575
0.549850000955,2.10575
0.549860000955,2.10575
0.549870000955,2.10575
0.549880000955,2.0745
0.549890000955,2.137
0.549900000955,2.137
0.549910000955,2.10575
0.549920000955,2.10575
0.549930000955,2.0745
0.549940000955,2.10575
0.549950000955,2.10575
0.549960000955,2.10575
0.549970000955,2.0745
0.549980000955,2.0745
0.549990000955,2.137
0.550000000955,2.10575
0.550010000955,2.10575
0.550020000955,2.137
0.550030000955,2.0745
0.550040000955,2.137
0.550050000955,2.10575
0.550060000955,2.10575
0.550070000955,2.10575
0.550080000955,2.137
0.550090000955,2.10575
0.550100000955,2.10575
0.550110000955,2.137
0.550120000955,2.10575
0.550130000955,2.137
0.550140000955,2.10575
0.550150000955,2.10575
0.550160000955,2.10575
0.550170000955,2.137
0.550180000955,2.10575
0.550190000955,2.10575
0.550200000955,2.16825
0.550210000955,2.10575
0.550220000955,2.10575
0.550230000955,2.16825
0.550240000955,2.0745
0.550250000955,2.137
0.550260000955,2.10575
0.550270000955,2.10575
0.550280000955,2.137
0.550290000955,2.10575
0.550300000955,2.137
0.550310000955,2.137
0.550320000955,2.137
0.550330000955,2.137
0.550340000955,2.10575
0.550350000955,2.0745
0.550360000955,2.137
0.550370000955,2.137
0.550380000955,2.137
0.550390000955,2.10575
0.550400000955,2.137
0.550410000955,2.10575
0.550420000955,2.137
0.550430000955,2.0745
0.550440000955,2.137
0.550450000955,2.10575
0.550460000955,2.10575
0.550470000955,2.10575
0.550480000955,2.137
0.550490000955,2.0745
0.550500000955,2.0745
0.550510000955,2.16825
0.550520000955,2.10575
0.550530000955,2.0745
0.550540000955,2.10575
0.550550000955,2.10575
0.550560000955,2.137
0.550570000955,2.10575
0.550580000955,2.137
0.550590000955,2.10575
0.550600000955,2.10575
0.550610000955,2.10575
0.550620000955,2.10575
0.550630000955,2.0745
0.550640000955,2.10575
0.550650000955,2.10575
0.550660000955,2.10575
0.550670000955,2.10575
0.550680000955,2.10575
0.550690000955,2.10575
0.550700000955,2.10575
0.550710000955,2.10575
0.550720000955,2.137
0.550730000955,2.10575
0.550740000955,2.10575
0.550750000955,2.10575
0.550760000955,2.10575
0.550770000955,2.0745
0.550780000955,2.10575
0.550790000955,2.137
0.550800000955,2.10575
0.550810000955,2.137
0.550820000955,2.137
0.550830000955,2.10575
0.550840000955,2.10575
0.550850000955,2.0745
0.550860000955,2.10575
0.550870000955,2.10575
0.550880000955,2.137
0.550890000955,2.10575
0.550900000955,2.10575
0.550910000955,2.0745
0.550920000955,2.10575
0.550930000955,2.137
0.550940000955,2.10575
0.550950000955,2.10575
0.550960000955,2.10575
0.550970000955,2.0745
0.550980000955,2.10575
0.550990000955,2.137
0.551000000955,2.10575
0.551010000955,2.10575
0.551020000955,2.10575
0.551030000955,2.10575
0.551040000955,2.10575
0.551050000955,2.10575
0.551060000955,2.10575
0.551070000955,2.137
0.551080000955,2.10575
0.551090000955,2.10575
0.551100000955,2.10575
0.551110000955,2.10575
0.551120000955,2.10575
0.551130000955,2.10575
0.551140000955,2.16825
0.551150000955,2.10575
0.551160000955,2.137
0.551170000955,2.10575
0.551180000955,2.0745
0.551190000955,2.10575
0.551200000955,2.137
0.551210000955,2.10575
0.551220000955,2.137
0.551230000955,2.137
0.551240000955,2.137
0.551250000955,2.137
0.551260000955,2.10575
0.551270000955,2.137
0.551280000955,2.137
0.551290000955,2.10575
0.551300000955,2.0745
0.551310000955,2.137
0.551320000955,2.10575
0.551330000955,2.137
0.551340000955,2.137
0.551350000955,2.10575
0.551360000955,2.10575
0.551370000955,2.10575
0.551380000955,2.137
0.551390000955,2.10575
0.551400000955,2.137
0.551410000955,2.137
0.551420000955,2.10575
0.551430000955,2.10575
0.551440000955,2.10575
0.551450000955,2.10575
0.551460000955,2.10575
0.551470000955,2.137
0.551480000955,2.137
0.551490000955,2.10575
0.551500000955,2.10575
0.551510000955,2.10575
0.551520000955,2.10575
0.551530000955,2.137
0.551540000955,2.10575
0.551550000955,2.10575
0.551560000955,2.137
0.551570000955,2.10575
0.551580000955,2.137
0.551590000955,2.10575
0.551600000955,2.10575
0.551610000955,2.10575
0.551620000955,2.10575
0.551630000955,2.137
0.551640000955,2.10575
0.551650000955,2.10575
0.551660000955,2.0745
0.551670000955,2.10575
0.551680000955,2.10575
0.551690000955,2.137
0.551700000955,2.10575
0.551710000955,2.137
0.551720000955,2.137
0.551730000955,2.10575
0.551740000955,2.137
0.551750000955,2.10575
0.551760000955,2.137
0.551770000955,2.137
0.551780000955,2.10575
0.551790000955,2.10575
0.551800000955,2.137
0.551810000955,2.137
0.551820000955,2.10575
0.551830000955,2.137
0.551840000955,2.10575
0.551850000955,2.137
0.551860000955,2.137
0.551870000955,2.137
0.551880000955,2.10575
0.551890000955,2.10575
0.551900000955,2.10575
0.551910000955,2.10575
0.551920000955,2.137
0.551930000955,2.0745
0.551940000955,2.10575
0.551950000955,2.10575
0.551960000955,2.137
0.551970000955,2.137
0.551980000955,2.10575
0.551990000955,2.10575
0.552000000955,2.10575
0.552010000955,2.137
0.552020000955,2.10575
0.552030000955,2.137
0.552040000955,2.10575
0.552050000955,2.10575
0.552060000955,2.10575
0.552070000955,2.10575
0.552080000955,2.10575
0.552090000955,2.137
0.552100000955,2.16825
0.552110000955,2.137
0.552120000955,2.10575
0.552130000955,2.10575
0.552140000955,2.16825
0.552150000955,2.137
0.552160000955,2.137
0.552170000955,2.10575
0.552180000955,2.10575
0.552190000955,2.0745
0.552200000955,2.10575
0.552210000955,2.10575
0.552220000955,2.137
0.552230000955,2.10575
0.552240000955,2.10575
0.552250000955,2.137
0.552260000955,2.10575
0.552270000955,2.137
0.552280000955,2.10575
0.552290000955,2.10575
0.552300000955,2.0745
0.552310000955,2.10575
0.552320000955,2.137
0.552330000955,2.137
0.552340000955,2.137
0.552350000955,2.137
0.552360000955,2.137
0.552370000955,2.137
0.552380000955,2.10575
0.552390000955,2.10575
0.552400000955,2.10575
0.552410000955,2.10575
0.552420000955,2.0745
0.552430000955,2.137
0.552440000955,2.10575
0.552450000955,2.10575
0.552460000955,2.10575
0.552470000955,2.137
0.552480000955,2.137
0.552490000955,2.10575
0.552500000955,2.0745
0.552510000955,2.10575
0.552520000955,2.10575
0.552530000955,2.10575
0.552540000955,2.10575
0.552550000955,2.137
0.552560000955,2.10575
0.552570000955,2.10575
0.552580000955,2.0745
0.552590000955,2.10575
0.552600000955,2.10575
0.552610000955,2.137
0.552620000955,2.137
0.552630000955,2.137
0.552640000955,2.0745
0.552650000955,2.0745
0.552660000955,2.10575
0.552670000955,2.10575
0.552680000955,2.137
0.552690000955,2.10575
0.552700000955,2.10575
0.552710000955,2.137
0.552720000955,2.0745
0.552730000955,2.137
0.552740000955,2.10575
0.552750000955,2.10575
0.552760000955,2.10575
0.552770000955,2.10575
0.552780000955,2.137
0.552790000955,2.10575
0.552800000955,2.0745
0.552810000955,2.0745
0.552820000955,2.10575
0.552830000955,2.137
0.552840000955,2.137
0.552850000955,2.10575
0.552860000955,2.10575
0.552870000955,2.137
0.552880000955,2.10575
0.552890000955,2.10575
0.552900000955,2.137
0.552910000955,2.137
0.552920000955,2.10575
0.552930000955,2.0745
0.552940000955,2.10575
0.552950000955,2.10575
0.552960000955,2.0745
0.552970000955,2.137
0.552980000955,2.10575
0.552990000955,2.10575
0.553000000955,2.137
0.553010000955,2.10575
0.553020000955,2.0745
0.553030000955,2.10575
0.553040000955,2.10575
0.553050000955,2.10575
0.553060000955,2.0745
0.553070000955,2.10575
0.553080000955,2.10575
0.553090000955,2.137
0.553100000955,2.10575
0.553110000955,2.137
0.553120000955,2.10575
0.553130000955,2.137
0.553140000955,2.137
0.553150000955,2.137
0.553160000955,2.10575
0.553170000955,2.137
0.553180000955,2.0745
0.553190000955,2.137
0.553200000955,2.137
0.553210000955,2.137
0.553220000955,2.137
0.553230000955,2.10575
0.553240000955,2.10575
0.553250000955,2.10575
0.553260000955,2.10575
0.553270000955,2.137
0.553280000955,2.10575
0.553290000955,2.10575
0.553300000955,2.10575
0.553310000955,2.10575
0.553320000955,2.10575
0.553330000955,2.10575
0.553340000955,2.10575
0.553350000955,2.137
0.553360000955,2.10575
0.553370000955,2.10575
0.553380000955,2.137
0.553390000955,2.137
0.553400000955,2.137
0.553410000955,2.137
0.553420000955,2.10575
0.553430000955,2.10575
0.553440000955,2.10575
0.553450000955,2.16825
0.553460000955,2.10575
0.553470000955,2.0745
0.553480000955,2.137
0.553490000955,2.137
0.553500000955,2.10575
0.553510000955,2.10575
0.553520000955,2.137
0.553530000955,2.137
0.553540000955,2.137
0.553550000955,2.137
0.553560000955,2.10575
0.553570000955,2.10575
0.553580000955,2.10575
0.553590000955,2.137
0.553600000955,2.10575
0.553610000955,2.10575
0.553620000955,2.10575
0.553630000955,2.137
0.553640000955,2.137
0.553650000955,2.10575
0.553660000955,2.10575
0.553670000955,2.137
0.553680000955,2.137
0.553690000955,2.10575
0.553700000955,2.137
0.553710000955,2.10575
0.553720000955,2.137
0.553730000955,2.137
0.553740000955,2.137
0.553750000955,2.10575
0.553760000955,2.10575
0.553770000955,2.137
0.553780000955,2.0745
0.553790000955,2.137
0.553800000955,2.0745
0.553810000955,2.137
0.553820000955,2.10575
0.553830000955,2.137
0.553840000955,2.137
0.553850000955,2.137
0.553860000955,2.137
0.553870000955,2.0745
0.553880000955,2.137
0.553890000955,2.137
0.553900000955,2.137
0.553910000955,2.10575
0.553920000955,2.137
0.553930000955,2.137
0.553940000955,2.10575
0.553950000955,2.10575
0.553960000955,2.137
0.553970000955,2.16825
0.553980000955,2.10575
0.553990000955,2.10575
0.554000000955,2.137
0.554010000955,2.10575
0.554020000955,2.10575
0.554030000955,2.10575
0.554040000955,2.10575
0.554050000955,2.10575
0.554060000955,2.137
0.554070000955,2.16825
0.554080000955,2.137
0.554090000955,2.137
0.554100000955,2.137
0.554110000955,2.10575
0.554120000955,2.10575
0.554130000955,2.10575
0.554140000955,2.16825
0.554150000955,2.10575
0.554160000955,2.137
0.554170000955,2.10575
0.554180000955,2.137
0.554190000955,2.10575
0.554200000955,2.10575
0.554210000955,2.10575
0.554220000955,2.10575
0.554230000955,2.10575
0.554240000955,2.16825
0.554250000955,2.0745
0.554260000955,2.10575
0.554270000955,2.137
0.554280000955,2.137
0.554290000955,2.10575
0.554300000955,2.10575
0.554310000955,2.137
0.554320000955,2.10575
0.554330000955,2.10575
0.554340000955,2.10575
0.554350000955,2.10575
0.554360000955,2.10575
0.554370000955,2.137
0.554380000955,2.10575
0.554390000955,2.0745
0.554400000955,2.16825
0.554410000955,2.137
0.554420000955,2.10575
0.554430000955,2.10575
0.554440000955,2.137
0.554450000955,2.16825
0.554460000955,2.137
0.554470000955,2.10575
0.554480000955,2.10575
0.554490000955,2.16825
0.554500000955,2.137
0.554510000955,2.137
0.554520000955,2.0745
0.554530000955,2.16825
0.554540000955,2.10575
0.554550000955,2.0745
0.554560000955,2.0745
0.554570000955,2.137
0.554580000955,2.137
0.554590000955,2.137
0.554600000955,2.137
0.554610000955,2.10575
0.554620000955,2.10575
0.554630000955,2.137
0.554640000955,2.137
0.554650000955,2.10575
0.554660000955,2.0745
0.554670000955,2.137
0.554680000955,2.137
0.554690000955,2.137
0.554700000955,2.10575
0.554710000955,2.10575
0.554720000955,2.10575
0.554730000955,2.10575
0.554740000955,2.10575
0.554750000955,2.137
0.554760000955,2.10575
0.554770000955,2.10575
0.554780000955,2.137
0.554790000955,2.137
0.554800000955,2.10575
0.554810000955,2.10575
0.554820000955,2.137
0.554830000955,2.10575
0.554840000955,2.10575
0.554850000955,2.137
0.554860000955,2.10575
0.554870000955,2.137
0.554880000955,2.137
0.554890000955,2.10575
0.554900000955,2.10575
0.554910000955,2.10575
0.554920000955,2.10575
0.554930000955,2.137
0.554940000955,2.10575
0.554950000955,2.137
0.554960000955,2.10575
0.554970000955,2.10575
0.554980000955,2.10575
0.554990000955,2.10575
0.555000000955,2.137
0.555010000955,2.137
0.555020000955,2.137
0.555030000955,2.137
0.555040000955,2.137
0.555050000955,2.10575
0.555060000955,2.137
0.555070000955,2.137
0.555080000955,2.137
0.555090000955,2.10575
0.555100000955,2.137
0.555110000955,2.10575
0.555120000955,2.137
0.555130000955,2.10575
0.555140000955,2.10575
0.555150000955,2.10575
0.555160000955,2.137
0.555170000955,2.10575
0.555180000955,2.10575
0.555190000955,2.137
0.555200000955,2.10575
0.555210000955,2.137
0.555220000955,2.137
0.555230000955,2.137
0.555240000955,2.10575
0.555250000955,2.0745
0.555260000955,2.10575
0.555270000955,2.10575
0.555280000955,2.10575
0.555290000955,2.10575
0.555300000955,2.10575
0.555310000955,2.10575
0.555320000955,2.137
0.555330000955,2.10575
0.555340000955,2.137
0.555350000955,2.10575
0.555360000955,2.10575
0.555370000955,2.137
0.555380000955,2.10575
0.555390000955,2.10575
0.555400000955,2.10575
0.555410000955,2.137
0.555420000955,2.10575
0.555430000955,2.137
0.555440000955,2.137
0.555450000955,2.10575
0.555460000955,2.137
0.555470000955,2.16825
0.555480000955,2.16825
0.555490000955,2.10575
0.555500000955,2.137
0.555510000955,2.137
0.555520000955,2.0745
0.555530000955,2.137
0.555540000955,2.137
0.555550000955,2.10575
0.555560000955,2.10575
0.555570000955,2.16825
0.555580000955,2.10575
0.555590000955,2.137
0.555600000955,2.10575
0.555610000955,2.137
0.555620000955,2.137
0.555630000955,2.137
0.555640000955,2.10575
0.555650000955,2.10575
0.555660000955,2.10575
0.555670000955,2.137
0.555680000955,2.10575
0.555690000955,2.10575
0.555700000955,2.10575
0.555710000955,2.137
0.555720000955,2.10575
0.555730000955,2.137
0.555740000955,2.10575
0.555750000955,2.10575
0.555760000955,2.10575
0.555770000955,2.10575
0.555780000955,2.10575
0.555790000955,2.10575
0.555800000955,2.137
0.555810000955,2.10575
0.555820000955,2.10575
0.555830000955,2.10575
0.555840000955,2.10575
0.555850000955,2.10575
0.555860000955,2.10575
0.555870000955,2.10575
0.555880000955,2.137
0.555890000955,2.10575
0.555900000955,2.10575
0.555910000955,2.10575
0.555920000955,2.10575
0.555930000955,2.10575
0.555940000955,2.0745
0.555950000955,2.10575
0.555960000955,2.137
0.555970000955,2.137
0.555980000955,2.137
0.555990000955,2.10575
0.556000000955,2.10575
0.556010000955,2.10575
0.556020000955,2.137
0.556030000955,2.137
0.556040000955,2.10575
0.556050000955,2.0745
0.556060000955,2.0745
0.556070000955,2.137
0.556080000955,2.137
0.556090000955,2.137
0.556100000955,2.10575
0.556110000955,2.10575
0.556120000955,2.10575
0.556130000955,2.10575
0.556140000955,2.10575
0.556150000955,2.137
0.556160000955,2.10575
0.556170000955,2.10575
0.556180000955,2.137
0.556190000955,2.137
0.556200000955,2.10575
0.556210000955,2.137
0.556220000955,2.0745
0.556230000955,2.137
0.556240000955,2.10575
0.556250000955,2.0745
0.556260000955,2.10575
0.556270000955,2.10575
0.556280000955,2.10575
0.556290000955,2.137
0.556300000955,2.137
0.556310000955,2.10575
0.556320000955,2.10575
0.556330000955,2.10575
0.556340000955,2.137
0.556350000955,2.137
0.556360000955,2.137
0.556370000955,2.10575
0.556380000955,2.137
0.556390000955,2.137
0.556400000955,2.10575
0.556410000955,2.137
0.556420000955,2.10575
0.556430000955,2.137
0.556440000955,2.137
0.556450000955,2.10575
0.556460000955,2.137
0.556470000955,2.10575
0.556480000955,2.137
0.556490000955,2.137
0.556500000955,2.10575
0.556510000955,2.10575
0.556520000955,2.10575
0.556530000955,2.137
0.556540000955,2.137
0.556550000955,2.10575
0.556560000955,2.10575
0.556570000955,2.10575
0.556580000955,2.10575
0.556590000955,2.10575
0.556600000955,2.137
0.556610000955,2.10575
0.556620000955,2.137
0.556630000955,2.10575
0.556640000955,2.137
0.556650000955,2.137
0.556660000955,2.137
0.556670000955,2.137
0.556680000955,2.137
0.556690000955,2.137
0.556700000955,2.137
0.556710000955,2.137
0.556720000955,2.137
0.556730000955,2.137
0.556740000955,2.0745
0.556750000955,2.137
0.556760000955,2.10575
0.556770000955,2.10575
0.556780000955,2.137
0.556790000955,2.10575
0.556800000955,2.10575
0.556810000955,2.137
0.556820000955,2.10575
0.556830000955,2.137
0.556840000955,2.10575
0.556850000955,2.137
0.556860000955,2.10575
0.556870000955,2.137
0.556880000955,2.137
0.556890000955,2.137
0.556900000955,2.10575
0.556910000955,2.10575
0.556920000955,2.10575
0.556930000955,2.137
0.556940000955,2.10575
0.556950000955,2.137
0.556960000955,2.10575
0.556970000955,2.10575
0.556980000955,2.16825
0.556990000955,2.10575
0.557000000955,2.137
0.557010000955,2.137
0.557020000955,2.137
0.557030000955,2.137
0.557040000955,2.137
0.557050000955,2.137
0.557060000955,2.10575
0.557070000955,2.137
0.557080000955,2.137
0.557090000955,2.10575
0.557100000955,2.10575
0.557110000955,2.10575
0.557120000955,2.137
0.557130000955,2.10575
0.557140000955,2.10575
0.557150000955,2.10575
0.557160000955,2.137
0.557170000955,2.10575
0.557180000955,2.137
0.557190000955,2.137
0.557200000955,2.10575
0.557210000955,2.10575
0.557220000955,2.137
0.557230000955,2.10575
0.557240000955,2.10575
0.557250000955,2.10575
0.557260000955,2.10575
0.557270000955,2.16825
0.557280000955,2.10575
0.557290000955,2.137
0.557300000955,2.0745
0.557310000955,2.137
0.557320000955,2.10575
0.557330000955,2.137
0.557340000955,2.137
0.557350000955,2.10575
0.557360000955,2.10575
0.557370000955,2.137
0.557380000955,2.0745
0.557390000955,2.16825
0.557400000955,2.137
0.557410000955,2.10575
0.557420000955,2.10575
0.557430000955,2.137
0.557440000955,2.137
0.557450000955,2.137
0.557460000955,2.10575
0.557470000955,2.10575
0.557480000955,2.10575
0.557490000955,2.137
0.557500000955,2.0745
0.557510000955,2.10575
0.557520000955,2.16825
0.557530000955,2.137
0.557540000955,2.137
0.557550000955,2.137
0.557560000955,2.137
0.557570000955,2.137
0.557580000955,2.137
0.557590000955,2.16825
0.557600000955,2.10575
0.557610000955,2.137
0.557620000955,2.10575
0.557630000955,2.10575
0.557640000955,2.137
0.557650000955,2.137
0.557660000955,2.137
0.557670000955,2.10575
0.557680000955,2.10575
0.557690000955,2.10575
0.557700000955,2.137
0.557710000955,2.137
0.557720000955,2.10575
0.557730000955,2.137
0.557740000955,2.10575
0.557750000955,2.10575
0.557760000955,2.137
0.557770000955,2.137
0.557780000955,2.10575
0.557790000955,2.10575
0.557800000955,2.16825
0.557810000955,2.137
0.557820000955,2.137
0.557830000955,2.10575
0.557840000955,2.137
0.557850000955,2.10575
0.557860000955,2.137
0.557870000955,2.10575
0.557880000955,2.137
0.557890000955,2.137
0.557900000955,2.10575
0.557910000955,2.10575
0.557920000955,2.10575
0.557930000955,2.10575
0.557940000955,2.137
0.557950000955,2.10575
0.557960000955,2.10575
0.557970000955,2.137
0.557980000955,2.10575
0.557990000955,2.137
0.558000000955,2.10575
0.558010000955,2.10575
0.558020000955,2.137
0.558030000955,2.137
0.558040000955,2.10575
0.558050000955,2.0745
0.558060000955,2.137
0.558070000955,2.10575
0.558080000955,2.137
0.558090000955,2.137
0.558100000955,2.137
0.558110000955,2.137
0.558120000955,2.137
0.558130000955,2.16825
0.558140000955,2.10575
0.558150000955,2.10575
0.558160000955,2.0745
0.558170000955,2.137
0.558180000955,2.137
0.558190000955,2.10575
0.558200000955,2.137
0.558210000955,2.137
0.558220000955,2.10575
0.558230000955,2.10575
0.558240000955,2.16825
0.558250000955,2.137
0.558260000955,2.137
0.558270000955,2.10575
0.558280000955,2.16825
0.558290000955,2.137
0.558300000955,2.137
0.558310000955,2.10575
0.558320000955,2.137
0.558330000955,2.137
0.558340000955,2.137
0.558350000955,2.10575
0.558360000955,2.137
0.558370000955,2.137
0.558380000955,2.137
0.558390000955,2.137
0.558400000955,2.10575
0.558410000955,2.137
0.558420000955,2.10575
0.558430000955,2.16825
0.558440000955,2.10575
0.558450000955,2.16825
0.558460000955,2.137
0.558470000955,2.137
0.558480000955,2.10575
0.558490000955,2.16825
0.558500000955,2.137
0.558510000955,2.10575
0.558520000955,2.137
0.558530000955,2.137
0.558540000955,2.137
0.558550000955,2.10575
0.558560000955,2.137
0.558570000955,2.10575
0.558580000955,2.137
0.558590000955,2.16825
0.558600000955,2.137
0.558610000955,2.10575
0.558620000955,2.137
0.558630000955,2.137
0.558640000955,2.10575
0.558650000955,2.16825
0.558660000955,2.137
0.558670000955,2.137
0.558680000955,2.137
0.558690000955,2.16825
0.558700000955,2.16825
0.558710000955,2.137
0.558720000955,2.16825
0.558730000955,2.10575
0.558740000955,2.137
0.558750000955,2.137
0.558760000955,2.137
0.558770000955,2.0745
0.558780000955,2.137
0.558790000955,2.137
0.558800000955,2.0745
0.558810000955,2.137
0.558820000955,2.137
0.558830000955,2.137
0.558840000955,2.137
0.558850000955,2.137
0.558860000955,2.10575
0.558870000955,2.137
0.558880000955,2.10575
0.558890000955,2.137
0.558900000955,2.137
0.558910000955,2.10575
0.558920000955,2.137
0.558930000955,2.10575
0.558940000955,2.10575
0.558950000955,2.137
0.558960000955,2.137
0.558970000955,2.137
0.558980000955,2.137
0.558990000955,2.0745
0.559000000955,2.137
0.559010000955,2.137
0.559020000955,2.137
0.559030000955,2.137
0.559040000955,2.10575
0.559050000955,2.10575
0.559060000955,2.16825
0.559070000955,2.10575
0.559080000955,2.10575
0.559090000955,2.10575
0.559100000955,2.10575
0.559110000955,2.137
0.559120000955,2.10575
0.559130000955,2.137
0.559140000955,2.10575
0.559150000955,2.137
0.559160000955,2.137
0.559170000955,2.137
0.559180000955,2.137
0.559190000955,2.10575
0.559200000955,2.10575
0.559210000955,2.16825
0.559220000955,2.137
0.559230000955,2.137
0.559240000955,2.10575
0.559250000955,2.137
0.559260000955,2.10575
0.559270000955,2.16825
0.559280000955,2.10575
0.559290000955,2.137
0.559300000955,2.137
0.559310000955,2.137
0.559320000955,2.10575
0.559330000955,2.10575
0.559340000955,2.137
0.559350000955,2.10575
0.559360000955,2.10575
0.559370000955,2.10575
0.559380000955,2.10575
0.559390000955,2.10575
0.559400000955,2.137
0.559410000955,2.137
0.559420000955,2.137
0.559430000955,2.137
0.559440000955,2.137
0.559450000955,2.137
0.559460000955,2.10575
0.559470000955,2.16825
0.559480000955,2.137
0.559490000955,2.0745
0.559500000955,2.10575
0.559510000955,2.137
0.559520000955,2.10575
0.559530000955,2.137
0.559540000955,2.137
0.559550000955,2.137
0.559560000955,2.137
0.559570000955,2.137
0.559580000955,2.10575
0.559590000955,2.137
0.559600000955,2.16825
0.559610000955,2.137
0.559620000955,2.10575
0.559630000955,2.10575
0.559640000955,2.10575
0.559650000955,2.10575
0.559660000955,2.137
0.559670000955,2.10575
0.559680000955,2.137
0.559690000955,2.16825
0.559700000955,2.10575
0.559710000955,2.137
0.559720000955,2.16825
0.559730000955,2.137
0.559740000955,2.137
0.559750000955,2.10575
0.559760000955,2.137
0.559770000955,2.137
0.559780000955,2.137
0.559790000955,2.10575
0.559800000955,2.137
0.559810000955,2.10575
0.559820000955,2.137
0.559830000955,2.137
0.559840000955,2.137
0.559850000955,2.10575
0.559860000955,2.10575
0.559870000955,2.137
0.559880000955,2.10575
0.559890000955,2.137
0.559900000955,2.137
0.559910000955,2.10575
0.559920000955,2.137
0.559930000955,2.137
0.559940000955,2.10575
0.559950000955,2.137
0.559960000955,2.137
0.559970000955,2.137
0.559980000955,2.137
0.559990000955,2.137
0.560000000955,2.137
0.560010000955,2.10575
0.560020000955,2.137
0.560030000955,2.137
0.560040000955,2.137
0.560050000955,2.10575
0.560060000955,2.16825
0.560070000955,2.137
0.560080000955,2.10575
0.560090000955,2.10575
0.560100000955,2.137
0.560110000955,2.137
0.560120000955,2.137
0.560130000955,2.137
0.560140000955,2.137
0.560150000955,2.137
0.560160000955,2.137
0.560170000955,2.137
0.560180000955,2.137
0.560190000955,2.10575
0.560200000955,2.10575
0.560210000955,2.137
0.560220000955,2.137
0.560230000955,2.10575
0.560240000955,2.137
0.560250000955,2.10575
0.560260000955,2.10575
0.560270000955,2.137
0.560280000955,2.137
0.560290000955,2.10575
0.560300000955,2.10575
0.560310000955,2.137
0.560320000955,2.16825
0.560330000955,2.137
0.560340000955,2.10575
0.560350000955,2.137
0.560360000955,2.10575
0.560370000955,2.137
0.560380000955,2.10575
0.560390000955,2.10575
0.560400000955,2.137
0.560410000955,2.137
0.560420000955,2.137
0.560430000955,2.137
0.560440000955,2.137
0.560450000955,2.16825
0.560460000955,2.10575
0.560470000955,2.137
0.560480000955,2.137
0.560490000955,2.137
0.560500000955,2.137
0.560510000955,2.137
0.560520000955,2.16825
0.560530000955,2.10575
0.560540000955,2.16825
0.560550000955,2.137
0.560560000955,2.137
0.560570000955,2.137
0.560580000955,2.137
0.560590000955,2.137
0.560600000955,2.137
0.560610000955,2.137
0.560620000955,2.10575
0.560630000955,2.10575
0.560640000955,2.137
0.560650000955,2.137
0.560660000955,2.137
0.560670000955,2.137
0.560680000955,2.137
0.560690000955,2.16825
0.560700000955,2.10575
0.560710000955,2.10575
0.560720000955,2.137
0.560730000955,2.10575
0.560740000955,2.16825
0.560750000955,2.137
0.560760000955,2.10575
0.560770000955,2.137
0.560780000955,2.137
0.560790000955,2.137
0.560800000955,2.10575
0.560810000955,2.137
0.560820000955,2.10575
0.560830000955,2.10575
0.560840000955,2.137
0.560850000955,2.10575
0.560860000955,2.10575
0.560870000955,2.137
0.560880000955,2.137
0.560890000955,2.137
0.560900000955,2.137
0.560910000955,2.137
0.560920000955,2.10575
0.560930000955,2.137
0.560940000955,2.10575
0.560950000955,2.137
0.560960000955,2.137
0.560970000955,2.137
0.560980000955,2.137
0.560990000955,2.10575
0.561000000955,2.10575
0.561010000955,2.10575
0.561020000955,2.137
0.561030000955,2.10575
0.561040000955,2.10575
0.561050000955,2.10575
0.561060000955,2.137
0.561070000955,2.10575
0.561080000955,2.137
0.561090000955,2.137
0.561100000955,2.137
0.561110000955,2.137
0.561120000955,2.137
0.561130000955,2.10575
0.561140000955,2.137
0.561150000955,2.10575
0.561160000955,2.10575
0.561170000955,2.10575
0.561180000955,2.137
0.561190000955,2.137
0.561200000955,2.16825
0.561210000955,2.137
0.561220000955,2.10575
0.561230000955,2.137
0.561240000955,2.137
0.561250000955,2.137
0.561260000955,2.10575
0.561270000955,2.16825
0.561280000955,2.10575
0.561290000955,2.137
0.561300000955,2.137
0.561310000955,2.137
0.561320000955,2.137
0.561330000955,2.16825
0.561340000955,2.16825
0.561350000955,2.137
0.561360000955,2.16825
0.561370000955,2.137
0.561380000955,2.137
0.561390000955,2.137
0.561400000955,2.137
0.561410000955,2.137
0.561420000955,2.137
0.561430000955,2.137
0.561440000955,2.137
0.561450000955,2.137
0.561460000955,2.137
0.561470000955,2.16825
0.561480000955,2.137
0.561490000955,2.137
0.561500000955,2.137
0.561510000955,2.137
0.561520000955,2.137
0.561530000955,2.137
0.561540000955,2.137
0.561550000955,2.137
0.561560000955,2.137
0.561570000955,2.10575
0.561580000955,2.10575
0.561590000955,2.137
0.561600000955,2.137
0.561610000955,2.137
0.561620000955,2.137
0.561630000955,2.10575
0.561640000955,2.137
0.561650000955,2.137
0.561660000955,2.10575
0.561670000955,2.10575
0.561680000955,2.137
0.561690000955,2.16825
0.561700000955,2.137
0.561710000955,2.137
0.561720000955,2.137
0.561730000955,2.137
0.561740000955,2.137
0.561750000955,2.10575
0.561760000955,2.137
0.561770000955,2.137
0.561780000955,2.137
0.561790000955,2.16825
0.561800000955,2.137
0.561810000955,2.137
0.561820000955,2.137
0.561830000955,2.10575
0.561840000955,2.137
0.561850000955,2.137
0.561860000955,2.137
0.561870000955,2.137
0.561880000955,2.16825
0.561890000955,2.137
0.561900000955,2.16825
0.561910000955,2.137
0.561920000955,2.137
0.561930000955,2.137
0.561940000955,2.10575
0.561950000955,2.137
0.561960000955,2.137
0.561970000955,2.137
0.561980000955,2.10575
0.561990000955,2.137
0.562000000955,2.137
0.562010000955,2.137
0.562020000955,2.10575
0.562030000955,2.10575
0.562040000955,2.137
0.562050000955,2.10575
0.562060000955,2.10575
0.562070000955,2.16825
0.562080000955,2.137
0.562090000955,2.137
0.562100000955,2.137
0.562110000955,2.137
0.562120000955,2.137
0.562130000955,2.137
0.562140000955,2.137
0.562150000955,2.137
0.562160000955,2.137
0.562170000955,2.137
0.562180000955,2.137
0.562190000955,2.137
0.562200000955,2.137
0.562210000955,2.137
0.562220000955,2.137
0.562230000955,2.137
0.562240000955,2.16825
0.562250000955,2.137
0.562260000955,2.137
0.562270000955,2.137
0.562280000955,2.137
0.562290000955,2.137
0.562300000955,2.10575
0.562310000955,2.137
0.562320000955,2.137
0.562330000955,2.137
0.562340000955,2.137
0.562350000955,2.10575
0.562360000955,2.10575
0.562370000955,2.10575
0.562380000955,2.10575
0.562390000955,2.137
0.562400000955,2.10575
0.562410000955,2.10575
0.562420000955,2.137
0.562430000955,2.137
0.562440000955,2.10575
0.562450000955,2.137
0.562460000955,2.137
0.562470000955,2.10575
0.562480000955,2.10575
0.562490000955,2.16825
0.562500000955,2.137
0.562510000955,2.137
0.562520000955,2.10575
0.562530000955,2.137
0.562540000955,2.137
0.562550000955,2.137
0.562560000955,2.137
0.562570000955,2.10575
0.562580000955,2.137
0.562590000955,2.10575
0.562600000955,2.16825
0.562610000955,2.10575
0.562620000955,2.10575
0.562630000955,2.10575
0.562640000955,2.137
0.562650000955,2.10575
0.562660000955,2.137
0.562670000955,2.137
0.562680000955,2.10575
0.562690000955,2.137
0.562700000955,2.10575
0.562710000955,2.10575
0.562720000955,2.137
0.562730000955,2.137
0.562740000955,2.137
0.562750000955,2.137
0.562760000955,2.16825
0.562770000955,2.137
0.562780000955,2.10575
0.562790000955,2.137
0.562800000955,2.137
0.562810000955,2.137
0.562820000955,2.16825
0.562830000955,2.10575
0.562840000955,2.16825
0.562850000955,2.10575
0.562860000955,2.137
0.562870000955,2.137
0.562880000955,2.137
0.562890000955,2.137
0.562900000955,2.10575
0.562910000955,2.10575
0.562920000955,2.137
0.562930000955,2.137
0.562940000955,2.137
0.562950000955,2.137
0.562960000955,2.137
0.562970000955,2.137
0.562980000955,2.10575
0.562990000955,2.137
0.563000000955,2.137
0.563010000955,2.16825
0.563020000955,2.10575
0.563030000955,2.10575
0.563040000955,2.137
0.563050000955,2.137
0.563060000955,2.10575
0.563070000955,2.137
0.563080000955,2.137
0.563090000955,2.16825
0.563100000955,2.137
0.563110000955,2.16825
0.563120000955,2.137
0.563130000955,2.10575
0.563140000955,2.137
0.563150000955,2.10575
0.563160000955,2.137
0.563170000955,2.10575
0.563180000955,2.10575
0.563190000955,2.10575
0.563200000955,2.137
0.563210000955,2.10575
0.563220000955,2.137
0.563230000955,2.10575
0.563240000955,2.10575
0.563250000955,2.137
0.563260000955,2.137
0.563270000955,2.10575
0.563280000955,2.137
0.563290000955,2.16825
0.563300000955,2.137
0.563310000955,2.10575
0.563320000955,2.137
0.563330000955,2.137
0.563340000955,2.137
0.563350000955,2.137
0.563360000955,2.16825
0.563370000955,2.10575
0.563380000955,2.137
0.563390000955,2.137
0.563400000955,2.16825
0.563410000955,2.16825
0.563420000955,2.10575
0.563430000955,2.16825
0.563440000955,2.137
0.563450000955,2.137
0.563460000955,2.16825
0.563470000955,2.10575
0.563480000955,2.16825
0.563490000955,2.137
0.563500000955,2.137
0.563510000955,2.137
0.563520000955,2.137
0.563530000955,2.137
0.563540000955,2.137
0.563550000955,2.10575
0.563560000955,2.10575
0.563570000955,2.10575
0.563580000955,2.10575
0.563590000955,2.137
0.563600000955,2.137
0.563610000955,2.137
0.563620000955,2.10575
0.563630000955,2.10575
0.563640000955,2.16825
0.563650000955,2.137
0.563660000955,2.137
0.563670000955,2.10575
0.563680000955,2.137
0.563690000955,2.137
0.563700000955,2.137
0.563710000955,2.137
0.563720000955,2.137
0.563730000955,2.137
0.563740000955,2.10575
0.563750000955,2.137
0.563760000955,2.16825
0.563770000955,2.137
0.563780000955,2.137
0.563790000955,2.137
0.563800000955,2.16825
0.563810000955,2.137
0.563820000955,2.137
0.563830000955,2.137
0.563840000955,2.10575
0.563850000955,2.16825
0.563860000955,2.137
0.563870000955,2.10575
0.563880000955,2.137
0.563890000955,2.137
0.563900000955,2.137
0.563910000955,2.137
0.563920000955,2.10575
0.563930000955,2.16825
0.563940000955,2.137
0.563950000955,2.137
0.563960000955,2.137
0.563970000955,2.137
0.563980000955,2.16825
0.563990000955,2.137
0.564000000955,2.137
0.564010000955,2.137
0.564020000955,2.16825
0.564030000955,2.137
0.564040000955,2.137
0.564050000955,2.137
0.564060000955,2.16825
0.564070000955,2.16825
0.564080000955,2.10575
0.564090000955,2.10575
0.564100000955,2.16825
0.564110000955,2.10575
0.564120000955,2.10575
0.564130000955,2.137
0.564140000955,2.16825
0.564150000955,2.10575
0.564160000955,2.137
0.564170000955,2.16825
0.564180000955,2.10575
0.564190000955,2.137
0.564200000955,2.137
0.564210000955,2.16825
0.564220000955,2.137
0.564230000955,2.16825
0.564240000955,2.137
0.564250000955,2.16825
0.564260000955,2.16825
0.564270000955,2.137
0.564280000955,2.137
0.564290000955,2.137
0.564300000955,2.137
0.564310000955,2.10575
0.564320000955,2.137
0.564330000955,2.16825
0.564340000955,2.10575
0.564350000955,2.137
0.564360000955,2.137
0.564370000955,2.137
0.564380000955,2.16825
0.564390000955,2.137
0.564400000955,2.137
0.564410000955,2.137
0.564420000955,2.137
0.564430000955,2.137
0.564440000955,2.10575
0.564450000955,2.137
0.564460000955,2.137
0.564470000955,2.137
0.564480000955,2.16825
0.564490000955,2.137
0.564500000955,2.137
0.564510000955,2.137
0.564520000955,2.137
0.564530000955,2.137
0.564540000955,2.137
0.564550000955,2.137
0.564560000955,2.16825
0.564570000955,2.137
0.564580000955,2.137
0.564590000955,2.137
0.564600000955,2.16825
0.564610000955,2.137
0.564620000955,2.137
0.564630000955,2.10575
0.564640000955,2.16825
0.564650000955,2.10575
0.564660000955,2.137
0.564670000955,2.10575
0.564680000955,2.16825
0.564690000955,2.137
0.564700000955,2.137
0.564710000955,2.137
0.564720000955,2.137
0.564730000955,2.10575
0.564740000955,2.137
0.564750000955,2.137
0.564760000955,2.137
0.564770000955,2.10575
0.564780000955,2.137
0.564790000955,2.137
0.564800000955,2.10575
0.564810000955,2.137
0.564820000955,2.137
0.564830000955,2.137
0.564840000955,2.137
0.564850000955,2.16825
0.564860000955,2.137
0.564870000955,2.10575
0.564880000955,2.10575
0.564890000955,2.137
0.564900000955,2.137
0.564910000955,2.10575
0.564920000955,2.137
0.564930000955,2.16825
0.564940000955,2.10575
0.564950000955,2.137
0.564960000955,2.137
0.564970000955,2.137
0.564980000955,2.10575
0.564990000955,2.10575
0.565000000955,2.16825
0.565010000955,2.137
0.565020000955,2.16825
0.565030000955,2.137
0.565040000955,2.10575
0.565050000955,2.16825
0.565060000955,2.10575
0.565070000955,2.10575
0.565080000955,2.137
0.565090000955,2.10575
0.565100000955,2.137
0.565110000955,2.137
0.565120000955,2.10575
0.565130000955,2.137
0.565140000955,2.137
0.565150000955,2.16825
0.565160000955,2.137
0.565170000955,2.137
0.565180000955,2.137
0.565190000955,2.137
0.565200000955,2.10575
0.565210000955,2.10575
0.565220000955,2.16825
0.565230000955,2.137
0.565240000955,2.137
0.565250000955,2.137
0.565260000955,2.16825
0.565270000955,2.137
0.565280000955,2.137
0.565290000955,2.137
0.565300000955,2.16825
0.565310000955,2.10575
0.565320000955,2.137
0.565330000955,2.137
0.565340000955,2.10575
0.565350000955,2.137
0.565360000955,2.137
0.565370000955,2.137
0.565380000955,2.16825
0.565390000955,2.137
0.565400000955,2.137
0.565410000955,2.137
0.565420000955,2.10575
0.565430000955,2.137
0.565440000955,2.137
0.565450000955,2.137
0.565460000955,2.137
0.565470000955,2.16825
0.565480000955,2.0745
0.565490000955,2.137
0.565500000955,2.137
0.565510000955,2.16825
0.565520000955,2.137
0.565530000955,2.10575
0.565540000955,2.10575
0.565550000955,2.16825
0.565560000955,2.10575
0.565570000955,2.10575
0.565580000955,2.137
0.565590000955,2.16825
0.565600000955,2.10575
0.565610000955,2.10575
0.565620000955,2.137
0.565630000955,2.137
0.565640000955,2.137
0.565650000955,2.137
0.565660000955,2.137
0.565670000955,2.16825
0.565680000955,2.137
0.565690000955,2.16825
0.565700000955,2.137
0.565710000955,2.137
0.565720000955,2.137
0.565730000955,2.137
0.565740000955,2.137
0.565750000955,2.16825
0.565760000955,2.137
0.565770000955,2.137
0.565780000955,2.137
0.565790000955,2.10575
0.565800000955,2.16825
0.565810000955,2.10575
0.565820000955,2.137
0.565830000955,2.137
0.565840000955,2.137
0.565850000955,2.10575
0.565860000955,2.137
0.565870000955,2.137
0.565880000955,2.10575
0.565890000955,2.137
0.565900000955,2.137
0.565910000955,2.137
0.565920000955,2.137
0.565930000955,2.137
0.565940000955,2.0745
0.565950000955,2.137
0.565960000955,2.16825
0.565970000955,2.137
0.565980000955,2.137
0.565990000955,2.10575
0.566000000955,2.137
0.566010000955,2.137
0.566020000955,2.137
0.566030000955,2.10575
0.566040000955,2.137
0.566050000955,2.137
0.566060000955,2.137
0.566070000955,2.137
0.566080000955,2.10575
0.566090000955,2.10575
0.566100000955,2.16825
0.566110000955,2.137
0.566120000955,2.137
0.566130000955,2.16825
0.566140000955,2.137
0.566150000955,2.137
0.566160000955,2.137
0.566170000955,2.10575
0.566180000955,2.137
0.566190000955,2.16825
0.566200000955,2.137
0.566210000955,2.137
0.566220000955,2.137
0.566230000955,2.137
0.566240000955,2.137
0.566250000955,2.137
0.566260000955,2.137
0.566270000955,2.137
0.566280000955,2.10575
0.566290000955,2.137
0.566300000955,2.137
0.566310000955,2.10575
0.566320000955,2.10575
0.566330000955,2.137
0.566340000955,2.137
0.566350000955,2.16825
0.566360000955,2.10575
0.566370000955,2.137
0.566380000955,2.10575
0.566390000955,2.1995
0.566400000955,2.10575
0.566410000955,2.137
0.566420000955,2.10575
0.566430000955,2.10575
0.566440000955,2.137
0.566450000955,2.10575
0.566460000955,2.16825
0.566470000955,2.137
0.566480000955,2.137
0.566490000955,2.137
0.566500000955,2.137
0.566510000955,2.137
0.566520000955,2.16825
0.566530000955,2.10575
0.566540000955,2.16825
0.566550000955,2.10575
0.566560000955,2.137
0.566570000955,2.16825
0.566580000955,2.137
0.566590000955,2.137
0.566600000955,2.137
0.566610000955,2.16825
0.566620000955,2.10575
0.566630000955,2.137
0.566640000955,2.16825
0.566650000955,2.137
0.566660000955,2.10575
0.566670000955,2.10575
0.566680000955,2.137
0.566690000955,2.16825
0.566700000955,2.16825
0.566710000955,2.137
0.566720000955,2.16825
0.566730000955,2.10575
0.566740000955,2.137
0.566750000955,2.137
0.566760000955,2.16825
0.566770000955,2.16825
0.566780000955,2.16825
0.566790000955,2.16825
0.566800000955,2.137
0.566810000955,2.10575
0.566820000955,2.137
0.566830000955,2.137
0.566840000955,2.137
0.566850000955,2.137
0.566860000955,2.137
0.566870000955,2.137
0.566880000955,2.137
0.566890000955,2.137
0.566900000955,2.10575
0.566910000955,2.137
0.566920000955,2.137
0.566930000955,2.137
0.566940000955,2.137
0.566950000955,2.137
0.566960000955,2.137
0.566970000955,2.16825
0.566980000955,2.137
0.566990000955,2.16825
0.567000000955,2.137
0.567010000955,2.137
0.567020000955,2.137
0.567030000955,2.137
0.567040000955,2.16825
0.567050000955,2.137
0.567060000955,2.137
0.567070000955,2.137
0.567080000955,2.10575
0.567090000955,2.10575
0.567100000955,2.10575
0.567110000955,2.137
0.567120000955,2.137
0.567130000955,2.137
0.567140000955,2.137
0.567150000955,2.16825
0.567160000955,2.137
0.567170000955,2.137
0.567180000955,2.137
0.567190000955,2.10575
0.567200000955,2.10575
0.567210000955,2.16825
0.567220000955,2.137
0.567230000955,2.10575
0.567240000955,2.137
0.567250000955,2.16825
0.567260000955,2.137
0.567270000955,2.16825
0.567280000955,2.137
0.567290000955,2.137
0.567300000955,2.10575
0.567310000955,2.16825
0.567320000955,2.137
0.567330000955,2.16825
0.567340000955,2.16825
0.567350000955,2.137
0.567360000955,2.16825
0.567370000955,2.137
0.567380000955,2.16825
0.567390000955,2.137
0.567400000955,2.137
0.567410000955,2.16825
0.567420000955,2.137
0.567430000955,2.10575
0.567440000955,2.137
0.567450000955,2.137
0.567460000955,2.137
0.567470000955,2.137
0.567480000955,2.137
0.567490000955,2.137
0.567500000955,2.10575
0.567510000955,2.137
0.567520000955,2.16825
0.567530000955,2.137
0.567540000955,2.16825
0.567550000955,2.137
0.567560000955,2.137
0.567570000955,2.10575
0.567580000955,2.137
0.567590000955,2.137
0.567600000955,2.16825
0.567610000955,2.137
0.567620000955,2.10575
0.567630000955,2.16825
0.567640000955,2.137
0.567650000955,2.137
0.567660000955,2.137
0.567670000955,2.137
0.567680000955,2.10575
0.567690000955,2.137
0.567700000955,2.137
0.567710000955,2.137
0.567720000955,2.137
0.567730000955,2.137
0.567740000955,2.137
0.567750000955,2.137
0.567760000955,2.137
0.567770000955,2.137
0.567780000955,2.137
0.567790000955,2.137
0.567800000955,2.16825
0.567810000955,2.137
0.567820000955,2.137
0.567830000955,2.137
0.567840000955,2.137
0.567850000955,2.16825
0.567860000955,2.16825
0.567870000955,2.137
0.567880000955,2.137
0.567890000955,2.10575
0.567900000955,2.137
0.567910000955,2.137
0.567920000955,2.137
0.567930000955,2.10575
0.567940000955,2.137
0.567950000955,2.137
0.567960000955,2.16825
0.567970000955,2.16825
0.567980000955,2.137
0.567990000955,2.137
0.568000000955,2.137
0.568010000955,2.137
0.568020000955,2.10575
0.568030000955,2.137
0.568040000955,2.10575
0.568050000955,2.137
0.568060000955,2.16825
0.568070000955,2.10575
0.568080000955,2.137
0.568090000955,2.137
0.568100000955,2.137
0.568110000955,2.10575
0.568120000955,2.137
0.568130000955,2.137
0.568140000955,2.10575
0.568150000955,2.16825
0.568160000955,2.10575
0.568170000955,2.10575
0.568180000955,2.137
0.568190000955,2.137
0.568200000955,2.10575
0.568210000955,2.137
0.568220000955,2.137
0.568230000955,2.16825
0.568240000955,2.137
0.568250000955,2.137
0.568260000955,2.16825
0.568270000955,2.10575
0.568280000955,2.137
0.568290000955,2.137
0.568300000955,2.137
0.568310000955,2.137
0.568320000955,2.137
0.568330000955,2.16825
0.568340000955,2.10575
0.568350000955,2.137
0.568360000955,2.16825
0.568370000955,2.10575
0.568380000955,2.16825
0.568390000955,2.10575
0.568400000955,2.10575
0.568410000955,2.137
0.568420000955,2.137
0.568430000955,2.16825
0.568440000955,2.137
0.568450000955,2.137
0.568460000955,2.16825
0.568470000955,2.137
0.568480000955,2.137
0.568490000955,2.137
0.568500000955,2.10575
0.568510000955,2.10575
0.568520000955,2.137
0.568530000955,2.137
0.568540000955,2.137
0.568550000955,2.16825
0.568560000955,2.137
0.568570000955,2.0745
0.568580000955,2.10575
0.568590000955,2.16825
0.568600000955,2.16825
0.568610000955,2.137
0.568620000955,2.137
0.568630000955,2.137
0.568640000955,2.16825
0.568650000955,2.137
0.568660000955,2.137
0.568670000955,2.137
0.568680000955,2.10575
0.568690000955,2.16825
0.568700000955,2.137
0.568710000955,2.10575
0.568720000955,2.137
0.568730000955,2.1995
0.568740000955,2.16825
0.568750000955,2.16825
0.568760000955,2.16825
0.568770000955,2.137
0.568780000955,2.16825
0.568790000955,2.137
0.568800000955,2.16825
0.568810000955,2.16825
0.568820000955,2.137
0.568830000955,2.137
0.568840000955,2.137
0.568850000955,2.137
0.568860000955,2.137
0.568870000955,2.16825
0.568880000955,2.10575
0.568890000955,2.16825
0.568900000955,2.137
0.568910000955,2.16825
0.568920000955,2.137
0.568930000955,2.137
0.568940000955,2.137
0.568950000955,2.10575
0.568960000955,2.10575
0.568970000955,2.137
0.568980000955,2.137
0.568990000955,2.137
0.569000000955,2.137
0.569010000955,2.137
0.569020000955,2.16825
0.569030000955,2.137
0.569040000955,2.16825
0.569050000955,2.137
0.569060000955,2.137
0.569070000955,2.16825
0.569080000955,2.137
0.569090000955,2.137
0.569100000955,2.137
0.569110000955,2.137
0.569120000955,2.137
0.569130000955,2.16825
0.569140000955,2.16825
0.569150000955,2.137
0.569160000955,2.10575
0.569170000955,2.137
0.569180000955,2.137
0.569190000955,2.137
0.569200000955,2.16825
0.569210000955,2.137
0.569220000955,2.137
0.569230000955,2.137
0.569240000955,2.137
0.569250000955,2.137
0.569260000955,2.137
0.569270000955,2.137
0.569280000955,2.137
0.569290000955,2.137
0.569300000955,2.137
0.569310000955,2.137
0.569320000955,2.137
0.569330000955,2.137
0.569340000955,2.16825
0.569350000955,2.137
0.569360000955,2.137
0.569370000955,2.137
0.569380000955,2.137
0.569390000955,2.16825
0.569400000955,2.137
0.569410000955,2.10575
0.569420000955,2.16825
0.569430000955,2.137
0.569440000955,2.137
0.569450000955,2.137
0.569460000955,2.137
0.569470000955,2.16825
0.569480000955,2.10575
0.569490000955,2.137
0.569500000955,2.137
0.569510000955,2.10575
0.569520000955,2.10575
0.569530000955,2.137
0.569540000955,2.137
0.569550000955,2.137
0.569560000955,2.137
0.569570000955,2.10575
0.569580000955,2.137
0.569590000955,2.16825
0.569600000955,2.137
0.569610000955,2.10575
0.569620000955,2.137
0.569630000955,2.16825
0.569640000955,2.137
0.569650000955,2.137
0.569660000955,2.10575
0.569670000955,2.10575
0.569680000955,2.10575
0.569690000955,2.137
0.569700000955,2.137
0.569710000955,2.137
0.569720000955,2.137
0.569730000955,2.137
0.569740000955,2.137
0.569750000955,2.137
0.569760000955,2.137
0.569770000955,2.16825
0.569780000955,2.137
0.569790000955,2.10575
0.569800000955,2.16825
0.569810000955,2.137
0.569820000955,2.137
0.569830000955,2.137
0.569840000955,2.16825
0.569850000955,2.16825
0.569860000955,2.137
0.569870000955,2.137
0.569880000955,2.137
0.569890000955,2.137
0.569900000955,2.10575
0.569910000955,2.1995
0.569920000955,2.10575
0.569930000955,2.10575
0.569940000955,2.137
0.569950000955,2.137
0.569960000955,2.137
0.569970000955,2.16825
0.569980000955,2.137
0.569990000955,2.137
0.570000000955,2.10575
0.570010000955,2.137
0.570020000955,2.137
0.570030000955,2.16825
0.570040000955,2.137
0.570050000955,2.137
0.570060000955,2.137
0.570070000955,2.137
0.570080000955,2.137
0.570090000955,2.137
0.570100000955,2.137
0.570110000955,2.16825
0.570120000955,2.137
0.570130000955,2.10575
0.570140000955,2.137
0.570150000955,2.16825
0.570160000955,2.16825
0.570170000955,2.137
0.570180000955,2.137
0.570190000955,2.10575
0.570200000955,2.16825
0.570210000955,2.10575
0.570220000955,2.16825
0.570230000955,2.137
0.570240000955,2.137
0.570250000955,2.137
0.570260000955,2.16825
0.570270000955,2.137
0.570280000955,2.137
0.570290000955,2.137
0.570300000955,2.137
0.570310000955,2.137
0.570320000955,2.10575
0.570330000955,2.137
0.570340000955,2.137
0.570350000955,2.16825
0.570360000955,2.16825
0.570370000955,2.137
0.570380000955,2.137
0.570390000955,2.137
0.570400000955,2.16825
0.570410000955,2.137
0.570420000955,2.137
0.570430000955,2.137
0.570440000955,2.137
0.570450000955,2.16825
0.570460000955,2.1995
0.570470000955,2.10575
0.570480000955,2.16825
0.570490000955,2.16825
0.570500000955,2.137
0.570510000955,2.137
0.570520000955,2.137
0.570530000955,2.137
0.570540000955,2.137
0.570550000955,2.137
0.570560000955,2.137
0.570570000955,2.137
0.570580000955,2.137
0.570590000955,2.16825
0.570600000955,2.1995
0.570610000955,2.137
0.570620000955,2.137
0.570630000955,2.10575
0.570640000955,2.137
0.570650000955,2.16825
0.570660000955,2.137
0.570670000955,2.16825
0.570680000955,2.137
0.570690000955,2.137
0.570700000955,2.137
0.570710000955,2.10575
0.570720000955,2.137
0.570730000955,2.137
0.570740000955,2.10575
0.570750000955,2.137
0.570760000955,2.137
0.570770000955,2.16825
0.570780000955,2.137
0.570790000955,2.137
0.570800000955,2.137
0.570810000955,2.16825
0.570820000955,2.16825
0.570830000955,2.137
0.570840000955,2.10575
0.570850000955,2.137
0.570860000955,2.16825
0.570870000955,2.137
0.570880000955,2.137
0.570890000955,2.137
0.570900000955,2.137
0.570910000955,2.10575
0.570920000955,2.137
0.570930000955,2.137
0.570940000955,2.137
0.570950000955,2.137
0.570960000955,2.137
0.570970000955,2.137
0.570980000955,2.137
0.570990000955,2.137
0.571000000955,2.16825
0.571010000955,2.10575
0.571020000955,2.137
0.571030000955,2.137
0.571040000955,2.10575
0.571050000955,2.16825
0.571060000955,2.137
0.571070000955,2.16825
0.571080000955,2.137
0.571090000955,2.10575
0.571100000955,2.137
0.571110000955,2.137
0.571120000955,2.137
0.571130000955,2.10575
0.571140000955,2.16825
0.571150000955,2.137
0.571160000955,2.16825
0.571170000955,2.10575
0.571180000955,2.137
0.571190000955,2.137
0.571200000955,2.10575
0.571210000955,2.137
0.571220000955,2.16825
0.571230000955,2.16825
0.571240000955,2.137
0.571250000955,2.137
0.571260000955,2.137
0.571270000955,2.16825
0.571280000955,2.16825
0.571290000955,2.137
0.571300000955,2.137
0.571310000955,2.10575
0.571320000955,2.137
0.571330000955,2.137
0.571340000955,2.16825
0.571350000955,2.10575
0.571360000955,2.10575
0.571370000955,2.10575
0.571380000955,2.137
0.571390000955,2.137
0.571400000955,2.137
0.571410000955,2.137
0.571420000955,2.10575
0.571430000955,2.10575
0.571440000955,2.137
0.571450000955,2.137
0.571460000955,2.137
0.571470000955,2.16825
0.571480000955,2.16825
0.571490000955,2.16825
0.571500000955,2.10575
0.571510000955,2.137
0.571520000955,2.137
0.571530000955,2.137
0.571540000955,2.137
0.571550000955,2.16825
0.571560000955,2.137
0.571570000955,2.16825
0.571580000955,2.1995
0.571590000955,2.10575
0.571600000955,2.1995
0.571610000955,2.10575
0.571620000955,2.137
0.571630000955,2.137
0.571640000955,2.137
0.571650000955,2.137
0.571660000955,2.137
0.571670000955,2.137
0.571680000955,2.16825
0.571690000955,2.16825
0.571700000955,2.16825
0.571710000955,2.137
0.571720000955,2.16825
0.571730000955,2.10575
0.571740000955,2.10575
0.571750000955,2.10575
0.571760000955,2.137
0.571770000955,2.137
0.571780000955,2.137
0.571790000955,2.137
0.571800000955,2.137
0.571810000955,2.137
0.571820000955,2.137
0.571830000955,2.137
0.571840000955,2.137
0.571850000955,2.16825
0.571860000955,2.137
0.571870000955,2.10575
0.571880000955,2.137
0.571890000955,2.10575
0.571900000955,2.10575
0.571910000955,2.137
0.571920000955,2.137
0.571930000955,2.137
0.571940000955,2.1995
0.571950000955,2.137
0.571960000955,2.137
0.571970000955,2.16825
0.571980000955,2.16825
0.571990000955,2.137
0.572000000955,2.137
0.572010000955,2.137
0.572020000955,2.137
0.572030000955,2.137
0.572040000955,2.137
0.572050000955,2.137
0.572060000955,2.10575
0.572070000955,2.137
0.572080000955,2.16825
0.572090000955,2.1995
0.572100000955,2.16825
0.572110000955,2.137
0.572120000955,2.137
0.572130000955,2.137
0.572140000955,2.16825
0.572150000955,2.10575
0.572160000955,2.137
0.572170000955,2.137
0.572180000955,2.137
0.572190000955,2.137
0.572200000955,2.137
0.572210000955,2.10575
0.572220000955,2.137
0.572230000955,2.137
0.572240000955,2.16825
0.572250000955,2.137
0.572260000955,2.10575
0.572270000955,2.16825
0.572280000955,2.137
0.572290000955,2.137
0.572300000955,2.10575
0.572310000955,2.137
0.572320000955,2.16825
0.572330000955,2.16825
0.572340000955,2.137
0.572350000955,2.137
0.572360000955,2.16825
0.572370000955,2.137
0.572380000955,2.10575
0.572390000955,2.10575
0.572400000955,2.137
0.572410000955,2.10575
0.572420000955,2.137
0.572430000955,2.137
0.572440000955,2.16825
0.572450000955,2.137
0.572460000955,2.16825
0.572470000955,2.10575
0.572480000955,2.137
0.572490000955,2.10575
0.572500000955,2.16825
0.572510000955,2.137
0.572520000955,2.137
0.572530000955,2.16825
0.572540000955,2.137
0.572550000955,2.16825
0.572560000955,2.137
0.572570000955,2.137
0.572580000955,2.137
0.572590000955,2.137
0.572600000955,2.137
0.572610000955,2.10575
0.572620000955,2.10575
0.572630000955,2.137
0.572640000955,2.10575
0.572650000955,2.137
0.572660000955,2.16825
0.572670000955,2.137
0.572680000955,2.16825
0.572690000955,2.16825
0.572700000955,2.137
0.572710000955,2.10575
0.572720000955,2.137
0.572730000955,2.16825
0.572740000955,2.137
0.572750000955,2.137
0.572760000955,2.10575
0.572770000955,2.137
0.572780000955,2.10575
0.572790000955,2.137
0.572800000955,2.10575
0.572810000955,2.137
0.572820000955,2.137
0.572830000955,2.137
0.572840000955,2.137
0.572850000955,2.10575
0.572860000955,2.10575
0.572870000955,2.10575
0.572880000955,2.0745
0.572890000955,2.137
0.572900000955,2.137
0.572910000955,2.10575
0.572920000955,2.137
0.572930000955,2.137
0.572940000955,2.10575
0.572950000955,2.10575
0.572960000955,2.137
0.572970000955,2.137
0.572980000955,2.10575
0.572990000955,2.137
0.573000000955,2.10575
0.573010000955,2.10575
0.573020000955,2.137
0.573030000955,2.137
0.573040000955,2.137
0.573050000955,2.137
0.573060000955,2.16825
0.573070000955,2.10575
0.573080000955,2.137
0.573090000955,2.137
0.573100000955,2.137
0.573110000955,2.10575
0.573120000955,2.137
0.573130000955,2.16825
0.573140000955,2.10575
0.573150000955,2.137
0.573160000955,2.137
0.573170000955,2.10575
0.573180000955,2.10575
0.573190000955,2.10575
0.573200000955,2.137
0.573210000955,2.10575
0.573220000955,2.137
0.573230000955,2.137
0.573240000955,2.137
0.573250000955,2.137
0.573260000955,2.10575
0.573270000955,2.16825
0.573280000955,2.137
0.573290000955,2.137
0.573300000955,2.137
0.573310000955,2.10575
0.573320000955,2.137
0.573330000955,2.137
0.573340000955,2.137
0.573350000955,2.10575
0.573360000955,2.137
0.573370000955,2.16825
0.573380000955,2.10575
0.573390000955,2.137
0.573400000955,2.10575
0.573410000955,2.137
0.573420000955,2.10575
0.573430000955,2.137
0.573440000955,2.137
0.573450000955,2.137
0.573460000955,2.137
0.573470000955,2.10575
0.573480000955,2.137
0.573490000955,2.137
0.573500000955,2.137
0.573510000955,2.137
0.573520000955,2.10575
0.573530000955,2.10575
0.573540000955,2.10575
0.573550000955,2.137
0.573560000955,2.16825
0.573570000955,2.137
0.573580000955,2.10575
0.573590000955,2.137
0.573600000955,2.137
0.573610000955,2.137
0.573620000955,2.137
0.573630000955,2.137
0.573640000955,2.137
0.573650000955,2.10575
0.573660000955,2.10575
0.573670000955,2.137
0.573680000955,2.137
0.573690000955,2.137
0.573700000955,2.10575
0.573710000955,2.137
0.573720000955,2.10575
0.573730000955,2.0745
0.573740000955,2.137
0.573750000955,2.137
0.573760000955,2.137
0.573770000955,2.137
0.573780000955,2.10575
0.573790000955,2.137
0.573800000955,2.137
0.573810000955,2.137
0.573820000955,2.10575
0.573830000955,2.16825
0.573840000955,2.10575
0.573850000955,2.137
0.573860000955,2.137
0.573870000955,2.10575
0.573880000955,2.10575
0.573890000955,2.16825
0.573900000955,2.137
0.573910000955,2.137
0.573920000955,2.0745
0.573930000955,2.10575
0.573940000955,2.10575
0.573950000955,2.137
0.573960000955,2.10575
0.573970000955,2.10575
0.573980000955,2.137
0.573990000955,2.10575
0.574000000955,2.16825
0.574010000955,2.10575
0.574020000955,2.137
0.574030000955,2.137
0.574040000955,2.10575
0.574050000955,2.137
0.574060000955,2.137
0.574070000955,2.10575
0.574080000955,2.137
0.574090000955,2.137
0.574100000955,2.137
0.574110000955,2.137
0.574120000955,2.16825
0.574130000955,2.10575
0.574140000955,2.10575
0.574150000955,2.10575
0.574160000955,2.137
0.574170000955,2.137
0.574180000955,2.137
0.574190000955,2.137
0.574200000955,2.137
0.574210000955,2.137
0.574220000955,2.137
0.574230000955,2.137
0.574240000955,2.10575
0.574250000955,2.10575
0.574260000955,2.137
0.574270000955,2.10575
0.574280000955,2.137
0.574290000955,2.10575
0.574300000955,2.137
0.574310000955,2.137
0.574320000955,2.137
0.574330000955,2.10575
0.574340000955,2.16825
0.574350000955,2.16825
0.574360000955,2.137
0.574370000955,2.10575
0.574380000955,2.10575
0.574390000955,2.0745
0.574400000955,2.137
0.574410000955,2.10575
0.574420000955,2.10575
0.574430000955,2.0745
0.574440000955,2.10575
0.574450000955,2.10575
0.574460000955,2.10575
0.574470000955,2.10575
0.574480000955,2.10575
0.574490000955,2.0745
0.574500000955,2.137
0.574510000955,2.137
0.574520000955,2.10575
0.574530000955,2.10575
0.574540000955,2.137
0.574550000955,2.137
0.574560000955,2.10575
0.574570000955,2.10575
0.574580000955,2.137
0.574590000955,2.137
0.574600000955,2.10575
0.574610000955,2.137
0.574620000955,2.137
0.574630000955,2.10575
0.574640000955,2.137
0.574650000955,2.10575
0.574660000955,2.137
0.574670000955,2.137
0.574680000955,2.137
0.574690000955,2.10575
0.574700000955,2.10575
0.574710000955,2.137
0.574720000955,2.10575
0.574730000955,2.10575
0.574740000955,2.10575
0.574750000955,2.137
0.574760000955,2.137
0.574770000955,2.137
0.574780000955,2.10575
0.574790000955,2.137
0.574800000955,2.16825
0.574810000955,2.137
0.574820000955,2.16825
0.574830000955,2.10575
0.574840000955,2.137
0.574850000955,2.137
0.574860000955,2.137
0.574870000955,2.137
0.574880000955,2.10575
0.574890000955,2.137
0.574900000955,2.10575
0.574910000955,2.10575
0.574920000955,2.10575
0.574930000955,2.10575
0.574940000955,2.137
0.574950000955,2.10575
0.574960000955,2.10575
0.574970000955,2.10575
0.574980000955,2.137
0.574990000955,2.137
0.575000000955,2.10575
0.575010000955,2.10575
0.575020000955,2.137
0.575030000955,2.137
0.575040000955,2.137
0.575050000955,2.10575
0.575060000955,2.137
0.575070000955,2.137
0.575080000955,2.137
0.575090000955,2.10575
0.575100000955,2.10575
0.575110000955,2.10575
0.575120000955,2.10575
0.575130000955,2.10575
0.575140000955,2.137
0.575150000955,2.137
0.575160000955,2.137
0.575170000955,2.137
0.575180000955,2.137
0.575190000955,2.10575
0.575200000955,2.137
0.575210000955,2.10575
0.575220000955,2.137
0.575230000955,2.137
0.575240000955,2.10575
0.575250000955,2.137
0.575260000955,2.137
0.575270000955,2.137
0.575280000955,2.137
0.575290000955,2.137
0.575300000955,2.10575
0.575310000955,2.137
0.575320000955,2.137
0.575330000955,2.137
0.575340000955,2.10575
0.575350000955,2.137
0.575360000955,2.137
0.575370000955,2.0745
0.575380000955,2.10575
0.575390000955,2.10575
0.575400000955,2.137
0.575410000955,2.10575
0.575420000955,2.10575
0.575430000955,2.137
0.575440000955,2.10575
0.575450000955,2.137
0.575460000955,2.137
0.575470000955,2.137
0.575480000955,2.10575
0.575490000955,2.10575
0.575500000955,2.10575
0.575510000955,2.16825
0.575520000955,2.10575
0.575530000955,2.10575
0.575540000955,2.10575
0.575550000955,2.137
0.575560000955,2.10575
0.575570000955,2.137
0.575580000955,2.10575
0.575590000955,2.137
0.575600000955,2.137
0.575610000955,2.10575
0.575620000955,2.10575
0.575630000955,2.10575
0.575640000955,2.137
0.575650000955,2.0745
0.575660000955,2.10575
0.575670000955,2.16825
0.575680000955,2.10575
0.575690000955,2.10575
0.575700000955,2.137
0.575710000955,2.137
0.575720000955,2.137
0.575730000955,2.10575
0.575740000955,2.137
0.575750000955,2.137
0.575760000955,2.137
0.575770000955,2.10575
0.575780000955,2.10575
0.575790000955,2.16825
0.575800000955,2.137
0.575810000955,2.137
0.575820000955,2.10575
0.575830000955,2.10575
0.575840000955,2.10575
0.575850000955,2.10575
0.575860000955,2.10575
0.575870000955,2.137
0.575880000955,2.137
0.575890000955,2.10575
0.575900000955,2.10575
0.575910000955,2.137
0.575920000955,2.10575
0.575930000955,2.10575
0.575940000955,2.137
0.575950000955,2.137
0.575960000955,2.137
0.575970000955,2.137
0.575980000955,2.16825
0.575990000955,2.10575
0.576000000955,2.137
0.576010000955,2.137
0.576020000955,2.137
0.576030000955,2.137
0.576040000955,2.137
0.576050000955,2.10575
0.576060000955,2.137
0.576070000955,2.10575
0.576080000955,2.137
0.576090000955,2.10575
0.576100000955,2.137
0.576110000955,2.137
0.576120000955,2.137
0.576130000955,2.137
0.576140000955,2.10575
0.576150000955,2.10575
0.576160000955,2.16825
0.576170000955,2.16825
0.576180000955,2.10575
0.576190000955,2.137
0.576200000955,2.137
0.576210000955,2.137
0.576220000955,2.10575
0.576230000955,2.10575
0.576240000955,2.137
0.576250000955,2.10575
0.576260000955,2.10575
0.576270000955,2.10575
0.576280000955,2.10575
0.576290000955,2.10575
0.576300000955,2.0745
0.576310000955,2.137
0.576320000955,2.10575
0.576330000955,2.10575
0.576340000955,2.10575
0.576350000955,2.137
0.576360000955,2.137
0.576370000955,2.137
0.576380000955,2.10575
0.576390000955,2.137
0.576400000955,2.10575
0.576410000955,2.16825
0.576420000955,2.137
0.576430000955,2.137
0.576440000955,2.10575
0.576450000955,2.137
0.576460000955,2.137
0.576470000955,2.137
0.576480000955,2.16825
0.576490000955,2.10575
0.576500000955,2.137
0.576510000955,2.10575
0.576520000955,2.10575
0.576530000955,2.0745
0.576540000955,2.10575
0.576550000955,2.16825
0.576560000955,2.137
0.576570000955,2.137
0.576580000955,2.137
0.576590000955,2.137
0.576600000955,2.137
0.576610000955,2.137
0.576620000955,2.10575
0.576630000955,2.137
0.576640000955,2.10575
0.576650000955,2.137
0.576660000955,2.137
0.576670000955,2.10575
0.576680000955,2.137
0.576690000955,2.137
0.576700000955,2.10575
0.576710000955,2.10575
0.576720000955,2.137
0.576730000955,2.137
0.576740000955,2.137
0.576750000955,2.10575
0.576760000955,2.0745
0.576770000955,2.10575
0.576780000955,2.137
0.576790000955,2.10575
0.576800000955,2.10575
0.576810000955,2.137
0.576820000955,2.137
0.576830000955,2.137
0.576840000955,2.137
0.576850000955,2.137
0.576860000955,2.10575
0.576870000955,2.16825
0.576880000955,2.10575
0.576890000955,2.10575
0.576900000955,2.10575
0.576910000955,2.137
0.576920000955,2.16825
0.576930000955,2.137
0.576940000955,2.137
0.576950000955,2.10575
0.576960000955,2.137
0.576970000955,2.10575
0.576980000955,2.10575
0.576990000955,2.137
0.577000000955,2.137
0.577010000955,2.137
0.577020000955,2.137
0.577030000955,2.10575
0.577040000955,2.137
0.577050000955,2.137
0.577060000955,2.137
0.577070000955,2.137
0.577080000955,2.137
0.577090000955,2.10575
0.577100000955,2.137
0.577110000955,2.137
0.577120000955,2.137
0.577130000955,2.137
0.577140000955,2.137
0.577150000955,2.137
0.577160000955,2.10575
0.577170000955,2.137
0.577180000955,2.137
0.577190000955,2.10575
0.577200000955,2.10575
0.577210000955,2.137
0.577220000955,2.137
0.577230000955,2.137
0.577240000955,2.10575
0.577250000955,2.10575
0.577260000955,2.137
0.577270000955,2.10575
0.577280000955,2.137
0.577290000955,2.137
0.577300000955,2.10575
0.577310000955,2.10575
0.577320000955,2.137
0.577330000955,2.10575
0.577340000955,2.10575
0.577350000955,2.10575
0.577360000955,2.0745
0.577370000955,2.10575
0.577380000955,2.137
0.577390000955,2.137
0.577400000955,2.10575
0.577410000955,2.0745
0.577420000955,2.137
0.577430000955,2.137
0.577440000955,2.10575
0.577450000955,2.137
0.577460000955,2.137
0.577470000955,2.10575
0.577480000955,2.137
0.577490000955,2.10575
0.577500000955,2.137
0.577510000955,2.137
0.577520000955,2.137
0.577530000955,2.10575
0.577540000955,2.137
0.577550000955,2.137
0.577560000955,2.137
0.577570000955,2.10575
0.577580000955,2.137
0.577590000955,2.10575
0.577600000955,2.137
0.577610000955,2.137
0.577620000955,2.137
0.577630000955,2.16825
0.577640000955,2.137
0.577650000955,2.137
0.577660000955,2.10575
0.577670000955,2.137
0.577680000955,2.10575
0.577690000955,2.137
0.577700000955,2.137
0.577710000955,2.10575
0.577720000955,2.137
0.577730000955,2.137
0.577740000955,2.10575
0.577750000955,2.16825
0.577760000955,2.10575
0.577770000955,2.137
0.577780000955,2.137
0.577790000955,2.137
0.577800000955,2.137
0.577810000955,2.137
0.577820000955,2.10575
0.577830000955,2.137
0.577840000955,2.137
0.577850000955,2.137
0.577860000955,2.137
0.577870000955,2.10575
0.577880000955,2.137
0.577890000955,2.10575
0.577900000955,2.137
0.577910000955,2.137
0.577920000955,2.137
0.577930000955,2.10575
0.577940000955,2.10575
0.577950000955,2.10575
0.577960000955,2.10575
0.577970000955,2.137
0.577980000955,2.16825
0.577990000955,2.137
0.578000000955,2.16825
0.578010000955,2.10575
0.578020000955,2.137
0.578030000955,2.137
0.578040000955,2.137
0.578050000955,2.137
0.578060000955,2.16825
0.578070000955,2.137
0.578080000955,2.137
0.578090000955,2.10575
0.578100000955,2.137
0.578110000955,2.137
0.578120000955,2.137
0.578130000955,2.16825
0.578140000955,2.0745
0.578150000955,2.10575
0.578160000955,2.16825
0.578170000955,2.137
0.578180000955,2.0745
0.578190000955,2.137
0.578200000955,2.0745
0.578210000955,2.137
0.578220000955,2.137
0.578230000955,2.10575
0.578240000955,2.137
0.578250000955,2.137
0.578260000955,2.10575
0.578270000955,2.10575
0.578280000955,2.137
0.578290000955,2.10575
0.578300000955,2.137
0.578310000955,2.16825
0.578320000955,2.10575
0.578330000955,2.137
0.578340000955,2.0745
0.578350000955,2.16825
0.578360000955,2.16825
0.578370000955,2.10575
0.578380000955,2.16825
0.578390000955,2.10575
0.578400000955,2.10575
0.578410000955,2.137
0.578420000955,2.137
0.578430000955,2.10575
0.578440000955,2.137
0.578450000955,2.16825
0.578460000955,2.10575
0.578470000955,2.16825
0.578480000955,2.10575
0.578490000955,2.10575
0.578500000955,2.137
0.578510000955,2.137
0.578520000955,2.10575
0.578530000955,2.10575
0.578540000955,2.10575
0.578550000955,2.137
0.578560000955,2.10575
0.578570000955,2.10575
0.578580000955,2.137
0.578590000955,2.137
0.578600000955,2.10575
0.578610000955,2.10575
0.578620000955,2.137
0.578630000955,2.137
0.578640000955,2.10575
0.578650000955,2.137
0.578660000955,2.0745
0.578670000955,2.137
0.578680000955,2.137
0.578690000955,2.137
0.578700000955,2.10575
0.578710000955,2.10575
0.578720000955,2.137
0.578730000955,2.10575
0.578740000955,2.137
0.578750000955,2.137
0.578760000955,2.137
0.578770000955,2.137
0.578780000955,2.137
0.578790000955,2.16825
0.578800000955,2.10575
0.578810000955,2.10575
0.578820000955,2.137
0.578830000955,2.137
0.578840000955,2.0745
0.578850000955,2.10575
0.578860000955,2.137
0.578870000955,2.10575
0.578880000955,2.137
0.578890000955,2.137
0.578900000955,2.10575
0.578910000955,2.10575
0.578920000955,2.137
0.578930000955,2.137
0.578940000955,2.137
0.578950000955,2.137
0.578960000955,2.16825
0.578970000955,2.16825
0.578980000955,2.137
0.578990000955,2.10575
0.579000000955,2.10575
0.579010000955,2.137
0.579020000955,2.16825
0.579030000955,2.10575
0.579040000955,2.10575
0.579050000955,2.137
0.579060000955,2.10575
0.579070000955,2.137
0.579080000955,2.10575
0.579090000955,2.137
0.579100000955,2.10575
0.579110000955,2.137
0.579120000955,2.137
0.579130000955,2.16825
0.579140000955,2.16825
0.579150000955,2.10575
0.579160000955,2.137
0.579170000955,2.10575
0.579180000955,2.137
0.579190000955,2.10575
0.579200000955,2.10575
0.579210000955,2.137
0.579220000955,2.10575
0.579230000955,2.137
0.579240000955,2.137
0.579250000955,2.137
0.579260000955,2.137
0.579270000955,2.137
0.579280000955,2.10575
0.579290000955,2.137
0.579300000955,2.137
0.579310000955,2.137
0.579320000955,2.137
0.579330000955,2.137
0.579340000955,2.10575
0.579350000955,2.137
0.579360000955,2.137
0.579370000955,2.137
0.579380000955,2.137
0.579390000955,2.137
0.579400000955,2.137
0.579410000955,2.10575
0.579420000955,2.16825
0.579430000955,2.10575
0.579440000955,2.10575
0.579450000955,2.137
0.579460000955,2.137
0.579470000955,2.137
0.579480000955,2.10575
0.579490000955,2.137
0.579500000955,2.10575
0.579510000955,2.137
0.579520000955,2.137
0.579530000955,2.137
0.579540000955,2.137
0.579550000955,2.16825
0.579560000955,2.137
0.579570000955,2.137
0.579580000955,2.137
0.579590000955,2.137
0.579600000955,2.137
0.579610000955,2.137
0.579620000955,2.137
0.579630000955,2.10575
0.579640000955,2.10575
0.579650000955,2.10575
0.579660000955,2.16825
0.579670000955,2.137
0.579680000955,2.137
0.579690000955,2.137
0.579700000955,2.10575
0.579710000955,2.10575
0.579720000955,2.137
0.579730000955,2.137
0.579740000955,2.137
0.579750000955,2.0745
0.579760000955,2.137
0.579770000955,2.137
0.579780000955,2.137
0.579790000955,2.137
0.579800000955,2.137
0.579810000955,2.137
0.579820000955,2.137
0.579830000955,2.16825
0.579840000955,2.137
0.579850000955,2.137
0.579860000955,2.16825
0.579870000955,2.16825
0.579880000955,2.137
0.579890000955,2.137
0.579900000955,2.10575
0.579910000955,2.10575
0.579920000955,2.16825
0.579930000955,2.10575
0.579940000955,2.16825
0.579950000955,2.137
0.579960000955,2.137
0.579970000955,2.137
0.579980000955,2.137
0.579990000955,2.137
0.580000000955,2.137
0.580010000955,2.137
0.580020000955,2.137
0.580030000955,2.137
0.580040000955,2.10575
0.580050000955,2.10575
0.580060000955,2.16825
0.580070000955,2.137
0.580080000955,2.137
0.580090000955,2.10575
0.580100000955,2.137
0.580110000955,2.137
0.580120000955,2.137
0.580130000955,2.10575
0.580140000955,2.10575
0.580150000955,2.16825
0.580160000955,2.137
0.580170000955,2.137
0.580180000955,2.137
0.580190000955,2.137
0.580200000955,2.10575
0.580210000955,2.137
0.580220000955,2.137
0.580230000955,2.10575
0.580240000955,2.137
0.580250000955,2.10575
0.580260000955,2.16825
0.580270000955,2.137
0.580280000955,2.137
0.580290000955,2.16825
0.580300000955,2.137
0.580310000955,2.137
0.580320000955,2.137
0.580330000955,2.137
0.580340000955,2.10575
0.580350000955,2.137
0.580360000955,2.137
0.580370000955,2.137
0.580380000955,2.137
0.580390000955,2.10575
0.580400000955,2.16825
0.580410000955,2.137
0.580420000955,2.137
0.580430000955,2.137
0.580440000955,2.137
0.580450000955,2.137
0.580460000955,2.137
0.580470000955,2.137
0.580480000955,2.137
0.580490000955,2.10575
0.580500000955,2.16825
0.580510000955,2.137
0.580520000955,2.10575
0.580530000955,2.10575
0.580540000955,2.137
0.580550000955,2.137
0.580560000955,2.10575
0.580570000955,2.137
0.580580000955,2.137
0.580590000955,2.137
0.580600000955,2.137
0.580610000955,2.16825
0.580620000955,2.137
0.580630000955,2.10575
0.580640000955,2.10575
0.580650000955,2.16825
0.580660000955,2.10575
0.580670000955,2.137
0.580680000955,2.10575
0.580690000955,2.10575
0.580700000955,2.137
0.580710000955,2.137
0.580720000955,2.137
0.580730000955,2.10575
0.580740000955,2.137
0.580750000955,2.0745
0.580760000955,2.10575
0.580770000955,2.10575
0.580780000955,2.137
0.580790000955,2.137
0.580800000955,2.137
0.580810000955,2.137
0.580820000955,2.137
0.580830000955,2.137
0.580840000955,2.10575
0.580850000955,2.137
0.580860000955,2.137
0.580870000955,2.137
0.580880000955,2.137
0.580890000955,2.137
0.580900000955,2.10575
0.580910000955,2.16825
0.580920000955,2.137
0.580930000955,2.16825
0.580940000955,2.137
0.580950000955,2.16825
0.580960000955,2.10575
0.580970000955,2.16825
0.580980000955,2.137
0.580990000955,2.10575
0.581000000955,2.10575
0.581010000955,2.137
0.581020000955,2.16825
0.581030000955,2.137
0.581040000955,2.137
0.581050000955,2.137
0.581060000955,2.137
0.581070000955,2.137
0.581080000955,2.137
0.581090000955,2.10575
0.581100000955,2.10575
0.581110000955,2.10575
0.581120000955,2.137
0.581130000955,2.10575
0.581140000955,2.137
0.581150000955,2.137
0.581160000955,2.137
0.581170000955,2.137
0.581180000955,2.137
0.581190000955,2.137
0.581200000955,2.137
0.581210000955,2.10575
0.581220000955,2.137
0.581230000955,2.137
0.581240000955,2.16825
0.581250000955,2.10575
0.581260000955,2.137
0.581270000955,2.137
0.581280000955,2.137
0.581290000955,2.10575
0.581300000955,2.137
0.581310000955,2.137
0.581320000955,2.137
0.581330000955,2.16825
0.581340000955,2.10575
0.581350000955,2.10575
0.581360000955,2.10575
0.581370000955,2.137
0.581380000955,2.10575
0.581390000955,2.137
0.581400000955,2.137
0.581410000955,2.16825
0.581420000955,2.137
0.581430000955,2.137
0.581440000955,2.10575
0.581450000955,2.137
0.581460000955,2.10575
0.581470000955,2.16825
0.581480000955,2.137
0.581490000955,2.10575
0.581500000955,2.137
0.581510000955,2.10575
0.581520000955,2.137
0.581530000955,2.16825
0.581540000955,2.137
0.581550000955,2.10575
0.581560000955,2.16825
0.581570000955,2.137
0.581580000955,2.10575
0.581590000955,2.137
0.581600000955,2.16825
0.581610000955,2.10575
0.581620000955,2.137
0.581630000955,2.137
0.581640000955,2.137
0.581650000955,2.137
0.581660000955,2.137
0.581670000955,2.10575
0.581680000955,2.16825
0.581690000955,2.137
0.581700000955,2.137
0.581710000955,2.10575
0.581720000955,2.137
0.581730000955,2.137
0.581740000955,2.137
0.581750000955,2.137
0.581760000955,2.137
0.581770000955,2.137
0.581780000955,2.137
0.581790000955,2.10575
0.581800000955,2.137
0.581810000955,2.137
0.581820000955,2.16825
0.581830000955,2.137
0.581840000955,2.137
0.581850000955,2.10575
0.581860000955,2.137
0.581870000955,2.137
0.581880000955,2.137
0.581890000955,2.137
0.581900000955,2.137
0.581910000955,2.137
0.581920000955,2.10575
0.581930000955,2.137
0.581940000955,2.137
0.581950000955,2.10575
0.581960000955,2.137
0.581970000955,2.16825
0.581980000955,2.137
0.581990000955,2.10575
0.582000000955,2.137
0.582010000955,2.16825
0.582020000955,2.10575
0.582030000955,2.137
0.582040000955,2.137
0.582050000955,2.137
0.582060000955,2.137
0.582070000955,2.137
0.582080000955,2.137
0.582090000955,2.10575
0.582100000955,2.16825
0.582110000955,2.137
0.582120000955,2.137
0.582130000955,2.137
0.582140000955,2.137
0.582150000955,2.137
0.582160000955,2.137
0.582170000955,2.137
0.582180000955,2.137
0.582190000955,2.10575
0.582200000955,2.137
0.582210000955,2.10575
0.582220000955,2.16825
0.582230000955,2.137
0.582240000955,2.137
0.582250000955,2.16825
0.582260000955,2.10575
0.582270000955,2.137
0.582280000955,2.16825
0.582290000955,2.137
0.582300000955,2.10575
0.582310000955,2.137
0.582320000955,2.10575
0.582330000955,2.0745
0.582340000955,2.137
0.582350000955,2.137
0.582360000955,2.137
0.582370000955,2.137
0.582380000955,2.10575
0.582390000955,2.137
0.582400000955,2.10575
0.582410000955,2.10575
0.582420000955,2.137
0.582430000955,2.137
0.582440000955,2.10575
0.582450000955,2.137
0.582460000955,2.16825
0.582470000955,2.137
0.582480000955,2.10575
0.582490000955,2.16825
0.582500000955,2.10575
0.582510000955,2.16825
0.582520000955,2.137
0.582530000955,2.137
0.582540000955,2.10575
0.582550000955,2.16825
0.582560000955,2.137
0.582570000955,2.10575
0.582580000955,2.137
0.582590000955,2.137
0.582600000955,2.137
0.582610000955,2.16825
0.582620000955,2.16825
0.582630000955,2.137
0.582640000955,2.137
0.582650000955,2.137
0.582660000955,2.137
0.582670000955,2.137
0.582680000955,2.137
0.582690000955,2.137
0.582700000955,2.137
0.582710000955,2.16825
0.582720000955,2.137
0.582730000955,2.137
0.582740000955,2.137
0.582750000955,2.16825
0.582760000955,2.10575
0.582770000955,2.137
0.582780000955,2.16825
0.582790000955,2.137
0.582800000955,2.137
0.582810000955,2.10575
0.582820000955,2.137
0.582830000955,2.137
0.582840000955,2.10575
0.582850000955,2.10575
0.582860000955,2.137
0.582870000955,2.137
0.582880000955,2.137
0.582890000955,2.16825
0.582900000955,2.137
0.582910000955,2.16825
0.582920000955,2.137
0.582930000955,2.137
0.582940000955,2.137
0.582950000955,2.10575
0.582960000955,2.137
0.582970000955,2.137
0.582980000955,2.16825
0.582990000955,2.137
0.583000000955,2.10575
0.583010000955,2.10575
0.583020000955,2.137
0.583030000955,2.137
0.583040000955,2.137
0.583050000955,2.137
0.583060000955,2.16825
0.583070000955,2.137
0.583080000955,2.10575
0.583090000955,2.10575
0.583100000955,2.10575
0.583110000955,2.137
0.583120000955,2.16825
0.583130000955,2.16825
0.583140000955,2.137
0.583150000955,2.137
0.583160000955,2.16825
0.583170000955,2.16825
0.583180000955,2.137
0.583190000955,2.137
0.583200000955,2.10575
0.583210000955,2.137
0.583220000955,2.137
0.583230000955,2.137
0.583240000955,2.10575
0.583250000955,2.16825
0.583260000955,2.10575
0.583270000955,2.137
0.583280000955,2.137
0.583290000955,2.137
0.583300000955,2.137
0.583310000955,2.16825
0.583320000955,2.10575
0.583330000955,2.137
0.583340000955,2.137
0.583350000955,2.10575
0.583360000955,2.137
0.583370000955,2.137
0.583380000955,2.10575
0.583390000955,2.10575
0.583400000955,2.137
0.583410000955,2.10575
0.583420000955,2.137
0.583430000955,2.137
0.583440000955,2.16825
0.583450000955,2.10575
0.583460000955,2.137
0.583470000955,2.16825
0.583480000955,2.10575
0.583490000955,2.137
0.583500000955,2.137
0.583510000955,2.137
0.583520000955,2.137
0.583530000955,2.16825
0.583540000955,2.137
0.583550000955,2.137
0.583560000955,2.16825
0.583570000955,2.137
0.583580000955,2.137
0.583590000955,2.137
0.583600000955,2.16825
0.583610000955,2.137
0.583620000955,2.10575
0.583630000955,2.137
0.583640000955,2.137
0.583650000955,2.137
0.583660000955,2.10575
0.583670000955,2.137
0.583680000955,2.10575
0.583690000955,2.137
0.583700000955,2.137
0.583710000955,2.137
0.583720000955,2.16825
0.583730000955,2.137
0.583740000955,2.16825
0.583750000955,2.10575
0.583760000955,2.137
0.583770000955,2.16825
0.583780000955,2.137
0.583790000955,2.16825
0.583800000955,2.137
0.583810000955,2.137
0.583820000955,2.16825
0.583830000955,2.16825
0.583840000955,2.16825
0.583850000955,2.137
0.583860000955,2.137
0.583870000955,2.137
0.583880000955,2.137
0.583890000955,2.137
0.583900000955,2.137
0.583910000955,2.137
0.583920000955,2.137
0.583930000955,2.16825
0.583940000955,2.16825
0.583950000955,2.137
0.583960000955,2.10575
0.583970000955,2.137
0.583980000955,2.137
0.583990000955,2.137
0.584000000955,2.137
0.584010000955,2.137
0.584020000955,2.137
0.584030000955,2.137
0.584040000955,2.10575
0.584050000955,2.137
0.584060000955,2.10575
0.584070000955,2.10575
0.584080000955,2.137
0.584090000955,2.137
0.584100000955,2.16825
0.584110000955,2.137
0.584120000955,2.137
0.584130000955,2.137
0.584140000955,2.137
0.584150000955,2.137
0.584160000955,2.137
0.584170000955,2.137
0.584180000955,2.16825
0.584190000955,2.16825
0.584200000955,2.16825
0.584210000955,2.137
0.584220000955,2.10575
0.584230000955,2.10575
0.584240000955,2.137
0.584250000955,2.137
0.584260000955,2.16825
0.584270000955,2.137
0.584280000955,2.137
0.584290000955,2.137
0.584300000955,2.16825
0.584310000955,2.16825
0.584320000955,2.16825
0.584330000955,2.137
0.584340000955,2.137
0.584350000955,2.10575
0.584360000955,2.137
0.584370000955,2.137
0.584380000955,2.137
0.584390000955,2.137
0.584400000955,2.137
0.584410000955,2.137
0.584420000955,2.137
0.584430000955,2.137
0.584440000955,2.16825
0.584450000955,2.16825
0.584460000955,2.137
0.584470000955,2.16825
0.584480000955,2.137
0.584490000955,2.10575
0.584500000955,2.137
0.584510000955,2.10575
0.584520000955,2.137
0.584530000955,2.16825
0.584540000955,2.137
0.584550000955,2.137
0.584560000955,2.16825
0.584570000955,2.137
0.584580000955,2.16825
0.584590000955,2.137
0.584600000955,2.137
0.584610000955,2.137
0.584620000955,2.137
0.584630000955,2.10575
0.584640000955,2.137
0.584650000955,2.10575
0.584660000955,2.10575
0.584670000955,2.137
0.584680000955,2.16825
0.584690000955,2.137
0.584700000955,2.16825
0.584710000955,2.16825
0.584720000955,2.16825
0.584730000955,2.16825
0.584740000955,2.137
0.584750000955,2.137
0.584760000955,2.137
0.584770000955,2.137
0.584780000955,2.10575
0.584790000955,2.16825
0.584800000955,2.137
0.584810000955,2.137
0.584820000955,2.137
0.584830000955,2.10575
0.584840000955,2.137
0.584850000955,2.137
0.584860000955,2.137
0.584870000955,2.137
0.584880000955,2.16825
0.584890000955,2.137
0.584900000955,2.137
0.584910000955,2.10575
0.584920000955,2.137
0.584930000955,2.137
0.584940000955,2.10575
0.584950000955,2.137
0.584960000955,2.137
0.584970000955,2.137
0.584980000955,2.137
0.584990000955,2.16825
0.585000000955,2.16825
0.585010000955,2.137
0.585020000955,2.16825
0.585030000955,2.137
0.585040000955,2.137
0.585050000955,2.16825
0.585060000955,2.16825
0.585070000955,2.137
0.585080000955,2.137
0.585090000955,2.16825
0.585100000955,2.137
0.585110000955,2.137
0.585120000955,2.137
0.585130000955,2.10575
0.585140000955,2.16825
0.585150000955,2.137
0.585160000955,2.10575
0.585170000955,2.137
0.585180000955,2.137
0.585190000955,2.137
0.585200000955,2.137
0.585210000955,2.16825
0.585220000955,2.137
0.585230000955,2.10575
0.585240000955,2.137
0.585250000955,2.10575
0.585260000955,2.137
0.585270000955,2.16825
0.585280000955,2.16825
0.585290000955,2.10575
0.585300000955,2.137
0.585310000955,2.16825
0.585320000955,2.137
0.585330000955,2.137
0.585340000955,2.16825
0.585350000955,2.137
0.585360000955,2.137
0.585370000955,2.137
0.585380000955,2.137
0.585390000955,2.16825
0.585400000955,2.137
0.585410000955,2.137
0.585420000955,2.137
0.585430000955,2.137
0.585440000955,2.16825
0.585450000955,2.137
0.585460000955,2.10575
0.585470000955,2.10575
0.585480000955,2.16825
0.585490000955,2.1995
0.585500000955,2.16825
0.585510000955,2.10575
0.585520000955,2.137
0.585530000955,2.10575
0.585540000955,2.16825
0.585550000955,2.137
0.585560000955,2.10575
0.585570000955,2.16825
0.585580000955,2.16825
0.585590000955,2.16825
0.585600000955,2.16825
0.585610000955,2.137
0.585620000955,2.16825
0.585630000955,2.137
0.585640000955,2.16825
0.585650000955,2.10575
0.585660000955,2.16825
0.585670000955,2.137
0.585680000955,2.137
0.585690000955,2.137
0.585700000955,2.16825
0.585710000955,2.10575
0.585720000955,2.137
0.585730000955,2.16825
0.585740000955,2.137
0.585750000955,2.137
0.585760000955,2.137
0.585770000955,2.16825
0.585780000955,2.137
0.585790000955,2.137
0.585800000955,2.137
0.585810000955,2.16825
0.585820000955,2.10575
0.585830000955,2.137
0.585840000955,2.16825
0.585850000955,2.137
0.585860000955,2.137
0.585870000955,2.10575
0.585880000955,2.16825
0.585890000955,2.16825
0.585900000955,2.137
0.585910000955,2.16825
0.585920000955,2.16825
0.585930000955,2.137
0.585940000955,2.16825
0.585950000955,2.137
0.585960000955,2.16825
0.585970000955,2.137
0.585980000955,2.16825
0.585990000955,2.137
0.586000000955,2.16825
0.586010000955,2.137
0.586020000955,2.137
0.586030000955,2.10575
0.586040000955,2.137
0.586050000955,2.10575
0.586060000955,2.137
0.586070000955,2.137
0.586080000955,2.137
0.586090000955,2.10575
0.586100000955,2.10575
0.586110000955,2.16825
0.586120000955,2.137
0.586130000955,2.10575
0.586140000955,2.16825
0.586150000955,2.137
0.586160000955,2.137
0.586170000955,2.137
0.586180000955,2.137
0.586190000955,2.16825
0.586200000955,2.137
0.586210000955,2.137
0.586220000955,2.16825
0.586230000955,2.137
0.586240000955,2.137
0.586250000955,2.16825
0.586260000955,2.10575
0.586270000955,2.16825
0.586280000955,2.16825
0.586290000955,2.10575
0.586300000955,2.16825
0.586310000955,2.137
0.586320000955,2.16825
0.586330000955,2.137
0.586340000955,2.137
0.586350000955,2.16825
0.586360000955,2.137
0.586370000955,2.137
0.586380000955,2.137
0.586390000955,2.10575
0.586400000955,2.137
0.586410000955,2.137
0.586420000955,2.137
0.586430000955,2.137
0.586440000955,2.137
0.586450000955,2.16825
0.586460000955,2.137
0.586470000955,2.137
0.586480000955,2.137
0.586490000955,2.16825
0.586500000955,2.16825
0.586510000955,2.10575
0.586520000955,2.137
0.586530000955,2.10575
0.586540000955,2.137
0.586550000955,2.16825
0.586560000955,2.10575
0.586570000955,2.137
0.586580000955,2.137
0.586590000955,2.16825
0.586600000955,2.137
0.586610000955,2.10575
0.586620000955,2.16825
0.586630000955,2.137
0.586640000955,2.137
0.586650000955,2.10575
0.586660000955,2.10575
0.586670000955,2.16825
0.586680000955,2.137
0.586690000955,2.137
0.586700000955,2.137
0.586710000955,2.137
0.586720000955,2.16825
0.586730000955,2.16825
0.586740000955,2.137
0.586750000955,2.137
0.586760000955,2.10575
0.586770000955,2.16825
0.586780000955,2.10575
0.586790000955,2.16825
0.586800000955,2.137
0.586810000955,2.137
0.586820000955,2.137
0.586830000955,2.10575
0.586840000955,2.137
0.586850000955,2.137
0.586860000955,2.10575
0.586870000955,2.137
0.586880000955,2.137
0.586890000955,2.137
0.586900000955,2.137
0.586910000955,2.137
0.586920000955,2.137
0.586930000955,2.137
0.586940000955,2.16825
0.586950000955,2.137
0.586960000955,2.137
0.586970000955,2.16825
0.586980000955,2.137
0.586990000955,2.16825
0.587000000955,2.137
0.587010000955,2.137
0.587020000955,2.16825
0.587030000955,2.137
0.587040000955,2.16825
0.587050000955,2.16825
0.587060000955,2.16825
0.587070000955,2.137
0.587080000955,2.137
0.587090000955,2.137
0.587100000955,2.137
0.587110000955,2.137
0.587120000955,2.137
0.587130000955,2.137
0.587140000955,2.137
0.587150000955,2.137
0.587160000955,2.10575
0.587170000955,2.16825
0.587180000955,2.137
0.587190000955,2.137
0.587200000955,2.137
0.587210000955,2.137
0.587220000955,2.16825
0.587230000955,2.137
0.587240000955,2.16825
0.587250000955,2.137
0.587260000955,2.10575
0.587270000955,2.137
0.587280000955,2.137
0.587290000955,2.16825
0.587300000955,2.10575
0.587310000955,2.137
0.587320000955,2.10575
0.587330000955,2.16825
0.587340000955,2.16825
0.587350000955,2.137
0.587360000955,2.137
0.587370000955,2.137
0.587380000955,2.16825
0.587390000955,2.16825
0.587400000955,2.16825
0.587410000955,2.137
0.587420000955,2.16825
0.587430000955,2.16825
0.587440000955,2.137
0.587450000955,2.137
0.587460000955,2.137
0.587470000955,2.137
0.587480000955,2.10575
0.587490000955,2.137
0.587500000955,2.16825
0.587510000955,2.137
0.587520000955,2.16825
0.587530000955,2.16825
0.587540000955,2.137
0.587550000955,2.137
0.587560000955,2.10575
0.587570000955,2.137
0.587580000955,2.16825
0.587590000955,2.137
0.587600000955,2.16825
0.587610000955,2.10575
0.587620000955,2.16825
0.587630000955,2.10575
0.587640000955,2.137
0.587650000955,2.10575
0.587660000955,2.16825
0.587670000955,2.10575
0.587680000955,2.16825
0.587690000955,2.1995
0.587700000955,2.10575
0.587710000955,2.16825
0.587720000955,2.16825
0.587730000955,2.16825
0.587740000955,2.16825
0.587750000955,2.10575
0.587760000955,2.16825
0.587770000955,2.10575
0.587780000955,2.16825
0.587790000955,2.137
0.587800000955,2.16825
0.587810000955,2.16825
0.587820000955,2.137
0.587830000955,2.137
0.587840000955,2.10575
0.587850000955,2.10575
0.587860000955,2.137
0.587870000955,2.137
0.587880000955,2.137
0.587890000955,2.137
0.587900000955,2.137
0.587910000955,2.16825
0.587920000955,2.16825
0.587930000955,2.16825
0.587940000955,2.137
0.587950000955,2.137
0.587960000955,2.16825
0.587970000955,2.137
0.587980000955,2.16825
0.587990000955,2.137
0.588000000955,2.137
0.588010000955,2.137
0.588020000955,2.137
0.588030000955,2.137
0.588040000955,2.16825
0.588050000955,2.137
0.588060000955,2.16825
0.588070000955,2.10575
0.588080000955,2.16825
0.588090000955,2.137
0.588100000955,2.137
0.588110000955,2.10575
0.588120000955,2.16825
0.588130000955,2.137
0.588140000955,2.16825
0.588150000955,2.16825
0.588160000955,2.137
0.588170000955,2.137
0.588180000955,2.137
0.588190000955,2.137
0.588200000955,2.16825
0.588210000955,2.10575
0.588220000955,2.16825
0.588230000955,2.137
0.588240000955,2.16825
0.588250000955,2.16825
0.588260000955,2.137
0.588270000955,2.137
0.588280000955,2.16825
0.588290000955,2.16825
0.588300000955,2.16825
0.588310000955,2.137
0.588320000955,2.16825
0.588330000955,2.137
0.588340000955,2.16825
0.588350000955,2.10575
0.588360000955,2.137
0.588370000955,2.137
0.588380000955,2.137
0.588390000955,2.137
0.588400000955,2.137
0.588410000955,2.16825
0.588420000955,2.137
0.588430000955,2.10575
0.588440000955,2.137
0.588450000955,2.137
0.588460000955,2.137
0.588470000955,2.137
0.588480000955,2.137
0.588490000955,2.137
0.588500000955,2.137
0.588510000955,2.10575
0.588520000955,2.137
0.588530000955,2.16825
0.588540000955,2.137
0.588550000955,2.137
0.588560000955,2.137
0.588570000955,2.137
0.588580000955,2.137
0.588590000955,2.16825
0.588600000955,2.137
0.588610000955,2.10575
0.588620000955,2.137
0.588630000955,2.137
0.588640000955,2.137
0.588650000955,2.16825
0.588660000955,2.137
0.588670000955,2.137
0.588680000955,2.137
0.588690000955,2.137
0.588700000955,2.137
0.588710000955,2.137
0.588720000955,2.16825
0.588730000955,2.137
0.588740000955,2.137
0.588750000955,2.137
0.588760000955,2.137
0.588770000955,2.137
0.588780000955,2.137
0.588790000955,2.10575
0.588800000955,2.137
0.588810000955,2.10575
0.588820000955,2.137
0.588830000955,2.137
0.588840000955,2.137
0.588850000955,2.137
0.588860000955,2.137
0.588870000955,2.137
0.588880000955,2.137
0.588890000955,2.16825
0.588900000955,2.16825
0.588910000955,2.137
0.588920000955,2.10575
0.588930000955,2.137
0.588940000955,2.137
0.588950000955,2.137
0.588960000955,2.137
0.588970000955,2.137
0.588980000955,2.16825
0.588990000955,2.16825
0.589000000955,2.16825
0.589010000955,2.10575
0.589020000955,2.16825
0.589030000955,2.137
0.589040000955,2.137
0.589050000955,2.16825
0.589060000955,2.137
0.589070000955,2.137
0.589080000955,2.137
0.589090000955,2.137
0.589100000955,2.1995
0.589110000955,2.16825
0.589120000955,2.16825
0.589130000955,2.137
0.589140000955,2.137
0.589150000955,2.1995
0.589160000955,2.16825
0.589170000955,2.137
0.589180000955,2.137
0.589190000955,2.16825
0.589200000955,2.16825
0.589210000955,2.137
0.589220000955,2.16825
0.589230000955,2.10575
0.589240000955,2.137
0.589250000955,2.16825
0.589260000955,2.137
0.589270000955,2.137
0.589280000955,2.16825
0.589290000955,2.16825
0.589300000955,2.137
0.589310000955,2.137
0.589320000955,2.16825
0.589330000955,2.16825
0.589340000955,2.137
0.589350000955,2.16825
0.589360000955,2.137
0.589370000955,2.137
0.589380000955,2.16825
0.589390000955,2.137
0.589400000955,2.137
0.589410000955,2.137
0.589420000955,2.16825
0.589430000955,2.137
0.589440000955,2.137
0.589450000955,2.16825
0.589460000955,2.16825
0.589470000955,2.137
0.589480000955,2.137
0.589490000955,2.16825
0.589500000955,2.137
0.589510000955,2.137
0.589520000955,2.16825
0.589530000955,2.137
0.589540000955,2.16825
0.589550000955,2.137
0.589560000955,2.137
0.589570000955,2.137
0.589580000955,2.137
0.589590000955,2.137
0.589600000955,2.137
0.589610000955,2.16825
0.589620000955,2.137
0.589630000955,2.137
0.589640000955,2.1995
0.589650000955,2.137
0.589660000955,2.137
0.589670000955,2.16825
0.589680000955,2.137
0.589690000955,2.137
0.589700000955,2.137
0.589710000955,2.137
0.589720000955,2.137
0.589730000955,2.16825
0.589740000955,2.137
0.589750000955,2.137
0.589760000955,2.137
0.589770000955,2.137
0.589780000955,2.16825
0.589790000955,2.137
0.589800000955,2.16825
0.589810000955,2.137
0.589820000955,2.16825
0.589830000955,2.137
0.589840000955,2.16825
0.589850000955,2.137
0.589860000955,2.16825
0.589870000955,2.137
0.589880000955,2.137
0.589890000955,2.10575
0.589900000955,2.16825
0.589910000955,2.137
0.589920000955,2.1995
0.589930000955,2.16825
0.589940000955,2.137
0.589950000955,2.137
0.589960000955,2.16825
0.589970000955,2.16825
0.589980000955,2.137
0.589990000955,2.137
0.590000000955,2.16825
0.590010000955,2.137
0.590020000955,2.137
0.590030000955,2.16825
0.590040000955,2.137
0.590050000955,2.137
0.590060000955,2.10575
0.590070000955,2.137
0.590080000955,2.10575
0.590090000955,2.16825
0.590100000955,2.137
0.590110000955,2.137
0.590120000955,2.137
0.590130000955,2.137
0.590140000955,2.137
0.590150000955,2.137
0.590160000955,2.10575
0.590170000955,2.16825
0.590180000955,2.137
0.590190000955,2.16825
0.590200000955,2.16825
0.590210000955,2.137
0.590220000955,2.16825
0.590230000955,2.137
0.590240000955,2.137
0.590250000955,2.16825
0.590260000955,2.16825
0.590270000955,2.16825
0.590280000955,2.137
0.590290000955,2.16825
0.590300000955,2.10575
0.590310000955,2.10575
0.590320000955,2.137
0.590330000955,2.16825
0.590340000955,2.137
0.590350000955,2.16825
0.590360000955,2.16825
0.590370000955,2.137
0.590380000955,2.16825
0.590390000955,2.16825
0.590400000955,2.137
0.590410000955,2.16825
0.590420000955,2.16825
0.590430000955,2.16825
0.590440000955,2.137
0.590450000955,2.10575
0.590460000955,2.137
0.590470000955,2.1995
0.590480000955,2.10575
0.590490000955,2.10575
0.590500000955,2.16825
0.590510000955,2.16825
0.590520000955,2.16825
0.590530000955,2.137
0.590540000955,2.16825
0.590550000955,2.137
0.590560000955,2.16825
0.590570000955,2.137
0.590580000955,2.137
0.590590000955,2.16825
0.590600000955,2.16825
0.590610000955,2.137
0.590620000955,2.137
0.590630000955,2.16825
0.590640000955,2.137
0.590650000955,2.16825
0.590660000955,2.10575
0.590670000955,2.10575
0.590680000955,2.10575
0.590690000955,2.137
0.590700000955,2.137
0.590710000955,2.137
0.590720000955,2.137
0.590730000955,2.137
0.590740000955,2.16825
0.590750000955,2.10575
0.590760000955,2.137
0.590770000955,2.16825
0.590780000955,2.137
0.590790000955,2.137
0.590800000955,2.10575
0.590810000955,2.10575
0.590820000955,2.137
0.590830000955,2.137
0.590840000955,2.16825
0.590850000955,2.16825
0.590860000955,2.16825
0.590870000955,2.16825
0.590880000955,2.137
0.590890000955,2.16825
0.590900000955,2.16825
0.590910000955,2.10575
0.590920000955,2.10575
0.590930000955,2.137
0.590940000955,2.137
0.590950000955,2.137
0.590960000955,2.137
0.590970000955,2.137
0.590980000955,2.137
0.590990000955,2.16825
0.591000000955,2.137
0.591010000955,2.137
0.591020000955,2.137
0.591030000955,2.16825
0.591040000955,2.137
0.591050000955,2.137
0.591060000955,2.16825
0.591070000955,2.16825
0.591080000955,2.16825
0.591090000955,2.137
0.591100000955,2.10575
0.591110000955,2.137
0.591120000955,2.16825
0.591130000955,2.137
0.591140000955,2.137
0.591150000955,2.137
0.591160000955,2.16825
0.591170000955,2.137
0.591180000955,2.137
0.591190000955,2.16825
0.591200000955,2.16825
0.591210000955,2.137
0.591220000955,2.16825
0.591230000955,2.137
0.591240000955,2.16825
0.591250000955,2.137
0.591260000955,2.137
0.591270000955,2.16825
0.591280000955,2.137
0.591290000955,2.137
0.591300000955,2.16825
0.591310000955,2.137
0.591320000955,2.16825
0.591330000955,2.16825
0.591340000955,2.137
0.591350000955,2.10575
0.591360000955,2.137
0.591370000955,2.16825
0.591380000955,2.137
0.591390000955,2.16825
0.591400000955,2.137
0.591410000955,2.137
0.591420000955,2.137
0.591430000955,2.16825
0.591440000955,2.16825
0.591450000955,2.137
0.591460000955,2.137
0.591470000955,2.16825
0.591480000955,2.16825
0.591490000955,2.137
0.591500000955,2.137
0.591510000955,2.137
0.591520000955,2.137
0.591530000955,2.137
0.591540000955,2.137
0.591550000955,2.137
0.591560000955,2.16825
0.591570000955,2.137
0.591580000955,2.16825
0.591590000955,2.137
0.591600000955,2.10575
0.591610000955,2.16825
0.591620000955,2.137
0.591630000955,2.16825
0.591640000955,2.137
0.591650000955,2.137
0.591660000955,2.137
0.591670000955,2.16825
0.591680000955,2.10575
0.591690000955,2.10575
0.591700000955,2.137
0.591710000955,2.137
0.591720000955,2.10575
0.591730000955,2.1995
0.591740000955,2.16825
0.591750000955,2.137
0.591760000955,2.137
0.591770000955,2.137
0.591780000955,2.137
0.591790000955,2.137
0.591800000955,2.16825
0.591810000955,2.10575
0.591820000955,2.16825
0.591830000955,2.16825
0.591840000955,2.16825
0.591850000955,2.16825
0.591860000955,2.137
0.591870000955,2.16825
0.591880000955,2.16825
0.591890000955,2.137
0.591900000955,2.137
0.591910000955,2.10575
0.591920000955,2.137
0.591930000955,2.137
0.591940000955,2.137
0.591950000955,2.137
0.591960000955,2.137
0.591970000955,2.137
0.591980000955,2.137
0.591990000955,2.1995
0.592000000955,2.137
0.592010000955,2.16825
0.592020000955,2.137
0.592030000955,2.137
0.592040000955,2.16825
0.592050000955,2.10575
0.592060000955,2.137
0.592070000955,2.16825
0.592080000955,2.137
0.592090000955,2.137
0.592100000955,2.16825
0.592110000955,2.10575
0.592120000955,2.10575
0.592130000955,2.137
0.592140000955,2.137
0.592150000955,2.137
0.592160000955,2.16825
0.592170000955,2.16825
0.592180000955,2.16825
0.592190000955,2.137
0.592200000955,2.137
0.592210000955,2.16825
0.592220000955,2.10575
0.592230000955,2.137
0.592240000955,2.137
0.592250000955,2.16825
0.592260000955,2.137
0.592270000955,2.137
0.592280000955,2.16825
0.592290000955,2.16825
0.592300000955,2.16825
0.592310000955,2.16825
0.592320000955,2.16825
0.592330000955,2.10575
0.592340000955,2.137
0.592350000955,2.10575
0.592360000955,2.137
0.592370000955,2.137
0.592380000955,2.137
0.592390000955,2.137
0.592400000955,2.16825
0.592410000955,2.137
0.592420000955,2.137
0.592430000955,2.137
0.592440000955,2.16825
0.592450000955,2.137
0.592460000955,2.137
0.592470000955,2.16825
0.592480000955,2.137
0.592490000955,2.16825
0.592500000955,2.137
0.592510000955,2.137
0.592520000955,2.137
0.592530000955,2.16825
0.592540000955,2.137
0.592550000955,2.16825
0.592560000955,2.16825
0.592570000955,2.137
0.592580000955,2.16825
0.592590000955,2.10575
0.592600000955,2.137
0.592610000955,2.16825
0.592620000955,2.16825
0.592630000955,2.16825
0.592640000955,2.10575
0.592650000955,2.16825
0.592660000955,2.16825
0.592670000955,2.16825
0.592680000955,2.137
0.592690000955,2.137
0.592700000955,2.137
0.592710000955,2.137
0.592720000955,2.137
0.592730000955,2.16825
0.592740000955,2.16825
0.592750000955,2.137
0.592760000955,2.16825
0.592770000955,2.16825
0.592780000955,2.16825
0.592790000955,2.16825
0.592800000955,2.137
0.592810000955,2.137
0.592820000955,2.16825
0.592830000955,2.137
0.592840000955,2.137
0.592850000955,2.137
0.592860000955,2.137
0.592870000955,2.16825
0.592880000955,2.137
0.592890000955,2.137
0.592900000955,2.16825
0.592910000955,2.16825
0.592920000955,2.137
0.592930000955,2.16825
0.592940000955,2.16825
0.592950000955,2.137
0.592960000955,2.1995
0.592970000955,2.16825
0.592980000955,2.137
0.592990000955,2.10575
0.593000000955,2.137
0.593010000955,2.137
0.593020000955,2.16825
0.593030000955,2.10575
0.593040000955,2.16825
0.593050000955,2.137
0.593060000955,2.16825
0.593070000955,2.16825
0.593080000955,2.16825
0.593090000955,2.137
0.593100000955,2.137
0.593110000955,2.137
0.593120000955,2.16825
0.593130000955,2.16825
0.593140000955,2.137
0.593150000955,2.137
0.593160000955,2.137
0.593170000955,2.16825
0.593180000955,2.137
0.593190000955,2.137
0.593200000955,2.137
0.593210000955,2.137
0.593220000955,2.16825
0.593230000955,2.137
0.593240000955,2.137
0.593250000955,2.10575
0.593260000955,2.10575
0.593270000955,2.137
0.593280000955,2.137
0.593290000955,2.16825
0.593300000955,2.10575
0.593310000955,2.16825
0.593320000955,2.137
0.593330000955,2.16825
0.593340000955,2.16825
0.593350000955,2.16825
0.593360000955,2.137
0.593370000955,2.10575
0.593380000955,2.137
0.593390000955,2.137
0.593400000955,2.137
0.593410000955,2.16825
0.593420000955,2.137
0.593430000955,2.16825
0.593440000955,2.16825
0.593450000955,2.16825
0.593460000955,2.137
0.593470000955,2.137
0.593480000955,2.137
0.593490000955,2.16825
0.593500000955,2.137
0.593510000955,2.137
0.593520000955,2.16825
0.593530000955,2.16825
0.593540000955,2.16825
0.593550000955,2.137
0.593560000955,2.16825
0.593570000955,2.16825
0.593580000955,2.10575
0.593590000955,2.137
0.593600000955,2.137
0.593610000955,2.137
0.593620000955,2.10575
0.593630000955,2.137
0.593640000955,2.137
0.593650000955,2.137
0.593660000955,2.16825
0.593670000955,2.10575
0.593680000955,2.16825
0.593690000955,2.137
0.593700000955,2.16825
0.593710000955,2.16825
0.593720000955,2.137
0.593730000955,2.16825
0.593740000955,2.16825
0.593750000955,2.137
0.593760000955,2.137
0.593770000955,2.10575
0.593780000955,2.137
0.593790000955,2.137
0.593800000955,2.16825
0.593810000955,2.16825
0.593820000955,2.137
0.593830000955,2.137
0.593840000955,2.137
0.593850000955,2.137
0.593860000955,2.16825
0.593870000955,2.137
0.593880000955,2.16825
0.593890000955,2.16825
0.593900000955,2.1995
0.593910000955,2.16825
0.593920000955,2.137
0.593930000955,2.137
0.593940000955,2.137
0.593950000955,2.16825
0.593960000955,2.137
0.593970000955,2.137
0.593980000955,2.137
0.593990000955,2.1995
0.594000000955,2.137
0.594010000955,2.16825
0.594020000955,2.137
0.594030000955,2.137
0.594040000955,2.16825
0.594050000955,2.137
0.594060000955,2.16825
0.594070000955,2.16825
0.594080000955,2.1995
0.594090000955,2.10575
0.594100000955,2.16825
0.594110000955,2.137
0.594120000955,2.137
0.594130000955,2.137
0.594140000955,2.1995
0.594150000955,2.137
0.594160000955,2.137
0.594170000955,2.137
0.594180000955,2.137
0.594190000955,2.16825
0.594200000955,2.137
0.594210000955,2.16825
0.594220000955,2.137
0.594230000955,2.137
0.594240000955,2.137
0.594250000955,2.137
0.594260000955,2.16825
0.594270000955,2.137
0.594280000955,2.137
0.594290000955,2.16825
0.594300000955,2.16825
0.594310000955,2.16825
0.594320000955,2.137
0.594330000955,2.10575
0.594340000955,2.16825
0.594350000955,2.137
0.594360000955,2.16825
0.594370000955,2.137
0.594380000955,2.0745
0.594390000955,2.10575
0.594400000955,2.137
0.594410000955,2.137
0.594420000955,2.16825
0.594430000955,2.137
0.594440000955,2.16825
0.594450000955,2.137
0.594460000955,2.137
0.594470000955,2.16825
0.594480000955,2.16825
0.594490000955,2.137
0.594500000955,2.16825
0.594510000955,2.137
0.594520000955,2.137
0.594530000955,2.137
0.594540000955,2.137
0.594550000955,2.16825
0.594560000955,2.137
0.594570000955,2.16825
0.594580000955,2.10575
0.594590000955,2.137
0.594600000955,2.137
0.594610000955,2.16825
0.594620000955,2.137
0.594630000955,2.16825
0.594640000955,2.137
0.594650000955,2.16825
0.594660000955,2.16825
0.594670000955,2.137
0.594680000955,2.16825
0.594690000955,2.137
0.594700000955,2.16825
0.594710000955,2.137
0.594720000955,2.137
0.594730000955,2.137
0.594740000955,2.16825
0.594750000955,2.16825
0.594760000955,2.16825
0.594770000955,2.16825
0.594780000955,2.137
0.594790000955,2.16825
0.594800000955,2.137
0.594810000955,2.137
0.594820000955,2.137
0.594830000955,2.16825
0.594840000955,2.16825
0.594850000955,2.137
0.594860000955,2.137
0.594870000955,2.16825
0.594880000955,2.137
0.594890000955,2.137
0.594900000955,2.16825
0.594910000955,2.137
0.594920000955,2.137
0.594930000955,2.16825
0.594940000955,2.16825
0.594950000955,2.137
0.594960000955,2.137
0.594970000955,2.137
0.594980000955,2.137
0.594990000955,2.137
0.595000000955,2.137
0.595010000955,2.10575
0.595020000955,2.137
0.595030000955,2.16825
0.595040000955,2.16825
0.595050000955,2.137
0.595060000955,2.16825
0.595070000955,2.16825
0.595080000955,2.137
0.595090000955,2.137
0.595100000955,2.16825
0.595110000955,2.137
0.595120000955,2.16825
0.595130000955,2.137
0.595140000955,2.137
0.595150000955,2.16825
0.595160000955,2.137
0.595170000955,2.16825
0.595180000955,2.137
0.595190000955,2.16825
0.595200000955,2.137
0.595210000955,2.16825
0.595220000955,2.137
0.595230000955,2.10575
0.595240000955,2.10575
0.595250000955,2.137
0.595260000955,2.16825
0.595270000955,2.137
0.595280000955,2.16825
0.595290000955,2.137
0.595300000955,2.137
0.595310000955,2.16825
0.595320000955,2.137
0.595330000955,2.16825
0.595340000955,2.137
0.595350000955,2.16825
0.595360000955,2.137
0.595370000955,2.137
0.595380000955,2.16825
0.595390000955,2.16825
0.595400000955,2.16825
0.595410000955,2.137
0.595420000955,2.137
0.595430000955,2.16825
0.595440000955,2.10575
0.595450000955,2.16825
0.595460000955,2.137
0.595470000955,2.10575
0.595480000955,2.16825
0.595490000955,2.10575
0.595500000955,2.137
0.595510000955,2.137
0.595520000955,2.137
0.595530000955,2.16825
0.595540000955,2.16825
0.595550000955,2.137
0.595560000955,2.16825
0.595570000955,2.137
0.595580000955,2.137
0.595590000955,2.16825
0.595600000955,2.16825
0.595610000955,2.137
0.595620000955,2.16825
0.595630000955,2.137
0.595640000955,2.137
0.595650000955,2.137
0.595660000955,2.137
0.595670000955,2.1995
0.595680000955,2.137
0.595690000955,2.137
0.595700000955,2.137
0.595710000955,2.137
0.595720000955,2.137
0.595730000955,2.137
0.595740000955,2.137
0.595750000955,2.16825
0.595760000955,2.137
0.595770000955,2.137
0.595780000955,2.137
0.595790000955,2.16825
0.595800000955,2.137
0.595810000955,2.137
0.595820000955,2.10575
0.595830000955,2.16825
0.595840000955,2.137
0.595850000955,2.137
0.595860000955,2.16825
0.595870000955,2.16825
0.595880000955,2.16825
0.595890000955,2.137
0.595900000955,2.137
0.595910000955,2.16825
0.595920000955,2.16825
0.595930000955,2.10575
0.595940000955,2.137
0.595950000955,2.137
0.595960000955,2.137
0.595970000955,2.137
0.595980000955,2.16825
0.595990000955,2.16825
0.596000000955,2.137
0.596010000955,2.137
0.596020000955,2.1995
0.596030000955,2.16825
0.596040000955,2.137
0.596050000955,2.137
0.596060000955,2.137
0.596070000955,2.137
0.596080000955,2.137
0.596090000955,2.16825
0.596100000955,2.16825
0.596110000955,2.137
0.596120000955,2.137
0.596130000955,2.137
0.596140000955,2.16825
0.596150000955,2.16825
0.596160000955,2.137
0.596170000955,2.137
0.596180000955,2.137
0.596190000955,2.137
0.596200000955,2.137
0.596210000955,2.137
0.596220000955,2.137
0.596230000955,2.137
0.596240000955,2.16825
0.596250000955,2.137
0.596260000955,2.137
0.596270000955,2.137
0.596280000955,2.137
0.596290000955,2.137
0.596300000955,2.137
0.596310000955,2.137
0.596320000955,2.16825
0.596330000955,2.16825
0.596340000955,2.137
0.596350000955,2.10575
0.596360000955,2.16825
0.596370000955,2.137
0.596380000955,2.16825
0.596390000955,2.137
0.596400000955,2.16825
0.596410000955,2.1995
0.596420000955,2.16825
0.596430000955,2.16825
0.596440000955,2.137
0.596450000955,2.137
0.596460000955,2.10575
0.596470000955,2.137
0.596480000955,2.16825
0.596490000955,2.137
0.596500000955,2.137
0.596510000955,2.137
0.596520000955,2.16825
0.596530000955,2.137
0.596540000955,2.16825
0.596550000955,2.137
0.596560000955,2.16825
0.596570000955,2.10575
0.596580000955,2.137
0.596590000955,2.16825
0.596600000955,2.137
0.596610000955,2.137
0.596620000955,2.16825
0.596630000955,2.137
0.596640000955,2.16825
0.596650000955,2.16825
0.596660000955,2.16825
0.596670000955,2.137
0.596680000955,2.10575
0.596690000955,2.16825
0.596700000955,2.137
0.596710000955,2.16825
0.596720000955,2.16825
0.596730000955,2.137
0.596740000955,2.16825
0.596750000955,2.137
0.596760000955,2.16825
0.596770000955,2.16825
0.596780000955,2.16825
0.596790000955,2.16825
0.596800000955,2.137
0.596810000955,2.16825
0.596820000955,2.16825
0.596830000955,2.137
0.596840000955,2.16825
0.596850000955,2.137
0.596860000955,2.16825
0.596870000955,2.16825
0.596880000955,2.137
0.596890000955,2.137
0.596900000955,2.1995
0.596910000955,2.10575
0.596920000955,2.16825
0.596930000955,2.16825
0.596940000955,2.16825
0.596950000955,2.137
0.596960000955,2.16825
0.596970000955,2.137
0.596980000955,2.16825
0.596990000955,2.137
0.597000000955,2.137
0.597010000955,2.137
0.597020000955,2.137
0.597030000955,2.16825
0.597040000955,2.137
0.597050000955,2.137
0.597060000955,2.137
0.597070000955,2.137
0.597080000955,2.137
0.597090000955,2.10575
0.597100000955,2.10575
0.597110000955,2.1995
0.597120000955,2.137
0.597130000955,2.16825
0.597140000955,2.137
0.597150000955,2.10575
0.597160000955,2.137
0.597170000955,2.137
0.597180000955,2.137
0.597190000955,2.137
0.597200000955,2.137
0.597210000955,2.16825
0.597220000955,2.137
0.597230000955,2.137
0.597240000955,2.137
0.597250000955,2.10575
0.597260000955,2.16825
0.597270000955,2.16825
0.597280000955,2.16825
0.597290000955,2.137
0.597300000955,2.137
0.597310000955,2.137
0.597320000955,2.137
0.597330000955,2.137
0.597340000955,2.137
0.597350000955,2.137
0.597360000955,2.137
0.597370000955,2.137
0.597380000955,2.1995
0.597390000955,2.16825
0.597400000955,2.16825
0.597410000955,2.137
0.597420000955,2.16825
0.597430000955,2.137
0.597440000955,2.137
0.597450000955,2.16825
0.597460000955,2.16825
0.597470000955,2.137
0.597480000955,2.137
0.597490000955,2.16825
0.597500000955,2.16825
0.597510000955,2.137
0.597520000955,2.10575
0.597530000955,2.137
0.597540000955,2.16825
0.597550000955,2.10575
0.597560000955,2.137
0.597570000955,2.137
0.597580000955,2.16825
0.597590000955,2.137
0.597600000955,2.137
0.597610000955,2.137
0.597620000955,2.16825
0.597630000955,2.137
0.597640000955,2.137
0.597650000955,2.137
0.597660000955,2.137
0.597670000955,2.137
0.597680000955,2.137
0.597690000955,2.137
0.597700000955,2.137
0.597710000955,2.137
0.597720000955,2.10575
0.597730000955,2.137
0.597740000955,2.16825
0.597750000955,2.16825
0.597760000955,2.137
0.597770000955,2.16825
0.597780000955,2.137
0.597790000955,2.137
0.597800000955,2.16825
0.597810000955,2.137
0.597820000955,2.137
0.597830000955,2.137
0.597840000955,2.16825
0.597850000955,2.16825
0.597860000955,2.137
0.597870000955,2.137
0.597880000955,2.16825
0.597890000955,2.137
0.597900000955,2.137
0.597910000955,2.137
0.597920000955,2.137
0.597930000955,2.137
0.597940000955,2.137
0.597950000955,2.10575
0.597960000955,2.137
0.597970000955,2.16825
0.597980000955,2.1995
0.597990000955,2.16825
0.598000000955,2.16825
0.598010000955,2.137
0.598020000955,2.137
0.598030000955,2.137
0.598040000955,2.137
0.598050000955,2.137
0.598060000955,2.16825
0.598070000955,2.137
0.598080000955,2.137
0.598090000955,2.137
0.598100000955,2.137
0.598110000955,2.137
0.598120000955,2.1995
0.598130000955,2.137
0.598140000955,2.137
0.598150000955,2.16825
0.598160000955,2.137
0.598170000955,2.16825
0.598180000955,2.137
0.598190000955,2.16825
0.598200000955,2.137
0.598210000955,2.16825
0.598220000955,2.137
0.598230000955,2.16825
0.598240000955,2.16825
0.598250000955,2.16825
0.598260000955,2.137
0.598270000955,2.137
0.598280000955,2.16825
0.598290000955,2.16825
0.598300000955,2.16825
0.598310000955,2.16825
0.598320000955,2.1995
0.598330000955,2.16825
0.598340000955,2.137
0.598350000955,2.16825
0.598360000955,2.137
0.598370000955,2.10575
0.598380000955,2.137
0.598390000955,2.137
0.598400000955,2.16825
0.598410000955,2.137
0.598420000955,2.137
0.598430000955,2.16825
0.598440000955,2.16825
0.598450000955,2.137
0.598460000955,2.137
0.598470000955,2.137
0.598480000955,2.16825
0.598490000955,2.137
0.598500000955,2.137
0.598510000955,2.137
0.598520000955,2.137
0.598530000955,2.137
0.598540000955,2.137
0.598550000955,2.16825
0.598560000955,2.16825
0.598570000955,2.16825
0.598580000955,2.137
0.598590000955,2.137
0.598600000955,2.16825
0.598610000955,2.16825
0.598620000955,2.1995
0.598630000955,2.137
0.598640000955,2.16825
0.598650000955,2.16825
0.598660000955,2.137
0.598670000955,2.16825
0.598680000955,2.16825
0.598690000955,2.16825
0.598700000955,2.137
0.598710000955,2.1995
0.598720000955,2.16825
0.598730000955,2.16825
0.598740000955,2.16825
0.598750000955,2.137
0.598760000955,2.16825
0.598770000955,2.16825
0.598780000955,2.137
0.598790000955,2.16825
0.598800000955,2.16825
0.598810000955,2.16825
0.598820000955,2.16825
0.598830000955,2.16825
0.598840000955,2.137
0.598850000955,2.16825
0.598860000955,2.137
0.598870000955,2.137
0.598880000955,2.10575
0.598890000955,2.137
0.598900000955,2.16825
0.598910000955,2.16825
0.598920000955,2.1995
0.598930000955,2.16825
0.598940000955,2.16825
0.598950000955,2.1995
0.598960000955,2.137
0.598970000955,2.16825
0.598980000955,2.137
0.598990000955,2.16825
0.599000000955,2.137
0.599010000955,2.10575
0.599020000955,2.10575
0.599030000955,2.10575
0.599040000955,2.16825
0.599050000955,2.137
0.599060000955,2.137
0.599070000955,2.16825
0.599080000955,2.16825
0.599090000955,2.137
0.599100000955,2.137
0.599110000955,2.16825
0.599120000955,2.16825
0.599130000955,2.137
0.599140000955,2.16825
0.599150000955,2.137
0.599160000955,2.137
0.599170000955,2.16825
0.599180000955,2.137
0.599190000955,2.16825
0.599200000955,2.16825
0.599210000955,2.10575
0.599220000955,2.16825
0.599230000955,2.137
0.599240000955,2.137
0.599250000955,2.16825
0.599260000955,2.16825
0.599270000955,2.137
0.599280000955,2.10575
0.599290000955,2.10575
0.599300000955,2.137
0.599310000955,2.137
0.599320000955,2.16825
0.599330000955,2.137
0.599340000955,2.16825
0.599350000955,2.137
0.599360000955,2.16825
0.599370000955,2.137
0.599380000955,2.16825
0.599390000955,2.137
0.599400000955,2.137
0.599410000955,2.10575
0.599420000955,2.10575
0.599430000955,2.137
0.599440000955,2.137
0.599450000955,2.137
0.599460000955,2.16825
0.599470000955,2.137
0.599480000955,2.137
0.599490000955,2.137
0.599500000955,2.137
0.599510000955,2.16825
0.599520000955,2.16825
0.599530000955,2.137
0.599540000955,2.16825
0.599550000955,2.137
0.599560000955,2.137
0.599570000955,2.16825
0.599580000955,2.137
0.599590000955,2.137
0.599600000955,2.137
0.599610000955,2.137
0.599620000955,2.16825
0.599630000955,2.16825
0.599640000955,2.10575
0.599650000955,2.10575
0.599660000955,2.137
0.599670000955,2.16825
0.599680000955,2.16825
0.599690000955,2.16825
0.599700000955,2.16825
0.599710000955,2.16825
0.599720000955,2.137
0.599730000955,2.137
0.599740000955,2.137
0.599750000955,2.137
0.599760000955,2.16825
0.599770000955,2.16825
0.599780000955,2.137
0.599790000955,2.137
0.599800000955,2.10575
0.599810000955,2.137
0.599820000955,2.16825
0.599830000955,2.137
0.599840000955,2.137
0.599850000955,2.137
0.599860000955,2.137
0.599870000955,2.137
0.599880000955,2.137
0.599890000955,2.1995
0.599900000955,2.137
0.599910000955,2.137
0.599920000955,2.137
0.599930000955,2.137
0.599940000955,2.137
0.599950000955,2.16825
0.599960000955,2.137
0.599970000955,2.137
0.599980000955,2.10575
0.599990000955,2.10575
0.600000000955,2.16825
0.600010000955,2.137
0.600020000955,2.16825
0.600030000955,2.16825
0.600040000955,2.16825
0.600050000955,2.137
0.600060000955,2.137
0.600070000955,2.137
0.600080000955,2.16825
0.600090000955,2.137
0.600100000955,2.16825
0.600110000955,2.137
0.600120000955,2.137
0.600130000955,2.16825
0.600140000955,2.137
0.600150000955,2.16825
0.600160000955,2.16825
0.600170000955,2.137
0.600180000955,2.10575
0.600190000955,2.16825
0.600200000955,2.16825
0.600210000955,2.137
0.600220000955,2.16825
0.600230000955,2.16825
0.600240000955,2.137
0.600250000955,2.16825
0.600260000955,2.16825
0.600270000955,2.16825
0.600280000955,2.137
0.600290000955,2.16825
0.600300000955,2.137
0.600310000955,2.16825
0.600320000955,2.137
0.600330000955,2.137
0.600340000955,2.16825
0.600350000955,2.16825
0.600360000955,2.16825
0.600370000955,2.137
0.600380000955,2.16825
0.600390000955,2.10575
0.600400000955,2.137
0.600410000955,2.16825
0.600420000955,2.137
0.600430000955,2.137
0.600440000955,2.16825
0.600450000955,2.16825
0.600460000955,2.1995
0.600470000955,2.137
0.600480000955,2.137
0.600490000955,2.16825
0.600500000955,2.10575
0.600510000955,2.16825
0.600520000955,2.137
0.600530000955,2.16825
0.600540000955,2.16825
0.600550000955,2.16825
0.600560000955,2.137
0.600570000955,2.16825
0.600580000955,2.1995
0.600590000955,2.16825
0.600600000955,2.16825
0.600610000955,2.16825
0.600620000955,2.16825
0.600630000955,2.137
0.600640000955,2.137
0.600650000955,2.137
0.600660000955,2.137
0.600670000955,2.16825
0.600680000955,2.16825
0.600690000955,2.137
0.600700000955,2.137
0.600710000955,2.137
0.600720000955,2.16825
0.600730000955,2.16825
0.600740000955,2.16825
0.600750000955,2.137
0.600760000955,2.137
0.600770000955,2.137
0.600780000955,2.137
0.600790000955,2.137
0.600800000955,2.137
0.600810000955,2.137
0.600820000955,2.137
0.600830000955,2.137
0.600840000955,2.137
0.600850000955,2.137
0.600860000955,2.137
0.600870000955,2.16825
0.600880000955,2.16825
0.600890000955,2.137
0.600900000955,2.137
0.600910000955,2.16825
0.600920000955,2.16825
0.600930000955,2.137
0.600940000955,2.1995
0.600950000955,2.16825
0.600960000955,2.16825
0.600970000955,2.16825
0.600980000955,2.137
0.600990000955,2.137
0.601000000955,2.137
0.601010000955,2.16825
0.601020000955,2.16825
0.601030000955,2.137
0.601040000955,2.16825
0.601050000955,2.137
0.601060000955,2.16825
0.601070000955,2.16825
0.601080000955,2.137
0.601090000955,2.16825
0.601100000955,2.16825
0.601110000955,2.137
0.601120000955,2.137
0.601130000955,2.10575
0.601140000955,2.10575
0.601150000955,2.16825
0.601160000955,2.16825
0.601170000955,2.16825
0.601180000955,2.137
0.601190000955,2.16825
0.601200000955,2.16825
0.601210000955,2.137
0.601220000955,2.16825
0.601230000955,2.137
0.601240000955,2.137
0.601250000955,2.16825
0.601260000955,2.137
0.601270000955,2.16825
0.601280000955,2.16825
0.601290000955,2.137
0.601300000955,2.137
0.601310000955,2.137
0.601320000955,2.16825
0.601330000955,2.137
0.601340000955,2.16825
0.601350000955,2.137
0.601360000955,2.16825
0.601370000955,2.137
0.601380000955,2.137
0.601390000955,2.137
0.601400000955,2.16825
0.601410000955,2.137
0.601420000955,2.16825
0.601430000955,2.16825
0.601440000955,2.16825
0.601450000955,2.137
0.601460000955,2.16825
0.601470000955,2.16825
0.601480000955,2.137
0.601490000955,2.137
0.601500000955,2.137
0.601510000955,2.16825
0.601520000955,2.137
0.601530000955,2.137
0.601540000955,2.137
0.601550000955,2.137
0.601560000955,2.16825
0.601570000955,2.16825
0.601580000955,2.137
0.601590000955,2.137
0.601600000955,2.137
0.601610000955,2.137
0.601620000955,2.137
0.601630000955,2.16825
0.601640000955,2.16825
0.601650000955,2.137
0.601660000955,2.137
0.601670000955,2.137
0.601680000955,2.16825
0.601690000955,2.16825
0.601700000955,2.137
0.601710000955,2.16825
0.601720000955,2.137
0.601730000955,2.1995
0.601740000955,2.137
0.601750000955,2.16825
0.601760000955,2.137
0.601770000955,2.16825
0.601780000955,2.137
0.601790000955,2.137
0.601800000955,2.16825
0.601810000955,2.137
0.601820000955,2.16825
0.601830000955,2.137
0.601840000955,2.137
0.601850000955,2.16825
0.601860000955,2.1995
0.601870000955,2.16825
0.601880000955,2.137
0.601890000955,2.137
0.601900000955,2.137
0.601910000955,2.137
0.601920000955,2.137
0.601930000955,2.137
0.601940000955,2.137
0.601950000955,2.137
0.601960000955,2.137
0.601970000955,2.16825
0.601980000955,2.16825
0.601990000955,2.16825
0.602000000955,2.137
0.602010000955,2.137
0.602020000955,2.16825
0.602030000955,2.16825
0.602040000955,2.16825
0.602050000955,2.16825
0.602060000955,2.16825
0.602070000955,2.137
0.602080000955,2.16825
0.602090000955,2.137
0.602100000955,2.16825
0.602110000955,2.16825
0.602120000955,2.16825
0.602130000955,2.137
0.602140000955,2.137
0.602150000955,2.16825
0.602160000955,2.10575
0.602170000955,2.16825
0.602180000955,2.137
0.602190000955,2.16825
0.602200000955,2.16825
0.602210000955,2.137
0.602220000955,2.16825
0.602230000955,2.16825
0.602240000955,2.137
0.602250000955,2.137
0.602260000955,2.137
0.602270000955,2.137
0.602280000955,2.137
0.602290000955,2.16825
0.602300000955,2.16825
0.602310000955,2.16825
0.602320000955,2.137
0.602330000955,2.16825
0.602340000955,2.137
0.602350000955,2.137
0.602360000955,2.137
0.602370000955,2.137
0.602380000955,2.137
0.602390000955,2.137
0.602400000955,2.16825
0.602410000955,2.10575
0.602420000955,2.137
0.602430000955,2.16825
0.602440000955,2.1995
0.602450000955,2.16825
0.602460000955,2.137
0.602470000955,2.16825
0.602480000955,2.137
0.602490000955,2.16825
0.602500000955,2.16825
0.602510000955,2.137
0.602520000955,2.137
0.602530000955,2.16825
0.602540000955,2.16825
0.602550000955,2.137
0.602560000955,2.137
0.602570000955,2.16825
0.602580000955,2.16825
0.602590000955,2.16825
0.602600000955,2.16825
0.602610000955,2.16825
0.602620000955,2.137
0.602630000955,2.16825
0.602640000955,2.16825
0.602650000955,2.16825
0.602660000955,2.137
0.602670000955,2.16825
0.602680000955,2.137
0.602690000955,2.16825
0.602700000955,2.137
0.602710000955,2.1995
0.602720000955,2.16825
0.602730000955,2.16825
0.602740000955,2.137
0.602750000955,2.137
0.602760000955,2.16825
0.602770000955,2.137
0.602780000955,2.16825
0.602790000955,2.137
0.602800000955,2.137
0.602810000955,2.16825
0.602820000955,2.1995
0.602830000955,2.16825
0.602840000955,2.1995
0.602850000955,2.137
0.602860000955,2.16825
0.602870000955,2.16825
0.602880000955,2.137
0.602890000955,2.10575
0.602900000955,2.16825
0.602910000955,2.137
0.602920000955,2.10575
0.602930000955,2.16825
0.602940000955,2.16825
0.602950000955,2.137
0.602960000955,2.1995
0.602970000955,2.137
0.602980000955,2.137
0.602990000955,2.137
0.603000000955,2.137
0.603010000955,2.16825
0.603020000955,2.10575
0.603030000955,2.16825
0.603040000955,2.137
0.603050000955,2.137
0.603060000955,2.10575
0.603070000955,2.137
0.603080000955,2.137
0.603090000955,2.137
0.603100000955,2.16825
0.603110000955,2.137
0.603120000955,2.16825
0.603130000955,2.137
0.603140000955,2.16825
0.603150000955,2.137
0.603160000955,2.16825
0.603170000955,2.137
0.603180000955,2.16825
0.603190000955,2.137
0.603200000955,2.16825
0.603210000955,2.16825
0.603220000955,2.16825
0.603230000955,2.137
0.603240000955,2.16825
0.603250000955,2.16825
0.603260000955,2.137
0.603270000955,2.137
0.603280000955,2.16825
0.603290000955,2.16825
0.603300000955,2.137
0.603310000955,2.137
0.603320000955,2.10575
0.603330000955,2.137
0.603340000955,2.16825
0.603350000955,2.16825
0.603360000955,2.10575
0.603370000955,2.137
0.603380000955,2.137
0.603390000955,2.137
0.603400000955,2.137
0.603410000955,2.137
0.603420000955,2.137
0.603430000955,2.137
0.603440000955,2.137
0.603450000955,2.16825
0.603460000955,2.137
0.603470000955,2.16825
0.603480000955,2.137
0.603490000955,2.137
0.603500000955,2.137
0.603510000955,2.137
0.603520000955,2.137
0.603530000955,2.137
0.603540000955,2.137
0.603550000955,2.16825
0.603560000955,2.137
0.603570000955,2.137
0.603580000955,2.137
0.603590000955,2.16825
0.603600000955,2.137
0.603610000955,2.16825
0.603620000955,2.137
0.603630000955,2.137
0.603640000955,2.16825
0.603650000955,2.10575
0.603660000955,2.137
0.603670000955,2.16825
0.603680000955,2.10575
0.603690000955,2.137
0.603700000955,2.137
0.603710000955,2.137
0.603720000955,2.137
0.603730000955,2.137
0.603740000955,2.137
0.603750000955,2.137
0.603760000955,2.137
0.603770000955,2.137
0.603780000955,2.10575
0.603790000955,2.16825
0.603800000955,2.10575
0.603810000955,2.10575
0.603820000955,2.16825
0.603830000955,2.137
0.603840000955,2.16825
0.603850000955,2.16825
0.603860000955,2.10575
0.603870000955,2.137
0.603880000955,2.137
0.603890000955,2.137
0.603900000955,2.10575
0.603910000955,2.137
0.603920000955,2.137
0.603930000955,2.16825
0.603940000955,2.137
0.603950000955,2.10575
0.603960000955,2.137
0.603970000955,2.10575
0.603980000955,2.16825
0.603990000955,2.137
0.604000000955,2.137
0.604010000955,2.10575
0.604020000955,2.1995
0.604030000955,2.16825
0.604040000955,2.137
0.604050000955,2.16825
0.604060000955,2.16825
0.604070000955,2.10575
0.604080000955,2.137
0.604090000955,2.137
0.604100000955,2.137
0.604110000955,2.137
0.604120000955,2.137
0.604130000955,2.10575
0.604140000955,2.137
0.604150000955,2.16825
0.604160000955,2.137
0.604170000955,2.137
0.604180000955,2.16825
0.604190000955,2.16825
0.604200000955,2.10575
0.604210000955,2.16825
0.604220000955,2.16825
0.604230000955,2.137
0.604240000955,2.137
0.604250000955,2.16825
0.604260000955,2.137
0.604270000955,2.137
0.604280000955,2.137
0.604290000955,2.137
0.604300000955,2.16825
0.604310000955,2.137
0.604320000955,2.137
0.604330000955,2.16825
0.604340000955,2.137
0.604350000955,2.137
0.604360000955,2.137
0.604370000955,2.16825
0.604380000955,2.137
0.604390000955,2.137
0.604400000955,2.137
0.604410000955,2.137
0.604420000955,2.137
0.604430000955,2.137
0.604440000955,2.137
0.604450000955,2.137
0.604460000955,2.137
0.604470000955,2.137
0.604480000955,2.137
0.604490000955,2.10575
0.604500000955,2.16825
0.604510000955,2.16825
0.604520000955,2.137
0.604530000955,2.16825
0.604540000955,2.137
0.604550000955,2.16825
0.604560000955,2.137
0.604570000955,2.137
0.604580000955,2.137
0.604590000955,2.10575
0.604600000955,2.16825
0.604610000955,2.137
0.604620000955,2.137
0.604630000955,2.10575
0.604640000955,2.10575
0.604650000955,2.16825
0.604660000955,2.137
0.604670000955,2.137
0.604680000955,2.137
0.604690000955,2.137
0.604700000955,2.10575
0.604710000955,2.10575
0.604720000955,2.137
0.604730000955,2.137
0.604740000955,2.137
0.604750000955,2.16825
0.604760000955,2.137
0.604770000955,2.137
0.604780000955,2.16825
0.604790000955,2.137
0.604800000955,2.137
0.604810000955,2.16825
0.604820000955,2.137
0.604830000955,2.137
0.604840000955,2.137
0.604850000955,2.137
0.604860000955,2.10575
0.604870000955,2.16825
0.604880000955,2.137
0.604890000955,2.137
0.604900000955,2.16825
0.604910000955,2.16825
0.604920000955,2.137
0.604930000955,2.137
0.604940000955,2.137
0.604950000955,2.10575
0.604960000955,2.137
0.604970000955,2.137
0.604980000955,2.10575
0.604990000955,2.137
0.605000000955,2.137
0.605010000955,2.137
0.605020000955,2.137
0.605030000955,2.10575
0.605040000955,2.137
0.605050000955,2.137
0.605060000955,2.10575
0.605070000955,2.16825
0.605080000955,2.137
0.605090000955,2.10575
0.605100000955,2.10575
0.605110000955,2.10575
0.605120000955,2.10575
0.605130000955,2.137
0.605140000955,2.137
0.605150000955,2.137
0.605160000955,2.137
0.605170000955,2.137
0.605180000955,2.16825
0.605190000955,2.16825
0.605200000955,2.137
0.605210000955,2.137
0.605220000955,2.16825
0.605230000955,2.137
0.605240000955,2.137
0.605250000955,2.137
0.605260000955,2.16825
0.605270000955,2.137
0.605280000955,2.137
0.605290000955,2.16825
0.605300000955,2.137
0.605310000955,2.16825
0.605320000955,2.137
0.605330000955,2.16825
0.605340000955,2.0745
0.605350000955,2.10575
0.605360000955,2.10575
0.605370000955,2.10575
0.605380000955,2.137
0.605390000955,2.137
0.605400000955,2.16825
0.605410000955,2.137
0.605420000955,2.137
0.605430000955,2.137
0.605440000955,2.137
0.605450000955,2.10575
0.605460000955,2.137
0.605470000955,2.137
0.605480000955,2.137
0.605490000955,2.137
0.605500000955,2.10575
0.605510000955,2.10575
0.605520000955,2.137
0.605530000955,2.137
0.605540000955,2.16825
0.605550000955,2.10575
0.605560000955,2.10575
0.605570000955,2.137
0.605580000955,2.137
0.605590000955,2.137
0.605600000955,2.137
0.605610000955,2.137
0.605620000955,2.10575
0.605630000955,2.10575
0.605640000955,2.10575
0.605650000955,2.137
0.605660000955,2.10575
0.605670000955,2.16825
0.605680000955,2.10575
0.605690000955,2.137
0.605700000955,2.16825
0.605710000955,2.10575
0.605720000955,2.137
0.605730000955,2.10575
0.605740000955,2.137
0.605750000955,2.137
0.605760000955,2.16825
0.605770000955,2.137
0.605780000955,2.10575
0.605790000955,2.16825
0.605800000955,2.137
0.605810000955,2.10575
0.605820000955,2.10575
0.605830000955,2.10575
0.605840000955,2.16825
0.605850000955,2.137
0.605860000955,2.10575
0.605870000955,2.137
0.605880000955,2.137
0.605890000955,2.137
0.605900000955,2.137
0.605910000955,2.137
0.605920000955,2.137
0.605930000955,2.10575
0.605940000955,2.10575
0.605950000955,2.137
0.605960000955,2.16825
0.605970000955,2.137
0.605980000955,2.137
0.605990000955,2.137
0.606000000955,2.137
0.606010000955,2.16825
0.606020000955,2.10575
0.606030000955,2.137
0.606040000955,2.10575
0.606050000955,2.10575
0.606060000955,2.137
0.606070000955,2.10575
0.606080000955,2.137
0.606090000955,2.137
0.606100000955,2.10575
0.606110000955,2.137
0.606120000955,2.137
0.606130000955,2.10575
0.606140000955,2.137
0.606150000955,2.10575
0.606160000955,2.137
0.606170000955,2.0745
0.606180000955,2.137
0.606190000955,2.10575
0.606200000955,2.137
0.606210000955,2.137
0.606220000955,2.137
0.606230000955,2.10575
0.606240000955,2.137
0.606250000955,2.10575
0.606260000955,2.16825
0.606270000955,2.137
0.606280000955,2.10575
0.606290000955,2.10575
0.606300000955,2.137
0.606310000955,2.137
0.606320000955,2.137
0.606330000955,2.137
0.606340000955,2.10575
0.606350000955,2.137
0.606360000955,2.0745
0.606370000955,2.16825
0.606380000955,2.137
0.606390000955,2.137
0.606400000955,2.137
0.606410000955,2.137
0.606420000955,2.137
0.606430000955,2.137
0.606440000955,2.10575
0.606450000955,2.137
0.606460000955,2.10575
0.606470000955,2.137
0.606480000955,2.137
0.606490000955,2.137
0.606500000955,2.10575
0.606510000955,2.137
0.606520000955,2.137
0.606530000955,2.137
0.606540000955,2.137
0.606550000955,2.10575
0.606560000955,2.137
0.606570000955,2.137
0.606580000955,2.16825
0.606590000955,2.10575
0.606600000955,2.137
0.606610000955,2.16825
0.606620000955,2.10575
0.606630000955,2.10575
0.606640000955,2.10575
0.606650000955,2.137
0.606660000955,2.137
0.606670000955,2.137
0.606680000955,2.16825
0.606690000955,2.137
0.606700000955,2.10575
0.606710000955,2.10575
0.606720000955,2.10575
0.606730000955,2.10575
0.606740000955,2.0745
0.606750000955,2.137
0.606760000955,2.16825
0.606770000955,2.16825
0.606780000955,2.137
0.606790000955,2.137
0.606800000955,2.137
0.606810000955,2.10575
0.606820000955,2.137
0.606830000955,2.10575
0.606840000955,2.137
0.606850000955,2.10575
0.606860000955,2.10575
0.606870000955,2.10575
0.606880000955,2.137
0.606890000955,2.10575
0.606900000955,2.1995
0.606910000955,2.137
0.606920000955,2.137
0.606930000955,2.137
0.606940000955,2.10575
0.606950000955,2.137
0.606960000955,2.10575
0.606970000955,2.10575
0.606980000955,2.16825
0.606990000955,2.137
0.607000000955,2.137
0.607010000955,2.10575
0.607020000955,2.137
0.607030000955,2.10575
0.607040000955,2.10575
0.607050000955,2.16825
0.607060000955,2.137
0.607070000955,2.10575
0.607080000955,2.137
0.607090000955,2.137
0.607100000955,2.10575
0.607110000955,2.137
0.607120000955,2.10575
0.607130000955,2.137
0.607140000955,2.137
0.607150000955,2.137
0.607160000955,2.16825
0.607170000955,2.16825
0.607180000955,2.0745
0.607190000955,2.10575
0.607200000955,2.137
0.607210000955,2.10575
0.607220000955,2.137
0.607230000955,2.137
0.607240000955,2.10575
0.607250000955,2.137
0.607260000955,2.137
0.607270000955,2.16825
0.607280000955,2.16825
0.607290000955,2.137
0.607300000955,2.10575
0.607310000955,2.137
0.607320000955,2.10575
0.607330000955,2.137
0.607340000955,2.137
0.607350000955,2.16825
0.607360000955,2.137
0.607370000955,2.137
0.607380000955,2.137
0.607390000955,2.137
0.607400000955,2.10575
0.607410000955,2.137
0.607420000955,2.16825
0.607430000955,2.137
0.607440000955,2.16825
0.607450000955,2.10575
0.607460000955,2.137
0.607470000955,2.16825
0.607480000955,2.137
0.607490000955,2.10575
0.607500000955,2.137
0.607510000955,2.10575
0.607520000955,2.137
0.607530000955,2.137
0.607540000955,2.10575
0.607550000955,2.10575
0.607560000955,2.137
0.607570000955,2.0745
0.607580000955,2.10575
0.607590000955,2.10575
0.607600000955,2.16825
0.607610000955,2.10575
0.607620000955,2.137
0.607630000955,2.10575
0.607640000955,2.10575
0.607650000955,2.137
0.607660000955,2.137
0.607670000955,2.10575
0.607680000955,2.137
0.607690000955,2.10575
0.607700000955,2.137
0.607710000955,2.137
0.607720000955,2.137
0.607730000955,2.137
0.607740000955,2.137
0.607750000955,2.137
0.607760000955,2.137
0.607770000955,2.16825
0.607780000955,2.137
0.607790000955,2.10575
0.607800000955,2.137
0.607810000955,2.137
0.607820000955,2.10575
0.607830000955,2.10575
0.607840000955,2.16825
0.607850000955,2.137
0.607860000955,2.137
0.607870000955,2.10575
0.607880000955,2.10575
0.607890000955,2.10575
0.607900000955,2.16825
0.607910000955,2.16825
0.607920000955,2.10575
0.607930000955,2.16825
0.607940000955,2.137
0.607950000955,2.137
0.607960000955,2.137
0.607970000955,2.137
0.607980000955,2.137
0.607990000955,2.10575
0.608000000955,2.10575
0.608010000955,2.137
0.608020000955,2.137
0.608030000955,2.16825
0.608040000955,2.10575
0.608050000955,2.137
0.608060000955,2.137
0.608070000955,2.137
0.608080000955,2.10575
0.608090000955,2.10575
0.608100000955,2.10575
0.608110000955,2.10575
0.608120000955,2.137
0.608130000955,2.137
0.608140000955,2.137
0.608150000955,2.10575
0.608160000955,2.10575
0.608170000955,2.137
0.608180000955,2.10575
0.608190000955,2.137
0.608200000955,2.10575
0.608210000955,2.10575
0.608220000955,2.16825
0.608230000955,2.137
0.608240000955,2.137
0.608250000955,2.137
0.608260000955,2.137
0.608270000955,2.137
0.608280000955,2.137
0.608290000955,2.137
0.608300000955,2.10575
0.608310000955,2.137
0.608320000955,2.137
0.608330000955,2.137
0.608340000955,2.10575
0.608350000955,2.137
0.608360000955,2.10575
0.608370000955,2.137
0.608380000955,2.16825
0.608390000955,2.137
0.608400000955,2.137
0.608410000955,2.10575
0.608420000955,2.10575
0.608430000955,2.137
0.608440000955,2.137
0.608450000955,2.137
0.608460000955,2.137
0.608470000955,2.137
0.608480000955,2.137
0.608490000955,2.137
0.608500000955,2.10575
0.608510000955,2.137
0.608520000955,2.137
0.608530000955,2.137
0.608540000955,2.137
0.608550000955,2.137
0.608560000955,2.10575
0.608570000955,2.137
0.608580000955,2.137
0.608590000955,2.137
0.608600000955,2.16825
0.608610000955,2.16825
0.608620000955,2.137
0.608630000955,2.10575
0.608640000955,2.137
0.608650000955,2.16825
0.608660000955,2.137
0.608670000955,2.137
0.608680000955,2.137
0.608690000955,2.16825
0.608700000955,2.137
0.608710000955,2.137
0.608720000955,2.16825
0.608730000955,2.137
0.608740000955,2.10575
0.608750000955,2.137
0.608760000955,2.137
0.608770000955,2.137
0.608780000955,2.137
0.608790000955,2.10575
0.608800000955,2.10575
0.608810000955,2.137
0.608820000955,2.10575
0.608830000955,2.10575
0.608840000955,2.137
0.608850000955,2.137
0.608860000955,2.137
0.608870000955,2.16825
0.608880000955,2.137
0.608890000955,2.137
0.608900000955,2.10575
0.608910000955,2.137
0.608920000955,2.10575
0.608930000955,2.137
0.608940000955,2.137
0.608950000955,2.137
0.608960000955,2.137
0.608970000955,2.16825
0.608980000955,2.16825
0.608990000955,2.137
0.609000000955,2.16825
0.609010000955,2.16825
0.609020000955,2.137
0.609030000955,2.137
0.609040000955,2.137
0.609050000955,2.137
0.609060000955,2.10575
0.609070000955,2.10575
0.609080000955,2.137
0.609090000955,2.137
0.609100000955,2.10575
0.609110000955,2.137
0.609120000955,2.16825
0.609130000955,2.16825
0.609140000955,2.10575
0.609150000955,2.137
0.609160000955,2.16825
0.609170000955,2.137
0.609180000955,2.16825
0.609190000955,2.137
0.609200000955,2.137
0.609210000955,2.10575
0.609220000955,2.137
0.609230000955,2.137
0.609240000955,2.137
0.609250000955,2.137
0.609260000955,2.137
0.609270000955,2.137
0.609280000955,2.0745
0.609290000955,2.137
0.609300000955,2.137
0.609310000955,2.10575
0.609320000955,2.137
0.609330000955,2.137
0.609340000955,2.137
0.609350000955,2.137
0.609360000955,2.10575
0.609370000955,2.16825
0.609380000955,2.16825
0.609390000955,2.137
0.609400000955,2.137
0.609410000955,2.137
0.609420000955,2.137
0.609430000955,2.10575
0.609440000955,2.137
0.609450000955,2.137
0.609460000955,2.10575
0.609470000955,2.137
0.609480000955,2.137
0.609490000955,2.137
0.609500000955,2.137
0.609510000955,2.137
0.609520000955,2.10575
0.609530000955,2.137
0.609540000955,2.10575
0.609550000955,2.10575
0.609560000955,2.137
0.609570000955,2.16825
0.609580000955,2.137
0.609590000955,2.137
0.609600000955,2.137
0.609610000955,2.16825
0.609620000955,2.10575
0.609630000955,2.137
0.609640000955,2.10575
0.609650000955,2.137
0.609660000955,2.16825
0.609670000955,2.137
0.609680000955,2.10575
0.609690000955,2.137
0.609700000955,2.137
0.609710000955,2.137
0.609720000955,2.10575
0.609730000955,2.10575
0.609740000955,2.16825
0.609750000955,2.137
0.609760000955,2.137
0.609770000955,2.16825
0.609780000955,2.10575
0.609790000955,2.10575
0.609800000955,2.16825
0.609810000955,2.137
0.609820000955,2.10575
0.609830000955,2.10575
0.609840000955,2.137
0.609850000955,2.137
0.609860000955,2.10575
0.609870000955,2.10575
0.609880000955,2.137
0.609890000955,2.137
0.609900000955,2.137
0.609910000955,2.137
0.609920000955,2.16825
0.609930000955,2.137
0.609940000955,2.137
0.609950000955,2.137
0.609960000955,2.10575
0.609970000955,2.137
0.609980000955,2.137
0.609990000955,2.137
0.610000000955,2.137
0.610010000955,2.10575
0.610020000955,2.137
0.610030000955,2.137
0.610040000955,2.137
0.610050000955,2.137
0.610060000955,2.1995
0.610070000955,2.137
0.610080000955,2.137
0.610090000955,2.10575
0.610100000955,2.137
0.610110000955,2.10575
0.610120000955,2.10575
0.610130000955,2.10575
0.610140000955,2.10575
0.610150000955,2.10575
0.610160000955,2.10575
0.610170000955,2.16825
0.610180000955,2.137
0.610190000955,2.137
0.610200000955,2.10575
0.610210000955,2.137
0.610220000955,2.10575
0.610230000955,2.10575
0.610240000955,2.16825
0.610250000955,2.16825
0.610260000955,2.10575
0.610270000955,2.137
0.610280000955,2.16825
0.610290000955,2.137
0.610300000955,2.10575
0.610310000955,2.10575
0.610320000955,2.137
0.610330000955,2.137
0.610340000955,2.10575
0.610350000955,2.137
0.610360000955,2.137
0.610370000955,2.137
0.610380000955,2.10575
0.610390000955,2.10575
0.610400000955,2.137
0.610410000955,2.137
0.610420000955,2.10575
0.610430000955,2.137
0.610440000955,2.137
0.610450000955,2.137
0.610460000955,2.10575
0.610470000955,2.137
0.610480000955,2.137
0.610490000955,2.137
0.610500000955,2.137
0.610510000955,2.10575
0.610520000955,2.0745
0.610530000955,2.16825
0.610540000955,2.16825
0.610550000955,2.137
0.610560000955,2.137
0.610570000955,2.137
0.610580000955,2.137
0.610590000955,2.16825
0.610600000955,2.10575
0.610610000955,2.1995
0.610620000955,2.137
0.610630000955,2.137
0.610640000955,2.137
0.610650000955,2.10575
0.610660000955,2.137
0.610670000955,2.10575
0.610680000955,2.137
0.610690000955,2.137
0.610700000955,2.137
0.610710000955,2.137
0.610720000955,2.137
0.610730000955,2.137
0.610740000955,2.137
0.610750000955,2.137
0.610760000955,2.137
0.610770000955,2.137
0.610780000955,2.16825
0.610790000955,2.137
0.610800000955,2.10575
0.610810000955,2.137
0.610820000955,2.16825
0.610830000955,2.16825
0.610840000955,2.137
0.610850000955,2.10575
0.610860000955,2.137
0.610870000955,2.16825
0.610880000955,2.10575
0.610890000955,2.137
0.610900000955,2.137
0.610910000955,2.137
0.610920000955,2.137
0.610930000955,2.137
0.610940000955,2.10575
0.610950000955,2.137
0.610960000955,2.137
0.610970000955,2.16825
0.610980000955,2.137
0.610990000955,2.137
0.611000000955,2.16825
0.611010000955,2.137
0.611020000955,2.10575
0.611030000955,2.137
0.611040000955,2.137
0.611050000955,2.137
0.611060000955,2.137
0.611070000955,2.16825
0.611080000955,2.137
0.611090000955,2.10575
0.611100000955,2.137
0.611110000955,2.137
0.611120000955,2.137
0.611130000955,2.137
0.611140000955,2.137
0.611150000955,2.137
0.611160000955,2.16825
0.611170000955,2.16825
0.611180000955,2.137
0.611190000955,2.137
0.611200000955,2.137
0.611210000955,2.10575
0.611220000955,2.10575
0.611230000955,2.10575
0.611240000955,2.16825
0.611250000955,2.137
0.611260000955,2.16825
0.611270000955,2.16825
0.611280000955,2.137
0.611290000955,2.10575
0.611300000955,2.137
0.611310000955,2.137
0.611320000955,2.137
0.611330000955,2.137
0.611340000955,2.137
0.611350000955,2.10575
0.611360000955,2.137
0.611370000955,2.16825
0.611380000955,2.137
0.611390000955,2.137
0.611400000955,2.10575
0.611410000955,2.10575
0.611420000955,2.10575
0.611430000955,2.137
0.611440000955,2.137
0.611450000955,2.137
0.611460000955,2.10575
0.611470000955,2.137
0.611480000955,2.137
0.611490000955,2.137
0.611500000955,2.16825
0.611510000955,2.137
0.611520000955,2.137
0.611530000955,2.137
0.611540000955,2.137
0.611550000955,2.16825
0.611560000955,2.10575
0.611570000955,2.16825
0.611580000955,2.16825
0.611590000955,2.137
0.611600000955,2.16825
0.611610000955,2.137
0.611620000955,2.16825
0.611630000955,2.137
0.611640000955,2.137
0.611650000955,2.137
0.611660000955,2.137
0.611670000955,2.137
0.611680000955,2.137
0.611690000955,2.10575
0.611700000955,2.16825
0.611710000955,2.137
0.611720000955,2.16825
0.611730000955,2.10575
0.611740000955,2.137
0.611750000955,2.137
0.611760000955,2.137
0.611770000955,2.137
0.611780000955,2.137
0.611790000955,2.137
0.611800000955,2.137
0.611810000955,2.10575
0.611820000955,2.137
0.611830000955,2.10575
0.611840000955,2.10575
0.611850000955,2.16825
0.611860000955,2.137
0.611870000955,2.137
0.611880000955,2.16825
0.611890000955,2.137
0.611900000955,2.10575
0.611910000955,2.137
0.611920000955,2.10575
0.611930000955,2.137
0.611940000955,2.16825
0.611950000955,2.137
0.611960000955,2.137
0.611970000955,2.137
0.611980000955,2.137
0.611990000955,2.10575
0.612000000955,2.16825
0.612010000955,2.137
0.612020000955,2.16825
0.612030000955,2.137
0.612040000955,2.10575
0.612050000955,2.137
0.612060000955,2.16825
0.612070000955,2.137
0.612080000955,2.137
0.612090000955,2.137
0.612100000955,2.137
0.612110000955,2.10575
0.612120000955,2.137
0.612130000955,2.10575
0.612140000955,2.10575
0.612150000955,2.137
0.612160000955,2.16825
0.612170000955,2.137
0.612180000955,2.137
0.612190000955,2.16825
0.612200000955,2.137
0.612210000955,2.137
0.612220000955,2.137
0.612230000955,2.137
0.612240000955,2.137
0.612250000955,2.16825
0.612260000955,2.137
0.612270000955,2.137
0.612280000955,2.10575
0.612290000955,2.137
0.612300000955,2.16825
0.612310000955,2.16825
0.612320000955,2.16825
0.612330000955,2.137
0.612340000955,2.16825
0.612350000955,2.137
0.612360000955,2.137
0.612370000955,2.16825
0.612380000955,2.10575
0.612390000955,2.137
0.612400000955,2.137
0.612410000955,2.16825
0.612420000955,2.10575
0.612430000955,2.137
0.612440000955,2.1995
0.612450000955,2.137
0.612460000955,2.10575
0.612470000955,2.137
0.612480000955,2.16825
0.612490000955,2.137
0.612500000955,2.137
0.612510000955,2.137
0.612520000955,2.16825
0.612530000955,2.16825
0.612540000955,2.137
0.612550000955,2.16825
0.612560000955,2.137
0.612570000955,2.137
0.612580000955,2.137
0.612590000955,2.16825
0.612600000955,2.137
0.612610000955,2.16825
0.612620000955,2.137
0.612630000955,2.10575
0.612640000955,2.16825
0.612650000955,2.0745
0.612660000955,2.137
0.612670000955,2.10575
0.612680000955,2.137
0.612690000955,2.137
0.612700000955,2.137
0.612710000955,2.137
0.612720000955,2.137
0.612730000955,2.137
0.612740000955,2.137
0.612750000955,2.137
0.612760000955,2.137
0.612770000955,2.137
0.612780000955,2.137
0.612790000955,2.10575
0.612800000955,2.16825
0.612810000955,2.137
0.612820000955,2.137
0.612830000955,2.137
0.612840000955,2.137
0.612850000955,2.137
0.612860000955,2.16825
0.612870000955,2.137
0.612880000955,2.10575
0.612890000955,2.137
0.612900000955,2.137
0.612910000955,2.10575
0.612920000955,2.137
0.612930000955,2.137
0.612940000955,2.137
0.612950000955,2.137
0.612960000955,2.10575
0.612970000955,2.137
0.612980000955,2.137
0.612990000955,2.16825
0.613000000955,2.137
0.613010000955,2.137
0.613020000955,2.137
0.613030000955,2.137
0.613040000955,2.137
0.613050000955,2.137
0.613060000955,2.137
0.613070000955,2.16825
0.613080000955,2.10575
0.613090000955,2.16825
0.613100000955,2.137
0.613110000955,2.137
0.613120000955,2.137
0.613130000955,2.137
0.613140000955,2.137
0.613150000955,2.10575
0.613160000955,2.10575
0.613170000955,2.137
0.613180000955,2.16825
0.613190000955,2.16825
0.613200000955,2.16825
0.613210000955,2.16825
0.613220000955,2.137
0.613230000955,2.137
0.613240000955,2.16825
0.613250000955,2.137
0.613260000955,2.10575
0.613270000955,2.10575
0.613280000955,2.137
0.613290000955,2.10575
0.613300000955,2.137
0.613310000955,2.10575
0.613320000955,2.137
0.613330000955,2.16825
0.613340000955,2.137
0.613350000955,2.137
0.613360000955,2.16825
0.613370000955,2.137
0.613380000955,2.137
0.613390000955,2.10575
0.613400000955,2.137
0.613410000955,2.16825
0.613420000955,2.137
0.613430000955,2.16825
0.613440000955,2.137
0.613450000955,2.137
0.613460000955,2.137
0.613470000955,2.137
0.613480000955,2.137
0.613490000955,2.137
0.613500000955,2.10575
0.613510000955,2.137
0.613520000955,2.10575
0.613530000955,2.137
0.613540000955,2.137
0.613550000955,2.137
0.613560000955,2.137
0.613570000955,2.137
0.613580000955,2.137
0.613590000955,2.137
0.613600000955,2.137
0.613610000955,2.137
0.613620000955,2.137
0.613630000955,2.16825
0.613640000955,2.10575
0.613650000955,2.137
0.613660000955,2.137
0.613670000955,2.16825
0.613680000955,2.137
0.613690000955,2.10575
0.613700000955,2.16825
0.613710000955,2.16825
0.613720000955,2.137
0.613730000955,2.137
0.613740000955,2.10575
0.613750000955,2.10575
0.613760000955,2.16825
0.613770000955,2.137
0.613780000955,2.137
0.613790000955,2.137
0.613800000955,2.137
0.613810000955,2.137
0.613820000955,2.137
0.613830000955,2.16825
0.613840000955,2.137
0.613850000955,2.137
0.613860000955,2.137
0.613870000955,2.16825
0.613880000955,2.137
0.613890000955,2.137
0.613900000955,2.137
0.613910000955,2.137
0.613920000955,2.137
0.613930000955,2.137
0.613940000955,2.10575
0.613950000955,2.137
0.613960000955,2.137
0.613970000955,2.137
0.613980000955,2.137
0.613990000955,2.137
0.614000000955,2.16825
0.614010000955,2.10575
0.614020000955,2.137
0.614030000955,2.10575
0.614040000955,2.137
0.614050000955,2.16825
0.614060000955,2.137
0.614070000955,2.137
0.614080000955,2.16825
0.614090000955,2.137
0.614100000955,2.16825
0.614110000955,2.137
0.614120000955,2.16825
0.614130000955,2.16825
0.614140000955,2.137
0.614150000955,2.137
0.614160000955,2.137
0.614170000955,2.137
0.614180000955,2.137
0.614190000955,2.10575
0.614200000955,2.137
0.614210000955,2.16825
0.614220000955,2.137
0.614230000955,2.1995
0.614240000955,2.137
0.614250000955,2.137
0.614260000955,2.137
0.614270000955,2.16825
0.614280000955,2.16825
0.614290000955,2.137
0.614300000955,2.16825
0.614310000955,2.137
0.614320000955,2.137
0.614330000955,2.10575
0.614340000955,2.137
0.614350000955,2.137
0.614360000955,2.137
0.614370000955,2.137
0.614380000955,2.137
0.614390000955,2.137
0.614400000955,2.10575
0.614410000955,2.16825
0.614420000955,2.137
0.614430000955,2.137
0.614440000955,2.137
0.614450000955,2.137
0.614460000955,2.10575
0.614470000955,2.137
0.614480000955,2.16825
0.614490000955,2.10575
0.614500000955,2.137
0.614510000955,2.137
0.614520000955,2.137
0.614530000955,2.137
0.614540000955,2.137
0.614550000955,2.137
0.614560000955,2.137
0.614570000955,2.137
0.614580000955,2.137
0.614590000955,2.16825
0.614600000955,2.137
0.614610000955,2.16825
0.614620000955,2.10575
0.614630000955,2.137
0.614640000955,2.137
0.614650000955,2.137
0.614660000955,2.10575
0.614670000955,2.137
0.614680000955,2.10575
0.614690000955,2.137
0.614700000955,2.16825
0.614710000955,2.137
0.614720000955,2.137
0.614730000955,2.16825
0.614740000955,2.137
0.614750000955,2.137
0.614760000955,2.137
0.614770000955,2.137
0.614780000955,2.16825
0.614790000955,2.137
0.614800000955,2.137
0.614810000955,2.10575
0.614820000955,2.10575
0.614830000955,2.137
0.614840000955,2.137
0.614850000955,2.137
0.614860000955,2.137
0.614870000955,2.137
0.614880000955,2.16825
0.614890000955,2.137
0.614900000955,2.137
0.614910000955,2.137
0.614920000955,2.137
0.614930000955,2.137
0.614940000955,2.16825
0.614950000955,2.137
0.614960000955,2.137
0.614970000955,2.16825
0.614980000955,2.10575
0.614990000955,2.137
0.615000000955,2.137
0.615010000955,2.1995
0.615020000955,2.137
0.615030000955,2.137
0.615040000955,2.137
0.615050000955,2.137
0.615060000955,2.137
0.615070000955,2.137
0.615080000955,2.137
0.615090000955,2.137
0.615100000955,2.16825
0.615110000955,2.137
0.615120000955,2.137
0.615130000955,2.137
0.615140000955,2.137
0.615150000955,2.137
0.615160000955,2.0745
0.615170000955,2.16825
0.615180000955,2.10575
0.615190000955,2.137
0.615200000955,2.16825
0.615210000955,2.10575
0.615220000955,2.137
0.615230000955,2.16825
0.615240000955,2.137
0.615250000955,2.137
0.615260000955,2.137
0.615270000955,2.137
0.615280000955,2.137
0.615290000955,2.137
0.615300000955,2.137
0.615310000955,2.137
0.615320000955,2.10575
0.615330000955,2.137
0.615340000955,2.137
0.615350000955,2.16825
0.615360000955,2.137
0.615370000955,2.16825
0.615380000955,2.137
0.615390000955,2.16825
0.615400000955,2.137
0.615410000955,2.137
0.615420000955,2.10575
0.615430000955,2.137
0.615440000955,2.16825
0.615450000955,2.137
0.615460000955,2.10575
0.615470000955,2.137
0.615480000955,2.16825
0.615490000955,2.10575
0.615500000955,2.137
0.615510000955,2.137
0.615520000955,2.137
0.615530000955,2.137
0.615540000955,2.137
0.615550000955,2.137
0.615560000955,2.137
0.615570000955,2.16825
0.615580000955,2.10575
0.615590000955,2.137
0.615600000955,2.137
0.615610000955,2.16825
0.615620000955,2.137
0.615630000955,2.137
0.615640000955,2.137
0.615650000955,2.16825
0.615660000955,2.137
0.615670000955,2.137
0.615680000955,2.137
0.615690000955,2.137
0.615700000955,2.137
0.615710000955,2.137
0.615720000955,2.16825
0.615730000955,2.16825
0.615740000955,2.137
0.615750000955,2.137
0.615760000955,2.10575
0.615770000955,2.16825
0.615780000955,2.16825
0.615790000955,2.137
0.615800000955,2.16825
0.615810000955,2.16825
0.615820000955,2.10575
0.615830000955,2.137
0.615840000955,2.16825
0.615850000955,2.16825
0.615860000955,2.137
0.615870000955,2.137
0.615880000955,2.16825
0.615890000955,2.137
0.615900000955,2.10575
0.615910000955,2.137
0.615920000955,2.10575
0.615930000955,2.16825
0.615940000955,2.10575
0.615950000955,2.16825
0.615960000955,2.16825
0.615970000955,2.137
0.615980000955,2.16825
0.615990000955,2.10575
0.616000000955,2.16825
0.616010000955,2.137
0.616020000955,2.16825
0.616030000955,2.137
0.616040000955,2.16825
0.616050000955,2.16825
0.616060000955,2.16825
0.616070000955,2.137
0.616080000955,2.10575
0.616090000955,2.137
0.616100000955,2.137
0.616110000955,2.137
0.616120000955,2.137
0.616130000955,2.137
0.616140000955,2.137
0.616150000955,2.10575
0.616160000955,2.16825
0.616170000955,2.137
0.616180000955,2.137
0.616190000955,2.137
0.616200000955,2.137
0.616210000955,2.137
0.616220000955,2.16825
0.616230000955,2.16825
0.616240000955,2.10575
0.616250000955,2.137
0.616260000955,2.16825
0.616270000955,2.137
0.616280000955,2.10575
0.616290000955,2.137
0.616300000955,2.137
0.616310000955,2.10575
0.616320000955,2.137
0.616330000955,2.10575
0.616340000955,2.16825
0.616350000955,2.137
0.616360000955,2.137
0.616370000955,2.10575
0.616380000955,2.137
0.616390000955,2.10575
0.616400000955,2.137
0.616410000955,2.16825
0.616420000955,2.16825
0.616430000955,2.137
0.616440000955,2.137
0.616450000955,2.10575
0.616460000955,2.137
0.616470000955,2.137
0.616480000955,2.16825
0.616490000955,2.16825
0.616500000955,2.137
0.616510000955,2.137
0.616520000955,2.137
0.616530000955,2.10575
0.616540000955,2.16825
0.616550000955,2.137
0.616560000955,2.137
0.616570000955,2.137
0.616580000955,2.137
0.616590000955,2.10575
0.616600000955,2.16825
0.616610000955,2.16825
0.616620000955,2.137
0.616630000955,2.137
0.616640000955,2.16825
0.616650000955,2.137
0.616660000955,2.137
0.616670000955,2.137
0.616680000955,2.16825
0.616690000955,2.137
0.616700000955,2.16825
0.616710000955,2.137
0.616720000955,2.137
0.616730000955,2.137
0.616740000955,2.16825
0.616750000955,2.16825
0.616760000955,2.137
0.616770000955,2.16825
0.616780000955,2.137
0.616790000955,2.137
0.616800000955,2.10575
0.616810000955,2.137
0.616820000955,2.137
0.616830000955,2.137
0.616840000955,2.137
0.616850000955,2.10575
0.616860000955,2.137
0.616870000955,2.10575
0.616880000955,2.10575
0.616890000955,2.137
0.616900000955,2.137
0.616910000955,2.16825
0.616920000955,2.16825
0.616930000955,2.10575
0.616940000955,2.16825
0.616950000955,2.137
0.616960000955,2.137
0.616970000955,2.16825
0.616980000955,2.16825
0.616990000955,2.137
0.617000000955,2.137
0.617010000955,2.137
0.617020000955,2.16825
0.617030000955,2.137
0.617040000955,2.137
0.617050000955,2.137
0.617060000955,2.137
0.617070000955,2.16825
0.617080000955,2.137
0.617090000955,2.137
0.617100000955,2.137
0.617110000955,2.10575
0.617120000955,2.16825
0.617130000955,2.16825
0.617140000955,2.137
0.617150000955,2.137
0.617160000955,2.137
0.617170000955,2.16825
0.617180000955,2.137
0.617190000955,2.137
0.617200000955,2.137
0.617210000955,2.137
0.617220000955,2.16825
0.617230000955,2.137
0.617240000955,2.137
0.617250000955,2.137
0.617260000955,2.10575
0.617270000955,2.137
0.617280000955,2.137
0.617290000955,2.137
0.617300000955,2.10575
0.617310000955,2.137
0.617320000955,2.1995
0.617330000955,2.10575
0.617340000955,2.137
0.617350000955,2.137
0.617360000955,2.16825
0.617370000955,2.137
0.617380000955,2.10575
0.617390000955,2.137
0.617400000955,2.16825
0.617410000955,2.137
0.617420000955,2.137
0.617430000955,2.16825
0.617440000955,2.16825
0.617450000955,2.137
0.617460000955,2.137
0.617470000955,2.137
0.617480000955,2.16825
0.617490000955,2.16825
0.617500000955,2.137
0.617510000955,2.137
0.617520000955,2.137
0.617530000955,2.16825
0.617540000955,2.10575
0.617550000955,2.16825
0.617560000955,2.16825
0.617570000955,2.137
0.617580000955,2.16825
0.617590000955,2.137
0.617600000955,2.16825
0.617610000955,2.137
0.617620000955,2.16825
0.617630000955,2.137
0.617640000955,2.10575
0.617650000955,2.137
0.617660000955,2.137
0.617670000955,2.10575
0.617680000955,2.137
0.617690000955,2.16825
0.617700000955,2.10575
0.617710000955,2.16825
0.617720000955,2.137
0.617730000955,2.137
0.617740000955,2.137
0.617750000955,2.16825
0.617760000955,2.16825
0.617770000955,2.137
0.617780000955,2.137
0.617790000955,2.137
0.617800000955,2.137
0.617810000955,2.137
0.617820000955,2.16825
0.617830000955,2.16825
0.617840000955,2.10575
0.617850000955,2.137
0.617860000955,2.137
0.617870000955,2.137
0.617880000955,2.137
0.617890000955,2.137
0.617900000955,2.137
0.617910000955,2.137
0.617920000955,2.16825
0.617930000955,2.16825
0.617940000955,2.137
0.617950000955,2.10575
0.617960000955,2.16825
0.617970000955,2.137
0.617980000955,2.137
0.617990000955,2.137
0.618000000955,2.137
0.618010000955,2.137
0.618020000955,2.137
0.618030000955,2.137
0.618040000955,2.137
0.618050000955,2.137
0.618060000955,2.137
0.618070000955,2.137
0.618080000955,2.137
0.618090000955,2.137
0.618100000955,2.16825
0.618110000955,2.137
0.618120000955,2.10575
0.618130000955,2.137
0.618140000955,2.16825
0.618150000955,2.10575
0.618160000955,2.1995
0.618170000955,2.16825
0.618180000955,2.10575
0.618190000955,2.137
0.618200000955,2.16825
0.618210000955,2.16825
0.618220000955,2.137
0.618230000955,2.16825
0.618240000955,2.16825
0.618250000955,2.137
0.618260000955,2.16825
0.618270000955,2.16825
0.618280000955,2.137
0.618290000955,2.10575
0.618300000955,2.137
0.618310000955,2.16825
0.618320000955,2.137
0.618330000955,2.16825
0.618340000955,2.137
0.618350000955,2.16825
0.618360000955,2.137
0.618370000955,2.137
0.618380000955,2.16825
0.618390000955,2.137
0.618400000955,2.137
0.618410000955,2.137
0.618420000955,2.137
0.618430000955,2.16825
0.618440000955,2.10575
0.618450000955,2.137
0.618460000955,2.137
0.618470000955,2.16825
0.618480000955,2.137
0.618490000955,2.137
0.618500000955,2.137
0.618510000955,2.137
0.618520000955,2.137
0.618530000955,2.10575
0.618540000955,2.137
0.618550000955,2.137
0.618560000955,2.137
0.618570000955,2.137
0.618580000955,2.137
0.618590000955,2.137
0.618600000955,2.16825
0.618610000955,2.16825
0.618620000955,2.137
0.618630000955,2.137
0.618640000955,2.137
0.618650000955,2.137
0.618660000955,2.137
0.618670000955,2.137
0.618680000955,2.137
0.618690000955,2.16825
0.618700000955,2.137
0.618710000955,2.16825
0.618720000955,2.137
0.618730000955,2.137
0.618740000955,2.137
0.618750000955,2.137
0.618760000955,2.137
0.618770000955,2.137
0.618780000955,2.137
0.618790000955,2.137
0.618800000955,2.137
0.618810000955,2.137
0.618820000955,2.16825
0.618830000955,2.16825
0.618840000955,2.16825
0.618850000955,2.16825
0.618860000955,2.10575
0.618870000955,2.137
0.618880000955,2.10575
0.618890000955,2.137
0.618900000955,2.137
0.618910000955,2.137
0.618920000955,2.16825
0.618930000955,2.137
0.618940000955,2.137
0.618950000955,2.16825
0.618960000955,2.16825
0.618970000955,2.137
0.618980000955,2.10575
0.618990000955,2.137
0.619000000955,2.16825
0.619010000955,2.16825
0.619020000955,2.137
0.619030000955,2.16825
0.619040000955,2.137
0.619050000955,2.137
0.619060000955,2.137
0.619070000955,2.10575
0.619080000955,2.137
0.619090000955,2.16825
0.619100000955,2.16825
0.619110000955,2.137
0.619120000955,2.16825
0.619130000955,2.137
0.619140000955,2.137
0.619150000955,2.16825
0.619160000955,2.137
0.619170000955,2.16825
0.619180000955,2.16825
0.619190000955,2.137
0.619200000955,2.137
0.619210000955,2.16825
0.619220000955,2.137
0.619230000955,2.10575
0.619240000955,2.137
0.619250000955,2.137
0.619260000955,2.10575
0.619270000955,2.16825
0.619280000955,2.10575
0.619290000955,2.137
0.619300000955,2.16825
0.619310000955,2.137
0.619320000955,2.16825
0.619330000955,2.137
0.619340000955,2.137
0.619350000955,2.137
0.619360000955,2.1995
0.619370000955,2.16825
0.619380000955,2.137
0.619390000955,2.10575
0.619400000955,2.16825
0.619410000955,2.16825
0.619420000955,2.16825
0.619430000955,2.137
0.619440000955,2.137
0.619450000955,2.137
0.619460000955,2.137
0.619470000955,2.16825
0.619480000955,2.137
0.619490000955,2.137
0.619500000955,2.10575
0.619510000955,2.137
0.619520000955,2.137
0.619530000955,2.16825
0.619540000955,2.16825
0.619550000955,2.10575
0.619560000955,2.137
0.619570000955,2.16825
0.619580000955,2.137
0.619590000955,2.16825
0.619600000955,2.1995
0.619610000955,2.137
0.619620000955,2.16825
0.619630000955,2.137
0.619640000955,2.1995
0.619650000955,2.16825
0.619660000955,2.16825
0.619670000955,2.16825
0.619680000955,2.137
0.619690000955,2.137
0.619700000955,2.16825
0.619710000955,2.10575
0.619720000955,2.137
0.619730000955,2.16825
0.619740000955,2.137
0.619750000955,2.137
0.619760000955,2.137
0.619770000955,2.137
0.619780000955,2.16825
0.619790000955,2.137
0.619800000955,2.16825
0.619810000955,2.137
0.619820000955,2.1995
0.619830000955,2.137
0.619840000955,2.137
0.619850000955,2.137
0.619860000955,2.137
0.619870000955,2.137
0.619880000955,2.16825
0.619890000955,2.16825
0.619900000955,2.137
0.619910000955,2.16825
0.619920000955,2.137
0.619930000955,2.137
0.619940000955,2.137
0.619950000955,2.16825
0.619960000955,2.137
0.619970000955,2.16825
0.619980000955,2.10575
0.619990000955,2.137
0.620000000955,2.16825
0.620010000955,2.16825
0.620020000955,2.137
0.620030000955,2.137
0.620040000955,2.16825
0.620050000955,2.10575
0.620060000955,2.137
0.620070000955,2.137
0.620080000955,2.16825
0.620090000955,2.137
0.620100000955,2.137
0.620110000955,2.137
0.620120000955,2.16825
0.620130000955,2.16825
0.620140000955,2.137
0.620150000955,2.137
0.620160000955,2.137
0.620170000955,2.16825
0.620180000955,2.16825
0.620190000955,2.16825
0.620200000955,2.16825
0.620210000955,2.10575
0.620220000955,2.10575
0.620230000955,2.137
0.620240000955,2.137
0.620250000955,2.137
0.620260000955,2.137
0.620270000955,2.16825
0.620280000955,2.10575
0.620290000955,2.137
0.620300000955,2.137
0.620310000955,2.137
0.620320000955,2.137
0.620330000955,2.137
0.620340000955,2.16825
0.620350000955,2.137
0.620360000955,2.137
0.620370000955,2.137
0.620380000955,2.137
0.620390000955,2.137
0.620400000955,2.137
0.620410000955,2.137
0.620420000955,2.137
0.620430000955,2.137
0.620440000955,2.137
0.620450000955,2.137
0.620460000955,2.137
0.620470000955,2.137
0.620480000955,2.137
0.620490000955,2.137
0.620500000955,2.137
0.620510000955,2.16825
0.620520000955,2.137
0.620530000955,2.10575
0.620540000955,2.137
0.620550000955,2.137
0.620560000955,2.10575
0.620570000955,2.16825
0.620580000955,2.16825
0.620590000955,2.10575
0.620600000955,2.137
0.620610000955,2.137
0.620620000955,2.16825
0.620630000955,2.10575
0.620640000955,2.137
0.620650000955,2.16825
0.620660000955,2.137
0.620670000955,2.137
0.620680000955,2.16825
0.620690000955,2.137
0.620700000955,2.137
0.620710000955,2.16825
0.620720000955,2.16825
0.620730000955,2.16825
0.620740000955,2.137
0.620750000955,2.16825
0.620760000955,2.16825
0.620770000955,2.16825
0.620780000955,2.16825
0.620790000955,2.137
0.620800000955,2.137
0.620810000955,2.16825
0.620820000955,2.137
0.620830000955,2.137
0.620840000955,2.137
0.620850000955,2.16825
0.620860000955,2.137
0.620870000955,2.16825
0.620880000955,2.137
0.620890000955,2.137
0.620900000955,2.137
0.620910000955,2.16825
0.620920000955,2.137
0.620930000955,2.137
0.620940000955,2.16825
0.620950000955,2.16825
0.620960000955,2.16825
0.620970000955,2.137
0.620980000955,2.137
0.620990000955,2.137
0.621000000955,2.137
0.621010000955,2.16825
0.621020000955,2.10575
0.621030000955,2.137
0.621040000955,2.1995
0.621050000955,2.137
0.621060000955,2.16825
0.621070000955,2.137
0.621080000955,2.10575
0.621090000955,2.1995
0.621100000955,2.16825
0.621110000955,2.137
0.621120000955,2.16825
0.621130000955,2.10575
0.621140000955,2.16825
0.621150000955,2.137
0.621160000955,2.137
0.621170000955,2.16825
0.621180000955,2.137
0.621190000955,2.137
0.621200000955,2.137
0.621210000955,2.16825
0.621220000955,2.137
0.621230000955,2.137
0.621240000955,2.137
0.621250000955,2.137
0.621260000955,2.137
0.621270000955,2.16825
0.621280000955,2.16825
0.621290000955,2.137
0.621300000955,2.16825
0.621310000955,2.137
0.621320000955,2.137
0.621330000955,2.137
0.621340000955,2.137
0.621350000955,2.137
0.621360000955,2.16825
0.621370000955,2.16825
0.621380000955,2.137
0.621390000955,2.137
0.621400000955,2.137
0.621410000955,2.16825
0.621420000955,2.10575
0.621430000955,2.10575
0.621440000955,2.137
0.621450000955,2.137
0.621460000955,2.16825
0.621470000955,2.16825
0.621480000955,2.137
0.621490000955,2.16825
0.621500000955,2.137
0.621510000955,2.137
0.621520000955,2.16825
0.621530000955,2.16825
0.621540000955,2.137
0.621550000955,2.137
0.621560000955,2.16825
0.621570000955,2.137
0.621580000955,2.16825
0.621590000955,2.16825
0.621600000955,2.16825
0.621610000955,2.16825
0.621620000955,2.137
0.621630000955,2.10575
0.621640000955,2.16825
0.621650000955,2.137
0.621660000955,2.16825
0.621670000955,2.137
0.621680000955,2.137
0.621690000955,2.137
0.621700000955,2.16825
0.621710000955,2.137
0.621720000955,2.137
0.621730000955,2.10575
0.621740000955,2.137
0.621750000955,2.16825
0.621760000955,2.137
0.621770000955,2.137
0.621780000955,2.137
0.621790000955,2.137
0.621800000955,2.137
0.621810000955,2.16825
0.621820000955,2.137
0.621830000955,2.10575
0.621840000955,2.16825
0.621850000955,2.10575
0.621860000955,2.137
0.621870000955,2.10575
0.621880000955,2.16825
0.621890000955,2.137
0.621900000955,2.137
0.621910000955,2.16825
0.621920000955,2.137
0.621930000955,2.10575
0.621940000955,2.137
0.621950000955,2.10575
0.621960000955,2.137
0.621970000955,2.137
0.621980000955,2.137
0.621990000955,2.137
0.622000000955,2.137
0.622010000955,2.137
0.622020000955,2.137
0.622030000955,2.137
0.622040000955,2.137
0.622050000955,2.16825
0.622060000955,2.16825
0.622070000955,2.137
0.622080000955,2.137
0.622090000955,2.16825
0.622100000955,2.16825
0.622110000955,2.137
0.622120000955,2.137
0.622130000955,2.137
0.622140000955,2.10575
0.622150000955,2.16825
0.622160000955,2.137
0.622170000955,2.16825
0.622180000955,2.16825
0.622190000955,2.16825
0.622200000955,2.16825
0.622210000955,2.137
0.622220000955,2.10575
0.622230000955,2.137
0.622240000955,2.137
0.622250000955,2.16825
0.622260000955,2.16825
0.622270000955,2.137
0.622280000955,2.10575
0.622290000955,2.16825
0.622300000955,2.137
0.622310000955,2.137
0.622320000955,2.16825
0.622330000955,2.137
0.622340000955,2.16825
0.622350000955,2.16825
0.622360000955,2.16825
0.622370000955,2.137
0.622380000955,2.137
0.622390000955,2.137
0.622400000955,2.137
0.622410000955,2.16825
0.622420000955,2.16825
0.622430000955,2.137
0.622440000955,2.137
0.622450000955,2.16825
0.622460000955,2.137
0.622470000955,2.16825
0.622480000955,2.137
0.622490000955,2.137
0.622500000955,2.10575
0.622510000955,2.16825
0.622520000955,2.137
0.622530000955,2.137
0.622540000955,2.16825
0.622550000955,2.16825
0.622560000955,2.137
0.622570000955,2.10575
0.622580000955,2.137
0.622590000955,2.137
0.622600000955,2.137
0.622610000955,2.10575
0.622620000955,2.16825
0.622630000955,2.16825
0.622640000955,2.137
0.622650000955,2.137
0.622660000955,2.137
0.622670000955,2.137
0.622680000955,2.137
0.622690000955,2.137
0.622700000955,2.137
0.622710000955,2.137
0.622720000955,2.137
0.622730000955,2.1995
0.622740000955,2.137
0.622750000955,2.137
0.622760000955,2.137
0.622770000955,2.16825
0.622780000955,2.10575
0.622790000955,2.16825
0.622800000955,2.137
0.622810000955,2.10575
0.622820000955,2.16825
0.622830000955,2.16825
0.622840000955,2.137
0.622850000955,2.137
0.622860000955,2.137
0.622870000955,2.10575
0.622880000955,2.137
0.622890000955,2.137
0.622900000955,2.137
0.622910000955,2.16825
0.622920000955,2.10575
0.622930000955,2.16825
0.622940000955,2.137
0.622950000955,2.16825
0.622960000955,2.137
0.622970000955,2.16825
0.622980000955,2.16825
0.622990000955,2.137
0.623000000955,2.137
0.623010000955,2.16825
0.623020000955,2.137
0.623030000955,2.137
0.623040000955,2.137
0.623050000955,2.137
0.623060000955,2.10575
0.623070000955,2.137
0.623080000955,2.10575
0.623090000955,2.16825
0.623100000955,2.137
0.623110000955,2.16825
0.623120000955,2.137
0.623130000955,2.137
0.623140000955,2.16825
0.623150000955,2.137
0.623160000955,2.137
0.623170000955,2.137
0.623180000955,2.137
0.623190000955,2.137
0.623200000955,2.137
0.623210000955,2.137
0.623220000955,2.137
0.623230000955,2.16825
0.623240000955,2.137
0.623250000955,2.137
0.623260000955,2.137
0.623270000955,2.16825
0.623280000955,2.16825
0.623290000955,2.137
0.623300000955,2.10575
0.623310000955,2.16825
0.623320000955,2.16825
0.623330000955,2.10575
0.623340000955,2.137
0.623350000955,2.137
0.623360000955,2.137
0.623370000955,2.10575
0.623380000955,2.1995
0.623390000955,2.16825
0.623400000955,2.137
0.623410000955,2.16825
0.623420000955,2.137
0.623430000955,2.16825
0.623440000955,2.137
0.623450000955,2.137
0.623460000955,2.137
0.623470000955,2.16825
0.623480000955,2.137
0.623490000955,2.16825
0.623500000955,2.10575
0.623510000955,2.10575
0.623520000955,2.137
0.623530000955,2.137
0.623540000955,2.137
0.623550000955,2.137
0.623560000955,2.16825
0.623570000955,2.137
0.623580000955,2.16825
0.623590000955,2.137
0.623600000955,2.137
0.623610000955,2.137
0.623620000955,2.137
0.623630000955,2.16825
0.623640000955,2.10575
0.623650000955,2.137
0.623660000955,2.137
0.623670000955,2.137
0.623680000955,2.10575
0.623690000955,2.16825
0.623700000955,2.137
0.623710000955,2.16825
0.623720000955,2.137
0.623730000955,2.16825
0.623740000955,2.137
0.623750000955,2.10575
0.623760000955,2.16825
0.623770000955,2.16825
0.623780000955,2.16825
0.623790000955,2.16825
0.623800000955,2.16825
0.623810000955,2.10575
0.623820000955,2.137
0.623830000955,2.137
0.623840000955,2.137
0.623850000955,2.137
0.623860000955,2.137
0.623870000955,2.16825
0.623880000955,2.137
0.623890000955,2.137
0.623900000955,2.1995
0.623910000955,2.137
0.623920000955,2.137
0.623930000955,2.137
0.623940000955,2.16825
0.623950000955,2.16825
0.623960000955,2.137
0.623970000955,2.137
0.623980000955,2.16825
0.623990000955,2.16825
0.624000000955,2.16825
0.624010000955,2.10575
0.624020000955,2.137
0.624030000955,2.137
0.624040000955,2.137
0.624050000955,2.1995
0.624060000955,2.137
0.624070000955,2.137
0.624080000955,2.16825
0.624090000955,2.16825
0.624100000955,2.137
0.624110000955,2.10575
0.624120000955,2.16825
0.624130000955,2.137
0.624140000955,2.137
0.624150000955,2.10575
0.624160000955,2.16825
0.624170000955,2.137
0.624180000955,2.137
0.624190000955,2.137
0.624200000955,2.137
0.624210000955,2.16825
0.624220000955,2.10575
0.624230000955,2.16825
0.624240000955,2.10575
0.624250000955,2.137
0.624260000955,2.137
0.624270000955,2.137
0.624280000955,2.137
0.624290000955,2.137
0.624300000955,2.137
0.624310000955,2.137
0.624320000955,2.137
0.624330000955,2.16825
0.624340000955,2.16825
0.624350000955,2.137
0.624360000955,2.137
0.624370000955,2.137
0.624380000955,2.16825
0.624390000955,2.16825
0.624400000955,2.10575
0.624410000955,2.16825
0.624420000955,2.16825
0.624430000955,2.16825
0.624440000955,2.137
0.624450000955,2.16825
0.624460000955,2.137
0.624470000955,2.137
0.624480000955,2.137
0.624490000955,2.16825
0.624500000955,2.10575
0.624510000955,2.16825
0.624520000955,2.137
0.624530000955,2.137
0.624540000955,2.137
0.624550000955,2.16825
0.624560000955,2.137
0.624570000955,2.137
0.624580000955,2.16825
0.624590000955,2.137
0.624600000955,2.137
0.624610000955,2.10575
0.624620000955,2.137
0.624630000955,2.137
0.624640000955,2.10575
0.624650000955,2.10575
0.624660000955,2.137
0.624670000955,2.16825
0.624680000955,2.10575
0.624690000955,2.1995
0.624700000955,2.16825
0.624710000955,2.137
0.624720000955,2.137
0.624730000955,2.16825
0.624740000955,2.16825
0.624750000955,2.16825
0.624760000955,2.16825
0.624770000955,2.137
0.624780000955,2.137
0.624790000955,2.137
0.624800000955,2.137
0.624810000955,2.137
0.624820000955,2.137
0.624830000955,2.16825
0.624840000955,2.16825
0.624850000955,2.137
0.624860000955,2.137
0.624870000955,2.16825
0.624880000955,2.137
0.624890000955,2.10575
0.624900000955,2.16825
0.624910000955,2.137
0.624920000955,2.137
0.624930000955,2.137
0.624940000955,2.137
0.624950000955,2.137
0.624960000955,2.16825
0.624970000955,2.137
0.624980000955,2.16825
0.624990000955,2.16825
0.625000000955,2.137
0.625010000955,2.137
0.625020000955,2.137
0.625030000955,2.137
0.625040000955,2.16825
0.625050000955,2.16825
0.625060000955,2.137
0.625070000955,2.137
0.625080000955,2.137
0.625090000955,2.16825
0.625100000955,2.10575
0.625110000955,2.137
0.625120000955,2.16825
0.625130000955,2.137
0.625140000955,2.137
0.625150000955,2.10575
0.625160000955,2.16825
0.625170000955,2.137
0.625180000955,2.137
0.625190000955,2.16825
0.625200000955,2.137
0.625210000955,2.137
0.625220000955,2.137
0.625230000955,2.10575
0.625240000955,2.137
0.625250000955,2.137
0.625260000955,2.10575
0.625270000955,2.137
0.625280000955,2.10575
0.625290000955,2.137
0.625300000955,2.137
0.625310000955,2.137
0.625320000955,2.16825
0.625330000955,2.137
0.625340000955,2.137
0.625350000955,2.10575
0.625360000955,2.137
0.625370000955,2.137
0.625380000955,2.137
0.625390000955,2.16825
0.625400000955,2.137
0.625410000955,2.10575
0.625420000955,2.137
0.625430000955,2.137
0.625440000955,2.137
0.625450000955,2.137
0.625460000955,2.137
0.625470000955,2.137
0.625480000955,2.137
0.625490000955,2.16825
0.625500000955,2.137
0.625510000955,2.137
0.625520000955,2.16825
0.625530000955,2.137
0.625540000955,2.10575
0.625550000955,2.137
0.625560000955,2.137
0.625570000955,2.137
0.625580000955,2.16825
0.625590000955,2.137
0.625600000955,2.137
0.625610000955,2.10575
0.625620000955,2.137
0.625630000955,2.137
0.625640000955,2.137
0.625650000955,2.16825
0.625660000955,2.137
0.625670000955,2.137
0.625680000955,2.137
0.625690000955,2.137
0.625700000955,2.137
0.625710000955,2.137
0.625720000955,2.137
0.625730000955,2.137
0.625740000955,2.10575
0.625750000955,2.137
0.625760000955,2.137
0.625770000955,2.137
0.625780000955,2.137
0.625790000955,2.16825
0.625800000955,2.137
0.625810000955,2.16825
0.625820000955,2.137
0.625830000955,2.137
0.625840000955,2.16825
0.625850000955,2.137
0.625860000955,2.137
0.625870000955,2.137
0.625880000955,2.137
0.625890000955,2.137
0.625900000955,2.10575
0.625910000955,2.137
0.625920000955,2.137
0.625930000955,2.10575
0.625940000955,2.1995
0.625950000955,2.16825
0.625960000955,2.137
0.625970000955,2.10575
0.625980000955,2.137
0.625990000955,2.137
0.626000000955,2.137
0.626010000955,2.137
0.626020000955,2.16825
0.626030000955,2.137
0.626040000955,2.10575
0.626050000955,2.137
0.626060000955,2.10575
0.626070000955,2.137
0.626080000955,2.10575
0.626090000955,2.1995
0.626100000955,2.137
0.626110000955,2.137
0.626120000955,2.137
0.626130000955,2.16825
0.626140000955,2.137
0.626150000955,2.16825
0.626160000955,2.16825
0.626170000955,2.137
0.626180000955,2.10575
0.626190000955,2.137
0.626200000955,2.10575
0.626210000955,2.137
0.626220000955,2.16825
0.626230000955,2.137
0.626240000955,2.137
0.626250000955,2.137
0.626260000955,2.137
0.626270000955,2.10575
0.626280000955,2.137
0.626290000955,2.16825
0.626300000955,2.137
0.626310000955,2.137
0.626320000955,2.137
0.626330000955,2.16825
0.626340000955,2.137
0.626350000955,2.137
0.626360000955,2.16825
0.626370000955,2.137
0.626380000955,2.137
0.626390000955,2.137
0.626400000955,2.137
0.626410000955,2.10575
0.626420000955,2.16825
0.626430000955,2.137
0.626440000955,2.10575
0.626450000955,2.137
0.626460000955,2.137
0.626470000955,2.137
0.626480000955,2.10575
0.626490000955,2.10575
0.626500000955,2.137
0.626510000955,2.137
0.626520000955,2.10575
0.626530000955,2.137
0.626540000955,2.16825
0.626550000955,2.16825
0.626560000955,2.137
0.626570000955,2.137
0.626580000955,2.137
0.626590000955,2.10575
0.626600000955,2.16825
0.626610000955,2.137
0.626620000955,2.10575
0.626630000955,2.10575
0.626640000955,2.16825
0.626650000955,2.137
0.626660000955,2.137
0.626670000955,2.10575
0.626680000955,2.10575
0.626690000955,2.10575
0.626700000955,2.10575
0.626710000955,2.10575
0.626720000955,2.137
0.626730000955,2.10575
0.626740000955,2.137
0.626750000955,2.10575
0.626760000955,2.137
0.626770000955,2.10575
0.626780000955,2.16825
0.626790000955,2.16825
0.626800000955,2.10575
0.626810000955,2.16825
0.626820000955,2.137
0.626830000955,2.16825
0.626840000955,2.137
0.626850000955,2.10575
0.626860000955,2.10575
0.626870000955,2.137
0.626880000955,2.137
0.626890000955,2.0745
0.626900000955,2.10575
0.626910000955,2.16825
0.626920000955,2.137
0.626930000955,2.137
0.626940000955,2.137
0.626950000955,2.16825
0.626960000955,2.137
0.626970000955,2.137
0.626980000955,2.137
0.626990000955,2.137
0.627000000955,2.16825
0.627010000955,2.16825
0.627020000955,2.137
0.627030000955,2.10575
0.627040000955,2.137
0.627050000955,2.137
0.627060000955,2.137
0.627070000955,2.10575
0.627080000955,2.137
0.627090000955,2.137
0.627100000955,2.16825
0.627110000955,2.10575
0.627120000955,2.16825
0.627130000955,2.137
0.627140000955,2.137
0.627150000955,2.137
0.627160000955,2.16825
0.627170000955,2.10575
0.627180000955,2.10575
0.627190000955,2.10575
0.627200000955,2.10575
0.627210000955,2.10575
0.627220000955,2.137
0.627230000955,2.10575
0.627240000955,2.137
0.627250000955,2.10575
0.627260000955,2.137
0.627270000955,2.16825
0.627280000955,2.137
0.627290000955,2.137
0.627300000955,2.10575
0.627310000955,2.10575
0.627320000955,2.16825
0.627330000955,2.137
0.627340000955,2.10575
0.627350000955,2.137
0.627360000955,2.10575
0.627370000955,2.137
0.627380000955,2.137
0.627390000955,2.137
0.627400000955,2.10575
0.627410000955,2.137
0.627420000955,2.137
0.627430000955,2.137
0.627440000955,2.137
0.627450000955,2.10575
0.627460000955,2.10575
0.627470000955,2.137
0.627480000955,2.137
0.627490000955,2.10575
0.627500000955,2.137
0.627510000955,2.10575
0.627520000955,2.137
0.627530000955,2.10575
0.627540000955,2.137
0.627550000955,2.10575
0.627560000955,2.10575
0.627570000955,2.137
0.627580000955,2.137
0.627590000955,2.137
0.627600000955,2.10575
0.627610000955,2.137
0.627620000955,2.137
0.627630000955,2.10575
0.627640000955,2.137
0.627650000955,2.137
0.627660000955,2.137
0.627670000955,2.10575
0.627680000955,2.137
0.627690000955,2.10575
0.627700000955,2.137
0.627710000955,2.137
0.627720000955,2.137
0.627730000955,2.137
0.627740000955,2.137
0.627750000955,2.10575
0.627760000955,2.10575
0.627770000955,2.10575
0.627780000955,2.16825
0.627790000955,2.137
0.627800000955,2.137
0.627810000955,2.137
0.627820000955,2.10575
0.627830000955,2.137
0.627840000955,2.137
0.627850000955,2.137
0.627860000955,2.16825
0.627870000955,2.137
0.627880000955,2.137
0.627890000955,2.137
0.627900000955,2.137
0.627910000955,2.10575
0.627920000955,2.10575
0.627930000955,2.137
0.627940000955,2.137
0.627950000955,2.137
0.627960000955,2.137
0.627970000955,2.137
0.627980000955,2.137
0.627990000955,2.137
0.628000000955,2.16825
0.628010000955,2.137
0.628020000955,2.137
0.628030000955,2.10575
0.628040000955,2.137
0.628050000955,2.137
0.628060000955,2.16825
0.628070000955,2.137
0.628080000955,2.137
0.628090000955,2.137
0.628100000955,2.137
0.628110000955,2.10575
0.628120000955,2.137
0.628130000955,2.137
0.628140000955,2.137
0.628150000955,2.16825
0.628160000955,2.137
0.628170000955,2.137
0.628180000955,2.10575
0.628190000955,2.10575
0.628200000955,2.137
0.628210000955,2.10575
0.628220000955,2.0745
0.628230000955,2.10575
0.628240000955,2.137
0.628250000955,2.16825
0.628260000955,2.10575
0.628270000955,2.10575
0.628280000955,2.10575
0.628290000955,2.137
0.628300000955,2.10575
0.628310000955,2.137
0.628320000955,2.137
0.628330000955,2.137
0.628340000955,2.10575
0.628350000955,2.137
0.628360000955,2.137
0.628370000955,2.10575
0.628380000955,2.137
0.628390000955,2.10575
0.628400000955,2.10575
0.628410000955,2.0745
0.628420000955,2.137
0.628430000955,2.10575
0.628440000955,2.137
0.628450000955,2.137
0.628460000955,2.137
0.628470000955,2.10575
0.628480000955,2.137
0.628490000955,2.137
0.628500000955,2.137
0.628510000955,2.137
0.628520000955,2.10575
0.628530000955,2.10575
0.628540000955,2.10575
0.628550000955,2.10575
0.628560000955,2.10575
0.628570000955,2.137
0.628580000955,2.137
0.628590000955,2.16825
0.628600000955,2.16825
0.628610000955,2.10575
0.628620000955,2.137
0.628630000955,2.10575
0.628640000955,2.137
0.628650000955,2.137
0.628660000955,2.10575
0.628670000955,2.10575
0.628680000955,2.16825
0.628690000955,2.10575
0.628700000955,2.10575
0.628710000955,2.10575
0.628720000955,2.10575
0.628730000955,2.137
0.628740000955,2.10575
0.628750000955,2.137
0.628760000955,2.10575
0.628770000955,2.137
0.628780000955,2.10575
0.628790000955,2.10575
0.628800000955,2.137
0.628810000955,2.10575
0.628820000955,2.137
0.628830000955,2.10575
0.628840000955,2.137
0.628850000955,2.137
0.628860000955,2.137
0.628870000955,2.137
0.628880000955,2.10575
0.628890000955,2.137
0.628900000955,2.10575
0.628910000955,2.137
0.628920000955,2.137
0.628930000955,2.10575
0.628940000955,2.10575
0.628950000955,2.10575
0.628960000955,2.137
0.628970000955,2.137
0.628980000955,2.137
0.628990000955,2.137
0.629000000955,2.137
0.629010000955,2.10575
0.629020000955,2.137
0.629030000955,2.16825
0.629040000955,2.10575
0.629050000955,2.10575
0.629060000955,2.10575
0.629070000955,2.10575
0.629080000955,2.137
0.629090000955,2.137
0.629100000955,2.0745
0.629110000955,2.16825
0.629120000955,2.137
0.629130000955,2.10575
0.629140000955,2.137
0.629150000955,2.10575
0.629160000955,2.137
0.629170000955,2.137
0.629180000955,2.137
0.629190000955,2.137
0.629200000955,2.137
0.629210000955,2.137
0.629220000955,2.137
0.629230000955,2.137
0.629240000955,2.137
0.629250000955,2.137
0.629260000955,2.16825
0.629270000955,2.10575
0.629280000955,2.10575
0.629290000955,2.10575
0.629300000955,2.10575
0.629310000955,2.137
0.629320000955,2.137
0.629330000955,2.10575
0.629340000955,2.137
0.629350000955,2.10575
0.629360000955,2.137
0.629370000955,2.10575
0.629380000955,2.137
0.629390000955,2.10575
0.629400000955,2.137
0.629410000955,2.16825
0.629420000955,2.10575
0.629430000955,2.137
0.629440000955,2.10575
0.629450000955,2.137
0.629460000955,2.10575
0.629470000955,2.137
0.629480000955,2.137
0.629490000955,2.10575
0.629500000955,2.137
0.629510000955,2.137
0.629520000955,2.10575
0.629530000955,2.137
0.629540000955,2.10575
0.629550000955,2.10575
0.629560000955,2.10575
0.629570000955,2.137
0.629580000955,2.137
0.629590000955,2.137
0.629600000955,2.137
0.629610000955,2.137
0.629620000955,2.10575
0.629630000955,2.10575
0.629640000955,2.10575
0.629650000955,2.16825
0.629660000955,2.10575
0.629670000955,2.137
0.629680000955,2.10575
0.629690000955,2.10575
0.629700000955,2.137
0.629710000955,2.10575
0.629720000955,2.10575
0.629730000955,2.10575
0.629740000955,2.10575
0.629750000955,2.137
0.629760000955,2.137
0.629770000955,2.0745
0.629780000955,2.137
0.629790000955,2.16825
0.629800000955,2.137
0.629810000955,2.137
0.629820000955,2.10575
0.629830000955,2.137
0.629840000955,2.10575
0.629850000955,2.10575
0.629860000955,2.137
0.629870000955,2.137
0.629880000955,2.16825
0.629890000955,2.137
0.629900000955,2.137
0.629910000955,2.0745
0.629920000955,2.10575
0.629930000955,2.137
0.629940000955,2.137
0.629950000955,2.137
0.629960000955,2.137
0.629970000955,2.16825
0.629980000955,2.137
0.629990000955,2.10575
0.630000000955,2.10575
0.630010000955,2.137
0.630020000955,2.10575
0.630030000955,2.137
0.630040000955,2.137
0.630050000955,2.137
0.630060000955,2.0745
0.630070000955,2.137
0.630080000955,2.137
0.630090000955,2.10575
0.630100000955,2.10575
0.630110000955,2.10575
0.630120000955,2.137
0.630130000955,2.10575
0.630140000955,2.16825
0.630150000955,2.10575
0.630160000955,2.137
0.630170000955,2.0745
0.630180000955,2.137
0.630190000955,2.10575
0.630200000955,2.10575
0.630210000955,2.137
0.630220000955,2.16825
0.630230000955,2.137
0.630240000955,2.137
0.630250000955,2.10575
0.630260000955,2.137
0.630270000955,2.10575
0.630280000955,2.10575
0.630290000955,2.137
0.630300000955,2.137
0.630310000955,2.10575
0.630320000955,2.137
0.630330000955,2.10575
0.630340000955,2.10575
0.630350000955,2.137
0.630360000955,2.137
0.630370000955,2.16825
0.630380000955,2.10575
0.630390000955,2.10575
0.630400000955,2.137
0.630410000955,2.137
0.630420000955,2.137
0.630430000955,2.137
0.630440000955,2.137
0.630450000955,2.137
0.630460000955,2.137
0.630470000955,2.137
0.630480000955,2.10575
0.630490000955,2.137
0.630500000955,2.137
0.630510000955,2.16825
0.630520000955,2.10575
0.630530000955,2.137
0.630540000955,2.10575
0.630550000955,2.10575
0.630560000955,2.137
0.630570000955,2.137
0.630580000955,2.10575
0.630590000955,2.137
0.630600000955,2.10575
0.630610000955,2.137
0.630620000955,2.137
0.630630000955,2.137
0.630640000955,2.10575
0.630650000955,2.137
0.630660000955,2.137
0.630670000955,2.10575
0.630680000955,2.137
0.630690000955,2.137
0.630700000955,2.137
0.630710000955,2.16825
0.630720000955,2.16825
0.630730000955,2.137
0.630740000955,2.10575
0.630750000955,2.10575
0.630760000955,2.10575
0.630770000955,2.137
0.630780000955,2.10575
0.630790000955,2.137
0.630800000955,2.137
0.630810000955,2.10575
0.630820000955,2.10575
0.630830000955,2.137
0.630840000955,2.137
0.630850000955,2.10575
0.630860000955,2.137
0.630870000955,2.0745
0.630880000955,2.10575
0.630890000955,2.137
0.630900000955,2.137
0.630910000955,2.16825
0.630920000955,2.137
0.630930000955,2.137
0.630940000955,2.137
0.630950000955,2.137
0.630960000955,2.10575
0.630970000955,2.16825
0.630980000955,2.137
0.630990000955,2.137
0.631000000955,2.137
0.631010000955,2.137
0.631020000955,2.16825
0.631030000955,2.10575
0.631040000955,2.10575
0.631050000955,2.10575
0.631060000955,2.137
0.631070000955,2.10575
0.631080000955,2.10575
0.631090000955,2.10575
0.631100000955,2.137
0.631110000955,2.137
0.631120000955,2.137
0.631130000955,2.137
0.631140000955,2.137
0.631150000955,2.10575
0.631160000955,2.137
0.631170000955,2.16825
0.631180000955,2.10575
0.631190000955,2.10575
0.631200000955,2.10575
0.631210000955,2.137
0.631220000955,2.10575
0.631230000955,2.137
0.631240000955,2.137
0.631250000955,2.0745
0.631260000955,2.137
0.631270000955,2.10575
0.631280000955,2.137
0.631290000955,2.137
0.631300000955,2.10575
0.631310000955,2.137
0.631320000955,2.137
0.631330000955,2.137
0.631340000955,2.10575
0.631350000955,2.10575
0.631360000955,2.137
0.631370000955,2.10575
0.631380000955,2.137
0.631390000955,2.137
0.631400000955,2.16825
0.631410000955,2.10575
0.631420000955,2.137
0.631430000955,2.10575
0.631440000955,2.10575
0.631450000955,2.10575
0.631460000955,2.137
0.631470000955,2.16825
0.631480000955,2.137
0.631490000955,2.137
0.631500000955,2.10575
0.631510000955,2.10575
0.631520000955,2.10575
0.631530000955,2.10575
0.631540000955,2.137
0.631550000955,2.10575
0.631560000955,2.137
0.631570000955,2.137
0.631580000955,2.137
0.631590000955,2.137
0.631600000955,2.137
0.631610000955,2.137
0.631620000955,2.137
0.631630000955,2.10575
0.631640000955,2.10575
0.631650000955,2.16825
0.631660000955,2.10575
0.631670000955,2.137
0.631680000955,2.10575
0.631690000955,2.137
0.631700000955,2.137
0.631710000955,2.10575
0.631720000955,2.10575
0.631730000955,2.10575
0.631740000955,2.137
0.631750000955,2.16825
0.631760000955,2.137
0.631770000955,2.137
0.631780000955,2.137
0.631790000955,2.137
0.631800000955,2.137
0.631810000955,2.10575
0.631820000955,2.137
0.631830000955,2.137
0.631840000955,2.137
0.631850000955,2.137
0.631860000955,2.137
0.631870000955,2.10575
0.631880000955,2.137
0.631890000955,2.137
0.631900000955,2.10575
0.631910000955,2.137
0.631920000955,2.137
0.631930000955,2.137
0.631940000955,2.10575
0.631950000955,2.137
0.631960000955,2.137
0.631970000955,2.137
0.631980000955,2.137
0.631990000955,2.137
0.632000000955,2.16825
0.632010000955,2.137
0.632020000955,2.10575
0.632030000955,2.137
0.632040000955,2.137
0.632050000955,2.16825
0.632060000955,2.10575
0.632070000955,2.16825
0.632080000955,2.137
0.632090000955,2.10575
0.632100000955,2.137
0.632110000955,2.10575
0.632120000955,2.10575
0.632130000955,2.10575
0.632140000955,2.10575
0.632150000955,2.137
0.632160000955,2.16825
0.632170000955,2.137
0.632180000955,2.137
0.632190000955,2.10575
0.632200000955,2.137
0.632210000955,2.0745
0.632220000955,2.137
0.632230000955,2.137
0.632240000955,2.10575
0.632250000955,2.16825
0.632260000955,2.10575
0.632270000955,2.137
0.632280000955,2.137
0.632290000955,2.10575
0.632300000955,2.137
0.632310000955,2.10575
0.632320000955,2.137
0.632330000955,2.137
0.632340000955,2.137
0.632350000955,2.16825
0.632360000955,2.10575
0.632370000955,2.137
0.632380000955,2.16825
0.632390000955,2.137
0.632400000955,2.137
0.632410000955,2.10575
0.632420000955,2.16825
0.632430000955,2.137
0.632440000955,2.137
0.632450000955,2.137
0.632460000955,2.137
0.632470000955,2.137
0.632480000955,2.10575
0.632490000955,2.137
0.632500000955,2.137
0.632510000955,2.137
0.632520000955,2.137
0.632530000955,2.137
0.632540000955,2.137
0.632550000955,2.10575
0.632560000955,2.137
0.632570000955,2.16825
0.632580000955,2.137
0.632590000955,2.10575
0.632600000955,2.137
0.632610000955,2.137
0.632620000955,2.10575
0.632630000955,2.0745
0.632640000955,2.10575
0.632650000955,2.10575
0.632660000955,2.10575
0.632670000955,2.10575
0.632680000955,2.10575
0.632690000955,2.137
0.632700000955,2.16825
0.632710000955,2.137
0.632720000955,2.16825
0.632730000955,2.10575
0.632740000955,2.137
0.632750000955,2.137
0.632760000955,2.137
0.632770000955,2.16825
0.632780000955,2.137
0.632790000955,2.137
0.632800000955,2.16825
0.632810000955,2.137
0.632820000955,2.137
0.632830000955,2.137
0.632840000955,2.137
0.632850000955,2.137
0.632860000955,2.10575
0.632870000955,2.10575
0.632880000955,2.16825
0.632890000955,2.16825
0.632900000955,2.137
0.632910000955,2.10575
0.632920000955,2.137
0.632930000955,2.10575
0.632940000955,2.10575
0.632950000955,2.10575
0.632960000955,2.137
0.632970000955,2.137
0.632980000955,2.137
0.632990000955,2.137
0.633000000955,2.16825
0.633010000955,2.137
0.633020000955,2.10575
0.633030000955,2.16825
0.633040000955,2.137
0.633050000955,2.10575
0.633060000955,2.137
0.633070000955,2.137
0.633080000955,2.137
0.633090000955,2.137
0.633100000955,2.0745
0.633110000955,2.137
0.633120000955,2.137
0.633130000955,2.10575
0.633140000955,2.137
0.633150000955,2.137
0.633160000955,2.16825
0.633170000955,2.16825
0.633180000955,2.16825
0.633190000955,2.10575
0.633200000955,2.16825
0.633210000955,2.137
0.633220000955,2.10575
0.633230000955,2.10575
0.633240000955,2.16825
0.633250000955,2.137
0.633260000955,2.16825
0.633270000955,2.137
0.633280000955,2.137
0.633290000955,2.16825
0.633300000955,2.137
0.633310000955,2.16825
0.633320000955,2.137
0.633330000955,2.10575
0.633340000955,2.10575
0.633350000955,2.10575
0.633360000955,2.137
0.633370000955,2.137
0.633380000955,2.137
0.633390000955,2.137
0.633400000955,2.137
0.633410000955,2.137
0.633420000955,2.137
0.633430000955,2.137
0.633440000955,2.137
0.633450000955,2.10575
0.633460000955,2.137
0.633470000955,2.16825
0.633480000955,2.137
0.633490000955,2.137
0.633500000955,2.137
0.633510000955,2.137
0.633520000955,2.137
0.633530000955,2.137
0.633540000955,2.137
0.633550000955,2.10575
0.633560000955,2.137
0.633570000955,2.137
0.633580000955,2.137
0.633590000955,2.137
0.633600000955,2.137
0.633610000955,2.137
0.633620000955,2.137
0.633630000955,2.16825
0.633640000955,2.10575
0.633650000955,2.137
0.633660000955,2.16825
0.633670000955,2.137
0.633680000955,2.137
0.633690000955,2.137
0.633700000955,2.16825
0.633710000955,2.16825
0.633720000955,2.137
0.633730000955,2.137
0.633740000955,2.16825
0.633750000955,2.137
0.633760000955,2.137
0.633770000955,2.137
0.633780000955,2.16825
0.633790000955,2.10575
0.633800000955,2.137
0.633810000955,2.10575
0.633820000955,2.137
0.633830000955,2.10575
0.633840000955,2.10575
0.633850000955,2.137
0.633860000955,2.10575
0.633870000955,2.137
0.633880000955,2.16825
0.633890000955,2.137
0.633900000955,2.137
0.633910000955,2.10575
0.633920000955,2.137
0.633930000955,2.137
0.633940000955,2.16825
0.633950000955,2.10575
0.633960000955,2.137
0.633970000955,2.137
0.633980000955,2.137
0.633990000955,2.137
0.634000000955,2.16825
0.634010000955,2.10575
0.634020000955,2.10575
0.634030000955,2.137
0.634040000955,2.137
0.634050000955,2.10575
0.634060000955,2.10575
0.634070000955,2.137
0.634080000955,2.137
0.634090000955,2.137
0.634100000955,2.10575
0.634110000955,2.137
0.634120000955,2.16825
0.634130000955,2.137
0.634140000955,2.137
0.634150000955,2.137
0.634160000955,2.137
0.634170000955,2.10575
0.634180000955,2.137
0.634190000955,2.10575
0.634200000955,2.10575
0.634210000955,2.137
0.634220000955,2.10575
0.634230000955,2.16825
0.634240000955,2.137
0.634250000955,2.137
0.634260000955,2.137
0.634270000955,2.137
0.634280000955,2.10575
0.634290000955,2.137
0.634300000955,2.10575
0.634310000955,2.137
0.634320000955,2.10575
0.634330000955,2.10575
0.634340000955,2.137
0.634350000955,2.137
0.634360000955,2.137
0.634370000955,2.137
0.634380000955,2.137
0.634390000955,2.137
0.634400000955,2.137
0.634410000955,2.137
0.634420000955,2.137
0.634430000955,2.10575
0.634440000955,2.10575
0.634450000955,2.10575
0.634460000955,2.137
0.634470000955,2.10575
0.634480000955,2.137
0.634490000955,2.137
0.634500000955,2.10575
0.634510000955,2.16825
0.634520000955,2.137
0.634530000955,2.137
0.634540000955,2.10575
0.634550000955,2.137
0.634560000955,2.137
0.634570000955,2.10575
0.634580000955,2.16825
0.634590000955,2.137
0.634600000955,2.10575
0.634610000955,2.137
0.634620000955,2.1995
0.634630000955,2.10575
0.634640000955,2.137
0.634650000955,2.10575
0.634660000955,2.137
0.634670000955,2.16825
0.634680000955,2.137
0.634690000955,2.10575
0.634700000955,2.10575
0.634710000955,2.137
0.634720000955,2.137
0.634730000955,2.137
0.634740000955,2.137
0.634750000955,2.10575
0.634760000955,2.10575
0.634770000955,2.10575
0.634780000955,2.10575
0.634790000955,2.10575
0.634800000955,2.10575
0.634810000955,2.10575
0.634820000955,2.16825
0.634830000955,2.10575
0.634840000955,2.16825
0.634850000955,2.137
0.634860000955,2.137
0.634870000955,2.137
0.634880000955,2.137
0.634890000955,2.137
0.634900000955,2.137
0.634910000955,2.137
0.634920000955,2.137
0.634930000955,2.137
0.634940000955,2.137
0.634950000955,2.137
0.634960000955,2.137
0.634970000955,2.10575
0.634980000955,2.137
0.634990000955,2.137
0.635000000955,2.16825
0.635010000955,2.137
0.635020000955,2.137
0.635030000955,2.137
0.635040000955,2.10575
0.635050000955,2.10575
0.635060000955,2.137
0.635070000955,2.137
0.635080000955,2.137
0.635090000955,2.137
0.635100000955,2.137
0.635110000955,2.137
0.635120000955,2.10575
0.635130000955,2.10575
0.635140000955,2.137
0.635150000955,2.137
0.635160000955,2.10575
0.635170000955,2.137
0.635180000955,2.10575
0.635190000955,2.137
0.635200000955,2.16825
0.635210000955,2.137
0.635220000955,2.16825
0.635230000955,2.16825
0.635240000955,2.137
0.635250000955,2.10575
0.635260000955,2.16825
0.635270000955,2.16825
0.635280000955,2.10575
0.635290000955,2.10575
0.635300000955,2.16825
0.635310000955,2.10575
0.635320000955,2.137
0.635330000955,2.10575
0.635340000955,2.137
0.635350000955,2.137
0.635360000955,2.16825
0.635370000955,2.10575
0.635380000955,2.137
0.635390000955,2.10575
0.635400000955,2.137
0.635410000955,2.137
0.635420000955,2.137
0.635430000955,2.137
0.635440000955,2.137
0.635450000955,2.137
0.635460000955,2.137
0.635470000955,2.137
0.635480000955,2.16825
0.635490000955,2.137
0.635500000955,2.16825
0.635510000955,2.1995
0.635520000955,2.137
0.635530000955,2.137
0.635540000955,2.10575
0.635550000955,2.137
0.635560000955,2.137
0.635570000955,2.10575
0.635580000955,2.137
0.635590000955,2.137
0.635600000955,2.137
0.635610000955,2.137
0.635620000955,2.137
0.635630000955,2.137
0.635640000955,2.16825
0.635650000955,2.137
0.635660000955,2.137
0.635670000955,2.137
0.635680000955,2.137
0.635690000955,2.10575
0.635700000955,2.137
0.635710000955,2.16825
0.635720000955,2.10575
0.635730000955,2.137
0.635740000955,2.137
0.635750000955,2.137
0.635760000955,2.10575
0.635770000955,2.137
0.635780000955,2.137
0.635790000955,2.10575
0.635800000955,2.137
0.635810000955,2.137
0.635820000955,2.137
0.635830000955,2.137
0.635840000955,2.16825
0.635850000955,2.10575
0.635860000955,2.137
0.635870000955,2.137
0.635880000955,2.137
0.635890000955,2.137
0.635900000955,2.137
0.635910000955,2.137
0.635920000955,2.10575
0.635930000955,2.137
0.635940000955,2.137
0.635950000955,2.16825
0.635960000955,2.137
0.635970000955,2.137
0.635980000955,2.137
0.635990000955,2.10575
0.636000000955,2.137
0.636010000955,2.137
0.636020000955,2.10575
0.636030000955,2.137
0.636040000955,2.137
0.636050000955,2.137
0.636060000955,2.137
0.636070000955,2.10575
0.636080000955,2.10575
0.636090000955,2.16825
0.636100000955,2.137
0.636110000955,2.137
0.636120000955,2.10575
0.636130000955,2.137
0.636140000955,2.137
0.636150000955,2.137
0.636160000955,2.10575
0.636170000955,2.137
0.636180000955,2.137
0.636190000955,2.10575
0.636200000955,2.16825
0.636210000955,2.137
0.636220000955,2.137
0.636230000955,2.137
0.636240000955,2.137
0.636250000955,2.137
0.636260000955,2.137
0.636270000955,2.137
0.636280000955,2.137
0.636290000955,2.137
0.636300000955,2.137
0.636310000955,2.16825
0.636320000955,2.10575
0.636330000955,2.16825
0.636340000955,2.137
0.636350000955,2.16825
0.636360000955,2.137
0.636370000955,2.16825
0.636380000955,2.137
0.636390000955,2.137
0.636400000955,2.10575
0.636410000955,2.137
0.636420000955,2.137
0.636430000955,2.137
0.636440000955,2.137
0.636450000955,2.16825
0.636460000955,2.137
0.636470000955,2.137
0.636480000955,2.10575
0.636490000955,2.137
0.636500000955,2.137
0.636510000955,2.16825
0.636520000955,2.10575
0.636530000955,2.137
0.636540000955,2.137
0.636550000955,2.137
0.636560000955,2.137
0.636570000955,2.10575
0.636580000955,2.137
0.636590000955,2.137
0.636600000955,2.10575
0.636610000955,2.137
0.636620000955,2.137
0.636630000955,2.137
0.636640000955,2.10575
0.636650000955,2.10575
0.636660000955,2.137
0.636670000955,2.137
0.636680000955,2.16825
0.636690000955,2.137
0.636700000955,2.137
0.636710000955,2.137
0.636720000955,2.137
0.636730000955,2.137
0.636740000955,2.137
0.636750000955,2.137
0.636760000955,2.10575
0.636770000955,2.137
0.636780000955,2.137
0.636790000955,2.16825
0.636800000955,2.137
0.636810000955,2.137
0.636820000955,2.137
0.636830000955,2.137
0.636840000955,2.137
0.636850000955,2.137
0.636860000955,2.137
0.636870000955,2.10575
0.636880000955,2.10575
0.636890000955,2.137
0.636900000955,2.137
0.636910000955,2.137
0.636920000955,2.137
0.636930000955,2.10575
0.636940000955,2.137
0.636950000955,2.137
0.636960000955,2.137
0.636970000955,2.16825
0.636980000955,2.137
0.636990000955,2.10575
0.637000000955,2.137
0.637010000955,2.16825
0.637020000955,2.137
0.637030000955,2.137
0.637040000955,2.137
0.637050000955,2.137
0.637060000955,2.137
0.637070000955,2.137
0.637080000955,2.16825
0.637090000955,2.137
0.637100000955,2.16825
0.637110000955,2.137
0.637120000955,2.137
0.637130000955,2.16825
0.637140000955,2.10575
0.637150000955,2.10575
0.637160000955,2.137
0.637170000955,2.137
0.637180000955,2.10575
0.637190000955,2.10575
0.637200000955,2.16825
0.637210000955,2.137
0.637220000955,2.10575
0.637230000955,2.10575
0.637240000955,2.137
0.637250000955,2.10575
0.637260000955,2.16825
0.637270000955,2.137
0.637280000955,2.137
0.637290000955,2.137
0.637300000955,2.137
0.637310000955,2.137
0.637320000955,2.10575
0.637330000955,2.137
0.637340000955,2.16825
0.637350000955,2.137
0.637360000955,2.137
0.637370000955,2.137
0.637380000955,2.137
0.637390000955,2.10575
0.637400000955,2.137
0.637410000955,2.16825
0.637420000955,2.10575
0.637430000955,2.16825
0.637440000955,2.10575
0.637450000955,2.10575
0.637460000955,2.10575
0.637470000955,2.137
0.637480000955,2.137
0.637490000955,2.16825
0.637500000955,2.10575
0.637510000955,2.137
0.637520000955,2.137
0.637530000955,2.137
0.637540000955,2.137
0.637550000955,2.137
0.637560000955,2.16825
0.637570000955,2.137
0.637580000955,2.137
0.637590000955,2.137
0.637600000955,2.137
0.637610000955,2.137
0.637620000955,2.137
0.637630000955,2.10575
0.637640000955,2.137
0.637650000955,2.137
0.637660000955,2.137
0.637670000955,2.137
0.637680000955,2.16825
0.637690000955,2.137
0.637700000955,2.16825
0.637710000955,2.137
0.637720000955,2.10575
0.637730000955,2.16825
0.637740000955,2.16825
0.637750000955,2.137
0.637760000955,2.10575
0.637770000955,2.10575
0.637780000955,2.137
0.637790000955,2.137
0.637800000955,2.137
0.637810000955,2.16825
0.637820000955,2.16825
0.637830000955,2.137
0.637840000955,2.137
0.637850000955,2.137
0.637860000955,2.137
0.637870000955,2.10575
0.637880000955,2.137
0.637890000955,2.137
0.637900000955,2.16825
0.637910000955,2.10575
0.637920000955,2.137
0.637930000955,2.137
0.637940000955,2.137
0.637950000955,2.137
0.637960000955,2.137
0.637970000955,2.16825
0.637980000955,2.16825
0.637990000955,2.137
0.638000000955,2.10575
0.638010000955,2.137
0.638020000955,2.137
0.638030000955,2.16825
0.638040000955,2.16825
0.638050000955,2.10575
0.638060000955,2.137
0.638070000955,2.16825
0.638080000955,2.137
0.638090000955,2.10575
0.638100000955,2.137
0.638110000955,2.137
0.638120000955,2.137
0.638130000955,2.16825
0.638140000955,2.137
0.638150000955,2.10575
0.638160000955,2.137
0.638170000955,2.137
0.638180000955,2.137
0.638190000955,2.16825
0.638200000955,2.137
0.638210000955,2.137
0.638220000955,2.137
0.638230000955,2.16825
0.638240000955,2.137
0.638250000955,2.10575
0.638260000955,2.137
0.638270000955,2.137
0.638280000955,2.137
0.638290000955,2.137
0.638300000955,2.137
0.638310000955,2.10575
0.638320000955,2.10575
0.638330000955,2.137
0.638340000955,2.16825
0.638350000955,2.137
0.638360000955,2.137
0.638370000955,2.16825
0.638380000955,2.137
0.638390000955,2.10575
0.638400000955,2.16825
0.638410000955,2.16825
0.638420000955,2.137
0.638430000955,2.10575
0.638440000955,2.10575
0.638450000955,2.137
0.638460000955,2.16825
0.638470000955,2.137
0.638480000955,2.137
0.638490000955,2.137
0.638500000955,2.137
0.638510000955,2.137
0.638520000955,2.137
0.638530000955,2.137
0.638540000955,2.137
0.638550000955,2.10575
0.638560000955,2.137
0.638570000955,2.137
0.638580000955,2.137
0.638590000955,2.137
0.638600000955,2.16825
0.638610000955,2.10575
0.638620000955,2.137
0.638630000955,2.16825
0.638640000955,2.137
0.638650000955,2.137
0.638660000955,2.137
0.638670000955,2.137
0.638680000955,2.137
0.638690000955,2.137
0.638700000955,2.1995
0.638710000955,2.137
0.638720000955,2.16825
0.638730000955,2.10575
0.638740000955,2.16825
0.638750000955,2.137
0.638760000955,2.137
0.638770000955,2.137
0.638780000955,2.137
0.638790000955,2.137
0.638800000955,2.137
0.638810000955,2.137
0.638820000955,2.16825
0.638830000955,2.137
0.638840000955,2.137
0.638850000955,2.137
0.638860000955,2.16825
0.638870000955,2.137
0.638880000955,2.137
0.638890000955,2.10575
0.638900000955,2.16825
0.638910000955,2.16825
0.638920000955,2.16825
0.638930000955,2.137
0.638940000955,2.137
0.638950000955,2.137
0.638960000955,2.137
0.638970000955,2.137
0.638980000955,2.16825
0.638990000955,2.10575
0.639000000955,2.16825
0.639010000955,2.10575
0.639020000955,2.16825
0.639030000955,2.10575
0.639040000955,2.16825
0.639050000955,2.137
0.639060000955,2.137
0.639070000955,2.137
0.639080000955,2.137
0.639090000955,2.10575
0.639100000955,2.16825
0.639110000955,2.16825
0.639120000955,2.10575
0.639130000955,2.16825
0.639140000955,2.16825
0.639150000955,2.137
0.639160000955,2.137
0.639170000955,2.137
0.639180000955,2.10575
0.639190000955,2.10575
0.639200000955,2.137
0.639210000955,2.137
0.639220000955,2.10575
0.639230000955,2.10575
0.639240000955,2.137
0.639250000955,2.137
0.639260000955,2.16825
0.639270000955,2.10575
0.639280000955,2.137
0.639290000955,2.137
0.639300000955,2.137
0.639310000955,2.137
0.639320000955,2.16825
0.639330000955,2.137
0.639340000955,2.10575
0.639350000955,2.10575
0.639360000955,2.137
0.639370000955,2.16825
0.639380000955,2.137
0.639390000955,2.10575
0.639400000955,2.10575
0.639410000955,2.137
0.639420000955,2.137
0.639430000955,2.137
0.639440000955,2.137
0.639450000955,2.10575
0.639460000955,2.16825
0.639470000955,2.137
0.639480000955,2.137
0.639490000955,2.10575
0.639500000955,2.137
0.639510000955,2.10575
0.639520000955,2.137
0.639530000955,2.137
0.639540000955,2.10575
0.639550000955,2.16825
0.639560000955,2.137
0.639570000955,2.137
0.639580000955,2.137
0.639590000955,2.16825
0.639600000955,2.137
0.639610000955,2.137
0.639620000955,2.137
0.639630000955,2.137
0.639640000955,2.137
0.639650000955,2.10575
0.639660000955,2.137
0.639670000955,2.137
0.639680000955,2.137
0.639690000955,2.137
0.639700000955,2.137
0.639710000955,2.137
0.639720000955,2.10575
0.639730000955,2.137
0.639740000955,2.137
0.639750000955,2.16825
0.639760000955,2.137
0.639770000955,2.137
0.639780000955,2.137
0.639790000955,2.10575
0.639800000955,2.137
0.639810000955,2.137
0.639820000955,2.137
0.639830000955,2.10575
0.639840000955,2.10575
0.639850000955,2.137
0.639860000955,2.137
0.639870000955,2.16825
0.639880000955,2.137
0.639890000955,2.137
0.639900000955,2.137
0.639910000955,2.137
0.639920000955,2.16825
0.639930000955,2.137
0.639940000955,2.10575
0.639950000955,2.16825
0.639960000955,2.10575
0.639970000955,2.137
0.639980000955,2.137
0.639990000955,2.16825
0.640000000955,2.137
0.640010000955,2.10575
0.640020000955,2.10575
0.640030000955,2.16825
0.640040000955,2.137
0.640050000955,2.137
0.640060000955,2.137
0.640070000955,2.137
0.640080000955,2.137
0.640090000955,2.137
0.640100000955,2.137
0.640110000955,2.137
0.640120000955,2.137
0.640130000955,2.137
0.640140000955,2.137
0.640150000955,2.137
0.640160000955,2.10575
0.640170000955,2.16825
0.640180000955,2.137
0.640190000955,2.137
0.640200000955,2.137
0.640210000955,2.16825
0.640220000955,2.137
0.640230000955,2.16825
0.640240000955,2.16825
0.640250000955,2.137
0.640260000955,2.137
0.640270000955,2.137
0.640280000955,2.137
0.640290000955,2.137
0.640300000955,2.137
0.640310000955,2.137
0.640320000955,2.16825
0.640330000955,2.137
0.640340000955,2.10575
0.640350000955,2.10575
0.640360000955,2.137
0.640370000955,2.137
0.640380000955,2.137
0.640390000955,2.137
0.640400000955,2.137
0.640410000955,2.137
0.640420000955,2.16825
0.640430000955,2.137
0.640440000955,2.137
0.640450000955,2.137
0.640460000955,2.137
0.640470000955,2.137
0.640480000955,2.16825
0.640490000955,2.137
0.640500000955,2.16825
0.640510000955,2.137
0.640520000955,2.137
0.640530000955,2.10575
0.640540000955,2.137
0.640550000955,2.137
0.640560000955,2.10575
0.640570000955,2.137
0.640580000955,2.137
0.640590000955,2.137
0.640600000955,2.137
0.640610000955,2.137
0.640620000955,2.137
0.640630000955,2.137
0.640640000955,2.137
0.640650000955,2.16825
0.640660000955,2.137
0.640670000955,2.137
0.640680000955,2.137
0.640690000955,2.16825
0.640700000955,2.16825
0.640710000955,2.16825
0.640720000955,2.137
0.640730000955,2.10575
0.640740000955,2.10575
0.640750000955,2.137
0.640760000955,2.16825
0.640770000955,2.137
0.640780000955,2.137
0.640790000955,2.137
0.640800000955,2.137
0.640810000955,2.137
0.640820000955,2.137
0.640830000955,2.10575
0.640840000955,2.16825
0.640850000955,2.137
0.640860000955,2.16825
0.640870000955,2.16825
0.640880000955,2.137
0.640890000955,2.10575
0.640900000955,2.137
0.640910000955,2.137
0.640920000955,2.16825
0.640930000955,2.16825
0.640940000955,2.16825
0.640950000955,2.137
0.640960000955,2.0745
0.640970000955,2.137
0.640980000955,2.16825
0.640990000955,2.1995
0.641000000955,2.137
0.641010000955,2.137
0.641020000955,2.137
0.641030000955,2.137
0.641040000955,2.16825
0.641050000955,2.137
0.641060000955,2.16825
0.641070000955,2.137
0.641080000955,2.10575
0.641090000955,2.10575
0.641100000955,2.1995
0.641110000955,2.1995
0.641120000955,2.16825
0.641130000955,2.137
0.641140000955,2.137
0.641150000955,2.137
0.641160000955,2.16825
0.641170000955,2.137
0.641180000955,2.16825
0.641190000955,2.137
0.641200000955,2.16825
0.641210000955,2.137
0.641220000955,2.16825
0.641230000955,2.16825
0.641240000955,2.137
0.641250000955,2.16825
0.641260000955,2.137
0.641270000955,2.16825
0.641280000955,2.137
0.641290000955,2.137
0.641300000955,2.16825
0.641310000955,2.137
0.641320000955,2.16825
0.641330000955,2.10575
0.641340000955,2.137
0.641350000955,2.137
0.641360000955,2.137
0.641370000955,2.16825
0.641380000955,2.137
0.641390000955,2.137
0.641400000955,2.137
0.641410000955,2.16825
0.641420000955,2.16825
0.641430000955,2.16825
0.641440000955,2.137
0.641450000955,2.137
0.641460000955,2.16825
0.641470000955,2.16825
0.641480000955,2.16825
0.641490000955,2.16825
0.641500000955,2.137
0.641510000955,2.16825
0.641520000955,2.137
0.641530000955,2.10575
0.641540000955,2.137
0.641550000955,2.16825
0.641560000955,2.10575
0.641570000955,2.137
0.641580000955,2.16825
0.641590000955,2.16825
0.641600000955,2.10575
0.641610000955,2.137
0.641620000955,2.10575
0.641630000955,2.137
0.641640000955,2.137
0.641650000955,2.137
0.641660000955,2.16825
0.641670000955,2.137
0.641680000955,2.16825
0.641690000955,2.137
0.641700000955,2.137
0.641710000955,2.16825
0.641720000955,2.137
0.641730000955,2.16825
0.641740000955,2.16825
0.641750000955,2.137
0.641760000955,2.16825
0.641770000955,2.137
0.641780000955,2.137
0.641790000955,2.137
0.641800000955,2.16825
0.641810000955,2.137
0.641820000955,2.10575
0.641830000955,2.137
0.641840000955,2.137
0.641850000955,2.137
0.641860000955,2.1995
0.641870000955,2.16825
0.641880000955,2.137
0.641890000955,2.137
0.641900000955,2.10575
0.641910000955,2.137
0.641920000955,2.16825
0.641930000955,2.16825
0.641940000955,2.137
0.641950000955,2.137
0.641960000955,2.137
0.641970000955,2.137
0.641980000955,2.10575
0.641990000955,2.137
0.642000000955,2.16825
0.642010000955,2.137
0.642020000955,2.137
0.642030000955,2.137
0.642040000955,2.137
0.642050000955,2.137
0.642060000955,2.137
0.642070000955,2.137
0.642080000955,2.1995
0.642090000955,2.137
0.642100000955,2.10575
0.642110000955,2.137
0.642120000955,2.137
0.642130000955,2.137
0.642140000955,2.16825
0.642150000955,2.16825
0.642160000955,2.137
0.642170000955,2.137
0.642180000955,2.16825
0.642190000955,2.10575
0.642200000955,2.137
0.642210000955,2.137
0.642220000955,2.137
0.642230000955,2.16825
0.642240000955,2.137
0.642250000955,2.10575
0.642260000955,2.10575
0.642270000955,2.137
0.642280000955,2.16825
0.642290000955,2.16825
0.642300000955,2.16825
0.642310000955,2.137
0.642320000955,2.137
0.642330000955,2.10575
0.642340000955,2.137
0.642350000955,2.137
0.642360000955,2.16825
0.642370000955,2.137
0.642380000955,2.10575
0.642390000955,2.137
0.642400000955,2.16825
0.642410000955,2.137
0.642420000955,2.137
0.642430000955,2.137
0.642440000955,2.16825
0.642450000955,2.10575
0.642460000955,2.137
0.642470000955,2.137
0.642480000955,2.16825
0.642490000955,2.137
0.642500000955,2.137
0.642510000955,2.16825
0.642520000955,2.10575
0.642530000955,2.137
0.642540000955,2.137
0.642550000955,2.10575
0.642560000955,2.10575
0.642570000955,2.137
0.642580000955,2.10575
0.642590000955,2.137
0.642600000955,2.16825
0.642610000955,2.137
0.642620000955,2.137
0.642630000955,2.137
0.642640000955,2.137
0.642650000955,2.10575
0.642660000955,2.10575
0.642670000955,2.16825
0.642680000955,2.16825
0.642690000955,2.137
0.642700000955,2.137
0.642710000955,2.137
0.642720000955,2.16825
0.642730000955,2.137
0.642740000955,2.16825
0.642750000955,2.16825
0.642760000955,2.16825
0.642770000955,2.137
0.642780000955,2.137
0.642790000955,2.137
0.642800000955,2.16825
0.642810000955,2.1995
0.642820000955,2.10575
0.642830000955,2.137
0.642840000955,2.1995
0.642850000955,2.137
0.642860000955,2.137
0.642870000955,2.137
0.642880000955,2.137
0.642890000955,2.137
0.642900000955,2.137
0.642910000955,2.10575
0.642920000955,2.137
0.642930000955,2.137
0.642940000955,2.137
0.642950000955,2.137
0.642960000955,2.137
0.642970000955,2.16825
0.642980000955,2.137
0.642990000955,2.16825
0.643000000955,2.16825
0.643010000955,2.16825
0.643020000955,2.137
0.643030000955,2.137
0.643040000955,2.16825
0.643050000955,2.137
0.643060000955,2.137
0.643070000955,2.16825
0.643080000955,2.137
0.643090000955,2.16825
0.643100000955,2.137
0.643110000955,2.137
0.643120000955,2.16825
0.643130000955,2.16825
0.643140000955,2.16825
0.643150000955,2.137
0.643160000955,2.137
0.643170000955,2.137
0.643180000955,2.137
0.643190000955,2.137
0.643200000955,2.16825
0.643210000955,2.16825
0.643220000955,2.137
0.643230000955,2.137
0.643240000955,2.137
0.643250000955,2.137
0.643260000955,2.137
0.643270000955,2.137
0.643280000955,2.137
0.643290000955,2.16825
0.643300000955,2.137
0.643310000955,2.10575
0.643320000955,2.137
0.643330000955,2.10575
0.643340000955,2.137
0.643350000955,2.10575
0.643360000955,2.137
0.643370000955,2.137
0.643380000955,2.137
0.643390000955,2.137
0.643400000955,2.10575
0.643410000955,2.137
0.643420000955,2.137
0.643430000955,2.10575
0.643440000955,2.16825
0.643450000955,2.137
0.643460000955,2.10575
0.643470000955,2.137
0.643480000955,2.137
0.643490000955,2.137
0.643500000955,2.137
0.643510000955,2.10575
0.643520000955,2.16825
0.643530000955,2.16825
0.643540000955,2.137
0.643550000955,2.137
0.643560000955,2.137
0.643570000955,2.137
0.643580000955,2.137
0.643590000955,2.16825
0.643600000955,2.137
0.643610000955,2.137
0.643620000955,2.137
0.643630000955,2.137
0.643640000955,2.137
0.643650000955,2.16825
0.643660000955,2.137
0.643670000955,2.16825
0.643680000955,2.10575
0.643690000955,2.137
0.643700000955,2.137
0.643710000955,2.137
0.643720000955,2.137
0.643730000955,2.137
0.643740000955,2.16825
0.643750000955,2.137
0.643760000955,2.137
0.643770000955,2.137
0.643780000955,2.16825
0.643790000955,2.137
0.643800000955,2.137
0.643810000955,2.10575
0.643820000955,2.137
0.643830000955,2.16825
0.643840000955,2.10575
0.643850000955,2.137
0.643860000955,2.137
0.643870000955,2.137
0.643880000955,2.137
0.643890000955,2.16825
0.643900000955,2.137
0.643910000955,2.137
0.643920000955,2.137
0.643930000955,2.137
0.643940000955,2.16825
0.643950000955,2.137
0.643960000955,2.16825
0.643970000955,2.137
0.643980000955,2.10575
0.643990000955,2.137
0.644000000955,2.137
0.644010000955,2.137
0.644020000955,2.137
0.644030000955,2.137
0.644040000955,2.10575
0.644050000955,2.16825
0.644060000955,2.137
0.644070000955,2.16825
0.644080000955,2.137
0.644090000955,2.16825
0.644100000955,2.137
0.644110000955,2.16825
0.644120000955,2.137
0.644130000955,2.16825
0.644140000955,2.16825
0.644150000955,2.137
0.644160000955,2.137
0.644170000955,2.16825
0.644180000955,2.137
0.644190000955,2.16825
0.644200000955,2.137
0.644210000955,2.137
0.644220000955,2.137
0.644230000955,2.137
0.644240000955,2.137
0.644250000955,2.16825
0.644260000955,2.16825
0.644270000955,2.16825
0.644280000955,2.10575
0.644290000955,2.10575
0.644300000955,2.137
0.644310000955,2.16825
0.644320000955,2.1995
0.644330000955,2.137
0.644340000955,2.137
0.644350000955,2.16825
0.644360000955,2.16825
0.644370000955,2.16825
0.644380000955,2.10575
0.644390000955,2.16825
0.644400000955,2.137
0.644410000955,2.16825
0.644420000955,2.10575
0.644430000955,2.137
0.644440000955,2.137
0.644450000955,2.10575
0.644460000955,2.16825
0.644470000955,2.137
0.644480000955,2.16825
0.644490000955,2.16825
0.644500000955,2.137
0.644510000955,2.137
0.644520000955,2.137
0.644530000955,2.10575
0.644540000955,2.10575
0.644550000955,2.137
0.644560000955,2.137
0.644570000955,2.137
0.644580000955,2.16825
0.644590000955,2.137
0.644600000955,2.10575
0.644610000955,2.16825
0.644620000955,2.16825
0.644630000955,2.10575
0.644640000955,2.16825
0.644650000955,2.10575
0.644660000955,2.16825
0.644670000955,2.10575
0.644680000955,2.10575
0.644690000955,2.16825
0.644700000955,2.10575
0.644710000955,2.137
0.644720000955,2.137
0.644730000955,2.137
0.644740000955,2.16825
0.644750000955,2.16825
0.644760000955,2.137
0.644770000955,2.137
0.644780000955,2.10575
0.644790000955,2.10575
0.644800000955,2.137
0.644810000955,2.16825
0.644820000955,2.137
0.644830000955,2.137
0.644840000955,2.137
0.644850000955,2.137
0.644860000955,2.137
0.644870000955,2.16825
0.644880000955,2.16825
0.644890000955,2.137
0.644900000955,2.137
0.644910000955,2.16825
0.644920000955,2.137
0.644930000955,2.16825
0.644940000955,2.10575
0.644950000955,2.10575
0.644960000955,2.137
0.644970000955,2.16825
0.644980000955,2.16825
0.644990000955,2.16825
0.645000000955,2.137
0.645010000955,2.16825
0.645020000955,2.137
0.645030000955,2.16825
0.645040000955,2.10575
0.645050000955,2.16825
0.645060000955,2.137
0.645070000955,2.10575
0.645080000955,2.137
0.645090000955,2.10575
0.645100000955,2.10575
0.645110000955,2.16825
0.645120000955,2.137
0.645130000955,2.16825
0.645140000955,2.137
0.645150000955,2.16825
0.645160000955,2.137
0.645170000955,2.137
0.645180000955,2.16825
0.645190000955,2.137
0.645200000955,2.16825
0.645210000955,2.137
0.645220000955,2.16825
0.645230000955,2.137
0.645240000955,2.16825
0.645250000955,2.10575
0.645260000955,2.137
0.645270000955,2.137
0.645280000955,2.137
0.645290000955,2.137
0.645300000955,2.137
0.645310000955,2.16825
0.645320000955,2.137
0.645330000955,2.137
0.645340000955,2.137
0.645350000955,2.137
0.645360000955,2.137
0.645370000955,2.16825
0.645380000955,2.137
0.645390000955,2.137
0.645400000955,2.16825
0.645410000955,2.137
0.645420000955,2.137
0.645430000955,2.137
0.645440000955,2.137
0.645450000955,2.16825
0.645460000955,2.137
0.645470000955,2.10575
0.645480000955,2.137
0.645490000955,2.16825
0.645500000955,2.16825
0.645510000955,2.137
0.645520000955,2.137
0.645530000955,2.16825
0.645540000955,2.137
0.645550000955,2.16825
0.645560000955,2.137
0.645570000955,2.137
0.645580000955,2.137
0.645590000955,2.16825
0.645600000955,2.137
0.645610000955,2.137
0.645620000955,2.16825
0.645630000955,2.137
0.645640000955,2.137
0.645650000955,2.137
0.645660000955,2.16825
0.645670000955,2.137
0.645680000955,2.137
0.645690000955,2.16825
0.645700000955,2.16825
0.645710000955,2.137
0.645720000955,2.137
0.645730000955,2.137
0.645740000955,2.137
0.645750000955,2.137
0.645760000955,2.137
0.645770000955,2.10575
0.645780000955,2.137
0.645790000955,2.137
0.645800000955,2.137
0.645810000955,2.137
0.645820000955,2.10575
0.645830000955,2.16825
0.645840000955,2.16825
0.645850000955,2.137
0.645860000955,2.137
0.645870000955,2.137
0.645880000955,2.16825
0.645890000955,2.16825
0.645900000955,2.16825
0.645910000955,2.10575
0.645920000955,2.16825
0.645930000955,2.137
0.645940000955,2.16825
0.645950000955,2.16825
0.645960000955,2.137
0.645970000955,2.137
0.645980000955,2.137
0.645990000955,2.137
0.646000000955,2.137
0.646010000955,2.137
0.646020000955,2.137
0.646030000955,2.16825
0.646040000955,2.137
0.646050000955,2.137
0.646060000955,2.16825
0.646070000955,2.16825
0.646080000955,2.16825
0.646090000955,2.10575
0.646100000955,2.10575
0.646110000955,2.16825
0.646120000955,2.16825
0.646130000955,2.16825
0.646140000955,2.10575
0.646150000955,2.16825
0.646160000955,2.137
0.646170000955,2.16825
0.646180000955,2.137
0.646190000955,2.16825
0.646200000955,2.16825
0.646210000955,2.10575
0.646220000955,2.137
0.646230000955,2.16825
0.646240000955,2.16825
0.646250000955,2.16825
0.646260000955,2.137
0.646270000955,2.16825
0.646280000955,2.16825
0.646290000955,2.137
0.646300000955,2.137
0.646310000955,2.16825
0.646320000955,2.16825
0.646330000955,2.137
0.646340000955,2.137
0.646350000955,2.137
0.646360000955,2.137
0.646370000955,2.16825
0.646380000955,2.137
0.646390000955,2.137
0.646400000955,2.137
0.646410000955,2.137
0.646420000955,2.137
0.646430000955,2.16825
0.646440000955,2.137
0.646450000955,2.16825
0.646460000955,2.16825
0.646470000955,2.137
0.646480000955,2.16825
0.646490000955,2.137
0.646500000955,2.137
0.646510000955,2.137
0.646520000955,2.137
0.646530000955,2.137
0.646540000955,2.137
0.646550000955,2.137
0.646560000955,2.137
0.646570000955,2.137
0.646580000955,2.137
0.646590000955,2.16825
0.646600000955,2.10575
0.646610000955,2.16825
0.646620000955,2.137
0.646630000955,2.137
0.646640000955,2.137
0.646650000955,2.137
0.646660000955,2.137
0.646670000955,2.10575
0.646680000955,2.16825
0.646690000955,2.10575
0.646700000955,2.137
0.646710000955,2.137
0.646720000955,2.16825
0.646730000955,2.16825
0.646740000955,2.16825
0.646750000955,2.16825
0.646760000955,2.137
0.646770000955,2.16825
0.646780000955,2.16825
0.646790000955,2.137
0.646800000955,2.10575
0.646810000955,2.137
0.646820000955,2.137
0.646830000955,2.16825
0.646840000955,2.16825
0.646850000955,2.10575
0.646860000955,2.16825
0.646870000955,2.10575
0.646880000955,2.137
0.646890000955,2.16825
0.646900000955,2.137
0.646910000955,2.137
0.646920000955,2.137
0.646930000955,2.16825
0.646940000955,2.16825
0.646950000955,2.137
0.646960000955,2.137
0.646970000955,2.16825
0.646980000955,2.16825
0.646990000955,2.137
0.647000000955,2.10575
0.647010000955,2.137
0.647020000955,2.137
0.647030000955,2.137
0.647040000955,2.137
0.647050000955,2.16825
0.647060000955,2.137
0.647070000955,2.16825
0.647080000955,2.137
0.647090000955,2.10575
0.647100000955,2.1995
0.647110000955,2.137
0.647120000955,2.16825
0.647130000955,2.137
0.647140000955,2.16825
0.647150000955,2.137
0.647160000955,2.137
0.647170000955,2.16825
0.647180000955,2.16825
0.647190000955,2.137
0.647200000955,2.137
0.647210000955,2.137
0.647220000955,2.137
0.647230000955,2.137
0.647240000955,2.137
0.647250000955,2.16825
0.647260000955,2.16825
0.647270000955,2.137
0.647280000955,2.10575
0.647290000955,2.10575
0.647300000955,2.16825
0.647310000955,2.137
0.647320000955,2.137
0.647330000955,2.16825
0.647340000955,2.137
0.647350000955,2.10575
0.647360000955,2.137
0.647370000955,2.137
0.647380000955,2.137
0.647390000955,2.137
0.647400000955,2.137
0.647410000955,2.16825
0.647420000955,2.16825
0.647430000955,2.16825
0.647440000955,2.16825
0.647450000955,2.137
0.647460000955,2.137
0.647470000955,2.16825
0.647480000955,2.137
0.647490000955,2.16825
0.647500000955,2.137
0.647510000955,2.137
0.647520000955,2.1995
0.647530000955,2.137
0.647540000955,2.137
0.647550000955,2.16825
0.647560000955,2.16825
0.647570000955,2.137
0.647580000955,2.16825
0.647590000955,2.137
0.647600000955,2.16825
0.647610000955,2.16825
0.647620000955,2.137
0.647630000955,2.16825
0.647640000955,2.137
0.647650000955,2.137
0.647660000955,2.16825
0.647670000955,2.16825
0.647680000955,2.137
0.647690000955,2.16825
0.647700000955,2.16825
0.647710000955,2.16825
0.647720000955,2.16825
0.647730000955,2.16825
0.647740000955,2.1995
0.647750000955,2.137
0.647760000955,2.137
0.647770000955,2.137
0.647780000955,2.10575
0.647790000955,2.16825
0.647800000955,2.1995
0.647810000955,2.137
0.647820000955,2.137
0.647830000955,2.16825
0.647840000955,2.16825
0.647850000955,2.137
0.647860000955,2.137
0.647870000955,2.137
0.647880000955,2.137
0.647890000955,2.10575
0.647900000955,2.137
0.647910000955,2.137
0.647920000955,2.137
0.647930000955,2.137
0.647940000955,2.16825
0.647950000955,2.137
0.647960000955,2.16825
0.647970000955,2.16825
0.647980000955,2.137
0.647990000955,2.16825
0.648000000955,2.10575
0.648010000955,2.16825
0.648020000955,2.16825
0.648030000955,2.137
0.648040000955,2.16825
0.648050000955,2.137
0.648060000955,2.137
0.648070000955,2.137
0.648080000955,2.137
0.648090000955,2.137
0.648100000955,2.137
0.648110000955,2.16825
0.648120000955,2.16825
0.648130000955,2.16825
0.648140000955,2.137
0.648150000955,2.137
0.648160000955,2.16825
0.648170000955,2.137
0.648180000955,2.137
0.648190000955,2.16825
0.648200000955,2.137
0.648210000955,2.137
0.648220000955,2.137
0.648230000955,2.16825
0.648240000955,2.137
0.648250000955,2.16825
0.648260000955,2.16825
0.648270000955,2.16825
0.648280000955,2.137
0.648290000955,2.137
0.648300000955,2.16825
0.648310000955,2.137
0.648320000955,2.16825
0.648330000955,2.16825
0.648340000955,2.0745
0.648350000955,2.137
0.648360000955,2.10575
0.648370000955,2.16825
0.648380000955,2.16825
0.648390000955,2.137
0.648400000955,2.137
0.648410000955,2.137
0.648420000955,2.137
0.648430000955,2.137
0.648440000955,2.137
0.648450000955,2.10575
0.648460000955,2.16825
0.648470000955,2.16825
0.648480000955,2.16825
0.648490000955,2.137
0.648500000955,2.16825
0.648510000955,2.16825
0.648520000955,2.10575
0.648530000955,2.10575
0.648540000955,2.137
0.648550000955,2.1995
0.648560000955,2.137
0.648570000955,2.137
0.648580000955,2.16825
0.648590000955,2.137
0.648600000955,2.16825
0.648610000955,2.137
0.648620000955,2.137
0.648630000955,2.16825
0.648640000955,2.137
0.648650000955,2.137
0.648660000955,2.137
0.648670000955,2.137
0.648680000955,2.16825
0.648690000955,2.137
0.648700000955,2.16825
0.648710000955,2.10575
0.648720000955,2.137
0.648730000955,2.16825
0.648740000955,2.137
0.648750000955,2.137
0.648760000955,2.16825
0.648770000955,2.16825
0.648780000955,2.137
0.648790000955,2.137
0.648800000955,2.137
0.648810000955,2.137
0.648820000955,2.137
0.648830000955,2.137
0.648840000955,2.137
0.648850000955,2.16825
0.648860000955,2.137
0.648870000955,2.137
0.648880000955,2.137
0.648890000955,2.137
0.648900000955,2.137
0.648910000955,2.1995
0.648920000955,2.137
0.648930000955,2.10575
0.648940000955,2.137
0.648950000955,2.16825
0.648960000955,2.10575
0.648970000955,2.16825
0.648980000955,2.137
0.648990000955,2.16825
0.649000000955,2.137
0.649010000955,2.137
0.649020000955,2.137
0.649030000955,2.137
0.649040000955,2.137
0.649050000955,2.137
0.649060000955,2.16825
0.649070000955,2.137
0.649080000955,2.16825
0.649090000955,2.137
0.649100000955,2.137
0.649110000955,2.16825
0.649120000955,2.16825
0.649130000955,2.137
0.649140000955,2.10575
0.649150000955,2.16825
0.649160000955,2.137
0.649170000955,2.137
0.649180000955,2.137
0.649190000955,2.16825
0.649200000955,2.1995
0.649210000955,2.16825
0.649220000955,2.10575
0.649230000955,2.137
0.649240000955,2.137
0.649250000955,2.137
0.649260000955,2.137
0.649270000955,2.16825
0.649280000955,2.137
0.649290000955,2.16825
0.649300000955,2.1995
0.649310000955,2.16825
0.649320000955,2.16825
0.649330000955,2.10575
0.649340000955,2.16825
0.649350000955,2.16825
0.649360000955,2.16825
0.649370000955,2.16825
0.649380000955,2.137
0.649390000955,2.16825
0.649400000955,2.16825
0.649410000955,2.16825
0.649420000955,2.10575
0.649430000955,2.137
0.649440000955,2.137
0.649450000955,2.137
0.649460000955,2.137
0.649470000955,2.137
0.649480000955,2.16825
0.649490000955,2.137
0.649500000955,2.16825
0.649510000955,2.137
0.649520000955,2.16825
0.649530000955,2.137
0.649540000955,2.137
0.649550000955,2.137
0.649560000955,2.10575
0.649570000955,2.137
0.649580000955,2.137
0.649590000955,2.137
0.649600000955,2.137
0.649610000955,2.10575
0.649620000955,2.10575
0.649630000955,2.137
0.649640000955,2.16825
0.649650000955,2.137
0.649660000955,2.16825
0.649670000955,2.137
0.649680000955,2.137
0.649690000955,2.137
0.649700000955,2.137
0.649710000955,2.10575
0.649720000955,2.137
0.649730000955,2.10575
0.649740000955,2.137
0.649750000955,2.137
0.649760000955,2.137
0.649770000955,2.16825
0.649780000955,2.10575
0.649790000955,2.137
0.649800000955,2.16825
0.649810000955,2.137
0.649820000955,2.137
0.649830000955,2.137
0.649840000955,2.137
0.649850000955,2.10575
0.649860000955,2.137
0.649870000955,2.137
0.649880000955,2.16825
0.649890000955,2.16825
0.649900000955,2.137
0.649910000955,2.10575
0.649920000955,2.137
0.649930000955,2.137
0.649940000955,2.137
0.649950000955,2.137
0.649960000955,2.137
0.649970000955,2.1995
0.649980000955,2.16825
0.649990000955,2.137
0.650000000955,2.137
0.650010000955,2.16825
0.650020000955,2.16825
0.650030000955,2.137
0.650040000955,2.137
0.650050000955,2.137
0.650060000955,2.137
0.650070000955,2.137
0.650080000955,2.16825
0.650090000955,2.137
0.650100000955,2.137
0.650110000955,2.137
0.650120000955,2.137
0.650130000955,2.16825
0.650140000955,2.137
0.650150000955,2.137
0.650160000955,2.16825
0.650170000955,2.137
0.650180000955,2.137
0.650190000955,2.16825
0.650200000955,2.137
0.650210000955,2.16825
0.650220000955,2.16825
0.650230000955,2.137
0.650240000955,2.137
0.650250000955,2.137
0.650260000955,2.137
0.650270000955,2.10575
0.650280000955,2.10575
0.650290000955,2.137
0.650300000955,2.16825
0.650310000955,2.137
0.650320000955,2.137
0.650330000955,2.16825
0.650340000955,2.137
0.650350000955,2.16825
0.650360000955,2.10575
0.650370000955,2.16825
0.650380000955,2.137
0.650390000955,2.16825
0.650400000955,2.16825
0.650410000955,2.137
0.650420000955,2.1995
0.650430000955,2.137
0.650440000955,2.137
0.650450000955,2.137
0.650460000955,2.137
0.650470000955,2.137
0.650480000955,2.16825
0.650490000955,2.137
0.650500000955,2.137
0.650510000955,2.16825
0.650520000955,2.137
0.650530000955,2.137
0.650540000955,2.137
0.650550000955,2.137
0.650560000955,2.16825
0.650570000955,2.137
0.650580000955,2.16825
0.650590000955,2.137
0.650600000955,2.16825
0.650610000955,2.137
0.650620000955,2.16825
0.650630000955,2.10575
0.650640000955,2.137
0.650650000955,2.137
0.650660000955,2.137
0.650670000955,2.16825
0.650680000955,2.137
0.650690000955,2.137
0.650700000955,2.16825
0.650710000955,2.137
0.650720000955,2.137
0.650730000955,2.137
0.650740000955,2.137
0.650750000955,2.137
0.650760000955,2.137
0.650770000955,2.16825
0.650780000955,2.16825
0.650790000955,2.16825
0.650800000955,2.137
0.650810000955,2.137
0.650820000955,2.137
0.650830000955,2.137
0.650840000955,2.10575
0.650850000955,2.137
0.650860000955,2.137
0.650870000955,2.137
0.650880000955,2.16825
0.650890000955,2.137
0.650900000955,2.137
0.650910000955,2.16825
0.650920000955,2.137
0.650930000955,2.16825
0.650940000955,2.137
0.650950000955,2.16825
0.650960000955,2.137
0.650970000955,2.137
0.650980000955,2.137
0.650990000955,2.16825
0.651000000955,2.137
0.651010000955,2.137
0.651020000955,2.137
0.651030000955,2.16825
0.651040000955,2.137
0.651050000955,2.16825
0.651060000955,2.16825
0.651070000955,2.16825
0.651080000955,2.137
0.651090000955,2.137
0.651100000955,2.16825
0.651110000955,2.137
0.651120000955,2.16825
0.651130000955,2.16825
0.651140000955,2.1995
0.651150000955,2.1995
0.651160000955,2.10575
0.651170000955,2.137
0.651180000955,2.16825
0.651190000955,2.16825
0.651200000955,2.16825
0.651210000955,2.16825
0.651220000955,2.16825
0.651230000955,2.16825
0.651240000955,2.137
0.651250000955,2.16825
0.651260000955,2.137
0.651270000955,2.16825
0.651280000955,2.1995
0.651290000955,2.16825
0.651300000955,2.137
0.651310000955,2.16825
0.651320000955,2.16825
0.651330000955,2.137
0.651340000955,2.16825
0.651350000955,2.16825
0.651360000955,2.137
0.651370000955,2.137
0.651380000955,2.16825
0.651390000955,2.16825
0.651400000955,2.137
0.651410000955,2.16825
0.651420000955,2.137
0.651430000955,2.137
0.651440000955,2.10575
0.651450000955,2.16825
0.651460000955,2.137
0.651470000955,2.137
0.651480000955,2.137
0.651490000955,2.137
0.651500000955,2.10575
0.651510000955,2.137
0.651520000955,2.137
0.651530000955,2.10575
0.651540000955,2.137
0.651550000955,2.16825
0.651560000955,2.16825
0.651570000955,2.137
0.651580000955,2.16825
0.651590000955,2.137
0.651600000955,2.10575
0.651610000955,2.137
0.651620000955,2.10575
0.651630000955,2.16825
0.651640000955,2.137
0.651650000955,2.16825
0.651660000955,2.137
0.651670000955,2.16825
0.651680000955,2.16825
0.651690000955,2.137
0.651700000955,2.16825
0.651710000955,2.16825
0.651720000955,2.16825
0.651730000955,2.137
0.651740000955,2.16825
0.651750000955,2.137
0.651760000955,2.137
0.651770000955,2.137
0.651780000955,2.137
0.651790000955,2.137
0.651800000955,2.16825
0.651810000955,2.137
0.651820000955,2.137
0.651830000955,2.137
0.651840000955,2.137
0.651850000955,2.137
0.651860000955,2.16825
0.651870000955,2.137
0.651880000955,2.16825
0.651890000955,2.137
0.651900000955,2.16825
0.651910000955,2.137
0.651920000955,2.10575
0.651930000955,2.137
0.651940000955,2.137
0.651950000955,2.16825
0.651960000955,2.16825
0.651970000955,2.16825
0.651980000955,2.16825
0.651990000955,2.16825
0.652000000955,2.16825
0.652010000955,2.137
0.652020000955,2.137
0.652030000955,2.0745
0.652040000955,2.137
0.652050000955,2.137
0.652060000955,2.137
0.652070000955,2.137
0.652080000955,2.16825
0.652090000955,2.137
0.652100000955,2.137
0.652110000955,2.16825
0.652120000955,2.137
0.652130000955,2.10575
0.652140000955,2.10575
0.652150000955,2.16825
0.652160000955,2.137
0.652170000955,2.16825
0.652180000955,2.137
0.652190000955,2.16825
0.652200000955,2.16825
0.652210000955,2.16825
0.652220000955,2.1995
0.652230000955,2.137
0.652240000955,2.137
0.652250000955,2.10575
0.652260000955,2.137
0.652270000955,2.137
0.652280000955,2.16825
0.652290000955,2.137
0.652300000955,2.16825
0.652310000955,2.16825
0.652320000955,2.137
0.652330000955,2.16825
0.652340000955,2.137
0.652350000955,2.10575
0.652360000955,2.137
0.652370000955,2.16825
0.652380000955,2.16825
0.652390000955,2.16825
0.652400000955,2.137
0.652410000955,2.137
0.652420000955,2.137
0.652430000955,2.16825
0.652440000955,2.137
0.652450000955,2.10575
0.652460000955,2.137
0.652470000955,2.16825
0.652480000955,2.137
0.652490000955,2.16825
0.652500000955,2.16825
0.652510000955,2.16825
0.652520000955,2.137
0.652530000955,2.137
0.652540000955,2.137
0.652550000955,2.137
0.652560000955,2.16825
0.652570000955,2.137
0.652580000955,2.10575
0.652590000955,2.16825
0.652600000955,2.137
0.652610000955,2.137
0.652620000955,2.16825
0.652630000955,2.137
0.652640000955,2.137
0.652650000955,2.16825
0.652660000955,2.10575
0.652670000955,2.137
0.652680000955,2.10575
0.652690000955,2.16825
0.652700000955,2.16825
0.652710000955,2.137
0.652720000955,2.137
0.652730000955,2.16825
0.652740000955,2.16825
0.652750000955,2.16825
0.652760000955,2.16825
0.652770000955,2.1995
0.652780000955,2.10575
0.652790000955,2.137
0.652800000955,2.137
0.652810000955,2.16825
0.652820000955,2.137
0.652830000955,2.137
0.652840000955,2.16825
0.652850000955,2.16825
0.652860000955,2.137
0.652870000955,2.137
0.652880000955,2.137
0.652890000955,2.137
0.652900000955,2.16825
0.652910000955,2.137
0.652920000955,2.137
0.652930000955,2.16825
0.652940000955,2.137
0.652950000955,2.137
0.652960000955,2.16825
0.652970000955,2.16825
0.652980000955,2.137
0.652990000955,2.16825
0.653000000955,2.137
0.653010000955,2.16825
0.653020000955,2.16825
0.653030000955,2.137
0.653040000955,2.137
0.653050000955,2.137
0.653060000955,2.137
0.653070000955,2.16825
0.653080000955,2.137
0.653090000955,2.137
0.653100000955,2.10575
0.653110000955,2.16825
0.653120000955,2.10575
0.653130000955,2.16825
0.653140000955,2.16825
0.653150000955,2.16825
0.653160000955,2.137
0.653170000955,2.1995
0.653180000955,2.137
0.653190000955,2.137
0.653200000955,2.137
0.653210000955,2.137
0.653220000955,2.16825
0.653230000955,2.137
0.653240000955,2.137
0.653250000955,2.16825
0.653260000955,2.137
0.653270000955,2.137
0.653280000955,2.137
0.653290000955,2.137
0.653300000955,2.137
0.653310000955,2.137
0.653320000955,2.137
0.653330000955,2.16825
0.653340000955,2.137
0.653350000955,2.10575
0.653360000955,2.137
0.653370000955,2.10575
0.653380000955,2.137
0.653390000955,2.16825
0.653400000955,2.16825
0.653410000955,2.16825
0.653420000955,2.16825
0.653430000955,2.137
0.653440000955,2.137
0.653450000955,2.137
0.653460000955,2.137
0.653470000955,2.137
0.653480000955,2.137
0.653490000955,2.1995
0.653500000955,2.16825
0.653510000955,2.16825
0.653520000955,2.137
0.653530000955,2.16825
0.653540000955,2.16825
0.653550000955,2.16825
0.653560000955,2.16825
0.653570000955,2.137
0.653580000955,2.137
0.653590000955,2.137
0.653600000955,2.137
0.653610000955,2.16825
0.653620000955,2.10575
0.653630000955,2.16825
0.653640000955,2.137
0.653650000955,2.137
0.653660000955,2.137
0.653670000955,2.16825
0.653680000955,2.137
0.653690000955,2.16825
0.653700000955,2.10575
0.653710000955,2.16825
0.653720000955,2.137
0.653730000955,2.16825
0.653740000955,2.137
0.653750000955,2.137
0.653760000955,2.10575
0.653770000955,2.16825
0.653780000955,2.137
0.653790000955,2.137
0.653800000955,2.137
0.653810000955,2.137
0.653820000955,2.137
0.653830000955,2.1995
0.653840000955,2.137
0.653850000955,2.137
0.653860000955,2.137
0.653870000955,2.137
0.653880000955,2.137
0.653890000955,2.137
0.653900000955,2.10575
0.653910000955,2.16825
0.653920000955,2.16825
0.653930000955,2.137
0.653940000955,2.10575
0.653950000955,2.16825
0.653960000955,2.137
0.653970000955,2.137
0.653980000955,2.137
0.653990000955,2.16825
0.654000000955,2.16825
0.654010000955,2.137
0.654020000955,2.137
0.654030000955,2.1995
0.654040000955,2.137
0.654050000955,2.16825
0.654060000955,2.137
0.654070000955,2.137
0.654080000955,2.137
0.654090000955,2.137
0.654100000955,2.137
0.654110000955,2.16825
0.654120000955,2.137
0.654130000955,2.16825
0.654140000955,2.10575
0.654150000955,2.137
0.654160000955,2.1995
0.654170000955,2.137
0.654180000955,2.137
0.654190000955,2.137
0.654200000955,2.137
0.654210000955,2.137
0.654220000955,2.137
0.654230000955,2.16825
0.654240000955,2.137
0.654250000955,2.137
0.654260000955,2.137
0.654270000955,2.16825
0.654280000955,2.16825
0.654290000955,2.137
0.654300000955,2.137
0.654310000955,2.16825
0.654320000955,2.16825
0.654330000955,2.16825
0.654340000955,2.16825
0.654350000955,2.137
0.654360000955,2.137
0.654370000955,2.16825
0.654380000955,2.16825
0.654390000955,2.16825
0.654400000955,2.137
0.654410000955,2.16825
0.654420000955,2.16825
0.654430000955,2.137
0.654440000955,2.16825
0.654450000955,2.10575
0.654460000955,2.137
0.654470000955,2.137
0.654480000955,2.16825
0.654490000955,2.16825
0.654500000955,2.16825
0.654510000955,2.16825
0.654520000955,2.137
0.654530000955,2.137
0.654540000955,2.16825
0.654550000955,2.16825
0.654560000955,2.137
0.654570000955,2.16825
0.654580000955,2.10575
0.654590000955,2.16825
0.654600000955,2.10575
0.654610000955,2.137
0.654620000955,2.137
0.654630000955,2.137
0.654640000955,2.16825
0.654650000955,2.16825
0.654660000955,2.137
0.654670000955,2.137
0.654680000955,2.137
0.654690000955,2.137
0.654700000955,2.10575
0.654710000955,2.16825
0.654720000955,2.16825
0.654730000955,2.137
0.654740000955,2.137
0.654750000955,2.16825
0.654760000955,2.137
0.654770000955,2.16825
0.654780000955,2.10575
0.654790000955,2.137
0.654800000955,2.137
0.654810000955,2.16825
0.654820000955,2.137
0.654830000955,2.137
0.654840000955,2.137
0.654850000955,2.137
0.654860000955,2.16825
0.654870000955,2.137
0.654880000955,2.137
0.654890000955,2.16825
0.654900000955,2.137
0.654910000955,2.16825
0.654920000955,2.137
0.654930000955,2.137
0.654940000955,2.16825
0.654950000955,2.16825
0.654960000955,2.137
0.654970000955,2.16825
0.654980000955,2.137
0.654990000955,2.137
0.655000000955,2.16825
0.655010000955,2.137
0.655020000955,2.137
0.655030000955,2.16825
0.655040000955,2.137
0.655050000955,2.10575
0.655060000955,2.16825
0.655070000955,2.137
0.655080000955,2.16825
0.655090000955,2.16825
0.655100000955,2.16825
0.655110000955,2.137
0.655120000955,2.16825
0.655130000955,2.16825
0.655140000955,2.10575
0.655150000955,2.137
0.655160000955,2.16825
0.655170000955,2.137
0.655180000955,2.137
0.655190000955,2.16825
0.655200000955,2.137
0.655210000955,2.16825
0.655220000955,2.16825
0.655230000955,2.137
0.655240000955,2.16825
0.655250000955,2.16825
0.655260000955,2.137
0.655270000955,2.1995
0.655280000955,2.16825
0.655290000955,2.16825
0.655300000955,2.137
0.655310000955,2.16825
0.655320000955,2.16825
0.655330000955,2.137
0.655340000955,2.137
0.655350000955,2.137
0.655360000955,2.137
0.655370000955,2.137
0.655380000955,2.137
0.655390000955,2.137
0.655400000955,2.137
0.655410000955,2.10575
0.655420000955,2.1995
0.655430000955,2.137
0.655440000955,2.16825
0.655450000955,2.1995
0.655460000955,2.137
0.655470000955,2.137
0.655480000955,2.16825
0.655490000955,2.16825
0.655500000955,2.16825
0.655510000955,2.16825
0.655520000955,2.137
0.655530000955,2.137
0.655540000955,2.10575
0.655550000955,2.137
0.655560000955,2.137
0.655570000955,2.137
0.655580000955,2.10575
0.655590000955,2.137
0.655600000955,2.137
0.655610000955,2.137
0.655620000955,2.137
0.655630000955,2.137
0.655640000955,2.137
0.655650000955,2.16825
0.655660000955,2.137
0.655670000955,2.137
0.655680000955,2.137
0.655690000955,2.137
0.655700000955,2.137
0.655710000955,2.16825
0.655720000955,2.10575
0.655730000955,2.137
0.655740000955,2.1995
0.655750000955,2.137
0.655760000955,2.137
0.655770000955,2.16825
0.655780000955,2.137
0.655790000955,2.137
0.655800000955,2.137
0.655810000955,2.137
0.655820000955,2.137
0.655830000955,2.137
0.655840000955,2.137
0.655850000955,2.16825
0.655860000955,2.16825
0.655870000955,2.137
0.655880000955,2.137
0.655890000955,2.137
0.655900000955,2.137
0.655910000955,2.137
0.655920000955,2.16825
0.655930000955,2.137
0.655940000955,2.137
0.655950000955,2.137
0.655960000955,2.10575
0.655970000955,2.16825
0.655980000955,2.16825
0.655990000955,2.16825
0.656000000955,2.137
0.656010000955,2.137
0.656020000955,2.137
0.656030000955,2.16825
0.656040000955,2.16825
0.656050000955,2.137
0.656060000955,2.10575
0.656070000955,2.137
0.656080000955,2.16825
0.656090000955,2.137
0.656100000955,2.137
0.656110000955,2.137
0.656120000955,2.137
0.656130000955,2.16825
0.656140000955,2.137
0.656150000955,2.16825
0.656160000955,2.10575
0.656170000955,2.137
0.656180000955,2.16825
0.656190000955,2.137
0.656200000955,2.16825
0.656210000955,2.137
0.656220000955,2.137
0.656230000955,2.137
0.656240000955,2.16825
0.656250000955,2.16825
0.656260000955,2.137
0.656270000955,2.1995
0.656280000955,2.137
0.656290000955,2.137
0.656300000955,2.137
0.656310000955,2.137
0.656320000955,2.137
0.656330000955,2.137
0.656340000955,2.16825
0.656350000955,2.16825
0.656360000955,2.137
0.656370000955,2.137
0.656380000955,2.16825
0.656390000955,2.137
0.656400000955,2.137
0.656410000955,2.16825
0.656420000955,2.137
0.656430000955,2.137
0.656440000955,2.137
0.656450000955,2.16825
0.656460000955,2.137
0.656470000955,2.137
0.656480000955,2.16825
0.656490000955,2.16825
0.656500000955,2.137
0.656510000955,2.137
0.656520000955,2.16825
0.656530000955,2.137
0.656540000955,2.137
0.656550000955,2.137
0.656560000955,2.16825
0.656570000955,2.10575
0.656580000955,2.16825
0.656590000955,2.16825
0.656600000955,2.137
0.656610000955,2.1995
0.656620000955,2.16825
0.656630000955,2.137
0.656640000955,2.137
0.656650000955,2.137
0.656660000955,2.16825
0.656670000955,2.16825
0.656680000955,2.16825
0.656690000955,2.137
0.656700000955,2.16825
0.656710000955,2.137
0.656720000955,2.137
0.656730000955,2.137
0.656740000955,2.16825
0.656750000955,2.137
0.656760000955,2.137
0.656770000955,2.137
0.656780000955,2.16825
0.656790000955,2.137
0.656800000955,2.137
0.656810000955,2.16825
0.656820000955,2.137
0.656830000955,2.16825
0.656840000955,2.137
0.656850000955,2.137
0.656860000955,2.16825
0.656870000955,2.137
0.656880000955,2.137
0.656890000955,2.137
0.656900000955,2.16825
0.656910000955,2.16825
0.656920000955,2.137
0.656930000955,2.137
0.656940000955,2.137
0.656950000955,2.16825
0.656960000955,2.137
0.656970000955,2.137
0.656980000955,2.137
0.656990000955,2.16825
0.657000000955,2.16825
0.657010000955,2.137
0.657020000955,2.137
0.657030000955,2.137
0.657040000955,2.137
0.657050000955,2.16825
0.657060000955,2.137
0.657070000955,2.137
0.657080000955,2.137
0.657090000955,2.137
0.657100000955,2.16825
0.657110000955,2.16825
0.657120000955,2.137
0.657130000955,2.16825
0.657140000955,2.137
0.657150000955,2.10575
0.657160000955,2.137
0.657170000955,2.16825
0.657180000955,2.16825
0.657190000955,2.16825
0.657200000955,2.137
0.657210000955,2.16825
0.657220000955,2.137
0.657230000955,2.137
0.657240000955,2.137
0.657250000955,2.137
0.657260000955,2.16825
0.657270000955,2.16825
0.657280000955,2.10575
0.657290000955,2.137
0.657300000955,2.137
0.657310000955,2.137
0.657320000955,2.137
0.657330000955,2.10575
0.657340000955,2.137
0.657350000955,2.16825
0.657360000955,2.137
0.657370000955,2.10575
0.657380000955,2.10575
0.657390000955,2.137
0.657400000955,2.137
0.657410000955,2.137
0.657420000955,2.137
0.657430000955,2.16825
0.657440000955,2.137
0.657450000955,2.10575
0.657460000955,2.137
0.657470000955,2.16825
0.657480000955,2.137
0.657490000955,2.10575
0.657500000955,2.137
0.657510000955,2.137
0.657520000955,2.10575
0.657530000955,2.137
0.657540000955,2.137
0.657550000955,2.137
0.657560000955,2.137
0.657570000955,2.137
0.657580000955,2.137
0.657590000955,2.1995
0.657600000955,2.137
0.657610000955,2.16825
0.657620000955,2.137
0.657630000955,2.10575
0.657640000955,2.137
0.657650000955,2.137
0.657660000955,2.16825
0.657670000955,2.137
0.657680000955,2.16825
0.657690000955,2.137
0.657700000955,2.137
0.657710000955,2.16825
0.657720000955,2.16825
0.657730000955,2.137
0.657740000955,2.137
0.657750000955,2.137
0.657760000955,2.137
0.657770000955,2.16825
0.657780000955,2.10575
0.657790000955,2.137
0.657800000955,2.10575
0.657810000955,2.137
0.657820000955,2.137
0.657830000955,2.137
0.657840000955,2.137
0.657850000955,2.137
0.657860000955,2.16825
0.657870000955,2.137
0.657880000955,2.137
0.657890000955,2.137
0.657900000955,2.137
0.657910000955,2.137
0.657920000955,2.16825
0.657930000955,2.16825
0.657940000955,2.137
0.657950000955,2.137
0.657960000955,2.137
0.657970000955,2.16825
0.657980000955,2.16825
0.657990000955,2.137
0.658000000955,2.137
0.658010000955,2.137
0.658020000955,2.137
0.658030000955,2.137
0.658040000955,2.137
0.658050000955,2.137
0.658060000955,2.137
0.658070000955,2.137
0.658080000955,2.137
0.658090000955,2.16825
0.658100000955,2.137
0.658110000955,2.16825
0.658120000955,2.137
0.658130000955,2.137
0.658140000955,2.137
0.658150000955,2.10575
0.658160000955,2.137
0.658170000955,2.137
0.658180000955,2.137
0.658190000955,2.10575
0.658200000955,2.137
0.658210000955,2.137
0.658220000955,2.137
0.658230000955,2.16825
0.658240000955,2.137
0.658250000955,2.137
0.658260000955,2.137
0.658270000955,2.16825
0.658280000955,2.137
0.658290000955,2.137
0.658300000955,2.137
0.658310000955,2.137
0.658320000955,2.16825
0.658330000955,2.137
0.658340000955,2.10575
0.658350000955,2.10575
0.658360000955,2.137
0.658370000955,2.10575
0.658380000955,2.16825
0.658390000955,2.137
0.658400000955,2.10575
0.658410000955,2.137
0.658420000955,2.16825
0.658430000955,2.10575
0.658440000955,2.137
0.658450000955,2.10575
0.658460000955,2.137
0.658470000955,2.137
0.658480000955,2.137
0.658490000955,2.10575
0.658500000955,2.137
0.658510000955,2.137
0.658520000955,2.137
0.658530000955,2.137
0.658540000955,2.1995
0.658550000955,2.10575
0.658560000955,2.137
0.658570000955,2.137
0.658580000955,2.137
0.658590000955,2.137
0.658600000955,2.137
0.658610000955,2.16825
0.658620000955,2.137
0.658630000955,2.137
0.658640000955,2.137
0.658650000955,2.137
0.658660000955,2.137
0.658670000955,2.137
0.658680000955,2.10575
0.658690000955,2.16825
0.658700000955,2.137
0.658710000955,2.10575
0.658720000955,2.137
0.658730000955,2.0745
0.658740000955,2.137
0.658750000955,2.137
0.658760000955,2.16825
0.658770000955,2.16825
0.658780000955,2.16825
0.658790000955,2.16825
0.658800000955,2.137
0.658810000955,2.137
0.658820000955,2.137
0.658830000955,2.10575
0.658840000955,2.10575
0.658850000955,2.10575
0.658860000955,2.10575
0.658870000955,2.137
0.658880000955,2.16825
0.658890000955,2.16825
0.658900000955,2.137
0.658910000955,2.137
0.658920000955,2.137
0.658930000955,2.137
0.658940000955,2.137
0.658950000955,2.10575
0.658960000955,2.10575
0.658970000955,2.10575
0.658980000955,2.137
0.658990000955,2.10575
0.659000000955,2.137
0.659010000955,2.137
0.659020000955,2.137
0.659030000955,2.16825
0.659040000955,2.137
0.659050000955,2.10575
0.659060000955,2.137
0.659070000955,2.137
0.659080000955,2.10575
0.659090000955,2.10575
0.659100000955,2.16825
0.659110000955,2.137
0.659120000955,2.10575
0.659130000955,2.10575
0.659140000955,2.137
0.659150000955,2.10575
0.659160000955,2.10575
0.659170000955,2.16825
0.659180000955,2.137
0.659190000955,2.137
0.659200000955,2.137
0.659210000955,2.137
0.659220000955,2.10575
0.659230000955,2.10575
0.659240000955,2.137
0.659250000955,2.10575
0.659260000955,2.137
0.659270000955,2.10575
0.659280000955,2.16825
0.659290000955,2.16825
0.659300000955,2.10575
0.659310000955,2.137
0.659320000955,2.10575
0.659330000955,2.137
0.659340000955,2.10575
0.659350000955,2.137
0.659360000955,2.10575
0.659370000955,2.137
0.659380000955,2.137
0.659390000955,2.16825
0.659400000955,2.10575
0.659410000955,2.137
0.659420000955,2.10575
0.659430000955,2.10575
0.659440000955,2.137
0.659450000955,2.137
0.659460000955,2.137
0.659470000955,2.10575
0.659480000955,2.137
0.659490000955,2.137
0.659500000955,2.10575
0.659510000955,2.10575
0.659520000955,2.10575
0.659530000955,2.137
0.659540000955,2.137
0.659550000955,2.10575
0.659560000955,2.10575
0.659570000955,2.137
0.659580000955,2.10575
0.659590000955,2.137
0.659600000955,2.10575
0.659610000955,2.0745
0.659620000955,2.10575
0.659630000955,2.10575
0.659640000955,2.10575
0.659650000955,2.10575
0.659660000955,2.10575
0.659670000955,2.16825
0.659680000955,2.16825
0.659690000955,2.16825
0.659700000955,2.10575
0.659710000955,2.137
0.659720000955,2.137
0.659730000955,2.10575
0.659740000955,2.137
0.659750000955,2.137
0.659760000955,2.137
0.659770000955,2.10575
0.659780000955,2.137
0.659790000955,2.137
0.659800000955,2.137
0.659810000955,2.137
0.659820000955,2.137
0.659830000955,2.137
0.659840000955,2.137
0.659850000955,2.137
0.659860000955,2.0745
0.659870000955,2.10575
0.659880000955,2.137
0.659890000955,2.10575
0.659900000955,2.10575
0.659910000955,2.137
0.659920000955,2.137
0.659930000955,2.137
0.659940000955,2.10575
0.659950000955,2.137
0.659960000955,2.10575
0.659970000955,2.137
0.659980000955,2.137
0.659990000955,2.137
0.660000000955,2.10575
0.660010000955,2.137
0.660020000955,2.137
0.660030000955,2.137
0.660040000955,2.137
0.660050000955,2.137
0.660060000955,2.137
0.660070000955,2.137
0.660080000955,2.137
0.660090000955,2.10575
0.660100000955,2.10575
0.660110000955,2.10575
0.660120000955,2.137
0.660130000955,2.10575
0.660140000955,2.10575
0.660150000955,2.10575
0.660160000955,2.10575
0.660170000955,2.137
0.660180000955,2.137
0.660190000955,2.10575
0.660200000955,2.137
0.660210000955,2.10575
0.660220000955,2.137
0.660230000955,2.137
0.660240000955,2.137
0.660250000955,2.137
0.660260000955,2.10575
0.660270000955,2.137
0.660280000955,2.137
0.660290000955,2.10575
0.660300000955,2.10575
0.660310000955,2.10575
0.660320000955,2.137
0.660330000955,2.10575
0.660340000955,2.137
0.660350000955,2.10575
0.660360000955,2.10575
0.660370000955,2.10575
0.660380000955,2.137
0.660390000955,2.16825
0.660400000955,2.137
0.660410000955,2.137
0.660420000955,2.137
0.660430000955,2.10575
0.660440000955,2.137
0.660450000955,2.10575
0.660460000955,2.10575
0.660470000955,2.10575
0.660480000955,2.137
0.660490000955,2.10575
0.660500000955,2.137
0.660510000955,2.10575
0.660520000955,2.10575
0.660530000955,2.137
0.660540000955,2.137
0.660550000955,2.10575
0.660560000955,2.137
0.660570000955,2.137
0.660580000955,2.137
0.660590000955,2.10575
0.660600000955,2.10575
0.660610000955,2.10575
0.660620000955,2.137
0.660630000955,2.10575
0.660640000955,2.10575
0.660650000955,2.137
0.660660000955,2.137
0.660670000955,2.0745
0.660680000955,2.10575
0.660690000955,2.0745
0.660700000955,2.137
0.660710000955,2.10575
0.660720000955,2.137
0.660730000955,2.0745
0.660740000955,2.137
0.660750000955,2.10575
0.660760000955,2.137
0.660770000955,2.137
0.660780000955,2.10575
0.660790000955,2.10575
0.660800000955,2.137
0.660810000955,2.137
0.660820000955,2.10575
0.660830000955,2.137
0.660840000955,2.10575
0.660850000955,2.10575
0.660860000955,2.137
0.660870000955,2.16825
0.660880000955,2.16825
0.660890000955,2.137
0.660900000955,2.10575
0.660910000955,2.137
0.660920000955,2.137
0.660930000955,2.10575
0.660940000955,2.16825
0.660950000955,2.137
0.660960000955,2.10575
0.660970000955,2.137
0.660980000955,2.10575
0.660990000955,2.10575
0.661000000955,2.137
0.661010000955,2.16825
0.661020000955,2.137
0.661030000955,2.137
0.661040000955,2.16825
0.661050000955,2.137
0.661060000955,2.137
0.661070000955,2.137
0.661080000955,2.137
0.661090000955,2.16825
0.661100000955,2.137
0.661110000955,2.137
0.661120000955,2.137
0.661130000955,2.137
0.661140000955,2.137
0.661150000955,2.137
0.661160000955,2.16825
0.661170000955,2.10575
0.661180000955,2.16825
0.661190000955,2.16825
0.661200000955,2.16825
0.661210000955,2.137
0.661220000955,2.137
0.661230000955,2.137
0.661240000955,2.137
0.661250000955,2.137
0.661260000955,2.137
0.661270000955,2.0745
0.661280000955,2.137
0.661290000955,2.137
0.661300000955,2.137
0.661310000955,2.16825
0.661320000955,2.137
0.661330000955,2.137
0.661340000955,2.16825
0.661350000955,2.137
0.661360000955,2.16825
0.661370000955,2.137
0.661380000955,2.10575
0.661390000955,2.137
0.661400000955,2.0745
0.661410000955,2.16825
0.661420000955,2.137
0.661430000955,2.16825
0.661440000955,2.10575
0.661450000955,2.10575
0.661460000955,2.137
0.661470000955,2.137
0.661480000955,2.10575
0.661490000955,2.137
0.661500000955,2.10575
0.661510000955,2.10575
0.661520000955,2.16825
0.661530000955,2.137
0.661540000955,2.10575
0.661550000955,2.0745
0.661560000955,2.137
0.661570000955,2.10575
0.661580000955,2.137
0.661590000955,2.10575
0.661600000955,2.137
0.661610000955,2.137
0.661620000955,2.137
0.661630000955,2.0745
0.661640000955,2.137
0.661650000955,2.10575
0.661660000955,2.137
0.661670000955,2.16825
0.661680000955,2.10575
0.661690000955,2.137
0.661700000955,2.137
0.661710000955,2.137
0.661720000955,2.16825
0.661730000955,2.137
0.661740000955,2.10575
0.661750000955,2.137
0.661760000955,2.16825
0.661770000955,2.137
0.661780000955,2.137
0.661790000955,2.137
0.661800000955,2.16825
0.661810000955,2.137
0.661820000955,2.10575
0.661830000955,2.10575
0.661840000955,2.137
0.661850000955,2.137
0.661860000955,2.137
0.661870000955,2.137
0.661880000955,2.137
0.661890000955,2.137
0.661900000955,2.10575
0.661910000955,2.137
0.661920000955,2.137
0.661930000955,2.10575
0.661940000955,2.137
0.661950000955,2.16825
0.661960000955,2.10575
0.661970000955,2.137
0.661980000955,2.10575
0.661990000955,2.137
0.662000000955,2.137
0.662010000955,2.137
0.662020000955,2.137
0.662030000955,2.10575
0.662040000955,2.137
0.662050000955,2.10575
0.662060000955,2.137
0.662070000955,2.137
0.662080000955,2.137
0.662090000955,2.10575
0.662100000955,2.10575
0.662110000955,2.137
0.662120000955,2.16825
0.662130000955,2.137
0.662140000955,2.137
0.662150000955,2.137
0.662160000955,2.137
0.662170000955,2.10575
0.662180000955,2.137
0.662190000955,2.10575
0.662200000955,2.10575
0.662210000955,2.137
0.662220000955,2.137
0.662230000955,2.137
0.662240000955,2.10575
0.662250000955,2.137
0.662260000955,2.137
0.662270000955,2.137
0.662280000955,2.10575
0.662290000955,2.137
0.662300000955,2.10575
0.662310000955,2.137
0.662320000955,2.10575
0.662330000955,2.16825
0.662340000955,2.16825
0.662350000955,2.16825
0.662360000955,2.10575
0.662370000955,2.137
0.662380000955,2.137
0.662390000955,2.137
0.662400000955,2.10575
0.662410000955,2.16825
0.662420000955,2.10575
0.662430000955,2.137
0.662440000955,2.16825
0.662450000955,2.137
0.662460000955,2.137
0.662470000955,2.137
0.662480000955,2.16825
0.662490000955,2.137
0.662500000955,2.137
0.662510000955,2.137
0.662520000955,2.10575
0.662530000955,2.137
0.662540000955,2.16825
0.662550000955,2.137
0.662560000955,2.10575
0.662570000955,2.137
0.662580000955,2.137
0.662590000955,2.10575
0.662600000955,2.137
0.662610000955,2.137
0.662620000955,2.10575
0.662630000955,2.10575
0.662640000955,2.137
0.662650000955,2.137
0.662660000955,2.10575
0.662670000955,2.10575
0.662680000955,2.137
0.662690000955,2.137
0.662700000955,2.137
0.662710000955,2.10575
0.662720000955,2.137
0.662730000955,2.16825
0.662740000955,2.137
0.662750000955,2.10575
0.662760000955,2.0745
0.662770000955,2.10575
0.662780000955,2.137
0.662790000955,2.137
0.662800000955,2.137
0.662810000955,2.137
0.662820000955,2.137
0.662830000955,2.137
0.662840000955,2.10575
0.662850000955,2.137
0.662860000955,2.10575
0.662870000955,2.137
0.662880000955,2.137
0.662890000955,2.137
0.662900000955,2.137
0.662910000955,2.137
0.662920000955,2.137
0.662930000955,2.10575
0.662940000955,2.137
0.662950000955,2.137
0.662960000955,2.10575
0.662970000955,2.137
0.662980000955,2.10575
0.662990000955,2.137
0.663000000955,2.137
0.663010000955,2.16825
0.663020000955,2.137
0.663030000955,2.10575
0.663040000955,2.16825
0.663050000955,2.137
0.663060000955,2.10575
0.663070000955,2.10575
0.663080000955,2.137
0.663090000955,2.137
0.663100000955,2.10575
0.663110000955,2.10575
0.663120000955,2.10575
0.663130000955,2.137
0.663140000955,2.137
0.663150000955,2.137
0.663160000955,2.137
0.663170000955,2.137
0.663180000955,2.137
0.663190000955,2.10575
0.663200000955,2.0745
0.663210000955,2.10575
0.663220000955,2.137
0.663230000955,2.0745
0.663240000955,2.10575
0.663250000955,2.137
0.663260000955,2.137
0.663270000955,2.10575
0.663280000955,2.137
0.663290000955,2.10575
0.663300000955,2.137
0.663310000955,2.137
0.663320000955,2.16825
0.663330000955,2.10575
0.663340000955,2.137
0.663350000955,2.137
0.663360000955,2.16825
0.663370000955,2.137
0.663380000955,2.16825
0.663390000955,2.137
0.663400000955,2.137
0.663410000955,2.137
0.663420000955,2.137
0.663430000955,2.10575
0.663440000955,2.137
0.663450000955,2.137
0.663460000955,2.10575
0.663470000955,2.137
0.663480000955,2.10575
0.663490000955,2.137
0.663500000955,2.137
0.663510000955,2.137
0.663520000955,2.10575
0.663530000955,2.10575
0.663540000955,2.137
0.663550000955,2.137
0.663560000955,2.137
0.663570000955,2.137
0.663580000955,2.10575
0.663590000955,2.16825
0.663600000955,2.137
0.663610000955,2.10575
0.663620000955,2.137
0.663630000955,2.137
0.663640000955,2.137
0.663650000955,2.137
0.663660000955,2.16825
0.663670000955,2.137
0.663680000955,2.137
0.663690000955,2.16825
0.663700000955,2.10575
0.663710000955,2.10575
0.663720000955,2.10575
0.663730000955,2.16825
0.663740000955,2.10575
0.663750000955,2.137
0.663760000955,2.137
0.663770000955,2.137
0.663780000955,2.137
0.663790000955,2.137
0.663800000955,2.10575
0.663810000955,2.137
0.663820000955,2.137
0.663830000955,2.137
0.663840000955,2.137
0.663850000955,2.137
0.663860000955,2.137
0.663870000955,2.10575
0.663880000955,2.137
0.663890000955,2.137
0.663900000955,2.137
0.663910000955,2.16825
0.663920000955,2.10575
0.663930000955,2.16825
0.663940000955,2.137
0.663950000955,2.137
0.663960000955,2.16825
0.663970000955,2.137
0.663980000955,2.10575
0.663990000955,2.10575
0.664000000955,2.137
0.664010000955,2.16825
0.664020000955,2.10575
0.664030000955,2.10575
0.664040000955,2.10575
0.664050000955,2.10575
0.664060000955,2.137
0.664070000955,2.137
0.664080000955,2.137
0.664090000955,2.137
0.664100000955,2.10575
0.664110000955,2.137
0.664120000955,2.10575
0.664130000955,2.137
0.664140000955,2.10575
0.664150000955,2.137
0.664160000955,2.10575
0.664170000955,2.10575
0.664180000955,2.137
0.664190000955,2.10575
0.664200000955,2.10575
0.664210000955,2.137
0.664220000955,2.137
0.664230000955,2.137
0.664240000955,2.10575
0.664250000955,2.137
0.664260000955,2.137
0.664270000955,2.137
0.664280000955,2.137
0.664290000955,2.10575
0.664300000955,2.16825
0.664310000955,2.137
0.664320000955,2.137
0.664330000955,2.137
0.664340000955,2.137
0.664350000955,2.16825
0.664360000955,2.137
0.664370000955,2.137
0.664380000955,2.137
0.664390000955,2.137
0.664400000955,2.137
0.664410000955,2.137
0.664420000955,2.137
0.664430000955,2.137
0.664440000955,2.10575
0.664450000955,2.137
0.664460000955,2.137
0.664470000955,2.137
0.664480000955,2.10575
0.664490000955,2.137
0.664500000955,2.137
0.664510000955,2.10575
0.664520000955,2.137
0.664530000955,2.10575
0.664540000955,2.137
0.664550000955,2.137
0.664560000955,2.137
0.664570000955,2.16825
0.664580000955,2.10575
0.664590000955,2.10575
0.664600000955,2.16825
0.664610000955,2.137
0.664620000955,2.137
0.664630000955,2.137
0.664640000955,2.137
0.664650000955,2.137
0.664660000955,2.137
0.664670000955,2.137
0.664680000955,2.137
0.664690000955,2.137
0.664700000955,2.137
0.664710000955,2.0745
0.664720000955,2.10575
0.664730000955,2.137
0.664740000955,2.10575
0.664750000955,2.137
0.664760000955,2.16825
0.664770000955,2.10575
0.664780000955,2.10575
0.664790000955,2.10575
0.664800000955,2.10575
0.664810000955,2.10575
0.664820000955,2.137
0.664830000955,2.137
0.664840000955,2.10575
0.664850000955,2.10575
0.664860000955,2.137
0.664870000955,2.10575
0.664880000955,2.16825
0.664890000955,2.10575
0.664900000955,2.137
0.664910000955,2.137
0.664920000955,2.16825
0.664930000955,2.10575
0.664940000955,2.10575
0.664950000955,2.16825
0.664960000955,2.10575
0.664970000955,2.137
0.664980000955,2.137
0.664990000955,2.137
0.665000000955,2.137
0.665010000955,2.137
0.665020000955,2.137
0.665030000955,2.137
0.665040000955,2.137
0.665050000955,2.137
0.665060000955,2.10575
0.665070000955,2.10575
0.665080000955,2.10575
0.665090000955,2.137
0.665100000955,2.137
0.665110000955,2.10575
0.665120000955,2.137
0.665130000955,2.137
0.665140000955,2.137
0.665150000955,2.137
0.665160000955,2.137
0.665170000955,2.137
0.665180000955,2.137
0.665190000955,2.10575
0.665200000955,2.137
0.665210000955,2.137
0.665220000955,2.10575
0.665230000955,2.10575
0.665240000955,2.10575
0.665250000955,2.16825
0.665260000955,2.137
0.665270000955,2.137
0.665280000955,2.137
0.665290000955,2.10575
0.665300000955,2.10575
0.665310000955,2.137
0.665320000955,2.10575
0.665330000955,2.137
0.665340000955,2.137
0.665350000955,2.10575
0.665360000955,2.137
0.665370000955,2.137
0.665380000955,2.137
0.665390000955,2.137
0.665400000955,2.137
0.665410000955,2.137
0.665420000955,2.137
0.665430000955,2.10575
0.665440000955,2.16825
0.665450000955,2.10575
0.665460000955,2.137
0.665470000955,2.137
0.665480000955,2.137
0.665490000955,2.137
0.665500000955,2.16825
0.665510000955,2.137
0.665520000955,2.137
0.665530000955,2.137
0.665540000955,2.16825
0.665550000955,2.137
0.665560000955,2.10575
0.665570000955,2.16825
0.665580000955,2.137
0.665590000955,2.137
0.665600000955,2.137
0.665610000955,2.137
0.665620000955,2.137
0.665630000955,2.137
0.665640000955,2.16825
0.665650000955,2.10575
0.665660000955,2.137
0.665670000955,2.10575
0.665680000955,2.10575
0.665690000955,2.137
0.665700000955,2.16825
0.665710000955,2.137
0.665720000955,2.16825
0.665730000955,2.16825
0.665740000955,2.10575
0.665750000955,2.16825
0.665760000955,2.137
0.665770000955,2.10575
0.665780000955,2.10575
0.665790000955,2.137
0.665800000955,2.137
0.665810000955,2.16825
0.665820000955,2.137
0.665830000955,2.137
0.665840000955,2.137
0.665850000955,2.137
0.665860000955,2.137
0.665870000955,2.137
0.665880000955,2.137
0.665890000955,2.16825
0.665900000955,2.10575
0.665910000955,2.137
0.665920000955,2.137
0.665930000955,2.137
0.665940000955,2.137
0.665950000955,2.1995
0.665960000955,2.137
0.665970000955,2.10575
0.665980000955,2.137
0.665990000955,2.10575
0.666000000955,2.137
0.666010000955,2.16825
0.666020000955,2.137
0.666030000955,2.137
0.666040000955,2.10575
0.666050000955,2.137
0.666060000955,2.137
0.666070000955,2.10575
0.666080000955,2.10575
0.666090000955,2.10575
0.666100000955,2.16825
0.666110000955,2.16825
0.666120000955,2.137
0.666130000955,2.10575
0.666140000955,2.137
0.666150000955,2.137
0.666160000955,2.10575
0.666170000955,2.137
0.666180000955,2.137
0.666190000955,2.137
0.666200000955,2.137
0.666210000955,2.10575
0.666220000955,2.137
0.666230000955,2.137
0.666240000955,2.16825
0.666250000955,2.137
0.666260000955,2.137
0.666270000955,2.137
0.666280000955,2.137
0.666290000955,2.10575
0.666300000955,2.137
0.666310000955,2.16825
0.666320000955,2.137
0.666330000955,2.137
0.666340000955,2.16825
0.666350000955,2.16825
0.666360000955,2.10575
0.666370000955,2.137
0.666380000955,2.16825
0.666390000955,2.137
0.666400000955,2.137
0.666410000955,2.137
0.666420000955,2.10575
0.666430000955,2.137
0.666440000955,2.137
0.666450000955,2.137
0.666460000955,2.16825
0.666470000955,2.137
0.666480000955,2.10575
0.666490000955,2.10575
0.666500000955,2.137
0.666510000955,2.10575
0.666520000955,2.137
0.666530000955,2.137
0.666540000955,2.16825
0.666550000955,2.137
0.666560000955,2.10575
0.666570000955,2.137
0.666580000955,2.10575
0.666590000955,2.10575
0.666600000955,2.137
0.666610000955,2.0745
0.666620000955,2.137
0.666630000955,2.16825
0.666640000955,2.10575
0.666650000955,2.137
0.666660000955,2.10575
0.666670000955,2.137
0.666680000955,2.137
0.666690000955,2.137
0.666700000955,2.137
0.666710000955,2.137
0.666720000955,2.137
0.666730000955,2.137
0.666740000955,2.137
0.666750000955,2.16825
0.666760000955,2.137
0.666770000955,2.137
0.666780000955,2.10575
0.666790000955,2.16825
0.666800000955,2.16825
0.666810000955,2.137
0.666820000955,2.137
0.666830000955,2.137
0.666840000955,2.10575
0.666850000955,2.16825
0.666860000955,2.137
0.666870000955,2.10575
0.666880000955,2.10575
0.666890000955,2.137
0.666900000955,2.137
0.666910000955,2.16825
0.666920000955,2.16825
0.666930000955,2.16825
0.666940000955,2.137
0.666950000955,2.137
0.666960000955,2.137
0.666970000955,2.10575
0.666980000955,2.137
0.666990000955,2.137
0.667000000955,2.137
0.667010000955,2.137
0.667020000955,2.10575
0.667030000955,2.137
0.667040000955,2.137
0.667050000955,2.16825
0.667060000955,2.16825
0.667070000955,2.16825
0.667080000955,2.137
0.667090000955,2.137
0.667100000955,2.137
0.667110000955,2.137
0.667120000955,2.137
0.667130000955,2.137
0.667140000955,2.16825
0.667150000955,2.137
0.667160000955,2.137
0.667170000955,2.137
0.667180000955,2.137
0.667190000955,2.137
0.667200000955,2.16825
0.667210000955,2.10575
0.667220000955,2.10575
0.667230000955,2.137
0.667240000955,2.16825
0.667250000955,2.10575
0.667260000955,2.137
0.667270000955,2.16825
0.667280000955,2.137
0.667290000955,2.10575
0.667300000955,2.137
0.667310000955,2.10575
0.667320000955,2.137
0.667330000955,2.137
0.667340000955,2.137
0.667350000955,2.0745
0.667360000955,2.16825
0.667370000955,2.137
0.667380000955,2.137
0.667390000955,2.137
0.667400000955,2.10575
0.667410000955,2.137
0.667420000955,2.10575
0.667430000955,2.137
0.667440000955,2.137
0.667450000955,2.137
0.667460000955,2.137
0.667470000955,2.137
0.667480000955,2.137
0.667490000955,2.137
0.667500000955,2.10575
0.667510000955,2.137
0.667520000955,2.137
0.667530000955,2.16825
0.667540000955,2.137
0.667550000955,2.10575
0.667560000955,2.16825
0.667570000955,2.137
0.667580000955,2.137
0.667590000955,2.137
0.667600000955,2.137
0.667610000955,2.137
0.667620000955,2.137
0.667630000955,2.137
0.667640000955,2.137
0.667650000955,2.137
0.667660000955,2.137
0.667670000955,2.10575
0.667680000955,2.137
0.667690000955,2.137
0.667700000955,2.137
0.667710000955,2.137
0.667720000955,2.10575
0.667730000955,2.10575
0.667740000955,2.137
0.667750000955,2.10575
0.667760000955,2.10575
0.667770000955,2.137
0.667780000955,2.137
0.667790000955,2.137
0.667800000955,2.137
0.667810000955,2.137
0.667820000955,2.137
0.667830000955,2.10575
0.667840000955,2.137
0.667850000955,2.137
0.667860000955,2.137
0.667870000955,2.16825
0.667880000955,2.137
0.667890000955,2.10575
0.667900000955,2.137
0.667910000955,2.10575
0.667920000955,2.10575
0.667930000955,2.137
0.667940000955,2.16825
0.667950000955,2.10575
0.667960000955,2.10575
0.667970000955,2.137
0.667980000955,2.10575
0.667990000955,2.10575
0.668000000955,2.137
0.668010000955,2.16825
0.668020000955,2.137
0.668030000955,2.16825
0.668040000955,2.137
0.668050000955,2.137
0.668060000955,2.137
0.668070000955,2.10575
0.668080000955,2.137
0.668090000955,2.137
0.668100000955,2.137
0.668110000955,2.137
0.668120000955,2.137
0.668130000955,2.16825
0.668140000955,2.137
0.668150000955,2.137
0.668160000955,2.137
0.668170000955,2.137
0.668180000955,2.10575
0.668190000955,2.10575
0.668200000955,2.137
0.668210000955,2.137
0.668220000955,2.10575
0.668230000955,2.137
0.668240000955,2.137
0.668250000955,2.137
0.668260000955,2.137
0.668270000955,2.10575
0.668280000955,2.137
0.668290000955,2.137
0.668300000955,2.137
0.668310000955,2.137
0.668320000955,2.10575
0.668330000955,2.16825
0.668340000955,2.10575
0.668350000955,2.137
0.668360000955,2.137
0.668370000955,2.10575
0.668380000955,2.137
0.668390000955,2.10575
0.668400000955,2.137
0.668410000955,2.137
0.668420000955,2.137
0.668430000955,2.137
0.668440000955,2.137
0.668450000955,2.10575
0.668460000955,2.137
0.668470000955,2.10575
0.668480000955,2.137
0.668490000955,2.137
0.668500000955,2.10575
0.668510000955,2.137
0.668520000955,2.137
0.668530000955,2.137
0.668540000955,2.137
0.668550000955,2.137
0.668560000955,2.137
0.668570000955,2.10575
0.668580000955,2.10575
0.668590000955,2.137
0.668600000955,2.137
0.668610000955,2.10575
0.668620000955,2.137
0.668630000955,2.137
0.668640000955,2.137
0.668650000955,2.137
0.668660000955,2.137
0.668670000955,2.137
0.668680000955,2.16825
0.668690000955,2.137
0.668700000955,2.10575
0.668710000955,2.10575
0.668720000955,2.10575
0.668730000955,2.16825
0.668740000955,2.10575
0.668750000955,2.137
0.668760000955,2.137
0.668770000955,2.137
0.668780000955,2.16825
0.668790000955,2.10575
0.668800000955,2.137
0.668810000955,2.137
0.668820000955,2.10575
0.668830000955,2.10575
0.668840000955,2.137
0.668850000955,2.10575
0.668860000955,2.137
0.668870000955,2.137
0.668880000955,2.10575
0.668890000955,2.137
0.668900000955,2.137
0.668910000955,2.10575
0.668920000955,2.10575
0.668930000955,2.137
0.668940000955,2.137
0.668950000955,2.137
0.668960000955,2.16825
0.668970000955,2.137
0.668980000955,2.16825
0.668990000955,2.10575
0.669000000955,2.137
0.669010000955,2.137
0.669020000955,2.10575
0.669030000955,2.137
0.669040000955,2.137
0.669050000955,2.137
0.669060000955,2.137
0.669070000955,2.16825
0.669080000955,2.137
0.669090000955,2.137
0.669100000955,2.137
0.669110000955,2.137
0.669120000955,2.137
0.669130000955,2.137
0.669140000955,2.137
0.669150000955,2.137
0.669160000955,2.16825
0.669170000955,2.137
0.669180000955,2.16825
0.669190000955,2.137
0.669200000955,2.137
0.669210000955,2.137
0.669220000955,2.137
0.669230000955,2.16825
0.669240000955,2.137
0.669250000955,2.137
0.669260000955,2.137
0.669270000955,2.10575
0.669280000955,2.16825
0.669290000955,2.137
0.669300000955,2.137
0.669310000955,2.137
0.669320000955,2.137
0.669330000955,2.137
0.669340000955,2.10575
0.669350000955,2.137
0.669360000955,2.16825
0.669370000955,2.137
0.669380000955,2.16825
0.669390000955,2.137
0.669400000955,2.16825
0.669410000955,2.137
0.669420000955,2.137
0.669430000955,2.10575
0.669440000955,2.137
0.669450000955,2.137
0.669460000955,2.137
0.669470000955,2.137
0.669480000955,2.137
0.669490000955,2.137
0.669500000955,2.137
0.669510000955,2.137
0.669520000955,2.137
0.669530000955,2.137
0.669540000955,2.137
0.669550000955,2.137
0.669560000955,2.16825
0.669570000955,2.10575
0.669580000955,2.16825
0.669590000955,2.137
0.669600000955,2.137
0.669610000955,2.137
0.669620000955,2.137
0.669630000955,2.137
0.669640000955,2.137
0.669650000955,2.137
0.669660000955,2.137
0.669670000955,2.137
0.669680000955,2.16825
0.669690000955,2.16825
0.669700000955,2.137
0.669710000955,2.137
0.669720000955,2.137
0.669730000955,2.10575
0.669740000955,2.137
0.669750000955,2.137
0.669760000955,2.16825
0.669770000955,2.137
0.669780000955,2.16825
0.669790000955,2.137
0.669800000955,2.10575
0.669810000955,2.137
0.669820000955,2.137
0.669830000955,2.10575
0.669840000955,2.10575
0.669850000955,2.10575
0.669860000955,2.16825
0.669870000955,2.137
0.669880000955,2.10575
0.669890000955,2.137
0.669900000955,2.10575
0.669910000955,2.137
0.669920000955,2.16825
0.669930000955,2.10575
0.669940000955,2.137
0.669950000955,2.10575
0.669960000955,2.137
0.669970000955,2.10575
0.669980000955,2.137
0.669990000955,2.137
0.670000000955,2.137
0.670010000955,2.137
0.670020000955,2.10575
0.670030000955,2.137
0.670040000955,2.10575
0.670050000955,2.137
0.670060000955,2.137
0.670070000955,2.16825
0.670080000955,2.137
0.670090000955,2.16825
0.670100000955,2.137
0.670110000955,2.137
0.670120000955,2.137
0.670130000955,2.137
0.670140000955,2.137
0.670150000955,2.137
0.670160000955,2.16825
0.670170000955,2.137
0.670180000955,2.137
0.670190000955,2.10575
0.670200000955,2.16825
0.670210000955,2.10575
0.670220000955,2.137
0.670230000955,2.16825
0.670240000955,2.137
0.670250000955,2.137
0.670260000955,2.10575
0.670270000955,2.1995
0.670280000955,2.16825
0.670290000955,2.137
0.670300000955,2.137
0.670310000955,2.137
0.670320000955,2.10575
0.670330000955,2.16825
0.670340000955,2.16825
0.670350000955,2.16825
0.670360000955,2.137
0.670370000955,2.137
0.670380000955,2.137
0.670390000955,2.137
0.670400000955,2.137
0.670410000955,2.137
0.670420000955,2.16825
0.670430000955,2.16825
0.670440000955,2.10575
0.670450000955,2.16825
0.670460000955,2.16825
0.670470000955,2.10575
0.670480000955,2.16825
0.670490000955,2.137
0.670500000955,2.137
0.670510000955,2.137
0.670520000955,2.16825
0.670530000955,2.137
0.670540000955,2.0745
0.670550000955,2.137
0.670560000955,2.137
0.670570000955,2.137
0.670580000955,2.16825
0.670590000955,2.137
0.670600000955,2.137
0.670610000955,2.16825
0.670620000955,2.16825
0.670630000955,2.137
0.670640000955,2.16825
0.670650000955,2.16825
0.670660000955,2.137
0.670670000955,2.137
0.670680000955,2.137
0.670690000955,2.137
0.670700000955,2.16825
0.670710000955,2.10575
0.670720000955,2.16825
0.670730000955,2.16825
0.670740000955,2.137
0.670750000955,2.10575
0.670760000955,2.10575
0.670770000955,2.137
0.670780000955,2.137
0.670790000955,2.137
0.670800000955,2.10575
0.670810000955,2.10575
0.670820000955,2.137
0.670830000955,2.16825
0.670840000955,2.10575
0.670850000955,2.137
0.670860000955,2.137
0.670870000955,2.137
0.670880000955,2.137
0.670890000955,2.137
0.670900000955,2.16825
0.670910000955,2.137
0.670920000955,2.16825
0.670930000955,2.16825
0.670940000955,2.137
0.670950000955,2.137
0.670960000955,2.137
0.670970000955,2.137
0.670980000955,2.137
0.670990000955,2.16825
0.671000000955,2.137
0.671010000955,2.137
0.671020000955,2.137
0.671030000955,2.137
0.671040000955,2.10575
0.671050000955,2.137
0.671060000955,2.137
0.671070000955,2.10575
0.671080000955,2.10575
0.671090000955,2.137
0.671100000955,2.137
0.671110000955,2.137
0.671120000955,2.137
0.671130000955,2.137
0.671140000955,2.10575
0.671150000955,2.16825
0.671160000955,2.137
0.671170000955,2.137
0.671180000955,2.16825
0.671190000955,2.137
0.671200000955,2.16825
0.671210000955,2.137
0.671220000955,2.137
0.671230000955,2.137
0.671240000955,2.137
0.671250000955,2.137
0.671260000955,2.10575
0.671270000955,2.137
0.671280000955,2.137
0.671290000955,2.137
0.671300000955,2.16825
0.671310000955,2.16825
0.671320000955,2.137
0.671330000955,2.137
0.671340000955,2.10575
0.671350000955,2.10575
0.671360000955,2.137
0.671370000955,2.137
0.671380000955,2.137
0.671390000955,2.16825
0.671400000955,2.16825
0.671410000955,2.16825
0.671420000955,2.137
0.671430000955,2.137
0.671440000955,2.137
0.671450000955,2.137
0.671460000955,2.16825
0.671470000955,2.137
0.671480000955,2.16825
0.671490000955,2.137
0.671500000955,2.16825
0.671510000955,2.137
0.671520000955,2.137
0.671530000955,2.16825
0.671540000955,2.16825
0.671550000955,2.137
0.671560000955,2.137
0.671570000955,2.16825
0.671580000955,2.16825
0.671590000955,2.137
0.671600000955,2.16825
0.671610000955,2.137
0.671620000955,2.16825
0.671630000955,2.137
0.671640000955,2.137
0.671650000955,2.137
0.671660000955,2.16825
0.671670000955,2.137
0.671680000955,2.137
0.671690000955,2.10575
0.671700000955,2.16825
0.671710000955,2.16825
0.671720000955,2.137
0.671730000955,2.137
0.671740000955,2.16825
0.671750000955,2.137
0.671760000955,2.137
0.671770000955,2.10575
0.671780000955,2.137
0.671790000955,2.10575
0.671800000955,2.16825
0.671810000955,2.10575
0.671820000955,2.16825
0.671830000955,2.137
0.671840000955,2.10575
0.671850000955,2.137
0.671860000955,2.137
0.671870000955,2.10575
0.671880000955,2.16825
0.671890000955,2.16825
0.671900000955,2.1995
0.671910000955,2.10575
0.671920000955,2.137
0.671930000955,2.137
0.671940000955,2.137
0.671950000955,2.137
0.671960000955,2.16825
0.671970000955,2.10575
0.671980000955,2.137
0.671990000955,2.16825
0.672000000955,2.10575
0.672010000955,2.137
0.672020000955,2.16825
0.672030000955,2.16825
0.672040000955,2.137
0.672050000955,2.137
0.672060000955,2.137
0.672070000955,2.137
0.672080000955,2.137
0.672090000955,2.137
0.672100000955,2.137
0.672110000955,2.137
0.672120000955,2.137
0.672130000955,2.137
0.672140000955,2.10575
0.672150000955,2.16825
0.672160000955,2.137
0.672170000955,2.137
0.672180000955,2.137
0.672190000955,2.137
0.672200000955,2.10575
0.672210000955,2.137
0.672220000955,2.137
0.672230000955,2.137
0.672240000955,2.137
0.672250000955,2.16825
0.672260000955,2.137
0.672270000955,2.16825
0.672280000955,2.16825
0.672290000955,2.137
0.672300000955,2.10575
0.672310000955,2.10575
0.672320000955,2.137
0.672330000955,2.137
0.672340000955,2.137
0.672350000955,2.137
0.672360000955,2.16825
0.672370000955,2.137
0.672380000955,2.137
0.672390000955,2.10575
0.672400000955,2.137
0.672410000955,2.137
0.672420000955,2.137
0.672430000955,2.10575
0.672440000955,2.137
0.672450000955,2.137
0.672460000955,2.137
0.672470000955,2.10575
0.672480000955,2.16825
0.672490000955,2.10575
0.672500000955,2.137
0.672510000955,2.10575
0.672520000955,2.16825
0.672530000955,2.137
0.672540000955,2.16825
0.672550000955,2.137
0.672560000955,2.10575
0.672570000955,2.137
0.672580000955,2.10575
0.672590000955,2.137
0.672600000955,2.137
0.672610000955,2.137
0.672620000955,2.16825
0.672630000955,2.16825
0.672640000955,2.10575
0.672650000955,2.10575
0.672660000955,2.16825
0.672670000955,2.137
0.672680000955,2.137
0.672690000955,2.137
0.672700000955,2.137
0.672710000955,2.137
0.672720000955,2.137
0.672730000955,2.137
0.672740000955,2.16825
0.672750000955,2.10575
0.672760000955,2.137
0.672770000955,2.137
0.672780000955,2.137
0.672790000955,2.137
0.672800000955,2.137
0.672810000955,2.137
0.672820000955,2.10575
0.672830000955,2.137
0.672840000955,2.137
0.672850000955,2.10575
0.672860000955,2.10575
0.672870000955,2.16825
0.672880000955,2.16825
0.672890000955,2.10575
0.672900000955,2.137
0.672910000955,2.137
0.672920000955,2.137
0.672930000955,2.10575
0.672940000955,2.137
0.672950000955,2.137
0.672960000955,2.16825
0.672970000955,2.137
0.672980000955,2.137
0.672990000955,2.10575
0.673000000955,2.137
0.673010000955,2.137
0.673020000955,2.137
0.673030000955,2.16825
0.673040000955,2.10575
0.673050000955,2.10575
0.673060000955,2.10575
0.673070000955,2.10575
0.673080000955,2.16825
0.673090000955,2.137
0.673100000955,2.137
0.673110000955,2.16825
0.673120000955,2.10575
0.673130000955,2.137
0.673140000955,2.137
0.673150000955,2.137
0.673160000955,2.16825
0.673170000955,2.137
0.673180000955,2.137
0.673190000955,2.16825
0.673200000955,2.10575
0.673210000955,2.137
0.673220000955,2.10575
0.673230000955,2.10575
0.673240000955,2.137
0.673250000955,2.10575
0.673260000955,2.137
0.673270000955,2.10575
0.673280000955,2.10575
0.673290000955,2.137
0.673300000955,2.16825
0.673310000955,2.10575
0.673320000955,2.137
0.673330000955,2.16825
0.673340000955,2.137
0.673350000955,2.16825
0.673360000955,2.10575
0.673370000955,2.137
0.673380000955,2.16825
0.673390000955,2.137
0.673400000955,2.137
0.673410000955,2.137
0.673420000955,2.10575
0.673430000955,2.137
0.673440000955,2.137
0.673450000955,2.137
0.673460000955,2.16825
0.673470000955,2.10575
0.673480000955,2.137
0.673490000955,2.137
0.673500000955,2.137
0.673510000955,2.137
0.673520000955,2.137
0.673530000955,2.137
0.673540000955,2.16825
0.673550000955,2.16825
0.673560000955,2.137
0.673570000955,2.16825
0.673580000955,2.137
0.673590000955,2.137
0.673600000955,2.137
0.673610000955,2.137
0.673620000955,2.10575
0.673630000955,2.137
0.673640000955,2.137
0.673650000955,2.137
0.673660000955,2.137
0.673670000955,2.137
0.673680000955,2.137
0.673690000955,2.137
0.673700000955,2.137
0.673710000955,2.137
0.673720000955,2.10575
0.673730000955,2.137
0.673740000955,2.137
0.673750000955,2.16825
0.673760000955,2.137
0.673770000955,2.137
0.673780000955,2.137
0.673790000955,2.137
0.673800000955,2.137
0.673810000955,2.137
0.673820000955,2.10575
0.673830000955,2.137
0.673840000955,2.16825
0.673850000955,2.137
0.673860000955,2.10575
0.673870000955,2.16825
0.673880000955,2.137
0.673890000955,2.137
0.673900000955,2.0745
0.673910000955,2.137
0.673920000955,2.137
0.673930000955,2.137
0.673940000955,2.137
0.673950000955,2.137
0.673960000955,2.137
0.673970000955,2.137
0.673980000955,2.137
0.673990000955,2.16825
0.674000000955,2.137
0.674010000955,2.16825
0.674020000955,2.137
0.674030000955,2.16825
0.674040000955,2.137
0.674050000955,2.16825
0.674060000955,2.137
0.674070000955,2.10575
0.674080000955,2.137
0.674090000955,2.137
0.674100000955,2.16825
0.674110000955,2.137
0.674120000955,2.16825
0.674130000955,2.16825
0.674140000955,2.10575
0.674150000955,2.137
0.674160000955,2.137
0.674170000955,2.16825
0.674180000955,2.137
0.674190000955,2.16825
0.674200000955,2.137
0.674210000955,2.137
0.674220000955,2.10575
0.674230000955,2.137
0.674240000955,2.16825
0.674250000955,2.137
0.674260000955,2.16825
0.674270000955,2.16825
0.674280000955,2.137
0.674290000955,2.137
0.674300000955,2.10575
0.674310000955,2.137
0.674320000955,2.137
0.674330000955,2.10575
0.674340000955,2.16825
0.674350000955,2.137
0.674360000955,2.137
0.674370000955,2.16825
0.674380000955,2.137
0.674390000955,2.137
0.674400000955,2.137
0.674410000955,2.10575
0.674420000955,2.137
0.674430000955,2.10575
0.674440000955,2.16825
0.674450000955,2.1995
0.674460000955,2.137
0.674470000955,2.137
0.674480000955,2.137
0.674490000955,2.137
0.674500000955,2.137
0.674510000955,2.137
0.674520000955,2.137
0.674530000955,2.137
0.674540000955,2.16825
0.674550000955,2.10575
0.674560000955,2.137
0.674570000955,2.10575
0.674580000955,2.137
0.674590000955,2.10575
0.674600000955,2.137
0.674610000955,2.137
0.674620000955,2.137
0.674630000955,2.16825
0.674640000955,2.16825
0.674650000955,2.137
0.674660000955,2.137
0.674670000955,2.16825
0.674680000955,2.137
0.674690000955,2.16825
0.674700000955,2.16825
0.674710000955,2.137
0.674720000955,2.137
0.674730000955,2.10575
0.674740000955,2.10575
0.674750000955,2.137
0.674760000955,2.16825
0.674770000955,2.137
0.674780000955,2.137
0.674790000955,2.137
0.674800000955,2.137
0.674810000955,2.16825
0.674820000955,2.137
0.674830000955,2.16825
0.674840000955,2.0745
0.674850000955,2.16825
0.674860000955,2.137
0.674870000955,2.10575
0.674880000955,2.10575
0.674890000955,2.137
0.674900000955,2.137
0.674910000955,2.10575
0.674920000955,2.16825
0.674930000955,2.137
0.674940000955,2.137
0.674950000955,2.137
0.674960000955,2.10575
0.674970000955,2.137
0.674980000955,2.137
0.674990000955,2.137
0.675000000955,2.137
0.675010000955,2.137
0.675020000955,2.10575
0.675030000955,2.137
0.675040000955,2.137
0.675050000955,2.137
0.675060000955,2.137
0.675070000955,2.137
0.675080000955,2.16825
0.675090000955,2.10575
0.675100000955,2.137
0.675110000955,2.137
0.675120000955,2.137
0.675130000955,2.16825
0.675140000955,2.137
0.675150000955,2.137
0.675160000955,2.16825
0.675170000955,2.137
0.675180000955,2.137
0.675190000955,2.1995
0.675200000955,2.137
0.675210000955,2.137
0.675220000955,2.137
0.675230000955,2.10575
0.675240000955,2.137
0.675250000955,2.137
0.675260000955,2.137
0.675270000955,2.16825
0.675280000955,2.137
0.675290000955,2.137
0.675300000955,2.137
0.675310000955,2.137
0.675320000955,2.137
0.675330000955,2.137
0.675340000955,2.137
0.675350000955,2.137
0.675360000955,2.137
0.675370000955,2.137
0.675380000955,2.137
0.675390000955,2.10575
0.675400000955,2.16825
0.675410000955,2.137
0.675420000955,2.137
0.675430000955,2.137
0.675440000955,2.137
0.675450000955,2.137
0.675460000955,2.137
0.675470000955,2.137
0.675480000955,2.16825
0.675490000955,2.137
0.675500000955,2.137
0.675510000955,2.137
0.675520000955,2.137
0.675530000955,2.137
0.675540000955,2.137
0.675550000955,2.10575
0.675560000955,2.16825
0.675570000955,2.137
0.675580000955,2.10575
0.675590000955,2.16825
0.675600000955,2.137
0.675610000955,2.16825
0.675620000955,2.137
0.675630000955,2.137
0.675640000955,2.16825
0.675650000955,2.137
0.675660000955,2.137
0.675670000955,2.137
0.675680000955,2.16825
0.675690000955,2.16825
0.675700000955,2.10575
0.675710000955,2.137
0.675720000955,2.10575
0.675730000955,2.137
0.675740000955,2.16825
0.675750000955,2.137
0.675760000955,2.16825
0.675770000955,2.137
0.675780000955,2.137
0.675790000955,2.10575
0.675800000955,2.137
0.675810000955,2.10575
0.675820000955,2.16825
0.675830000955,2.137
0.675840000955,2.1995
0.675850000955,2.137
0.675860000955,2.137
0.675870000955,2.16825
0.675880000955,2.10575
0.675890000955,2.137
0.675900000955,2.137
0.675910000955,2.137
0.675920000955,2.10575
0.675930000955,2.137
0.675940000955,2.137
0.675950000955,2.137
0.675960000955,2.16825
0.675970000955,2.16825
0.675980000955,2.137
0.675990000955,2.137
0.676000000955,2.137
0.676010000955,2.10575
0.676020000955,2.10575
0.676030000955,2.137
0.676040000955,2.137
0.676050000955,2.16825
0.676060000955,2.137
0.676070000955,2.137
0.676080000955,2.16825
0.676090000955,2.137
0.676100000955,2.137
0.676110000955,2.137
0.676120000955,2.137
0.676130000955,2.137
0.676140000955,2.10575
0.676150000955,2.137
0.676160000955,2.16825
0.676170000955,2.137
0.676180000955,2.137
0.676190000955,2.16825
0.676200000955,2.137
0.676210000955,2.137
0.676220000955,2.16825
0.676230000955,2.16825
0.676240000955,2.137
0.676250000955,2.16825
0.676260000955,2.137
0.676270000955,2.16825
0.676280000955,2.137
0.676290000955,2.16825
0.676300000955,2.137
0.676310000955,2.16825
0.676320000955,2.16825
0.676330000955,2.16825
0.676340000955,2.137
0.676350000955,2.137
0.676360000955,2.137
0.676370000955,2.137
0.676380000955,2.10575
0.676390000955,2.16825
0.676400000955,2.10575
0.676410000955,2.137
0.676420000955,2.137
0.676430000955,2.1995
0.676440000955,2.10575
0.676450000955,2.16825
0.676460000955,2.16825
0.676470000955,2.16825
0.676480000955,2.137
0.676490000955,2.10575
0.676500000955,2.137
0.676510000955,2.10575
0.676520000955,2.16825
0.676530000955,2.137
0.676540000955,2.137
0.676550000955,2.16825
0.676560000955,2.137
0.676570000955,2.137
0.676580000955,2.16825
0.676590000955,2.137
0.676600000955,2.16825
0.676610000955,2.10575
0.676620000955,2.10575
0.676630000955,2.137
0.676640000955,2.137
0.676650000955,2.137
0.676660000955,2.16825
0.676670000955,2.16825
0.676680000955,2.16825
0.676690000955,2.137
0.676700000955,2.137
0.676710000955,2.137
0.676720000955,2.137
0.676730000955,2.137
0.676740000955,2.137
0.676750000955,2.137
0.676760000955,2.137
0.676770000955,2.137
0.676780000955,2.137
0.676790000955,2.137
0.676800000955,2.137
0.676810000955,2.137
0.676820000955,2.137
0.676830000955,2.137
0.676840000955,2.137
0.676850000955,2.137
0.676860000955,2.137
0.676870000955,2.137
0.676880000955,2.137
0.676890000955,2.137
0.676900000955,2.16825
0.676910000955,2.10575
0.676920000955,2.137
0.676930000955,2.16825
0.676940000955,2.137
0.676950000955,2.137
0.676960000955,2.137
0.676970000955,2.10575
0.676980000955,2.16825
0.676990000955,2.16825
0.677000000955,2.16825
0.677010000955,2.16825
0.677020000955,2.16825
0.677030000955,2.10575
0.677040000955,2.137
0.677050000955,2.137
0.677060000955,2.10575
0.677070000955,2.137
0.677080000955,2.10575
0.677090000955,2.137
0.677100000955,2.1995
0.677110000955,2.10575
0.677120000955,2.137
0.677130000955,2.16825
0.677140000955,2.137
0.677150000955,2.10575
0.677160000955,2.137
0.677170000955,2.137
0.677180000955,2.16825
0.677190000955,2.137
0.677200000955,2.137
0.677210000955,2.137
0.677220000955,2.10575
0.677230000955,2.16825
0.677240000955,2.137
0.677250000955,2.16825
0.677260000955,2.137
0.677270000955,2.137
0.677280000955,2.16825
0.677290000955,2.16825
0.677300000955,2.137
0.677310000955,2.16825
0.677320000955,2.16825
0.677330000955,2.137
0.677340000955,2.137
0.677350000955,2.16825
0.677360000955,2.137
0.677370000955,2.137
0.677380000955,2.137
0.677390000955,2.137
0.677400000955,2.16825
0.677410000955,2.10575
0.677420000955,2.137
0.677430000955,2.16825
0.677440000955,2.137
0.677450000955,2.137
0.677460000955,2.137
0.677470000955,2.137
0.677480000955,2.137
0.677490000955,2.137
0.677500000955,2.137
0.677510000955,2.137
0.677520000955,2.137
0.677530000955,2.137
0.677540000955,2.137
0.677550000955,2.137
0.677560000955,2.137
0.677570000955,2.137
0.677580000955,2.137
0.677590000955,2.137
0.677600000955,2.137
0.677610000955,2.137
0.677620000955,2.137
0.677630000955,2.137
0.677640000955,2.137
0.677650000955,2.16825
0.677660000955,2.137
0.677670000955,2.137
0.677680000955,2.137
0.677690000955,2.16825
0.677700000955,2.137
0.677710000955,2.16825
0.677720000955,2.16825
0.677730000955,2.16825
0.677740000955,2.10575
0.677750000955,2.137
0.677760000955,2.16825
0.677770000955,2.137
0.677780000955,2.137
0.677790000955,2.137
0.677800000955,2.10575
0.677810000955,2.137
0.677820000955,2.16825
0.677830000955,2.137
0.677840000955,2.137
0.677850000955,2.16825
0.677860000955,2.10575
0.677870000955,2.137
0.677880000955,2.137
0.677890000955,2.137
0.677900000955,2.10575
0.677910000955,2.137
0.677920000955,2.137
0.677930000955,2.137
0.677940000955,2.137
0.677950000955,2.137
0.677960000955,2.137
0.677970000955,2.137
0.677980000955,2.137
0.677990000955,2.137
0.678000000955,2.137
0.678010000955,2.137
0.678020000955,2.137
0.678030000955,2.16825
0.678040000955,2.137
0.678050000955,2.137
0.678060000955,2.137
0.678070000955,2.137
0.678080000955,2.16825
0.678090000955,2.137
0.678100000955,2.16825
0.678110000955,2.137
0.678120000955,2.10575
0.678130000955,2.137
0.678140000955,2.16825
0.678150000955,2.137
0.678160000955,2.137
0.678170000955,2.137
0.678180000955,2.137
0.678190000955,2.137
0.678200000955,2.137
0.678210000955,2.16825
0.678220000955,2.137
0.678230000955,2.16825
0.678240000955,2.137
0.678250000955,2.10575
0.678260000955,2.16825
0.678270000955,2.137
0.678280000955,2.16825
0.678290000955,2.16825
0.678300000955,2.137
0.678310000955,2.16825
0.678320000955,2.137
0.678330000955,2.137
0.678340000955,2.16825
0.678350000955,2.16825
0.678360000955,2.137
0.678370000955,2.137
0.678380000955,2.10575
0.678390000955,2.16825
0.678400000955,2.16825
0.678410000955,2.137
0.678420000955,2.16825
0.678430000955,2.16825
0.678440000955,2.16825
0.678450000955,2.16825
0.678460000955,2.16825
0.678470000955,2.137
0.678480000955,2.137
0.678490000955,2.16825
0.678500000955,2.137
0.678510000955,2.137
0.678520000955,2.16825
0.678530000955,2.1995
0.678540000955,2.137
0.678550000955,2.137
0.678560000955,2.10575
0.678570000955,2.10575
0.678580000955,2.137
0.678590000955,2.137
0.678600000955,2.10575
0.678610000955,2.137
0.678620000955,2.137
0.678630000955,2.137
0.678640000955,2.137
0.678650000955,2.137
0.678660000955,2.137
0.678670000955,2.16825
0.678680000955,2.10575
0.678690000955,2.137
0.678700000955,2.16825
0.678710000955,2.10575
0.678720000955,2.137
0.678730000955,2.16825
0.678740000955,2.137
0.678750000955,2.137
0.678760000955,2.16825
0.678770000955,2.137
0.678780000955,2.137
0.678790000955,2.16825
0.678800000955,2.16825
0.678810000955,2.10575
0.678820000955,2.137
0.678830000955,2.137
0.678840000955,2.16825
0.678850000955,2.1995
0.678860000955,2.137
0.678870000955,2.137
0.678880000955,2.10575
0.678890000955,2.137
0.678900000955,2.137
0.678910000955,2.137
0.678920000955,2.10575
0.678930000955,2.137
0.678940000955,2.10575
0.678950000955,2.16825
0.678960000955,2.137
0.678970000955,2.137
0.678980000955,2.137
0.678990000955,2.137
0.679000000955,2.137
0.679010000955,2.16825
0.679020000955,2.10575
0.679030000955,2.10575
0.679040000955,2.16825
0.679050000955,2.10575
0.679060000955,2.10575
0.679070000955,2.137
0.679080000955,2.137
0.679090000955,2.137
0.679100000955,2.137
0.679110000955,2.137
0.679120000955,2.16825
0.679130000955,2.137
0.679140000955,2.137
0.679150000955,2.10575
0.679160000955,2.137
0.679170000955,2.16825
0.679180000955,2.10575
0.679190000955,2.10575
0.679200000955,2.16825
0.679210000955,2.137
0.679220000955,2.10575
0.679230000955,2.10575
0.679240000955,2.16825
0.679250000955,2.10575
0.679260000955,2.137
0.679270000955,2.16825
0.679280000955,2.137
0.679290000955,2.137
0.679300000955,2.10575
0.679310000955,2.137
0.679320000955,2.137
0.679330000955,2.16825
0.679340000955,2.16825
0.679350000955,2.16825
0.679360000955,2.137
0.679370000955,2.16825
0.679380000955,2.16825
0.679390000955,2.10575
0.679400000955,2.10575
0.679410000955,2.137
0.679420000955,2.10575
0.679430000955,2.137
0.679440000955,2.137
0.679450000955,2.137
0.679460000955,2.137
0.679470000955,2.137
0.679480000955,2.10575
0.679490000955,2.137
0.679500000955,2.137
0.679510000955,2.137
0.679520000955,2.16825
0.679530000955,2.137
0.679540000955,2.137
0.679550000955,2.16825
0.679560000955,2.137
0.679570000955,2.137
0.679580000955,2.16825
0.679590000955,2.16825
0.679600000955,2.137
0.679610000955,2.137
0.679620000955,2.137
0.679630000955,2.137
0.679640000955,2.16825
0.679650000955,2.137
0.679660000955,2.137
0.679670000955,2.137
0.679680000955,2.137
0.679690000955,2.137
0.679700000955,2.137
0.679710000955,2.137
0.679720000955,2.10575
0.679730000955,2.10575
0.679740000955,2.137
0.679750000955,2.10575
0.679760000955,2.137
0.679770000955,2.137
0.679780000955,2.137
0.679790000955,2.16825
0.679800000955,2.137
0.679810000955,2.137
0.679820000955,2.137
0.679830000955,2.10575
0.679840000955,2.137
0.679850000955,2.137
0.679860000955,2.137
0.679870000955,2.137
0.679880000955,2.16825
0.679890000955,2.137
0.679900000955,2.137
0.679910000955,2.16825
0.679920000955,2.16825
0.679930000955,2.137
0.679940000955,2.16825
0.679950000955,2.10575
0.679960000955,2.137
0.679970000955,2.137
0.679980000955,2.16825
0.679990000955,2.137
0.680000000955,2.137
0.680010000955,2.137
0.680020000955,2.137
0.680030000955,2.137
0.680040000955,2.137
0.680050000955,2.137
0.680060000955,2.10575
0.680070000955,2.10575
0.680080000955,2.10575
0.680090000955,2.137
0.680100000955,2.137
0.680110000955,2.10575
0.680120000955,2.137
0.680130000955,2.16825
0.680140000955,2.137
0.680150000955,2.10575
0.680160000955,2.137
0.680170000955,2.137
0.680180000955,2.137
0.680190000955,2.10575
0.680200000955,2.10575
0.680210000955,2.10575
0.680220000955,2.16825
0.680230000955,2.16825
0.680240000955,2.137
0.680250000955,2.137
0.680260000955,2.10575
0.680270000955,2.137
0.680280000955,2.137
0.680290000955,2.10575
0.680300000955,2.137
0.680310000955,2.10575
0.680320000955,2.137
0.680330000955,2.10575
0.680340000955,2.137
0.680350000955,2.10575
0.680360000955,2.137
0.680370000955,2.10575
0.680380000955,2.16825
0.680390000955,2.137
0.680400000955,2.10575
0.680410000955,2.137
0.680420000955,2.137
0.680430000955,2.10575
0.680440000955,2.137
0.680450000955,2.137
0.680460000955,2.10575
0.680470000955,2.16825
0.680480000955,2.137
0.680490000955,2.137
0.680500000955,2.137
0.680510000955,2.10575
0.680520000955,2.137
0.680530000955,2.10575
0.680540000955,2.137
0.680550000955,2.137
0.680560000955,2.16825
0.680570000955,2.137
0.680580000955,2.10575
0.680590000955,2.137
0.680600000955,2.10575
0.680610000955,2.0745
0.680620000955,2.10575
0.680630000955,2.16825
0.680640000955,2.16825
0.680650000955,2.137
0.680660000955,2.10575
0.680670000955,2.137
0.680680000955,2.137
0.680690000955,2.137
0.680700000955,2.10575
0.680710000955,2.0745
0.680720000955,2.10575
0.680730000955,2.16825
0.680740000955,2.137
0.680750000955,2.10575
0.680760000955,2.10575
0.680770000955,2.137
0.680780000955,2.137
0.680790000955,2.137
0.680800000955,2.137
0.680810000955,2.137
0.680820000955,2.137
0.680830000955,2.137
0.680840000955,2.10575
0.680850000955,2.10575
0.680860000955,2.137
0.680870000955,2.137
0.680880000955,2.16825
0.680890000955,2.0745
0.680900000955,2.10575
0.680910000955,2.137
0.680920000955,2.10575
0.680930000955,2.137
0.680940000955,2.137
0.680950000955,2.10575
0.680960000955,2.137
0.680970000955,2.10575
0.680980000955,2.137
0.680990000955,2.10575
0.681000000955,2.137
0.681010000955,2.137
0.681020000955,2.137
0.681030000955,2.16825
0.681040000955,2.16825
0.681050000955,2.16825
0.681060000955,2.10575
0.681070000955,2.137
0.681080000955,2.10575
0.681090000955,2.137
0.681100000955,2.10575
0.681110000955,2.137
0.681120000955,2.137
0.681130000955,2.137
0.681140000955,2.10575
0.681150000955,2.137
0.681160000955,2.137
0.681170000955,2.16825
0.681180000955,2.137
0.681190000955,2.137
0.681200000955,2.137
0.681210000955,2.137
0.681220000955,2.10575
0.681230000955,2.137
0.681240000955,2.10575
0.681250000955,2.10575
0.681260000955,2.137
0.681270000955,2.16825
0.681280000955,2.137
0.681290000955,2.10575
0.681300000955,2.16825
0.681310000955,2.137
0.681320000955,2.137
0.681330000955,2.0745
0.681340000955,2.10575
0.681350000955,2.137
0.681360000955,2.10575
0.681370000955,2.137
0.681380000955,2.137
0.681390000955,2.10575
0.681400000955,2.137
0.681410000955,2.10575
0.681420000955,2.10575
0.681430000955,2.137
0.681440000955,2.10575
0.681450000955,2.137
0.681460000955,2.10575
0.681470000955,2.0745
0.681480000955,2.137
0.681490000955,2.137
0.681500000955,2.10575
0.681510000955,2.16825
0.681520000955,2.10575
0.681530000955,2.137
0.681540000955,2.137
0.681550000955,2.16825
0.681560000955,2.10575
0.681570000955,2.137
0.681580000955,2.10575
0.681590000955,2.10575
0.681600000955,2.16825
0.681610000955,2.10575
0.681620000955,2.137
0.681630000955,2.0745
0.681640000955,2.10575
0.681650000955,2.10575
0.681660000955,2.137
0.681670000955,2.137
0.681680000955,2.137
0.681690000955,2.137
0.681700000955,2.10575
0.681710000955,2.137
0.681720000955,2.10575
0.681730000955,2.10575
0.681740000955,2.137
0.681750000955,2.10575
0.681760000955,2.137
0.681770000955,2.137
0.681780000955,2.10575
0.681790000955,2.10575
0.681800000955,2.137
0.681810000955,2.137
0.681820000955,2.137
0.681830000955,2.137
0.681840000955,2.10575
0.681850000955,2.137
0.681860000955,2.137
0.681870000955,2.137
0.681880000955,2.10575
0.681890000955,2.10575
0.681900000955,2.10575
0.681910000955,2.10575
0.681920000955,2.137
0.681930000955,2.10575
0.681940000955,2.10575
0.681950000955,2.137
0.681960000955,2.137
0.681970000955,2.10575
0.681980000955,2.137
0.681990000955,2.10575
0.682000000955,2.137
0.682010000955,2.137
0.682020000955,2.10575
0.682030000955,2.10575
0.682040000955,2.10575
0.682050000955,2.137
0.682060000955,2.137
0.682070000955,2.137
0.682080000955,2.137
0.682090000955,2.137
0.682100000955,2.137
0.682110000955,2.10575
0.682120000955,2.0745
0.682130000955,2.137
0.682140000955,2.10575
0.682150000955,2.137
0.682160000955,2.10575
0.682170000955,2.10575
0.682180000955,2.10575
0.682190000955,2.10575
0.682200000955,2.0745
0.682210000955,2.10575
0.682220000955,2.10575
0.682230000955,2.10575
0.682240000955,2.10575
0.682250000955,2.137
0.682260000955,2.0745
0.682270000955,2.16825
0.682280000955,2.10575
0.682290000955,2.10575
0.682300000955,2.137
0.682310000955,2.10575
0.682320000955,2.137
0.682330000955,2.137
0.682340000955,2.10575
0.682350000955,2.137
0.682360000955,2.10575
0.682370000955,2.137
0.682380000955,2.137
0.682390000955,2.137
0.682400000955,2.10575
0.682410000955,2.10575
0.682420000955,2.10575
0.682430000955,2.10575
0.682440000955,2.10575
0.682450000955,2.10575
0.682460000955,2.137
0.682470000955,2.0745
0.682480000955,2.0745
0.682490000955,2.10575
0.682500000955,2.0745
0.682510000955,2.10575
0.682520000955,2.10575
0.682530000955,2.10575
0.682540000955,2.0745
0.682550000955,2.10575
0.682560000955,2.0745
0.682570000955,2.137
0.682580000955,2.137
0.682590000955,2.16825
0.682600000955,2.137
0.682610000955,2.0745
0.682620000955,2.137
0.682630000955,2.10575
0.682640000955,2.10575
0.682650000955,2.137
0.682660000955,2.137
0.682670000955,2.10575
0.682680000955,2.137
0.682690000955,2.0745
0.682700000955,2.137
0.682710000955,2.10575
0.682720000955,2.137
0.682730000955,2.137
0.682740000955,2.10575
0.682750000955,2.10575
0.682760000955,2.137
0.682770000955,2.137
0.682780000955,2.10575
0.682790000955,2.137
0.682800000955,2.10575
0.682810000955,2.10575
0.682820000955,2.137
0.682830000955,2.10575
0.682840000955,2.137
0.682850000955,2.137
0.682860000955,2.137
0.682870000955,2.10575
0.682880000955,2.137
0.682890000955,2.10575
0.682900000955,2.137
0.682910000955,2.137
0.682920000955,2.10575
0.682930000955,2.10575
0.682940000955,2.137
0.682950000955,2.16825
0.682960000955,2.137
0.682970000955,2.10575
0.682980000955,2.137
0.682990000955,2.137
0.683000000955,2.16825
0.683010000955,2.10575
0.683020000955,2.137
0.683030000955,2.137
0.683040000955,2.10575
0.683050000955,2.0745
0.683060000955,2.137
0.683070000955,2.137
0.683080000955,2.10575
0.683090000955,2.137
0.683100000955,2.10575
0.683110000955,2.10575
0.683120000955,2.10575
0.683130000955,2.137
0.683140000955,2.10575
0.683150000955,2.10575
0.683160000955,2.10575
0.683170000955,2.10575
0.683180000955,2.10575
0.683190000955,2.137
0.683200000955,2.10575
0.683210000955,2.0745
0.683220000955,2.137
0.683230000955,2.10575
0.683240000955,2.10575
0.683250000955,2.137
0.683260000955,2.137
0.683270000955,2.0745
0.683280000955,2.10575
0.683290000955,2.0745
0.683300000955,2.137
0.683310000955,2.137
0.683320000955,2.10575
0.683330000955,2.10575
0.683340000955,2.137
0.683350000955,2.10575
0.683360000955,2.0745
0.683370000955,2.137
0.683380000955,2.10575
0.683390000955,2.137
0.683400000955,2.10575
0.683410000955,2.10575
0.683420000955,2.137
0.683430000955,2.137
0.683440000955,2.137
0.683450000955,2.137
0.683460000955,2.137
0.683470000955,2.10575
0.683480000955,2.10575
0.683490000955,2.10575
0.683500000955,2.10575
0.683510000955,2.04325
0.683520000955,2.10575
0.683530000955,2.137
0.683540000955,2.10575
0.683550000955,2.10575
0.683560000955,2.137
0.683570000955,2.10575
0.683580000955,2.10575
0.683590000955,2.0745
0.683600000955,2.137
0.683610000955,2.10575
0.683620000955,2.10575
0.683630000955,2.10575
0.683640000955,2.10575
0.683650000955,2.0745
0.683660000955,2.137
0.683670000955,2.10575
0.683680000955,2.10575
0.683690000955,2.10575
0.683700000955,2.10575
0.683710000955,2.10575
0.683720000955,2.0745
0.683730000955,2.16825
0.683740000955,2.10575
0.683750000955,2.137
0.683760000955,2.10575
0.683770000955,2.0745
0.683780000955,2.10575
0.683790000955,2.137
0.683800000955,2.10575
0.683810000955,2.10575
0.683820000955,2.0745
0.683830000955,2.10575
0.683840000955,2.10575
0.683850000955,2.10575
0.683860000955,2.137
0.683870000955,2.137
0.683880000955,2.137
0.683890000955,2.137
0.683900000955,2.10575
0.683910000955,2.10575
0.683920000955,2.137
0.683930000955,2.16825
0.683940000955,2.137
0.683950000955,2.10575
0.683960000955,2.10575
0.683970000955,2.10575
0.683980000955,2.137
0.683990000955,2.137
0.684000000955,2.137
0.684010000955,2.137
0.684020000955,2.137
0.684030000955,2.10575
0.684040000955,2.137
0.684050000955,2.137
0.684060000955,2.10575
0.684070000955,2.137
0.684080000955,2.0745
0.684090000955,2.137
0.684100000955,2.10575
0.684110000955,2.137
0.684120000955,2.10575
0.684130000955,2.10575
0.684140000955,2.10575
0.684150000955,2.16825
0.684160000955,2.10575
0.684170000955,2.137
0.684180000955,2.137
0.684190000955,2.137
0.684200000955,2.137
0.684210000955,2.10575
0.684220000955,2.10575
0.684230000955,2.137
0.684240000955,2.137
0.684250000955,2.137
0.684260000955,2.137
0.684270000955,2.10575
0.684280000955,2.10575
0.684290000955,2.137
0.684300000955,2.10575
0.684310000955,2.16825
0.684320000955,2.10575
0.684330000955,2.10575
0.684340000955,2.10575
0.684350000955,2.16825
0.684360000955,2.10575
0.684370000955,2.10575
0.684380000955,2.137
0.684390000955,2.10575
0.684400000955,2.137
0.684410000955,2.0745
0.684420000955,2.16825
0.684430000955,2.10575
0.684440000955,2.137
0.684450000955,2.10575
0.684460000955,2.10575
0.684470000955,2.137
0.684480000955,2.137
0.684490000955,2.10575
0.684500000955,2.137
0.684510000955,2.10575
0.684520000955,2.137
0.684530000955,2.10575
0.684540000955,2.137
0.684550000955,2.10575
0.684560000955,2.10575
0.684570000955,2.137
0.684580000955,2.137
0.684590000955,2.10575
0.684600000955,2.137
0.684610000955,2.10575
0.684620000955,2.137
0.684630000955,2.137
0.684640000955,2.10575
0.684650000955,2.137
0.684660000955,2.10575
0.684670000955,2.10575
0.684680000955,2.10575
0.684690000955,2.137
0.684700000955,2.137
0.684710000955,2.137
0.684720000955,2.137
0.684730000955,2.137
0.684740000955,2.10575
0.684750000955,2.10575
0.684760000955,2.137
0.684770000955,2.10575
0.684780000955,2.137
0.684790000955,2.137
0.684800000955,2.10575
0.684810000955,2.137
0.684820000955,2.0745
0.684830000955,2.137
0.684840000955,2.10575
0.684850000955,2.10575
0.684860000955,2.137
0.684870000955,2.137
0.684880000955,2.137
0.684890000955,2.137
0.684900000955,2.137
0.684910000955,2.0745
0.684920000955,2.137
0.684930000955,2.10575
0.684940000955,2.137
0.684950000955,2.137
0.684960000955,2.137
0.684970000955,2.10575
0.684980000955,2.10575
0.684990000955,2.137
0.685000000955,2.137
0.685010000955,2.137
0.685020000955,2.137
0.685030000955,2.10575
0.685040000955,2.137
0.685050000955,2.137
0.685060000955,2.10575
0.685070000955,2.137
0.685080000955,2.10575
0.685090000955,2.10575
0.685100000955,2.137
0.685110000955,2.137
0.685120000955,2.137
0.685130000955,2.137
0.685140000955,2.16825
0.685150000955,2.137
0.685160000955,2.10575
0.685170000955,2.137
0.685180000955,2.137
0.685190000955,2.10575
0.685200000955,2.10575
0.685210000955,2.10575
0.685220000955,2.137
0.685230000955,2.10575
0.685240000955,2.10575
0.685250000955,2.137
0.685260000955,2.137
0.685270000955,2.137
0.685280000955,2.10575
0.685290000955,2.137
0.685300000955,2.10575
0.685310000955,2.10575
0.685320000955,2.10575
0.685330000955,2.10575
0.685340000955,2.10575
0.685350000955,2.10575
0.685360000955,2.137
0.685370000955,2.10575
0.685380000955,2.137
0.685390000955,2.10575
0.685400000955,2.0745
0.685410000955,2.10575
0.685420000955,2.137
0.685430000955,2.137
0.685440000955,2.10575
0.685450000955,2.10575
0.685460000955,2.10575
0.685470000955,2.137
0.685480000955,2.137
0.685490000955,2.16825
0.685500000955,2.137
0.685510000955,2.10575
0.685520000955,2.137
0.685530000955,2.10575
0.685540000955,2.10575
0.685550000955,2.137
0.685560000955,2.137
0.685570000955,2.10575
0.685580000955,2.10575
0.685590000955,2.137
0.685600000955,2.137
0.685610000955,2.137
0.685620000955,2.16825
0.685630000955,2.137
0.685640000955,2.0745
0.685650000955,2.137
0.685660000955,2.137
0.685670000955,2.10575
0.685680000955,2.10575
0.685690000955,2.137
0.685700000955,2.137
0.685710000955,2.10575
0.685720000955,2.10575
0.685730000955,2.137
0.685740000955,2.10575
0.685750000955,2.137
0.685760000955,2.16825
0.685770000955,2.137
0.685780000955,2.137
0.685790000955,2.10575
0.685800000955,2.137
0.685810000955,2.10575
0.685820000955,2.10575
0.685830000955,2.10575
0.685840000955,2.137
0.685850000955,2.137
0.685860000955,2.10575
0.685870000955,2.10575
0.685880000955,2.10575
0.685890000955,2.137
0.685900000955,2.10575
0.685910000955,2.10575
0.685920000955,2.137
0.685930000955,2.10575
0.685940000955,2.10575
0.685950000955,2.137
0.685960000955,2.0745
0.685970000955,2.10575
0.685980000955,2.137
0.685990000955,2.137
0.686000000955,2.137
0.686010000955,2.137
0.686020000955,2.0745
0.686030000955,2.137
0.686040000955,2.10575
0.686050000955,2.10575
0.686060000955,2.137
0.686070000955,2.137
0.686080000955,2.10575
0.686090000955,2.10575
0.686100000955,2.137
0.686110000955,2.137
0.686120000955,2.10575
0.686130000955,2.10575
0.686140000955,2.137
0.686150000955,2.10575
0.686160000955,2.10575
0.686170000955,2.10575
0.686180000955,2.137
0.686190000955,2.10575
0.686200000955,2.137
0.686210000955,2.137
0.686220000955,2.10575
0.686230000955,2.137
0.686240000955,2.137
0.686250000955,2.137
0.686260000955,2.10575
0.686270000955,2.137
0.686280000955,2.10575
0.686290000955,2.16825
0.686300000955,2.137
0.686310000955,2.10575
0.686320000955,2.137
0.686330000955,2.137
0.686340000955,2.137
0.686350000955,2.10575
0.686360000955,2.16825
0.686370000955,2.137
0.686380000955,2.10575
0.686390000955,2.137
0.686400000955,2.137
0.686410000955,2.10575
0.686420000955,2.137
0.686430000955,2.137
0.686440000955,2.137
0.686450000955,2.10575
0.686460000955,2.137
0.686470000955,2.137
0.686480000955,2.10575
0.686490000955,2.137
0.686500000955,2.137
0.686510000955,2.137
0.686520000955,2.137
0.686530000955,2.10575
0.686540000955,2.10575
0.686550000955,2.137
0.686560000955,2.10575
0.686570000955,2.137
0.686580000955,2.10575
0.686590000955,2.0745
0.686600000955,2.10575
0.686610000955,2.137
0.686620000955,2.10575
0.686630000955,2.137
0.686640000955,2.137
0.686650000955,2.137
0.686660000955,2.137
0.686670000955,2.10575
0.686680000955,2.0745
0.686690000955,2.10575
0.686700000955,2.137
0.686710000955,2.10575
0.686720000955,2.0745
0.686730000955,2.137
0.686740000955,2.16825
0.686750000955,2.0745
0.686760000955,2.10575
0.686770000955,2.137
0.686780000955,2.10575
0.686790000955,2.137
0.686800000955,2.0745
0.686810000955,2.10575
0.686820000955,2.10575
0.686830000955,2.137
0.686840000955,2.16825
0.686850000955,2.137
0.686860000955,2.137
0.686870000955,2.137
0.686880000955,2.10575
0.686890000955,2.10575
0.686900000955,2.10575
0.686910000955,2.10575
0.686920000955,2.137
0.686930000955,2.10575
0.686940000955,2.137
0.686950000955,2.137
0.686960000955,2.10575
0.686970000955,2.10575
0.686980000955,2.137
0.686990000955,2.137
0.687000000955,2.137
0.687010000955,2.16825
0.687020000955,2.16825
0.687030000955,2.137
0.687040000955,2.137
0.687050000955,2.0745
0.687060000955,2.137
0.687070000955,2.10575
0.687080000955,2.137
0.687090000955,2.16825
0.687100000955,2.10575
0.687110000955,2.137
0.687120000955,2.137
0.687130000955,2.137
0.687140000955,2.137
0.687150000955,2.137
0.687160000955,2.10575
0.687170000955,2.137
0.687180000955,2.137
0.687190000955,2.10575
0.687200000955,2.10575
0.687210000955,2.137
0.687220000955,2.137
0.687230000955,2.137
0.687240000955,2.137
0.687250000955,2.137
0.687260000955,2.10575
0.687270000955,2.10575
0.687280000955,2.137
0.687290000955,2.10575
0.687300000955,2.137
0.687310000955,2.137
0.687320000955,2.10575
0.687330000955,2.137
0.687340000955,2.137
0.687350000955,2.10575
0.687360000955,2.10575
0.687370000955,2.137
0.687380000955,2.10575
0.687390000955,2.137
0.687400000955,2.16825
0.687410000955,2.10575
0.687420000955,2.137
0.687430000955,2.137
0.687440000955,2.137
0.687450000955,2.10575
0.687460000955,2.10575
0.687470000955,2.10575
0.687480000955,2.137
0.687490000955,2.137
0.687500000955,2.137
0.687510000955,2.10575
0.687520000955,2.10575
0.687530000955,2.10575
0.687540000955,2.137
0.687550000955,2.10575
0.687560000955,2.137
0.687570000955,2.10575
0.687580000955,2.137
0.687590000955,2.137
0.687600000955,2.16825
0.687610000955,2.10575
0.687620000955,2.10575
0.687630000955,2.10575
0.687640000955,2.137
0.687650000955,2.137
0.687660000955,2.137
0.687670000955,2.10575
0.687680000955,2.10575
0.687690000955,2.137
0.687700000955,2.10575
0.687710000955,2.10575
0.687720000955,2.137
0.687730000955,2.10575
0.687740000955,2.137
0.687750000955,2.137
0.687760000955,2.137
0.687770000955,2.137
0.687780000955,2.10575
0.687790000955,2.137
0.687800000955,2.137
0.687810000955,2.137
0.687820000955,2.137
0.687830000955,2.137
0.687840000955,2.137
0.687850000955,2.10575
0.687860000955,2.137
0.687870000955,2.10575
0.687880000955,2.137
0.687890000955,2.16825
0.687900000955,2.137
0.687910000955,2.10575
0.687920000955,2.10575
0.687930000955,2.10575
0.687940000955,2.137
0.687950000955,2.137
0.687960000955,2.10575
0.687970000955,2.137
0.687980000955,2.137
0.687990000955,2.10575
0.688000000955,2.137
0.688010000955,2.137
0.688020000955,2.10575
0.688030000955,2.137
0.688040000955,2.137
0.688050000955,2.137
0.688060000955,2.10575
0.688070000955,2.137
0.688080000955,2.16825
0.688090000955,2.10575
0.688100000955,2.16825
0.688110000955,2.137
0.688120000955,2.137
0.688130000955,2.10575
0.688140000955,2.137
0.688150000955,2.137
0.688160000955,2.137
0.688170000955,2.137
0.688180000955,2.137
0.688190000955,2.137
0.688200000955,2.137
0.688210000955,2.10575
0.688220000955,2.10575
0.688230000955,2.137
0.688240000955,2.10575
0.688250000955,2.10575
0.688260000955,2.10575
0.688270000955,2.137
0.688280000955,2.10575
0.688290000955,2.137
0.688300000955,2.10575
0.688310000955,2.137
0.688320000955,2.137
0.688330000955,2.137
0.688340000955,2.137
0.688350000955,2.137
0.688360000955,2.137
0.688370000955,2.137
0.688380000955,2.10575
0.688390000955,2.10575
0.688400000955,2.10575
0.688410000955,2.137
0.688420000955,2.137
0.688430000955,2.16825
0.688440000955,2.10575
0.688450000955,2.137
0.688460000955,2.10575
0.688470000955,2.137
0.688480000955,2.10575
0.688490000955,2.10575
0.688500000955,2.10575
0.688510000955,2.1995
0.688520000955,2.137
0.688530000955,2.10575
0.688540000955,2.10575
0.688550000955,2.137
0.688560000955,2.137
0.688570000955,2.10575
0.688580000955,2.137
0.688590000955,2.10575
0.688600000955,2.10575
0.688610000955,2.10575
0.688620000955,2.10575
0.688630000955,2.10575
0.688640000955,2.137
0.688650000955,2.137
0.688660000955,2.137
0.688670000955,2.137
0.688680000955,2.10575
0.688690000955,2.10575
0.688700000955,2.137
0.688710000955,2.137
0.688720000955,2.137
0.688730000955,2.10575
0.688740000955,2.137
0.688750000955,2.137
0.688760000955,2.137
0.688770000955,2.10575
0.688780000955,2.16825
0.688790000955,2.10575
0.688800000955,2.137
0.688810000955,2.10575
0.688820000955,2.10575
0.688830000955,2.10575
0.688840000955,2.137
0.688850000955,2.137
0.688860000955,2.10575
0.688870000955,2.10575
0.688880000955,2.137
0.688890000955,2.137
0.688900000955,2.137
0.688910000955,2.137
0.688920000955,2.10575
0.688930000955,2.137
0.688940000955,2.137
0.688950000955,2.137
0.688960000955,2.10575
0.688970000955,2.10575
0.688980000955,2.10575
0.688990000955,2.10575
0.689000000955,2.10575
0.689010000955,2.0745
0.689020000955,2.10575
0.689030000955,2.10575
0.689040000955,2.10575
0.689050000955,2.137
0.689060000955,2.137
0.689070000955,2.10575
0.689080000955,2.137
0.689090000955,2.10575
0.689100000955,2.137
0.689110000955,2.137
0.689120000955,2.137
0.689130000955,2.10575
0.689140000955,2.137
0.689150000955,2.16825
0.689160000955,2.137
0.689170000955,2.16825
0.689180000955,2.10575
0.689190000955,2.137
0.689200000955,2.10575
0.689210000955,2.137
0.689220000955,2.137
0.689230000955,2.10575
0.689240000955,2.137
0.689250000955,2.10575
0.689260000955,2.10575
0.689270000955,2.16825
0.689280000955,2.137
0.689290000955,2.10575
0.689300000955,2.10575
0.689310000955,2.137
0.689320000955,2.10575
0.689330000955,2.137
0.689340000955,2.137
0.689350000955,2.137
0.689360000955,2.10575
0.689370000955,2.137
0.689380000955,2.137
0.689390000955,2.137
0.689400000955,2.137
0.689410000955,2.137
0.689420000955,2.10575
0.689430000955,2.10575
0.689440000955,2.16825
0.689450000955,2.137
0.689460000955,2.137
0.689470000955,2.137
0.689480000955,2.137
0.689490000955,2.16825
0.689500000955,2.137
0.689510000955,2.10575
0.689520000955,2.137
0.689530000955,2.10575
0.689540000955,2.16825
0.689550000955,2.137
0.689560000955,2.137
0.689570000955,2.10575
0.689580000955,2.137
0.689590000955,2.0745
0.689600000955,2.137
0.689610000955,2.137
0.689620000955,2.10575
0.689630000955,2.137
0.689640000955,2.137
0.689650000955,2.10575
0.689660000955,2.10575
0.689670000955,2.10575
0.689680000955,2.137
0.689690000955,2.10575
0.689700000955,2.10575
0.689710000955,2.10575
0.689720000955,2.10575
0.689730000955,2.137
0.689740000955,2.137
0.689750000955,2.16825
0.689760000955,2.137
0.689770000955,2.137
0.689780000955,2.137
0.689790000955,2.10575
0.689800000955,2.10575
0.689810000955,2.137
0.689820000955,2.137
0.689830000955,2.137
0.689840000955,2.10575
0.689850000955,2.137
0.689860000955,2.137
0.689870000955,2.10575
0.689880000955,2.10575
0.689890000955,2.137
0.689900000955,2.16825
0.689910000955,2.10575
0.689920000955,2.137
0.689930000955,2.137
0.689940000955,2.137
0.689950000955,2.137
0.689960000955,2.137
0.689970000955,2.137
0.689980000955,2.137
0.689990000955,2.137
0.690000000955,2.137
0.690010000955,2.137
0.690020000955,2.137
0.690030000955,2.10575
0.690040000955,2.137
0.690050000955,2.10575
0.690060000955,2.137
0.690070000955,2.16825
0.690080000955,2.137
0.690090000955,2.137
0.690100000955,2.137
0.690110000955,2.10575
0.690120000955,2.10575
0.690130000955,2.16825
0.690140000955,2.137
0.690150000955,2.16825
0.690160000955,2.10575
0.690170000955,2.0745
0.690180000955,2.10575
0.690190000955,2.137
0.690200000955,2.137
0.690210000955,2.10575
0.690220000955,2.16825
0.690230000955,2.137
0.690240000955,2.16825
0.690250000955,2.10575
0.690260000955,2.137
0.690270000955,2.10575
0.690280000955,2.137
0.690290000955,2.137
0.690300000955,2.137
0.690310000955,2.137
0.690320000955,2.10575
0.690330000955,2.137
0.690340000955,2.16825
0.690350000955,2.10575
0.690360000955,2.137
0.690370000955,2.10575
0.690380000955,2.137
0.690390000955,2.10575
0.690400000955,2.0745
0.690410000955,2.137
0.690420000955,2.10575
0.690430000955,2.16825
0.690440000955,2.137
0.690450000955,2.137
0.690460000955,2.10575
0.690470000955,2.10575
0.690480000955,2.10575
0.690490000955,2.137
0.690500000955,2.10575
0.690510000955,2.137
0.690520000955,2.137
0.690530000955,2.10575
0.690540000955,2.137
0.690550000955,2.137
0.690560000955,2.0745
0.690570000955,2.10575
0.690580000955,2.10575
0.690590000955,2.137
0.690600000955,2.10575
0.690610000955,2.16825
0.690620000955,2.16825
0.690630000955,2.10575
0.690640000955,2.0745
0.690650000955,2.16825
0.690660000955,2.10575
0.690670000955,2.16825
0.690680000955,2.10575
0.690690000955,2.137
0.690700000955,2.137
0.690710000955,2.137
0.690720000955,2.137
0.690730000955,2.10575
0.690740000955,2.16825
0.690750000955,2.137
0.690760000955,2.137
0.690770000955,2.137
0.690780000955,2.10575
0.690790000955,2.137
0.690800000955,2.10575
0.690810000955,2.10575
0.690820000955,2.10575
0.690830000955,2.137
0.690840000955,2.137
0.690850000955,2.137
0.690860000955,2.10575
0.690870000955,2.137
0.690880000955,2.137
0.690890000955,2.137
0.690900000955,2.137
0.690910000955,2.137
0.690920000955,2.137
0.690930000955,2.16825
0.690940000955,2.10575
0.690950000955,2.137
0.690960000955,2.137
0.690970000955,2.137
0.690980000955,2.10575
0.690990000955,2.137
0.691000000955,2.10575
0.691010000955,2.10575
0.691020000955,2.137
0.691030000955,2.137
0.691040000955,2.137
0.691050000955,2.137
0.691060000955,2.137
0.691070000955,2.16825
0.691080000955,2.10575
0.691090000955,2.137
0.691100000955,2.16825
0.691110000955,2.10575
0.691120000955,2.137
0.691130000955,2.137
0.691140000955,2.137
0.691150000955,2.137
0.691160000955,2.16825
0.691170000955,2.137
0.691180000955,2.10575
0.691190000955,2.10575
0.691200000955,2.137
0.691210000955,2.137
0.691220000955,2.137
0.691230000955,2.10575
0.691240000955,2.16825
0.691250000955,2.10575
0.691260000955,2.10575
0.691270000955,2.137
0.691280000955,2.10575
0.691290000955,2.137
0.691300000955,2.137
0.691310000955,2.137
0.691320000955,2.16825
0.691330000955,2.137
0.691340000955,2.16825
0.691350000955,2.137
0.691360000955,2.137
0.691370000955,2.137
0.691380000955,2.16825
0.691390000955,2.137
0.691400000955,2.137
0.691410000955,2.137
0.691420000955,2.137
0.691430000955,2.137
0.691440000955,2.10575
0.691450000955,2.10575
0.691460000955,2.16825
0.691470000955,2.16825
0.691480000955,2.10575
0.691490000955,2.137
0.691500000955,2.137
0.691510000955,2.137
0.691520000955,2.137
0.691530000955,2.16825
0.691540000955,2.137
0.691550000955,2.10575
0.691560000955,2.137
0.691570000955,2.137
0.691580000955,2.0745
0.691590000955,2.137
0.691600000955,2.10575
0.691610000955,2.10575
0.691620000955,2.137
0.691630000955,2.137
0.691640000955,2.10575
0.691650000955,2.137
0.691660000955,2.10575
0.691670000955,2.137
0.691680000955,2.137
0.691690000955,2.10575
0.691700000955,2.10575
0.691710000955,2.137
0.691720000955,2.10575
0.691730000955,2.137
0.691740000955,2.137
0.691750000955,2.10575
0.691760000955,2.137
0.691770000955,2.137
0.691780000955,2.137
0.691790000955,2.137
0.691800000955,2.137
0.691810000955,2.16825
0.691820000955,2.137
0.691830000955,2.16825
0.691840000955,2.10575
0.691850000955,2.10575
0.691860000955,2.16825
0.691870000955,2.16825
0.691880000955,2.10575
0.691890000955,2.137
0.691900000955,2.137
0.691910000955,2.137
0.691920000955,2.137
0.691930000955,2.137
0.691940000955,2.137
0.691950000955,2.137
0.691960000955,2.16825
0.691970000955,2.137
0.691980000955,2.10575
0.691990000955,2.137
0.692000000955,2.10575
0.692010000955,2.137
0.692020000955,2.137
0.692030000955,2.10575
0.692040000955,2.137
0.692050000955,2.16825
0.692060000955,2.137
0.692070000955,2.137
0.692080000955,2.137
0.692090000955,2.16825
0.692100000955,2.10575
0.692110000955,2.16825
0.692120000955,2.16825
0.692130000955,2.137
0.692140000955,2.10575
0.692150000955,2.137
0.692160000955,2.137
0.692170000955,2.137
0.692180000955,2.16825
0.692190000955,2.137
0.692200000955,2.137
0.692210000955,2.10575
0.692220000955,2.10575
0.692230000955,2.137
0.692240000955,2.10575
0.692250000955,2.16825
0.692260000955,2.137
0.692270000955,2.16825
0.692280000955,2.10575
0.692290000955,2.10575
0.692300000955,2.10575
0.692310000955,2.10575
0.692320000955,2.137
0.692330000955,2.16825
0.692340000955,2.10575
0.692350000955,2.16825
0.692360000955,2.137
0.692370000955,2.10575
0.692380000955,2.10575
0.692390000955,2.137
0.692400000955,2.137
0.692410000955,2.10575
0.692420000955,2.137
0.692430000955,2.137
0.692440000955,2.137
0.692450000955,2.10575
0.692460000955,2.137
0.692470000955,2.137
0.692480000955,2.10575
0.692490000955,2.137
0.692500000955,2.137
0.692510000955,2.137
0.692520000955,2.16825
0.692530000955,2.10575
0.692540000955,2.16825
0.692550000955,2.10575
0.692560000955,2.10575
0.692570000955,2.137
0.692580000955,2.137
0.692590000955,2.137
0.692600000955,2.137
0.692610000955,2.16825
0.692620000955,2.10575
0.692630000955,2.137
0.692640000955,2.137
0.692650000955,2.10575
0.692660000955,2.16825
0.692670000955,2.10575
0.692680000955,2.10575
0.692690000955,2.137
0.692700000955,2.137
0.692710000955,2.16825
0.692720000955,2.137
0.692730000955,2.137
0.692740000955,2.137
0.692750000955,2.10575
0.692760000955,2.10575
0.692770000955,2.137
0.692780000955,2.137
0.692790000955,2.137
0.692800000955,2.10575
0.692810000955,2.137
0.692820000955,2.137
0.692830000955,2.10575
0.692840000955,2.137
0.692850000955,2.137
0.692860000955,2.137
0.692870000955,2.137
0.692880000955,2.137
0.692890000955,2.137
0.692900000955,2.137
0.692910000955,2.137
0.692920000955,2.137
0.692930000955,2.16825
0.692940000955,2.137
0.692950000955,2.137
0.692960000955,2.10575
0.692970000955,2.137
0.692980000955,2.10575
0.692990000955,2.137
0.693000000955,2.10575
0.693010000955,2.137
0.693020000955,2.137
0.693030000955,2.10575
0.693040000955,2.137
0.693050000955,2.10575
0.693060000955,2.10575
0.693070000955,2.16825
0.693080000955,2.137
0.693090000955,2.10575
0.693100000955,2.137
0.693110000955,2.137
0.693120000955,2.16825
0.693130000955,2.16825
0.693140000955,2.137
0.693150000955,2.10575
0.693160000955,2.137
0.693170000955,2.16825
0.693180000955,2.137
0.693190000955,2.137
0.693200000955,2.10575
0.693210000955,2.137
0.693220000955,2.137
0.693230000955,2.10575
0.693240000955,2.16825
0.693250000955,2.137
0.693260000955,2.137
0.693270000955,2.10575
0.693280000955,2.137
0.693290000955,2.137
0.693300000955,2.137
0.693310000955,2.10575
0.693320000955,2.137
0.693330000955,2.10575
0.693340000955,2.137
0.693350000955,2.137
0.693360000955,2.137
0.693370000955,2.10575
0.693380000955,2.137
0.693390000955,2.10575
0.693400000955,2.16825
0.693410000955,2.137
0.693420000955,2.137
0.693430000955,2.10575
0.693440000955,2.10575
0.693450000955,2.137
0.693460000955,2.10575
0.693470000955,2.137
0.693480000955,2.137
0.693490000955,2.137
0.693500000955,2.137
0.693510000955,2.137
0.693520000955,2.16825
0.693530000955,2.137
0.693540000955,2.137
0.693550000955,2.137
0.693560000955,2.137
0.693570000955,2.137
0.693580000955,2.137
0.693590000955,2.16825
0.693600000955,2.16825
0.693610000955,2.137
0.693620000955,2.137
0.693630000955,2.137
0.693640000955,2.137
0.693650000955,2.137
0.693660000955,2.137
0.693670000955,2.10575
0.693680000955,2.137
0.693690000955,2.137
0.693700000955,2.10575
0.693710000955,2.10575
0.693720000955,2.16825
0.693730000955,2.16825
0.693740000955,2.137
0.693750000955,2.137
0.693760000955,2.137
0.693770000955,2.137
0.693780000955,2.10575
0.693790000955,2.137
0.693800000955,2.16825
0.693810000955,2.137
0.693820000955,2.16825
0.693830000955,2.137
0.693840000955,2.10575
0.693850000955,2.16825
0.693860000955,2.137
0.693870000955,2.137
0.693880000955,2.137
0.693890000955,2.10575
0.693900000955,2.10575
0.693910000955,2.137
0.693920000955,2.16825
0.693930000955,2.137
0.693940000955,2.16825
0.693950000955,2.10575
0.693960000955,2.137
0.693970000955,2.10575
0.693980000955,2.10575
0.693990000955,2.137
0.694000000955,2.137
0.694010000955,2.137
0.694020000955,2.137
0.694030000955,2.137
0.694040000955,2.16825
0.694050000955,2.137
0.694060000955,2.137
0.694070000955,2.137
0.694080000955,2.137
0.694090000955,2.16825
0.694100000955,2.10575
0.694110000955,2.10575
0.694120000955,2.137
0.694130000955,2.137
0.694140000955,2.137
0.694150000955,2.137
0.694160000955,2.10575
0.694170000955,2.137
0.694180000955,2.137
0.694190000955,2.10575
0.694200000955,2.10575
0.694210000955,2.137
0.694220000955,2.16825
0.694230000955,2.137
0.694240000955,2.10575
0.694250000955,2.137
0.694260000955,2.10575
0.694270000955,2.137
0.694280000955,2.10575
0.694290000955,2.137
0.694300000955,2.137
0.694310000955,2.10575
0.694320000955,2.137
0.694330000955,2.16825
0.694340000955,2.10575
0.694350000955,2.10575
0.694360000955,2.137
0.694370000955,2.16825
0.694380000955,2.10575
0.694390000955,2.16825
0.694400000955,2.137
0.694410000955,2.137
0.694420000955,2.10575
0.694430000955,2.10575
0.694440000955,2.137
0.694450000955,2.137
0.694460000955,2.137
0.694470000955,2.137
0.694480000955,2.10575
0.694490000955,2.10575
0.694500000955,2.16825
0.694510000955,2.16825
0.694520000955,2.137
0.694530000955,2.137
0.694540000955,2.137
0.694550000955,2.16825
0.694560000955,2.10575
0.694570000955,2.10575
0.694580000955,2.137
0.694590000955,2.137
0.694600000955,2.16825
0.694610000955,2.137
0.694620000955,2.137
0.694630000955,2.137
0.694640000955,2.1995
0.694650000955,2.10575
0.694660000955,2.16825
0.694670000955,2.137
0.694680000955,2.137
0.694690000955,2.10575
0.694700000955,2.137
0.694710000955,2.10575
0.694720000955,2.137
0.694730000955,2.10575
0.694740000955,2.137
0.694750000955,2.137
0.694760000955,2.16825
0.694770000955,2.137
0.694780000955,2.137
0.694790000955,2.137
0.694800000955,2.137
0.694810000955,2.137
0.694820000955,2.137
0.694830000955,2.16825
0.694840000955,2.137
0.694850000955,2.10575
0.694860000955,2.10575
0.694870000955,2.10575
0.694880000955,2.10575
0.694890000955,2.10575
0.694900000955,2.137
0.694910000955,2.137
0.694920000955,2.16825
0.694930000955,2.10575
0.694940000955,2.137
0.694950000955,2.16825
0.694960000955,2.137
0.694970000955,2.137
0.694980000955,2.16825
0.694990000955,2.16825
0.695000000955,2.137
0.695010000955,2.137
0.695020000955,2.137
0.695030000955,2.10575
0.695040000955,2.137
0.695050000955,2.137
0.695060000955,2.10575
0.695070000955,2.137
0.695080000955,2.10575
0.695090000955,2.137
0.695100000955,2.137
0.695110000955,2.137
0.695120000955,2.137
0.695130000955,2.137
0.695140000955,2.10575
0.695150000955,2.137
0.695160000955,2.10575
0.695170000955,2.16825
0.695180000955,2.137
0.695190000955,2.137
0.695200000955,2.10575
0.695210000955,2.10575
0.695220000955,2.137
0.695230000955,2.10575
0.695240000955,2.137
0.695250000955,2.137
0.695260000955,2.10575
0.695270000955,2.137
0.695280000955,2.10575
0.695290000955,2.137
0.695300000955,2.137
0.695310000955,2.137
0.695320000955,2.16825
0.695330000955,2.137
0.695340000955,2.10575
0.695350000955,2.10575
0.695360000955,2.137
0.695370000955,2.137
0.695380000955,2.16825
0.695390000955,2.137
0.695400000955,2.137
0.695410000955,2.10575
0.695420000955,2.137
0.695430000955,2.137
0.695440000955,2.10575
0.695450000955,2.137
0.695460000955,2.10575
0.695470000955,2.137
0.695480000955,2.16825
0.695490000955,2.137
0.695500000955,2.16825
0.695510000955,2.137
0.695520000955,2.137
0.695530000955,2.137
0.695540000955,2.137
0.695550000955,2.16825
0.695560000955,2.137
0.695570000955,2.137
0.695580000955,2.137
0.695590000955,2.16825
0.695600000955,2.137
0.695610000955,2.137
0.695620000955,2.137
0.695630000955,2.137
0.695640000955,2.137
0.695650000955,2.137
0.695660000955,2.137
0.695670000955,2.16825
0.695680000955,2.137
0.695690000955,2.137
0.695700000955,2.137
0.695710000955,2.10575
0.695720000955,2.137
0.695730000955,2.137
0.695740000955,2.16825
0.695750000955,2.137
0.695760000955,2.0745
0.695770000955,2.10575
0.695780000955,2.137
0.695790000955,2.137
0.695800000955,2.10575
0.695810000955,2.137
0.695820000955,2.137
0.695830000955,2.137
0.695840000955,2.137
0.695850000955,2.10575
0.695860000955,2.137
0.695870000955,2.10575
0.695880000955,2.10575
0.695890000955,2.137
0.695900000955,2.137
0.695910000955,2.137
0.695920000955,2.16825
0.695930000955,2.16825
0.695940000955,2.10575
0.695950000955,2.16825
0.695960000955,2.137
0.695970000955,2.10575
0.695980000955,2.137
0.695990000955,2.137
0.696000000955,2.16825
0.696010000955,2.137
0.696020000955,2.10575
0.696030000955,2.137
0.696040000955,2.137
0.696050000955,2.137
0.696060000955,2.137
0.696070000955,2.137
0.696080000955,2.16825
0.696090000955,2.137
0.696100000955,2.137
0.696110000955,2.137
0.696120000955,2.137
0.696130000955,2.137
0.696140000955,2.137
0.696150000955,2.137
0.696160000955,2.10575
0.696170000955,2.137
0.696180000955,2.16825
0.696190000955,2.10575
0.696200000955,2.137
0.696210000955,2.10575
0.696220000955,2.137
0.696230000955,2.137
0.696240000955,2.137
0.696250000955,2.137
0.696260000955,2.137
0.696270000955,2.16825
0.696280000955,2.137
0.696290000955,2.137
0.696300000955,2.16825
0.696310000955,2.137
0.696320000955,2.137
0.696330000955,2.137
0.696340000955,2.137
0.696350000955,2.137
0.696360000955,2.10575
0.696370000955,2.137
0.696380000955,2.137
0.696390000955,2.137
0.696400000955,2.137
0.696410000955,2.137
0.696420000955,2.137
0.696430000955,2.137
0.696440000955,2.10575
0.696450000955,2.137
0.696460000955,2.137
0.696470000955,2.16825
0.696480000955,2.10575
0.696490000955,2.16825
0.696500000955,2.137
0.696510000955,2.137
0.696520000955,2.16825
0.696530000955,2.137
0.696540000955,2.10575
0.696550000955,2.137
0.696560000955,2.137
0.696570000955,2.10575
0.696580000955,2.137
0.696590000955,2.137
0.696600000955,2.137
0.696610000955,2.137
0.696620000955,2.137
0.696630000955,2.137
0.696640000955,2.137
0.696650000955,2.10575
0.696660000955,2.10575
0.696670000955,2.10575
0.696680000955,2.10575
0.696690000955,2.10575
0.696700000955,2.137
0.696710000955,2.137
0.696720000955,2.10575
0.696730000955,2.137
0.696740000955,2.10575
0.696750000955,2.10575
0.696760000955,2.16825
0.696770000955,2.10575
0.696780000955,2.137
0.696790000955,2.10575
0.696800000955,2.16825
0.696810000955,2.10575
0.696820000955,2.10575
0.696830000955,2.137
0.696840000955,2.137
0.696850000955,2.137
0.696860000955,2.16825
0.696870000955,2.10575
0.696880000955,2.137
0.696890000955,2.10575
0.696900000955,2.137
0.696910000955,2.16825
0.696920000955,2.137
0.696930000955,2.137
0.696940000955,2.137
0.696950000955,2.137
0.696960000955,2.137
0.696970000955,2.137
0.696980000955,2.137
0.696990000955,2.137
0.697000000955,2.137
0.697010000955,2.10575
0.697020000955,2.137
0.697030000955,2.10575
0.697040000955,2.16825
0.697050000955,2.137
0.697060000955,2.10575
0.697070000955,2.16825
0.697080000955,2.137
0.697090000955,2.10575
0.697100000955,2.137
0.697110000955,2.16825
0.697120000955,2.137
0.697130000955,2.137
0.697140000955,2.137
0.697150000955,2.137
0.697160000955,2.10575
0.697170000955,2.16825
0.697180000955,2.10575
0.697190000955,2.137
0.697200000955,2.10575
0.697210000955,2.137
0.697220000955,2.137
0.697230000955,2.16825
0.697240000955,2.16825
0.697250000955,2.137
0.697260000955,2.10575
0.697270000955,2.137
0.697280000955,2.137
0.697290000955,2.137
0.697300000955,2.137
0.697310000955,2.137
0.697320000955,2.10575
0.697330000955,2.137
0.697340000955,2.137
0.697350000955,2.137
0.697360000955,2.137
0.697370000955,2.16825
0.697380000955,2.10575
0.697390000955,2.16825
0.697400000955,2.16825
0.697410000955,2.137
0.697420000955,2.137
0.697430000955,2.137
0.697440000955,2.137
0.697450000955,2.137
0.697460000955,2.137
0.697470000955,2.137
0.697480000955,2.137
0.697490000955,2.137
0.697500000955,2.16825
0.697510000955,2.137
0.697520000955,2.137
0.697530000955,2.137
0.697540000955,2.10575
0.697550000955,2.137
0.697560000955,2.137
0.697570000955,2.137
0.697580000955,2.10575
0.697590000955,2.16825
0.697600000955,2.10575
0.697610000955,2.16825
0.697620000955,2.10575
0.697630000955,2.137
0.697640000955,2.16825
0.697650000955,2.16825
0.697660000955,2.137
0.697670000955,2.137
0.697680000955,2.16825
0.697690000955,2.137
0.697700000955,2.137
0.697710000955,2.137
0.697720000955,2.137
0.697730000955,2.137
0.697740000955,2.16825
0.697750000955,2.10575
0.697760000955,2.137
0.697770000955,2.137
0.697780000955,2.137
0.697790000955,2.137
0.697800000955,2.16825
0.697810000955,2.10575
0.697820000955,2.137
0.697830000955,2.137
0.697840000955,2.16825
0.697850000955,2.10575
0.697860000955,2.137
0.697870000955,2.10575
0.697880000955,2.10575
0.697890000955,2.137
0.697900000955,2.137
0.697910000955,2.137
0.697920000955,2.16825
0.697930000955,2.137
0.697940000955,2.137
0.697950000955,2.137
0.697960000955,2.10575
0.697970000955,2.10575
0.697980000955,2.137
0.697990000955,2.137
0.698000000955,2.10575
0.698010000955,2.10575
0.698020000955,2.137
0.698030000955,2.137
0.698040000955,2.16825
0.698050000955,2.137
0.698060000955,2.137
0.698070000955,2.10575
0.698080000955,2.10575
0.698090000955,2.137
0.698100000955,2.137
0.698110000955,2.137
0.698120000955,2.16825
0.698130000955,2.10575
0.698140000955,2.16825
0.698150000955,2.16825
0.698160000955,2.137
0.698170000955,2.137
0.698180000955,2.137
0.698190000955,2.10575
0.698200000955,2.137
0.698210000955,2.137
0.698220000955,2.137
0.698230000955,2.137
0.698240000955,2.137
0.698250000955,2.16825
0.698260000955,2.10575
0.698270000955,2.137
0.698280000955,2.16825
0.698290000955,2.137
0.698300000955,2.16825
0.698310000955,2.10575
0.698320000955,2.137
0.698330000955,2.137
0.698340000955,2.10575
0.698350000955,2.137
0.698360000955,2.137
0.698370000955,2.16825
0.698380000955,2.137
0.698390000955,2.10575
0.698400000955,2.16825
0.698410000955,2.10575
0.698420000955,2.10575
0.698430000955,2.10575
0.698440000955,2.137
0.698450000955,2.137
0.698460000955,2.16825
0.698470000955,2.137
0.698480000955,2.137
0.698490000955,2.137
0.698500000955,2.137
0.698510000955,2.137
0.698520000955,2.137
0.698530000955,2.137
0.698540000955,2.10575
0.698550000955,2.137
0.698560000955,2.16825
0.698570000955,2.10575
0.698580000955,2.137
0.698590000955,2.10575
0.698600000955,2.16825
0.698610000955,2.137
0.698620000955,2.137
0.698630000955,2.137
0.698640000955,2.137
0.698650000955,2.137
0.698660000955,2.137
0.698670000955,2.16825
0.698680000955,2.10575
0.698690000955,2.137
0.698700000955,2.137
0.698710000955,2.137
0.698720000955,2.16825
0.698730000955,2.16825
0.698740000955,2.16825
0.698750000955,2.137
0.698760000955,2.137
0.698770000955,2.16825
0.698780000955,2.137
0.698790000955,2.10575
0.698800000955,2.137
0.698810000955,2.137
0.698820000955,2.1995
0.698830000955,2.137
0.698840000955,2.137
0.698850000955,2.137
0.698860000955,2.16825
0.698870000955,2.137
0.698880000955,2.137
0.698890000955,2.137
0.698900000955,2.137
0.698910000955,2.16825
0.698920000955,2.10575
0.698930000955,2.10575
0.698940000955,2.137
0.698950000955,2.10575
0.698960000955,2.10575
0.698970000955,2.16825
0.698980000955,2.10575
0.698990000955,2.137
0.699000000955,2.137
0.699010000955,2.16825
0.699020000955,2.16825
0.699030000955,2.137
0.699040000955,2.137
0.699050000955,2.137
0.699060000955,2.137
0.699070000955,2.16825
0.699080000955,2.137
0.699090000955,2.137
0.699100000955,2.137
0.699110000955,2.10575
0.699120000955,2.137
0.699130000955,2.137
0.699140000955,2.16825
0.699150000955,2.16825
0.699160000955,2.137
0.699170000955,2.10575
0.699180000955,2.10575
0.699190000955,2.16825
0.699200000955,2.137
0.699210000955,2.10575
0.699220000955,2.10575
0.699230000955,2.10575
0.699240000955,2.16825
0.699250000955,2.137
0.699260000955,2.137
0.699270000955,2.137
0.699280000955,2.10575
0.699290000955,2.137
0.699300000955,2.137
0.699310000955,2.10575
0.699320000955,2.137
0.699330000955,2.10575
0.699340000955,2.10575
0.699350000955,2.10575
0.699360000955,2.137
0.699370000955,2.16825
0.699380000955,2.137
0.699390000955,2.137
0.699400000955,2.137
0.699410000955,2.137
0.699420000955,2.137
0.699430000955,2.137
0.699440000955,2.137
0.699450000955,2.137
0.699460000955,2.137
0.699470000955,2.137
0.699480000955,2.10575
0.699490000955,2.10575
0.699500000955,2.16825
0.699510000955,2.16825
0.699520000955,2.137
0.699530000955,2.137
0.699540000955,2.137
0.699550000955,2.16825
0.699560000955,2.10575
0.699570000955,2.10575
0.699580000955,2.16825
0.699590000955,2.16825
0.699600000955,2.16825
0.699610000955,2.10575
0.699620000955,2.137
0.699630000955,2.10575
0.699640000955,2.16825
0.699650000955,2.137
0.699660000955,2.137
0.699670000955,2.137
0.699680000955,2.137
0.699690000955,2.137
0.699700000955,2.16825
0.699710000955,2.16825
0.699720000955,2.137
0.699730000955,2.16825
0.699740000955,2.137
0.699750000955,2.137
0.699760000955,2.16825
0.699770000955,2.16825
0.699780000955,2.137
0.699790000955,2.137
0.699800000955,2.137
0.699810000955,2.137
0.699820000955,2.137
0.699830000955,2.10575
0.699840000955,2.137
0.699850000955,2.137
0.699860000955,2.137
0.699870000955,2.10575
0.699880000955,2.10575
0.699890000955,2.10575
0.699900000955,2.16825
0.699910000955,2.137
0.699920000955,2.137
0.699930000955,2.10575
0.699940000955,2.137
0.699950000955,2.16825
0.699960000955,2.137
0.699970000955,2.10575
0.699980000955,2.137
0.699990000955,2.137
0.700000000955,2.137
0.700010000955,2.137
0.700020000955,2.137
0.700030000955,2.16825
0.700040000955,2.137
0.700050000955,2.137
0.700060000955,2.10575
0.700070000955,2.137
0.700080000955,2.16825
0.700090000955,2.137
0.700100000955,2.137
0.700110000955,2.10575
0.700120000955,2.10575
0.700130000955,2.137
0.700140000955,2.137
0.700150000955,2.10575
0.700160000955,2.16825
0.700170000955,2.137
0.700180000955,2.137
0.700190000955,2.10575
0.700200000955,2.137
0.700210000955,2.10575
0.700220000955,2.137
0.700230000955,2.137
0.700240000955,2.137
0.700250000955,2.137
0.700260000955,2.10575
0.700270000955,2.137
0.700280000955,2.10575
0.700290000955,2.137
0.700300000955,2.137
0.700310000955,2.137
0.700320000955,2.10575
0.700330000955,2.137
0.700340000955,2.137
0.700350000955,2.137
0.700360000955,2.137
0.700370000955,2.137
0.700380000955,2.16825
0.700390000955,2.137
0.700400000955,2.16825
0.700410000955,2.16825
0.700420000955,2.16825
0.700430000955,2.137
0.700440000955,2.137
0.700450000955,2.137
0.700460000955,2.137
0.700470000955,2.137
0.700480000955,2.137
0.700490000955,2.10575
0.700500000955,2.137
0.700510000955,2.137
0.700520000955,2.137
0.700530000955,2.137
0.700540000955,2.137
0.700550000955,2.137
0.700560000955,2.10575
0.700570000955,2.137
0.700580000955,2.137
0.700590000955,2.137
0.700600000955,2.1995
0.700610000955,2.137
0.700620000955,2.137
0.700630000955,2.137
0.700640000955,2.10575
0.700650000955,2.10575
0.700660000955,2.137
0.700670000955,2.16825
0.700680000955,2.137
0.700690000955,2.137
0.700700000955,2.137
0.700710000955,2.137
0.700720000955,2.137
0.700730000955,2.16825
0.700740000955,2.16825
0.700750000955,2.137
0.700760000955,2.137
0.700770000955,2.137
0.700780000955,2.137
0.700790000955,2.137
0.700800000955,2.16825
0.700810000955,2.137
0.700820000955,2.10575
0.700830000955,2.16825
0.700840000955,2.137
0.700850000955,2.137
0.700860000955,2.16825
0.700870000955,2.137
0.700880000955,2.16825
0.700890000955,2.137
0.700900000955,2.137
0.700910000955,2.137
0.700920000955,2.137
0.700930000955,2.16825
0.700940000955,2.16825
0.700950000955,2.137
0.700960000955,2.137
0.700970000955,2.137
0.700980000955,2.137
0.700990000955,2.10575
0.701000000955,2.137
0.701010000955,2.16825
0.701020000955,2.16825
0.701030000955,2.10575
0.701040000955,2.137
0.701050000955,2.137
0.701060000955,2.10575
0.701070000955,2.137
0.701080000955,2.16825
0.701090000955,2.137
0.701100000955,2.137
0.701110000955,2.16825
0.701120000955,2.10575
0.701130000955,2.10575
0.701140000955,2.16825
0.701150000955,2.16825
0.701160000955,2.137
0.701170000955,2.137
0.701180000955,2.137
0.701190000955,2.137
0.701200000955,2.137
0.701210000955,2.137
0.701220000955,2.137
0.701230000955,2.10575
0.701240000955,2.137
0.701250000955,2.16825
0.701260000955,2.137
0.701270000955,2.137
0.701280000955,2.16825
0.701290000955,2.137
0.701300000955,2.137
0.701310000955,2.137
0.701320000955,2.137
0.701330000955,2.16825
0.701340000955,2.137
0.701350000955,2.10575
0.701360000955,2.137
0.701370000955,2.16825
0.701380000955,2.137
0.701390000955,2.10575
0.701400000955,2.137
0.701410000955,2.16825
0.701420000955,2.10575
0.701430000955,2.16825
0.701440000955,2.137
0.701450000955,2.137
0.701460000955,2.10575
0.701470000955,2.137
0.701480000955,2.10575
0.701490000955,2.137
0.701500000955,2.10575
0.701510000955,2.10575
0.701520000955,2.137
0.701530000955,2.137
0.701540000955,2.16825
0.701550000955,2.137
0.701560000955,2.137
0.701570000955,2.137
0.701580000955,2.10575
0.701590000955,2.137
0.701600000955,2.16825
0.701610000955,2.137
0.701620000955,2.16825
0.701630000955,2.137
0.701640000955,2.137
0.701650000955,2.137
0.701660000955,2.16825
0.701670000955,2.137
0.701680000955,2.10575
0.701690000955,2.10575
0.701700000955,2.137
0.701710000955,2.137
0.701720000955,2.137
0.701730000955,2.16825
0.701740000955,2.137
0.701750000955,2.137
0.701760000955,2.16825
0.701770000955,2.137
0.701780000955,2.137
0.701790000955,2.10575
0.701800000955,2.16825
0.701810000955,2.137
0.701820000955,2.137
0.701830000955,2.137
0.701840000955,2.137
0.701850000955,2.137
0.701860000955,2.137
0.701870000955,2.137
0.701880000955,2.16825
0.701890000955,2.16825
0.701900000955,2.137
0.701910000955,2.137
0.701920000955,2.137
0.701930000955,2.137
0.701940000955,2.16825
0.701950000955,2.16825
0.701960000955,2.137
0.701970000955,2.16825
0.701980000955,2.137
0.701990000955,2.16825
0.702000000955,2.16825
0.702010000955,2.137
0.702020000955,2.137
0.702030000955,2.16825
0.702040000955,2.137
0.702050000955,2.137
0.702060000955,2.137
0.702070000955,2.137
0.702080000955,2.137
0.702090000955,2.10575
0.702100000955,2.137
0.702110000955,2.16825
0.702120000955,2.137
0.702130000955,2.137
0.702140000955,2.10575
0.702150000955,2.16825
0.702160000955,2.137
0.702170000955,2.10575
0.702180000955,2.137
0.702190000955,2.16825
0.702200000955,2.10575
0.702210000955,2.137
0.702220000955,2.137
0.702230000955,2.16825
0.702240000955,2.16825
0.702250000955,2.16825
0.702260000955,2.137
0.702270000955,2.16825
0.702280000955,2.10575
0.702290000955,2.137
0.702300000955,2.137
0.702310000955,2.137
0.702320000955,2.10575
0.702330000955,2.137
0.702340000955,2.137
0.702350000955,2.10575
0.702360000955,2.137
0.702370000955,2.137
0.702380000955,2.137
0.702390000955,2.137
0.702400000955,2.137
0.702410000955,2.137
0.702420000955,2.137
0.702430000955,2.16825
0.702440000955,2.10575
0.702450000955,2.137
0.702460000955,2.137
0.702470000955,2.137
0.702480000955,2.137
0.702490000955,2.10575
0.702500000955,2.137
0.702510000955,2.16825
0.702520000955,2.16825
0.702530000955,2.16825
0.702540000955,2.10575
0.702550000955,2.137
0.702560000955,2.137
0.702570000955,2.16825
0.702580000955,2.10575
0.702590000955,2.16825
0.702600000955,2.137
0.702610000955,2.16825
0.702620000955,2.137
0.702630000955,2.137
0.702640000955,2.137
0.702650000955,2.137
0.702660000955,2.137
0.702670000955,2.137
0.702680000955,2.137
0.702690000955,2.137
0.702700000955,2.137
0.702710000955,2.10575
0.702720000955,2.137
0.702730000955,2.137
0.702740000955,2.137
0.702750000955,2.137
0.702760000955,2.1995
0.702770000955,2.137
0.702780000955,2.137
0.702790000955,2.137
0.702800000955,2.137
0.702810000955,2.137
0.702820000955,2.137
0.702830000955,2.137
0.702840000955,2.137
0.702850000955,2.137
0.702860000955,2.10575
0.702870000955,2.137
0.702880000955,2.137
0.702890000955,2.10575
0.702900000955,2.137
0.702910000955,2.137
0.702920000955,2.16825
0.702930000955,2.137
0.702940000955,2.137
0.702950000955,2.137
0.702960000955,2.137
0.702970000955,2.16825
0.702980000955,2.10575
0.702990000955,2.137
0.703000000955,2.10575
0.703010000955,2.16825
0.703020000955,2.137
0.703030000955,2.10575
0.703040000955,2.16825
0.703050000955,2.137
0.703060000955,2.10575
0.703070000955,2.137
0.703080000955,2.137
0.703090000955,2.16825
0.703100000955,2.16825
0.703110000955,2.137
0.703120000955,2.16825
0.703130000955,2.137
0.703140000955,2.137
0.703150000955,2.137
0.703160000955,2.137
0.703170000955,2.16825
0.703180000955,2.16825
0.703190000955,2.16825
0.703200000955,2.137
0.703210000955,2.137
0.703220000955,2.16825
0.703230000955,2.137
0.703240000955,2.137
0.703250000955,2.137
0.703260000955,2.137
0.703270000955,2.1995
0.703280000955,2.10575
0.703290000955,2.137
0.703300000955,2.16825
0.703310000955,2.10575
0.703320000955,2.137
0.703330000955,2.137
0.703340000955,2.137
0.703350000955,2.137
0.703360000955,2.137
0.703370000955,2.137
0.703380000955,2.137
0.703390000955,2.137
0.703400000955,2.10575
0.703410000955,2.137
0.703420000955,2.16825
0.703430000955,2.137
0.703440000955,2.137
0.703450000955,2.137
0.703460000955,2.137
0.703470000955,2.137
0.703480000955,2.137
0.703490000955,2.10575
0.703500000955,2.137
0.703510000955,2.10575
0.703520000955,2.16825
0.703530000955,2.137
0.703540000955,2.137
0.703550000955,2.137
0.703560000955,2.16825
0.703570000955,2.137
0.703580000955,2.10575
0.703590000955,2.137
0.703600000955,2.137
0.703610000955,2.10575
0.703620000955,2.16825
0.703630000955,2.137
0.703640000955,2.137
0.703650000955,2.137
0.703660000955,2.137
0.703670000955,2.137
0.703680000955,2.137
0.703690000955,2.137
0.703700000955,2.137
0.703710000955,2.10575
0.703720000955,2.137
0.703730000955,2.137
0.703740000955,2.137
0.703750000955,2.137
0.703760000955,2.137
0.703770000955,2.137
0.703780000955,2.137
0.703790000955,2.10575
0.703800000955,2.16825
0.703810000955,2.137
0.703820000955,2.16825
0.703830000955,2.16825
0.703840000955,2.10575
0.703850000955,2.137
0.703860000955,2.137
0.703870000955,2.137
0.703880000955,2.10575
0.703890000955,2.137
0.703900000955,2.137
0.703910000955,2.137
0.703920000955,2.137
0.703930000955,2.16825
0.703940000955,2.137
0.703950000955,2.16825
0.703960000955,2.16825
0.703970000955,2.10575
0.703980000955,2.16825
0.703990000955,2.16825
0.704000000955,2.137
0.704010000955,2.16825
0.704020000955,2.137
0.704030000955,2.137
0.704040000955,2.137
0.704050000955,2.137
0.704060000955,2.137
0.704070000955,2.137
0.704080000955,2.137
0.704090000955,2.16825
0.704100000955,2.137
0.704110000955,2.137
0.704120000955,2.137
0.704130000955,2.16825
0.704140000955,2.137
0.704150000955,2.16825
0.704160000955,2.137
0.704170000955,2.137
0.704180000955,2.137
0.704190000955,2.137
0.704200000955,2.16825
0.704210000955,2.10575
0.704220000955,2.137
0.704230000955,2.137
0.704240000955,2.16825
0.704250000955,2.137
0.704260000955,2.137
0.704270000955,2.137
0.704280000955,2.137
0.704290000955,2.16825
0.704300000955,2.16825
0.704310000955,2.137
0.704320000955,2.16825
0.704330000955,2.10575
0.704340000955,2.137
0.704350000955,2.16825
0.704360000955,2.137
0.704370000955,2.137
0.704380000955,2.137
0.704390000955,2.16825
0.704400000955,2.137
0.704410000955,2.137
0.704420000955,2.16825
0.704430000955,2.137
0.704440000955,2.10575
0.704450000955,2.16825
0.704460000955,2.10575
0.704470000955,2.137
0.704480000955,2.10575
0.704490000955,2.137
0.704500000955,2.137
0.704510000955,2.137
0.704520000955,2.137
0.704530000955,2.137
0.704540000955,2.137
0.704550000955,2.137
0.704560000955,2.16825
0.704570000955,2.137
0.704580000955,2.137
0.704590000955,2.10575
0.704600000955,2.16825
0.704610000955,2.137
0.704620000955,2.137
0.704630000955,2.137
0.704640000955,2.16825
0.704650000955,2.137
0.704660000955,2.137
0.704670000955,2.10575
0.704680000955,2.10575
0.704690000955,2.16825
0.704700000955,2.137
0.704710000955,2.137
0.704720000955,2.137
0.704730000955,2.137
0.704740000955,2.16825
0.704750000955,2.16825
0.704760000955,2.137
0.704770000955,2.10575
0.704780000955,2.16825
0.704790000955,2.137
0.704800000955,2.137
0.704810000955,2.10575
0.704820000955,2.16825
0.704830000955,2.16825
0.704840000955,2.137
0.704850000955,2.137
0.704860000955,2.16825
0.704870000955,2.10575
0.704880000955,2.16825
0.704890000955,2.137
0.704900000955,2.137
0.704910000955,2.137
0.704920000955,2.16825
0.704930000955,2.137
0.704940000955,2.137
0.704950000955,2.137
0.704960000955,2.137
0.704970000955,2.16825
0.704980000955,2.16825
0.704990000955,2.137
0.705000000955,2.10575
0.705010000955,2.16825
0.705020000955,2.16825
0.705030000955,2.137
0.705040000955,2.137
0.705050000955,2.137
0.705060000955,2.137
0.705070000955,2.137
0.705080000955,2.137
0.705090000955,2.10575
0.705100000955,2.137
0.705110000955,2.137
0.705120000955,2.137
0.705130000955,2.137
0.705140000955,2.137
0.705150000955,2.137
0.705160000955,2.137
0.705170000955,2.16825
0.705180000955,2.16825
0.705190000955,2.137
0.705200000955,2.16825
0.705210000955,2.16825
0.705220000955,2.16825
0.705230000955,2.137
0.705240000955,2.137
0.705250000955,2.137
0.705260000955,2.10575
0.705270000955,2.137
0.705280000955,2.10575
0.705290000955,2.137
0.705300000955,2.137
0.705310000955,2.10575
0.705320000955,2.137
0.705330000955,2.16825
0.705340000955,2.137
0.705350000955,2.137
0.705360000955,2.16825
0.705370000955,2.137
0.705380000955,2.10575
0.705390000955,2.16825
0.705400000955,2.16825
0.705410000955,2.137
0.705420000955,2.137
0.705430000955,2.137
0.705440000955,2.137
0.705450000955,2.10575
0.705460000955,2.16825
0.705470000955,2.137
0.705480000955,2.137
0.705490000955,2.137
0.705500000955,2.137
0.705510000955,2.137
0.705520000955,2.137
0.705530000955,2.137
0.705540000955,2.10575
0.705550000955,2.16825
0.705560000955,2.137
0.705570000955,2.137
0.705580000955,2.16825
0.705590000955,2.137
0.705600000955,2.137
0.705610000955,2.137
0.705620000955,2.137
0.705630000955,2.16825
0.705640000955,2.16825
0.705650000955,2.137
0.705660000955,2.137
0.705670000955,2.137
0.705680000955,2.16825
0.705690000955,2.137
0.705700000955,2.16825
0.705710000955,2.137
0.705720000955,2.16825
0.705730000955,2.1995
0.705740000955,2.137
0.705750000955,2.16825
0.705760000955,2.10575
0.705770000955,2.137
0.705780000955,2.137
0.705790000955,2.16825
0.705800000955,2.16825
0.705810000955,2.137
0.705820000955,2.137
0.705830000955,2.16825
0.705840000955,2.137
0.705850000955,2.137
0.705860000955,2.137
0.705870000955,2.137
0.705880000955,2.137
0.705890000955,2.16825
0.705900000955,2.137
0.705910000955,2.16825
0.705920000955,2.137
0.705930000955,2.137
0.705940000955,2.137
0.705950000955,2.137
0.705960000955,2.137
0.705970000955,2.137
0.705980000955,2.137
0.705990000955,2.16825
0.706000000955,2.137
0.706010000955,2.137
0.706020000955,2.137
0.706030000955,2.137
0.706040000955,2.137
0.706050000955,2.10575
0.706060000955,2.137
0.706070000955,2.137
0.706080000955,2.137
0.706090000955,2.137
0.706100000955,2.16825
0.706110000955,2.16825
0.706120000955,2.16825
0.706130000955,2.137
0.706140000955,2.137
0.706150000955,2.137
0.706160000955,2.10575
0.706170000955,2.137
0.706180000955,2.16825
0.706190000955,2.137
0.706200000955,2.16825
0.706210000955,2.16825
0.706220000955,2.137
0.706230000955,2.10575
0.706240000955,2.10575
0.706250000955,2.137
0.706260000955,2.137
0.706270000955,2.16825
0.706280000955,2.137
0.706290000955,2.16825
0.706300000955,2.137
0.706310000955,2.137
0.706320000955,2.10575
0.706330000955,2.16825
0.706340000955,2.137
0.706350000955,2.137
0.706360000955,2.10575
0.706370000955,2.137
0.706380000955,2.137
0.706390000955,2.137
0.706400000955,2.137
0.706410000955,2.137
0.706420000955,2.137
0.706430000955,2.16825
0.706440000955,2.137
0.706450000955,2.137
0.706460000955,2.137
0.706470000955,2.16825
0.706480000955,2.137
0.706490000955,2.137
0.706500000955,2.137
0.706510000955,2.137
0.706520000955,2.137
0.706530000955,2.1995
0.706540000955,2.137
0.706550000955,2.137
0.706560000955,2.137
0.706570000955,2.137
0.706580000955,2.137
0.706590000955,2.137
0.706600000955,2.137
0.706610000955,2.137
0.706620000955,2.137
0.706630000955,2.137
0.706640000955,2.137
0.706650000955,2.137
0.706660000955,2.137
0.706670000955,2.10575
0.706680000955,2.137
0.706690000955,2.137
0.706700000955,2.16825
0.706710000955,2.137
0.706720000955,2.137
0.706730000955,2.137
0.706740000955,2.137
0.706750000955,2.10575
0.706760000955,2.137
0.706770000955,2.10575
0.706780000955,2.10575
0.706790000955,2.16825
0.706800000955,2.16825
0.706810000955,2.10575
0.706820000955,2.137
0.706830000955,2.16825
0.706840000955,2.137
0.706850000955,2.137
0.706860000955,2.10575
0.706870000955,2.137
0.706880000955,2.10575
0.706890000955,2.137
0.706900000955,2.137
0.706910000955,2.16825
0.706920000955,2.10575
0.706930000955,2.137
0.706940000955,2.16825
0.706950000955,2.137
0.706960000955,2.137
0.706970000955,2.10575
0.706980000955,2.137
0.706990000955,2.137
0.707000000955,2.137
0.707010000955,2.137
0.707020000955,2.10575
0.707030000955,2.16825
0.707040000955,2.10575
0.707050000955,2.16825
0.707060000955,2.10575
0.707070000955,2.10575
0.707080000955,2.137
0.707090000955,2.137
0.707100000955,2.137
0.707110000955,2.137
0.707120000955,2.137
0.707130000955,2.137
0.707140000955,2.137
0.707150000955,2.10575
0.707160000955,2.137
0.707170000955,2.16825
0.707180000955,2.16825
0.707190000955,2.10575
0.707200000955,2.137
0.707210000955,2.137
0.707220000955,2.137
0.707230000955,2.10575
0.707240000955,2.16825
0.707250000955,2.137
0.707260000955,2.137
0.707270000955,2.137
0.707280000955,2.137
0.707290000955,2.16825
0.707300000955,2.137
0.707310000955,2.137
0.707320000955,2.1995
0.707330000955,2.137
0.707340000955,2.137
0.707350000955,2.137
0.707360000955,2.16825
0.707370000955,2.16825
0.707380000955,2.137
0.707390000955,2.137
0.707400000955,2.16825
0.707410000955,2.137
0.707420000955,2.137
0.707430000955,2.16825
0.707440000955,2.16825
0.707450000955,2.16825
0.707460000955,2.10575
0.707470000955,2.137
0.707480000955,2.16825
0.707490000955,2.16825
0.707500000955,2.16825
0.707510000955,2.137
0.707520000955,2.16825
0.707530000955,2.16825
0.707540000955,2.137
0.707550000955,2.137
0.707560000955,2.137
0.707570000955,2.16825
0.707580000955,2.137
0.707590000955,2.137
0.707600000955,2.137
0.707610000955,2.137
0.707620000955,2.137
0.707630000955,2.16825
0.707640000955,2.137
0.707650000955,2.137
0.707660000955,2.137
0.707670000955,2.137
0.707680000955,2.137
0.707690000955,2.137
0.707700000955,2.16825
0.707710000955,2.137
0.707720000955,2.16825
0.707730000955,2.137
0.707740000955,2.137
0.707750000955,2.137
0.707760000955,2.16825
0.707770000955,2.137
0.707780000955,2.137
0.707790000955,2.137
0.707800000955,2.16825
0.707810000955,2.16825
0.707820000955,2.137
0.707830000955,2.137
0.707840000955,2.137
0.707850000955,2.10575
0.707860000955,2.137
0.707870000955,2.137
0.707880000955,2.16825
0.707890000955,2.16825
0.707900000955,2.137
0.707910000955,2.137
0.707920000955,2.137
0.707930000955,2.16825
0.707940000955,2.137
0.707950000955,2.137
0.707960000955,2.137
0.707970000955,2.137
0.707980000955,2.0745
0.707990000955,2.137
0.708000000955,2.16825
0.708010000955,2.16825
0.708020000955,2.137
0.708030000955,2.137
0.708040000955,2.16825
0.708050000955,2.137
0.708060000955,2.16825
0.708070000955,2.137
0.708080000955,2.137
0.708090000955,2.137
0.708100000955,2.137
0.708110000955,2.16825
0.708120000955,2.137
0.708130000955,2.137
0.708140000955,2.137
0.708150000955,2.16825
0.708160000955,2.137
0.708170000955,2.10575
0.708180000955,2.16825
0.708190000955,2.137
0.708200000955,2.10575
0.708210000955,2.16825
0.708220000955,2.137
0.708230000955,2.137
0.708240000955,2.137
0.708250000955,2.10575
0.708260000955,2.137
0.708270000955,2.137
0.708280000955,2.137
0.708290000955,2.137
0.708300000955,2.16825
0.708310000955,2.16825
0.708320000955,2.16825
0.708330000955,2.137
0.708340000955,2.137
0.708350000955,2.137
0.708360000955,2.137
0.708370000955,2.10575
0.708380000955,2.16825
0.708390000955,2.137
0.708400000955,2.137
0.708410000955,2.137
0.708420000955,2.137
0.708430000955,2.137
0.708440000955,2.10575
0.708450000955,2.16825
0.708460000955,2.137
0.708470000955,2.137
0.708480000955,2.137
0.708490000955,2.137
0.708500000955,2.137
0.708510000955,2.16825
0.708520000955,2.137
0.708530000955,2.137
0.708540000955,2.10575
0.708550000955,2.16825
0.708560000955,2.16825
0.708570000955,2.16825
0.708580000955,2.10575
0.708590000955,2.137
0.708600000955,2.16825
0.708610000955,2.16825
0.708620000955,2.137
0.708630000955,2.16825
0.708640000955,2.137
0.708650000955,2.10575
0.708660000955,2.16825
0.708670000955,2.137
0.708680000955,2.137
0.708690000955,2.137
0.708700000955,2.10575
0.708710000955,2.10575
0.708720000955,2.137
0.708730000955,2.137
0.708740000955,2.137
0.708750000955,2.16825
0.708760000955,2.137
0.708770000955,2.10575
0.708780000955,2.137
0.708790000955,2.137
0.708800000955,2.137
0.708810000955,2.16825
0.708820000955,2.137
0.708830000955,2.137
0.708840000955,2.137
0.708850000955,2.137
0.708860000955,2.10575
0.708870000955,2.137
0.708880000955,2.137
0.708890000955,2.137
0.708900000955,2.10575
0.708910000955,2.137
0.708920000955,2.137
0.708930000955,2.137
0.708940000955,2.16825
0.708950000955,2.137
0.708960000955,2.137
0.708970000955,2.137
0.708980000955,2.16825
0.708990000955,2.16825
0.709000000955,2.16825
0.709010000955,2.137
0.709020000955,2.16825
0.709030000955,2.16825
0.709040000955,2.137
0.709050000955,2.10575
0.709060000955,2.137
0.709070000955,2.10575
0.709080000955,2.137
0.709090000955,2.137
0.709100000955,2.137
0.709110000955,2.10575
0.709120000955,2.16825
0.709130000955,2.10575
0.709140000955,2.137
0.709150000955,2.16825
0.709160000955,2.137
0.709170000955,2.137
0.709180000955,2.16825
0.709190000955,2.137
0.709200000955,2.137
0.709210000955,2.137
0.709220000955,2.16825
0.709230000955,2.137
0.709240000955,2.137
0.709250000955,2.10575
0.709260000955,2.137
0.709270000955,2.16825
0.709280000955,2.10575
0.709290000955,2.16825
0.709300000955,2.10575
0.709310000955,2.137
0.709320000955,2.137
0.709330000955,2.16825
0.709340000955,2.16825
0.709350000955,2.137
0.709360000955,2.137
0.709370000955,2.137
0.709380000955,2.137
0.709390000955,2.137
0.709400000955,2.137
0.709410000955,2.16825
0.709420000955,2.137
0.709430000955,2.16825
0.709440000955,2.10575
0.709450000955,2.16825
0.709460000955,2.137
0.709470000955,2.137
0.709480000955,2.137
0.709490000955,2.137
0.709500000955,2.16825
0.709510000955,2.16825
0.709520000955,2.137
0.709530000955,2.16825
0.709540000955,2.137
0.709550000955,2.137
0.709560000955,2.137
0.709570000955,2.137
0.709580000955,2.16825
0.709590000955,2.137
0.709600000955,2.10575
0.709610000955,2.137
0.709620000955,2.137
0.709630000955,2.137
0.709640000955,2.137
0.709650000955,2.10575
0.709660000955,2.137
0.709670000955,2.10575
0.709680000955,2.137
0.709690000955,2.10575
0.709700000955,2.16825
0.709710000955,2.10575
0.709720000955,2.137
0.709730000955,2.137
0.709740000955,2.137
0.709750000955,2.137
0.709760000955,2.137
0.709770000955,2.16825
0.709780000955,2.16825
0.709790000955,2.16825
0.709800000955,2.137
0.709810000955,2.10575
0.709820000955,2.137
0.709830000955,2.137
0.709840000955,2.137
0.709850000955,2.137
0.709860000955,2.137
0.709870000955,2.137
0.709880000955,2.16825
0.709890000955,2.137
0.709900000955,2.16825
0.709910000955,2.137
0.709920000955,2.16825
0.709930000955,2.137
0.709940000955,2.16825
0.709950000955,2.10575
0.709960000955,2.137
0.709970000955,2.137
0.709980000955,2.137
0.709990000955,2.137
0.710000000955,2.137
0.710010000955,2.137
0.710020000955,2.137
0.710030000955,2.16825
0.710040000955,2.137
0.710050000955,2.137
0.710060000955,2.10575
0.710070000955,2.16825
0.710080000955,2.16825
0.710090000955,2.16825
0.710100000955,2.137
0.710110000955,2.137
0.710120000955,2.137
0.710130000955,2.10575
0.710140000955,2.137
0.710150000955,2.137
0.710160000955,2.137
0.710170000955,2.16825
0.710180000955,2.1995
0.710190000955,2.137
0.710200000955,2.16825
0.710210000955,2.16825
0.710220000955,2.137
0.710230000955,2.10575
0.710240000955,2.137
0.710250000955,2.10575
0.710260000955,2.137
0.710270000955,2.16825
0.710280000955,2.137
0.710290000955,2.137
0.710300000955,2.16825
0.710310000955,2.16825
0.710320000955,2.137
0.710330000955,2.137
0.710340000955,2.137
0.710350000955,2.137
0.710360000955,2.16825
0.710370000955,2.1995
0.710380000955,2.137
0.710390000955,2.137
0.710400000955,2.137
0.710410000955,2.137
0.710420000955,2.137
0.710430000955,2.137
0.710440000955,2.137
0.710450000955,2.137
0.710460000955,2.137
0.710470000955,2.16825
0.710480000955,2.16825
0.710490000955,2.16825
0.710500000955,2.137
0.710510000955,2.137
0.710520000955,2.16825
0.710530000955,2.137
0.710540000955,2.137
0.710550000955,2.137
0.710560000955,2.16825
0.710570000955,2.137
0.710580000955,2.137
0.710590000955,2.137
0.710600000955,2.137
0.710610000955,2.16825
0.710620000955,2.137
0.710630000955,2.10575
0.710640000955,2.137
0.710650000955,2.10575
0.710660000955,2.10575
0.710670000955,2.10575
0.710680000955,2.137
0.710690000955,2.16825
0.710700000955,2.137
0.710710000955,2.10575
0.710720000955,2.137
0.710730000955,2.16825
0.710740000955,2.137
0.710750000955,2.137
0.710760000955,2.137
0.710770000955,2.16825
0.710780000955,2.137
0.710790000955,2.137
0.710800000955,2.10575
0.710810000955,2.10575
0.710820000955,2.16825
0.710830000955,2.16825
0.710840000955,2.10575
0.710850000955,2.137
0.710860000955,2.16825
0.710870000955,2.137
0.710880000955,2.137
0.710890000955,2.137
0.710900000955,2.137
0.710910000955,2.137
0.710920000955,2.137
0.710930000955,2.137
0.710940000955,2.137
0.710950000955,2.137
0.710960000955,2.137
0.710970000955,2.137
0.710980000955,2.137
0.710990000955,2.137
0.711000000955,2.137
0.711010000955,2.137
0.711020000955,2.137
0.711030000955,2.137
0.711040000955,2.16825
0.711050000955,2.137
0.711060000955,2.137
0.711070000955,2.10575
0.711080000955,2.10575
0.711090000955,2.137
0.711100000955,2.137
0.711110000955,2.137
0.711120000955,2.137
0.711130000955,2.16825
0.711140000955,2.137
0.711150000955,2.137
0.711160000955,2.137
0.711170000955,2.137
0.711180000955,2.16825
0.711190000955,2.137
0.711200000955,2.137
0.711210000955,2.10575
0.711220000955,2.16825
0.711230000955,2.16825
0.711240000955,2.10575
0.711250000955,2.137
0.711260000955,2.137
0.711270000955,2.137
0.711280000955,2.10575
0.711290000955,2.137
0.711300000955,2.16825
0.711310000955,2.137
0.711320000955,2.10575
0.711330000955,2.137
0.711340000955,2.137
0.711350000955,2.137
0.711360000955,2.137
0.711370000955,2.10575
0.711380000955,2.10575
0.711390000955,2.137
0.711400000955,2.137
0.711410000955,2.137
0.711420000955,2.137
0.711430000955,2.10575
0.711440000955,2.137
0.711450000955,2.137
0.711460000955,2.10575
0.711470000955,2.137
0.711480000955,2.10575
0.711490000955,2.137
0.711500000955,2.16825
0.711510000955,2.137
0.711520000955,2.10575
0.711530000955,2.10575
0.711540000955,2.10575
0.711550000955,2.137
0.711560000955,2.137
0.711570000955,2.137
0.711580000955,2.137
0.711590000955,2.137
0.711600000955,2.137
0.711610000955,2.16825
0.711620000955,2.137
0.711630000955,2.137
0.711640000955,2.137
0.711650000955,2.137
0.711660000955,2.137
0.711670000955,2.137
0.711680000955,2.137
0.711690000955,2.137
0.711700000955,2.137
0.711710000955,2.10575
0.711720000955,2.137
0.711730000955,2.16825
0.711740000955,2.10575
0.711750000955,2.137
0.711760000955,2.137
0.711770000955,2.137
0.711780000955,2.137
0.711790000955,2.137
0.711800000955,2.137
0.711810000955,2.137
0.711820000955,2.137
0.711830000955,2.137
0.711840000955,2.137
0.711850000955,2.16825
0.711860000955,2.10575
0.711870000955,2.137
0.711880000955,2.137
0.711890000955,2.10575
0.711900000955,2.137
0.711910000955,2.137
0.711920000955,2.137
0.711930000955,2.16825
0.711940000955,2.16825
0.711950000955,2.10575
0.711960000955,2.10575
0.711970000955,2.137
0.711980000955,2.137
0.711990000955,2.137
0.712000000955,2.10575
0.712010000955,2.10575
0.712020000955,2.10575
0.712030000955,2.10575
0.712040000955,2.10575
0.712050000955,2.10575
0.712060000955,2.137
0.712070000955,2.10575
0.712080000955,2.137
0.712090000955,2.16825
0.712100000955,2.137
0.712110000955,2.10575
0.712120000955,2.10575
0.712130000955,2.137
0.712140000955,2.137
0.712150000955,2.10575
0.712160000955,2.10575
0.712170000955,2.16825
0.712180000955,2.10575
0.712190000955,2.16825
0.712200000955,2.10575
0.712210000955,2.137
0.712220000955,2.137
0.712230000955,2.10575
0.712240000955,2.137
0.712250000955,2.16825
0.712260000955,2.137
0.712270000955,2.137
0.712280000955,2.16825
0.712290000955,2.16825
0.712300000955,2.137
0.712310000955,2.137
0.712320000955,2.137
0.712330000955,2.137
0.712340000955,2.10575
0.712350000955,2.137
0.712360000955,2.16825
0.712370000955,2.10575
0.712380000955,2.137
0.712390000955,2.137
0.712400000955,2.137
0.712410000955,2.137
0.712420000955,2.137
0.712430000955,2.10575
0.712440000955,2.137
0.712450000955,2.137
0.712460000955,2.137
0.712470000955,2.0745
0.712480000955,2.0745
0.712490000955,2.10575
0.712500000955,2.10575
0.712510000955,2.137
0.712520000955,2.10575
0.712530000955,2.137
0.712540000955,2.137
0.712550000955,2.137
0.712560000955,2.10575
0.712570000955,2.137
0.712580000955,2.137
0.712590000955,2.137
0.712600000955,2.16825
0.712610000955,2.137
0.712620000955,2.137
0.712630000955,2.10575
0.712640000955,2.137
0.712650000955,2.16825
0.712660000955,2.10575
0.712670000955,2.10575
0.712680000955,2.10575
0.712690000955,2.137
0.712700000955,2.10575
0.712710000955,2.137
0.712720000955,2.10575
0.712730000955,2.137
0.712740000955,2.137
0.712750000955,2.10575
0.712760000955,2.10575
0.712770000955,2.137
0.712780000955,2.137
0.712790000955,2.137
0.712800000955,2.137
0.712810000955,2.10575
0.712820000955,2.10575
0.712830000955,2.137
0.712840000955,2.10575
0.712850000955,2.137
0.712860000955,2.137
0.712870000955,2.10575
0.712880000955,2.137
0.712890000955,2.137
0.712900000955,2.10575
0.712910000955,2.16825
0.712920000955,2.10575
0.712930000955,2.10575
0.712940000955,2.137
0.712950000955,2.137
0.712960000955,2.137
0.712970000955,2.10575
0.712980000955,2.10575
0.712990000955,2.10575
0.713000000955,2.137
0.713010000955,2.137
0.713020000955,2.10575
0.713030000955,2.137
0.713040000955,2.10575
0.713050000955,2.137
0.713060000955,2.10575
0.713070000955,2.137
0.713080000955,2.10575
0.713090000955,2.10575
0.713100000955,2.137
0.713110000955,2.10575
0.713120000955,2.10575
0.713130000955,2.137
0.713140000955,2.10575
0.713150000955,2.137
0.713160000955,2.10575
0.713170000955,2.10575
0.713180000955,2.10575
0.713190000955,2.137
0.713200000955,2.10575
0.713210000955,2.137
0.713220000955,2.137
0.713230000955,2.137
0.713240000955,2.137
0.713250000955,2.137
0.713260000955,2.10575
0.713270000955,2.137
0.713280000955,2.10575
0.713290000955,2.137
0.713300000955,2.10575
0.713310000955,2.137
0.713320000955,2.137
0.713330000955,2.10575
0.713340000955,2.10575
0.713350000955,2.10575
0.713360000955,2.137
0.713370000955,2.10575
0.713380000955,2.10575
0.713390000955,2.10575
0.713400000955,2.10575
0.713410000955,2.10575
0.713420000955,2.10575
0.713430000955,2.10575
0.713440000955,2.10575
0.713450000955,2.137
0.713460000955,2.10575
0.713470000955,2.10575
0.713480000955,2.137
0.713490000955,2.10575
0.713500000955,2.137
0.713510000955,2.10575
0.713520000955,2.10575
0.713530000955,2.16825
0.713540000955,2.10575
0.713550000955,2.10575
0.713560000955,2.10575
0.713570000955,2.0745
0.713580000955,2.0745
0.713590000955,2.137
0.713600000955,2.16825
0.713610000955,2.10575
0.713620000955,2.137
0.713630000955,2.10575
0.713640000955,2.137
0.713650000955,2.137
0.713660000955,2.137
0.713670000955,2.137
0.713680000955,2.137
0.713690000955,2.137
0.713700000955,2.10575
0.713710000955,2.10575
0.713720000955,2.137
0.713730000955,2.10575
0.713740000955,2.10575
0.713750000955,2.10575
0.713760000955,2.10575
0.713770000955,2.0745
0.713780000955,2.10575
0.713790000955,2.10575
0.713800000955,2.137
0.713810000955,2.10575
0.713820000955,2.10575
0.713830000955,2.10575
0.713840000955,2.10575
0.713850000955,2.10575
0.713860000955,2.137
0.713870000955,2.137
0.713880000955,2.137
0.713890000955,2.137
0.713900000955,2.10575
0.713910000955,2.10575
0.713920000955,2.10575
0.713930000955,2.10575
0.713940000955,2.137
0.713950000955,2.137
0.713960000955,2.0745
0.713970000955,2.10575
0.713980000955,2.137
0.713990000955,2.10575
0.714000000955,2.10575
0.714010000955,2.137
0.714020000955,2.137
0.714030000955,2.137
0.714040000955,2.10575
0.714050000955,2.137
0.714060000955,2.137
0.714070000955,2.10575
0.714080000955,2.137
0.714090000955,2.10575
0.714100000955,2.137
0.714110000955,2.137
0.714120000955,2.10575
0.714130000955,2.10575
0.714140000955,2.137
0.714150000955,2.137
0.714160000955,2.137
0.714170000955,2.16825
0.714180000955,2.137
0.714190000955,2.137
0.714200000955,2.10575
0.714210000955,2.10575
0.714220000955,2.10575
0.714230000955,2.10575
0.714240000955,2.137
0.714250000955,2.10575
0.714260000955,2.137
0.714270000955,2.10575
0.714280000955,2.10575
0.714290000955,2.137
0.714300000955,2.137
0.714310000955,2.137
0.714320000955,2.137
0.714330000955,2.137
0.714340000955,2.10575
0.714350000955,2.137
0.714360000955,2.137
0.714370000955,2.137
0.714380000955,2.10575
0.714390000955,2.137
0.714400000955,2.137
0.714410000955,2.10575
0.714420000955,2.137
0.714430000955,2.10575
0.714440000955,2.10575
0.714450000955,2.137
0.714460000955,2.10575
0.714470000955,2.137
0.714480000955,2.16825
0.714490000955,2.137
0.714500000955,2.137
0.714510000955,2.10575
0.714520000955,2.137
0.714530000955,2.10575
0.714540000955,2.16825
0.714550000955,2.137
0.714560000955,2.10575
0.714570000955,2.137
0.714580000955,2.10575
0.714590000955,2.137
0.714600000955,2.10575
0.714610000955,2.137
0.714620000955,2.10575
0.714630000955,2.10575
0.714640000955,2.10575
0.714650000955,2.0745
0.714660000955,2.137
0.714670000955,2.137
0.714680000955,2.10575
0.714690000955,2.10575
0.714700000955,2.137
0.714710000955,2.10575
0.714720000955,2.137
0.714730000955,2.0745
0.714740000955,2.0745
0.714750000955,2.137
0.714760000955,2.137
0.714770000955,2.10575
0.714780000955,2.137
0.714790000955,2.10575
0.714800000955,2.10575
0.714810000955,2.10575
0.714820000955,2.10575
0.714830000955,2.137
0.714840000955,2.10575
0.714850000955,2.10575
0.714860000955,2.137
0.714870000955,2.10575
0.714880000955,2.137
0.714890000955,2.10575
0.714900000955,2.16825
0.714910000955,2.0745
0.714920000955,2.10575
0.714930000955,2.137
0.714940000955,2.10575
0.714950000955,2.137
0.714960000955,2.137
0.714970000955,2.10575
0.714980000955,2.137
0.714990000955,2.10575
0.715000000955,2.10575
0.715010000955,2.137
0.715020000955,2.137
0.715030000955,2.10575
0.715040000955,2.10575
0.715050000955,2.0745
0.715060000955,2.10575
0.715070000955,2.16825
0.715080000955,2.10575
0.715090000955,2.10575
0.715100000955,2.137
0.715110000955,2.137
0.715120000955,2.10575
0.715130000955,2.137
0.715140000955,2.10575
0.715150000955,2.10575
0.715160000955,2.0745
0.715170000955,2.137
0.715180000955,2.10575
0.715190000955,2.10575
0.715200000955,2.10575
0.715210000955,2.10575
0.715220000955,2.10575
0.715230000955,2.10575
0.715240000955,2.137
0.715250000955,2.137
0.715260000955,2.137
0.715270000955,2.10575
0.715280000955,2.137
0.715290000955,2.16825
0.715300000955,2.137
0.715310000955,2.137
0.715320000955,2.137
0.715330000955,2.0745
0.715340000955,2.137
0.715350000955,2.10575
0.715360000955,2.137
0.715370000955,2.137
0.715380000955,2.137
0.715390000955,2.137
0.715400000955,2.16825
0.715410000955,2.16825
0.715420000955,2.10575
0.715430000955,2.0745
0.715440000955,2.10575
0.715450000955,2.10575
0.715460000955,2.10575
0.715470000955,2.10575
0.715480000955,2.10575
0.715490000955,2.10575
0.715500000955,2.16825
0.715510000955,2.16825
0.715520000955,2.0745
0.715530000955,2.137
0.715540000955,2.10575
0.715550000955,2.137
0.715560000955,2.137
0.715570000955,2.137
0.715580000955,2.137
0.715590000955,2.10575
0.715600000955,2.137
0.715610000955,2.10575
0.715620000955,2.16825
0.715630000955,2.137
0.715640000955,2.10575
0.715650000955,2.137
0.715660000955,2.16825
0.715670000955,2.137
0.715680000955,2.10575
0.715690000955,2.10575
0.715700000955,2.137
0.715710000955,2.137
0.715720000955,2.137
0.715730000955,2.10575
0.715740000955,2.10575
0.715750000955,2.137
0.715760000955,2.137
0.715770000955,2.137
0.715780000955,2.137
0.715790000955,2.10575
0.715800000955,2.10575
0.715810000955,2.137
0.715820000955,2.10575
0.715830000955,2.137
0.715840000955,2.0745
0.715850000955,2.10575
0.715860000955,2.137
0.715870000955,2.10575
0.715880000955,2.10575
0.715890000955,2.137
0.715900000955,2.10575
0.715910000955,2.137
0.715920000955,2.137
0.715930000955,2.10575
0.715940000955,2.0745
0.715950000955,2.137
0.715960000955,2.10575
0.715970000955,2.16825
0.715980000955,2.137
0.715990000955,2.10575
0.716000000955,2.137
0.716010000955,2.137
0.716020000955,2.10575
0.716030000955,2.10575
0.716040000955,2.10575
0.716050000955,2.10575
0.716060000955,2.137
0.716070000955,2.137
0.716080000955,2.137
0.716090000955,2.16825
0.716100000955,2.137
0.716110000955,2.16825
0.716120000955,2.10575
0.716130000955,2.16825
0.716140000955,2.137
0.716150000955,2.10575
0.716160000955,2.137
0.716170000955,2.137
0.716180000955,2.10575
0.716190000955,2.10575
0.716200000955,2.10575
0.716210000955,2.137
0.716220000955,2.16825
0.716230000955,2.137
0.716240000955,2.137
0.716250000955,2.10575
0.716260000955,2.137
0.716270000955,2.0745
0.716280000955,2.137
0.716290000955,2.10575
0.716300000955,2.137
0.716310000955,2.137
0.716320000955,2.137
0.716330000955,2.137
0.716340000955,2.16825
0.716350000955,2.137
0.716360000955,2.137
0.716370000955,2.137
0.716380000955,2.10575
0.716390000955,2.137
0.716400000955,2.137
0.716410000955,2.137
0.716420000955,2.137
0.716430000955,2.137
0.716440000955,2.137
0.716450000955,2.137
0.716460000955,2.137
0.716470000955,2.137
0.716480000955,2.137
0.716490000955,2.137
0.716500000955,2.137
0.716510000955,2.10575
0.716520000955,2.137
0.716530000955,2.10575
0.716540000955,2.137
0.716550000955,2.10575
0.716560000955,2.137
0.716570000955,2.10575
0.716580000955,2.137
0.716590000955,2.10575
0.716600000955,2.10575
0.716610000955,2.10575
0.716620000955,2.10575
0.716630000955,2.10575
0.716640000955,2.137
0.716650000955,2.10575
0.716660000955,2.0745
0.716670000955,2.10575
0.716680000955,2.10575
0.716690000955,2.137
0.716700000955,2.137
0.716710000955,2.10575
0.716720000955,2.10575
0.716730000955,2.10575
0.716740000955,2.137
0.716750000955,2.137
0.716760000955,2.10575
0.716770000955,2.137
0.716780000955,2.137
0.716790000955,2.16825
0.716800000955,2.137
0.716810000955,2.137
0.716820000955,2.16825
0.716830000955,2.137
0.716840000955,2.137
0.716850000955,2.137
0.716860000955,2.10575
0.716870000955,2.137
0.716880000955,2.10575
0.716890000955,2.10575
0.716900000955,2.16825
0.716910000955,2.137
0.716920000955,2.10575
0.716930000955,2.137
0.716940000955,2.137
0.716950000955,2.137
0.716960000955,2.137
0.716970000955,2.137
0.716980000955,2.137
0.716990000955,2.10575
0.717000000955,2.137
0.717010000955,2.10575
0.717020000955,2.10575
0.717030000955,2.137
0.717040000955,2.137
0.717050000955,2.137
0.717060000955,2.137
0.717070000955,2.137
0.717080000955,2.137
0.717090000955,2.137
0.717100000955,2.10575
0.717110000955,2.137
0.717120000955,2.137
0.717130000955,2.137
0.717140000955,2.10575
0.717150000955,2.137
0.717160000955,2.10575
0.717170000955,2.10575
0.717180000955,2.0745
0.717190000955,2.16825
0.717200000955,2.137
0.717210000955,2.10575
0.717220000955,2.137
0.717230000955,2.137
0.717240000955,2.10575
0.717250000955,2.10575
0.717260000955,2.137
0.717270000955,2.10575
0.717280000955,2.137
0.717290000955,2.137
0.717300000955,2.137
0.717310000955,2.10575
0.717320000955,2.10575
0.717330000955,2.137
0.717340000955,2.137
0.717350000955,2.10575
0.717360000955,2.16825
0.717370000955,2.10575
0.717380000955,2.10575
0.717390000955,2.10575
0.717400000955,2.10575
0.717410000955,2.137
0.717420000955,2.16825
0.717430000955,2.10575
0.717440000955,2.137
0.717450000955,2.137
0.717460000955,2.10575
0.717470000955,2.10575
0.717480000955,2.137
0.717490000955,2.137
0.717500000955,2.10575
0.717510000955,2.137
0.717520000955,2.16825
0.717530000955,2.137
0.717540000955,2.10575
0.717550000955,2.137
0.717560000955,2.137
0.717570000955,2.0745
0.717580000955,2.137
0.717590000955,2.16825
0.717600000955,2.16825
0.717610000955,2.137
0.717620000955,2.10575
0.717630000955,2.16825
0.717640000955,2.0745
0.717650000955,2.16825
0.717660000955,2.137
0.717670000955,2.137
0.717680000955,2.10575
0.717690000955,2.137
0.717700000955,2.137
0.717710000955,2.16825
0.717720000955,2.16825
0.717730000955,2.137
0.717740000955,2.10575
0.717750000955,2.10575
0.717760000955,2.137
0.717770000955,2.10575
0.717780000955,2.10575
0.717790000955,2.16825
0.717800000955,2.10575
0.717810000955,2.137
0.717820000955,2.137
0.717830000955,2.10575
0.717840000955,2.137
0.717850000955,2.137
0.717860000955,2.10575
0.717870000955,2.10575
0.717880000955,2.10575
0.717890000955,2.137
0.717900000955,2.137
0.717910000955,2.16825
0.717920000955,2.137
0.717930000955,2.137
0.717940000955,2.137
0.717950000955,2.137
0.717960000955,2.10575
0.717970000955,2.137
0.717980000955,2.10575
0.717990000955,2.10575
0.718000000955,2.10575
0.718010000955,2.137
0.718020000955,2.10575
0.718030000955,2.10575
0.718040000955,2.10575
0.718050000955,2.137
0.718060000955,2.10575
0.718070000955,2.0745
0.718080000955,2.10575
0.718090000955,2.137
0.718100000955,2.137
0.718110000955,2.10575
0.718120000955,2.10575
0.718130000955,2.10575
0.718140000955,2.10575
0.718150000955,2.137
0.718160000955,2.10575
0.718170000955,2.10575
0.718180000955,2.137
0.718190000955,2.137
0.718200000955,2.10575
0.718210000955,2.137
0.718220000955,2.16825
0.718230000955,2.137
0.718240000955,2.10575
0.718250000955,2.137
0.718260000955,2.137
0.718270000955,2.137
0.718280000955,2.137
0.718290000955,2.137
0.718300000955,2.137
0.718310000955,2.10575
0.718320000955,2.137
0.718330000955,2.10575
0.718340000955,2.16825
0.718350000955,2.137
0.718360000955,2.137
0.718370000955,2.137
0.718380000955,2.137
0.718390000955,2.16825
0.718400000955,2.10575
0.718410000955,2.137
0.718420000955,2.16825
0.718430000955,2.10575
0.718440000955,2.137
0.718450000955,2.137
0.718460000955,2.137
0.718470000955,2.137
0.718480000955,2.16825
0.718490000955,2.137
0.718500000955,2.137
0.718510000955,2.16825
0.718520000955,2.10575
0.718530000955,2.137
0.718540000955,2.137
0.718550000955,2.137
0.718560000955,2.10575
0.718570000955,2.137
0.718580000955,2.137
0.718590000955,2.137
0.718600000955,2.10575
0.718610000955,2.10575
0.718620000955,2.137
0.718630000955,2.137
0.718640000955,2.10575
0.718650000955,2.137
0.718660000955,2.10575
0.718670000955,2.137
0.718680000955,2.137
0.718690000955,2.137
0.718700000955,2.10575
0.718710000955,2.10575
0.718720000955,2.10575
0.718730000955,2.10575
0.718740000955,2.10575
0.718750000955,2.10575
0.718760000955,2.137
0.718770000955,2.10575
0.718780000955,2.137
0.718790000955,2.137
0.718800000955,2.137
0.718810000955,2.137
0.718820000955,2.10575
0.718830000955,2.10575
0.718840000955,2.10575
0.718850000955,2.10575
0.718860000955,2.137
0.718870000955,2.137
0.718880000955,2.10575
0.718890000955,2.10575
0.718900000955,2.137
0.718910000955,2.10575
0.718920000955,2.16825
0.718930000955,2.10575
0.718940000955,2.137
0.718950000955,2.16825
0.718960000955,2.137
0.718970000955,2.10575
0.718980000955,2.10575
0.718990000955,2.10575
0.719000000955,2.10575
0.719010000955,2.137
0.719020000955,2.137
0.719030000955,2.137
0.719040000955,2.137
0.719050000955,2.137
0.719060000955,2.137
0.719070000955,2.16825
0.719080000955,2.0745
0.719090000955,2.137
0.719100000955,2.10575
0.719110000955,2.16825
0.719120000955,2.137
0.719130000955,2.137
0.719140000955,2.137
0.719150000955,2.10575
0.719160000955,2.137
0.719170000955,2.10575
0.719180000955,2.137
0.719190000955,2.137
0.719200000955,2.10575
0.719210000955,2.0745
0.719220000955,2.137
0.719230000955,2.10575
0.719240000955,2.16825
0.719250000955,2.10575
0.719260000955,2.10575
0.719270000955,2.10575
0.719280000955,2.16825
0.719290000955,2.10575
0.719300000955,2.137
0.719310000955,2.10575
0.719320000955,2.137
0.719330000955,2.137
0.719340000955,2.0745
0.719350000955,2.10575
0.719360000955,2.137
0.719370000955,2.137
0.719380000955,2.16825
0.719390000955,2.137
0.719400000955,2.10575
0.719410000955,2.137
0.719420000955,2.10575
0.719430000955,2.10575
0.719440000955,2.137
0.719450000955,2.137
0.719460000955,2.137
0.719470000955,2.10575
0.719480000955,2.10575
0.719490000955,2.137
0.719500000955,2.10575
0.719510000955,2.16825
0.719520000955,2.137
0.719530000955,2.137
0.719540000955,2.137
0.719550000955,2.137
0.719560000955,2.16825
0.719570000955,2.10575
0.719580000955,2.16825
0.719590000955,2.10575
0.719600000955,2.137
0.719610000955,2.137
0.719620000955,2.10575
0.719630000955,2.137
0.719640000955,2.137
0.719650000955,2.137
0.719660000955,2.10575
0.719670000955,2.137
0.719680000955,2.10575
0.719690000955,2.10575
0.719700000955,2.10575
0.719710000955,2.10575
0.719720000955,2.137
0.719730000955,2.137
0.719740000955,2.10575
0.719750000955,2.10575
0.719760000955,2.10575
0.719770000955,2.10575
0.719780000955,2.10575
0.719790000955,2.137
0.719800000955,2.137
0.719810000955,2.137
0.719820000955,2.10575
0.719830000955,2.137
0.719840000955,2.137
0.719850000955,2.10575
0.719860000955,2.10575
0.719870000955,2.10575
0.719880000955,2.0745
0.719890000955,2.10575
0.719900000955,2.10575
0.719910000955,2.137
0.719920000955,2.10575
0.719930000955,2.16825
0.719940000955,2.10575
0.719950000955,2.10575
0.719960000955,2.10575
0.719970000955,2.137
0.719980000955,2.137
0.719990000955,2.10575
0.720000000955,2.137
0.720010000955,2.137
0.720020000955,2.137
0.720030000955,2.10575
0.720040000955,2.137
0.720050000955,2.10575
0.720060000955,2.137
0.720070000955,2.10575
0.720080000955,2.137
0.720090000955,2.137
0.720100000955,2.10575
0.720110000955,2.137
0.720120000955,2.137
0.720130000955,2.137
0.720140000955,2.16825
0.720150000955,2.137
0.720160000955,2.137
0.720170000955,2.16825
0.720180000955,2.137
0.720190000955,2.137
0.720200000955,2.137
0.720210000955,2.137
0.720220000955,2.10575
0.720230000955,2.10575
0.720240000955,2.16825
0.720250000955,2.16825
0.720260000955,2.10575
0.720270000955,2.137
0.720280000955,2.137
0.720290000955,2.137
0.720300000955,2.10575
0.720310000955,2.10575
0.720320000955,2.137
0.720330000955,2.10575
0.720340000955,2.10575
0.720350000955,2.10575
0.720360000955,2.10575
0.720370000955,2.10575
0.720380000955,2.10575
0.720390000955,2.137
0.720400000955,2.10575
0.720410000955,2.137
0.720420000955,2.137
0.720430000955,2.10575
0.720440000955,2.10575
0.720450000955,2.137
0.720460000955,2.137
0.720470000955,2.137
0.720480000955,2.16825
0.720490000955,2.10575
0.720500000955,2.16825
0.720510000955,2.10575
0.720520000955,2.10575
0.720530000955,2.137
0.720540000955,2.10575
0.720550000955,2.10575
0.720560000955,2.137
0.720570000955,2.10575
0.720580000955,2.137
0.720590000955,2.16825
0.720600000955,2.137
0.720610000955,2.137
0.720620000955,2.137
0.720630000955,2.16825
0.720640000955,2.137
0.720650000955,2.10575
0.720660000955,2.10575
0.720670000955,2.137
0.720680000955,2.10575
0.720690000955,2.16825
0.720700000955,2.137
0.720710000955,2.137
0.720720000955,2.16825
0.720730000955,2.137
0.720740000955,2.10575
0.720750000955,2.16825
0.720760000955,2.10575
0.720770000955,2.137
0.720780000955,2.137
0.720790000955,2.10575
0.720800000955,2.137
0.720810000955,2.10575
0.720820000955,2.10575
0.720830000955,2.137
0.720840000955,2.137
0.720850000955,2.0745
0.720860000955,2.10575
0.720870000955,2.10575
0.720880000955,2.10575
0.720890000955,2.10575
0.720900000955,2.137
0.720910000955,2.10575
0.720920000955,2.137
0.720930000955,2.10575
0.720940000955,2.10575
0.720950000955,2.137
0.720960000955,2.137
0.720970000955,2.137
0.720980000955,2.137
0.720990000955,2.137
0.721000000955,2.137
0.721010000955,2.16825
0.721020000955,2.16825
0.721030000955,2.0745
0.721040000955,2.10575
0.721050000955,2.16825
0.721060000955,2.10575
0.721070000955,2.137
0.721080000955,2.137
0.721090000955,2.137
0.721100000955,2.137
0.721110000955,2.10575
0.721120000955,2.137
0.721130000955,2.10575
0.721140000955,2.137
0.721150000955,2.10575
0.721160000955,2.0745
0.721170000955,2.16825
0.721180000955,2.137
0.721190000955,2.137
0.721200000955,2.137
0.721210000955,2.10575
0.721220000955,2.137
0.721230000955,2.137
0.721240000955,2.137
0.721250000955,2.10575
0.721260000955,2.137
0.721270000955,2.10575
0.721280000955,2.10575
0.721290000955,2.10575
0.721300000955,2.16825
0.721310000955,2.10575
0.721320000955,2.137
0.721330000955,2.10575
0.721340000955,2.10575
0.721350000955,2.137
0.721360000955,2.10575
0.721370000955,2.137
0.721380000955,2.137
0.721390000955,2.137
0.721400000955,2.10575
0.721410000955,2.10575
0.721420000955,2.137
0.721430000955,2.137
0.721440000955,2.0745
0.721450000955,2.137
0.721460000955,2.10575
0.721470000955,2.10575
0.721480000955,2.10575
0.721490000955,2.137
0.721500000955,2.137
0.721510000955,2.137
0.721520000955,2.10575
0.721530000955,2.137
0.721540000955,2.10575
0.721550000955,2.16825
0.721560000955,2.10575
0.721570000955,2.10575
0.721580000955,2.16825
0.721590000955,2.137
0.721600000955,2.16825
0.721610000955,2.137
0.721620000955,2.16825
0.721630000955,2.137
0.721640000955,2.137
0.721650000955,2.137
0.721660000955,2.10575
0.721670000955,2.137
0.721680000955,2.10575
0.721690000955,2.10575
0.721700000955,2.10575
0.721710000955,2.137
0.721720000955,2.137
0.721730000955,2.137
0.721740000955,2.10575
0.721750000955,2.10575
0.721760000955,2.137
0.721770000955,2.10575
0.721780000955,2.137
0.721790000955,2.137
0.721800000955,2.16825
0.721810000955,2.10575
0.721820000955,2.137
0.721830000955,2.137
0.721840000955,2.10575
0.721850000955,2.16825
0.721860000955,2.10575
0.721870000955,2.137
0.721880000955,2.137
0.721890000955,2.137
0.721900000955,2.10575
0.721910000955,2.10575
0.721920000955,2.137
0.721930000955,2.137
0.721940000955,2.10575
0.721950000955,2.137
0.721960000955,2.137
0.721970000955,2.137
0.721980000955,2.137
0.721990000955,2.10575
0.722000000955,2.10575
0.722010000955,2.10575
0.722020000955,2.10575
0.722030000955,2.137
0.722040000955,2.10575
0.722050000955,2.137
0.722060000955,2.16825
0.722070000955,2.10575
0.722080000955,2.137
0.722090000955,2.137
0.722100000955,2.137
0.722110000955,2.137
0.722120000955,2.137
0.722130000955,2.16825
0.722140000955,2.10575
0.722150000955,2.16825
0.722160000955,2.137
0.722170000955,2.10575
0.722180000955,2.10575
0.722190000955,2.137
0.722200000955,2.10575
0.722210000955,2.137
0.722220000955,2.10575
0.722230000955,2.137
0.722240000955,2.10575
0.722250000955,2.137
0.722260000955,2.10575
0.722270000955,2.10575
0.722280000955,2.0745
0.722290000955,2.137
0.722300000955,2.10575
0.722310000955,2.137
0.722320000955,2.137
0.722330000955,2.137
0.722340000955,2.10575
0.722350000955,2.137
0.722360000955,2.137
0.722370000955,2.10575
0.722380000955,2.10575
0.722390000955,2.137
0.722400000955,2.137
0.722410000955,2.10575
0.722420000955,2.10575
0.722430000955,2.137
0.722440000955,2.16825
0.722450000955,2.137
0.722460000955,2.137
0.722470000955,2.137
0.722480000955,2.16825
0.722490000955,2.10575
0.722500000955,2.16825
0.722510000955,2.137
0.722520000955,2.10575
0.722530000955,2.137
0.722540000955,2.16825
0.722550000955,2.137
0.722560000955,2.137
0.722570000955,2.137
0.722580000955,2.0745
0.722590000955,2.137
0.722600000955,2.10575
0.722610000955,2.16825
0.722620000955,2.137
0.722630000955,2.10575
0.722640000955,2.16825
0.722650000955,2.16825
0.722660000955,2.137
0.722670000955,2.10575
0.722680000955,2.137
0.722690000955,2.10575
0.722700000955,2.137
0.722710000955,2.137
0.722720000955,2.137
0.722730000955,2.137
0.722740000955,2.137
0.722750000955,2.137
0.722760000955,2.10575
0.722770000955,2.10575
0.722780000955,2.137
0.722790000955,2.137
0.722800000955,2.137
0.722810000955,2.137
0.722820000955,2.16825
0.722830000955,2.137
0.722840000955,2.04325
0.722850000955,2.137
0.722860000955,2.16825
0.722870000955,2.137
0.722880000955,2.10575
0.722890000955,2.137
0.722900000955,2.10575
0.722910000955,2.137
0.722920000955,2.137
0.722930000955,2.137
0.722940000955,2.137
0.722950000955,2.0745
0.722960000955,2.137
0.722970000955,2.16825
0.722980000955,2.137
0.722990000955,2.137
0.723000000955,2.137
0.723010000955,2.137
0.723020000955,2.137
0.723030000955,2.10575
0.723040000955,2.137
0.723050000955,2.137
0.723060000955,2.10575
0.723070000955,2.10575
0.723080000955,2.10575
0.723090000955,2.10575
0.723100000955,2.137
0.723110000955,2.137
0.723120000955,2.137
0.723130000955,2.10575
0.723140000955,2.10575
0.723150000955,2.10575
0.723160000955,2.16825
0.723170000955,2.10575
0.723180000955,2.10575
0.723190000955,2.137
0.723200000955,2.137
0.723210000955,2.137
0.723220000955,2.10575
0.723230000955,2.137
0.723240000955,2.137
0.723250000955,2.137
0.723260000955,2.10575
0.723270000955,2.10575
0.723280000955,2.10575
0.723290000955,2.137
0.723300000955,2.137
0.723310000955,2.10575
0.723320000955,2.10575
0.723330000955,2.137
0.723340000955,2.10575
0.723350000955,2.137
0.723360000955,2.16825
0.723370000955,2.137
0.723380000955,2.137
0.723390000955,2.137
0.723400000955,2.137
0.723410000955,2.137
0.723420000955,2.137
0.723430000955,2.137
0.723440000955,2.10575
0.723450000955,2.137
0.723460000955,2.137
0.723470000955,2.137
0.723480000955,2.10575
0.723490000955,2.10575
0.723500000955,2.16825
0.723510000955,2.137
0.723520000955,2.137
0.723530000955,2.137
0.723540000955,2.10575
0.723550000955,2.137
0.723560000955,2.10575
0.723570000955,2.16825
0.723580000955,2.10575
0.723590000955,2.137
0.723600000955,2.16825
0.723610000955,2.137
0.723620000955,2.137
0.723630000955,2.137
0.723640000955,2.137
0.723650000955,2.137
0.723660000955,2.10575
0.723670000955,2.137
0.723680000955,2.137
0.723690000955,2.137
0.723700000955,2.137
0.723710000955,2.10575
0.723720000955,2.16825
0.723730000955,2.137
0.723740000955,2.137
0.723750000955,2.16825
0.723760000955,2.137
0.723770000955,2.16825
0.723780000955,2.16825
0.723790000955,2.10575
0.723800000955,2.10575
0.723810000955,2.137
0.723820000955,2.10575
0.723830000955,2.137
0.723840000955,2.10575
0.723850000955,2.137
0.723860000955,2.137
0.723870000955,2.10575
0.723880000955,2.10575
0.723890000955,2.10575
0.723900000955,2.10575
0.723910000955,2.137
0.723920000955,2.10575
0.723930000955,2.16825
0.723940000955,2.10575
0.723950000955,2.16825
0.723960000955,2.10575
0.723970000955,2.137
0.723980000955,2.137
0.723990000955,2.10575
0.724000000955,2.137
0.724010000955,2.10575
0.724020000955,2.137
0.724030000955,2.137
0.724040000955,2.10575
0.724050000955,2.137
0.724060000955,2.137
0.724070000955,2.137
0.724080000955,2.137
0.724090000955,2.16825
0.724100000955,2.0745
0.724110000955,2.137
0.724120000955,2.137
0.724130000955,2.137
0.724140000955,2.137
0.724150000955,2.10575
0.724160000955,2.10575
0.724170000955,2.16825
0.724180000955,2.137
0.724190000955,2.16825
0.724200000955,2.137
0.724210000955,2.137
0.724220000955,2.137
0.724230000955,2.137
0.724240000955,2.137
0.724250000955,2.137
0.724260000955,2.10575
0.724270000955,2.137
0.724280000955,2.137
0.724290000955,2.0745
0.724300000955,2.137
0.724310000955,2.137
0.724320000955,2.16825
0.724330000955,2.137
0.724340000955,2.16825
0.724350000955,2.137
0.724360000955,2.10575
0.724370000955,2.137
0.724380000955,2.137
0.724390000955,2.137
0.724400000955,2.10575
0.724410000955,2.137
0.724420000955,2.137
0.724430000955,2.137
0.724440000955,2.137
0.724450000955,2.137
0.724460000955,2.137
0.724470000955,2.137
0.724480000955,2.137
0.724490000955,2.137
0.724500000955,2.137
0.724510000955,2.10575
0.724520000955,2.137
0.724530000955,2.10575
0.724540000955,2.137
0.724550000955,2.16825
0.724560000955,2.10575
0.724570000955,2.16825
0.724580000955,2.137
0.724590000955,2.10575
0.724600000955,2.137
0.724610000955,2.137
0.724620000955,2.137
0.724630000955,2.137
0.724640000955,2.137
0.724650000955,2.10575
0.724660000955,2.10575
0.724670000955,2.137
0.724680000955,2.137
0.724690000955,2.137
0.724700000955,2.137
0.724710000955,2.137
0.724720000955,2.16825
0.724730000955,2.10575
0.724740000955,2.137
0.724750000955,2.16825
0.724760000955,2.137
0.724770000955,2.16825
0.724780000955,2.10575
0.724790000955,2.137
0.724800000955,2.16825
0.724810000955,2.137
0.724820000955,2.16825
0.724830000955,2.10575
0.724840000955,2.137
0.724850000955,2.10575
0.724860000955,2.16825
0.724870000955,2.137
0.724880000955,2.137
0.724890000955,2.10575
0.724900000955,2.10575
0.724910000955,2.10575
0.724920000955,2.137
0.724930000955,2.137
0.724940000955,2.10575
0.724950000955,2.16825
0.724960000955,2.16825
0.724970000955,2.16825
0.724980000955,2.137
0.724990000955,2.137
0.725000000955,2.10575
0.725010000955,2.16825
0.725020000955,2.137
0.725030000955,2.10575
0.725040000955,2.137
0.725050000955,2.137
0.725060000955,2.10575
0.725070000955,2.137
0.725080000955,2.137
0.725090000955,2.16825
0.725100000955,2.137
0.725110000955,2.10575
0.725120000955,2.137
0.725130000955,2.137
0.725140000955,2.10575
0.725150000955,2.137
0.725160000955,2.137
0.725170000955,2.137
0.725180000955,2.10575
0.725190000955,2.10575
0.725200000955,2.16825
0.725210000955,2.137
0.725220000955,2.16825
0.725230000955,2.137
0.725240000955,2.137
0.725250000955,2.137
0.725260000955,2.16825
0.725270000955,2.10575
0.725280000955,2.10575
0.725290000955,2.16825
0.725300000955,2.16825
0.725310000955,2.16825
0.725320000955,2.137
0.725330000955,2.137
0.725340000955,2.10575
0.725350000955,2.137
0.725360000955,2.16825
0.725370000955,2.137
0.725380000955,2.137
0.725390000955,2.137
0.725400000955,2.137
0.725410000955,2.137
0.725420000955,2.137
0.725430000955,2.137
0.725440000955,2.137
0.725450000955,2.137
0.725460000955,2.137
0.725470000955,2.16825
0.725480000955,2.137
0.725490000955,2.137
0.725500000955,2.137
0.725510000955,2.137
0.725520000955,2.137
0.725530000955,2.10575
0.725540000955,2.10575
0.725550000955,2.137
0.725560000955,2.137
0.725570000955,2.137
0.725580000955,2.16825
0.725590000955,2.137
0.725600000955,2.137
0.725610000955,2.16825
0.725620000955,2.137
0.725630000955,2.137
0.725640000955,2.10575
0.725650000955,2.137
0.725660000955,2.10575
0.725670000955,2.0745
0.725680000955,2.137
0.725690000955,2.137
0.725700000955,2.16825
0.725710000955,2.137
0.725720000955,2.10575
0.725730000955,2.137
0.725740000955,2.16825
0.725750000955,2.137
0.725760000955,2.10575
0.725770000955,2.10575
0.725780000955,2.10575
0.725790000955,2.137
0.725800000955,2.10575
0.725810000955,2.10575
0.725820000955,2.10575
0.725830000955,2.10575
0.725840000955,2.137
0.725850000955,2.10575
0.725860000955,2.137
0.725870000955,2.137
0.725880000955,2.10575
0.725890000955,2.137
0.725900000955,2.137
0.725910000955,2.10575
0.725920000955,2.137
0.725930000955,2.137
0.725940000955,2.137
0.725950000955,2.10575
0.725960000955,2.137
0.725970000955,2.16825
0.725980000955,2.16825
0.725990000955,2.137
0.726000000955,2.137
0.726010000955,2.137
0.726020000955,2.137
0.726030000955,2.137
0.726040000955,2.10575
0.726050000955,2.10575
0.726060000955,2.137
0.726070000955,2.10575
0.726080000955,2.137
0.726090000955,2.137
0.726100000955,2.137
0.726110000955,2.10575
0.726120000955,2.10575
0.726130000955,2.137
0.726140000955,2.137
0.726150000955,2.10575
0.726160000955,2.137
0.726170000955,2.16825
0.726180000955,2.137
0.726190000955,2.137
0.726200000955,2.137
0.726210000955,2.137
0.726220000955,2.137
0.726230000955,2.16825
0.726240000955,2.10575
0.726250000955,2.137
0.726260000955,2.10575
0.726270000955,2.10575
0.726280000955,2.137
0.726290000955,2.10575
0.726300000955,2.137
0.726310000955,2.16825
0.726320000955,2.137
0.726330000955,2.137
0.726340000955,2.137
0.726350000955,2.137
0.726360000955,2.10575
0.726370000955,2.10575
0.726380000955,2.10575
0.726390000955,2.10575
0.726400000955,2.16825
0.726410000955,2.10575
0.726420000955,2.137
0.726430000955,2.137
0.726440000955,2.16825
0.726450000955,2.137
0.726460000955,2.137
0.726470000955,2.137
0.726480000955,2.10575
0.726490000955,2.137
0.726500000955,2.137
0.726510000955,2.137
0.726520000955,2.10575
0.726530000955,2.10575
0.726540000955,2.137
0.726550000955,2.137
0.726560000955,2.10575
0.726570000955,2.10575
0.726580000955,2.137
0.726590000955,2.0745
0.726600000955,2.137
0.726610000955,2.16825
0.726620000955,2.137
0.726630000955,2.137
0.726640000955,2.137
0.726650000955,2.10575
0.726660000955,2.10575
0.726670000955,2.10575
0.726680000955,2.10575
0.726690000955,2.10575
0.726700000955,2.137
0.726710000955,2.10575
0.726720000955,2.10575
0.726730000955,2.137
0.726740000955,2.137
0.726750000955,2.137
0.726760000955,2.137
0.726770000955,2.10575
0.726780000955,2.16825
0.726790000955,2.137
0.726800000955,2.137
0.726810000955,2.137
0.726820000955,2.137
0.726830000955,2.137
0.726840000955,2.137
0.726850000955,2.10575
0.726860000955,2.10575
0.726870000955,2.16825
0.726880000955,2.16825
0.726890000955,2.137
0.726900000955,2.137
0.726910000955,2.137
0.726920000955,2.16825
0.726930000955,2.137
0.726940000955,2.10575
0.726950000955,2.137
0.726960000955,2.10575
0.726970000955,2.10575
0.726980000955,2.137
0.726990000955,2.137
0.727000000955,2.10575
0.727010000955,2.137
0.727020000955,2.10575
0.727030000955,2.137
0.727040000955,2.10575
0.727050000955,2.10575
0.727060000955,2.10575
0.727070000955,2.10575
0.727080000955,2.137
0.727090000955,2.137
0.727100000955,2.10575
0.727110000955,2.137
0.727120000955,2.10575
0.727130000955,2.10575
0.727140000955,2.10575
0.727150000955,2.137
0.727160000955,2.137
0.727170000955,2.10575
0.727180000955,2.137
0.727190000955,2.137
0.727200000955,2.137
0.727210000955,2.137
0.727220000955,2.10575
0.727230000955,2.10575
0.727240000955,2.137
0.727250000955,2.10575
0.727260000955,2.137
0.727270000955,2.137
0.727280000955,2.137
0.727290000955,2.137
0.727300000955,2.16825
0.727310000955,2.137
0.727320000955,2.137
0.727330000955,2.137
0.727340000955,2.137
0.727350000955,2.137
0.727360000955,2.10575
0.727370000955,2.16825
0.727380000955,2.10575
0.727390000955,2.10575
0.727400000955,2.10575
0.727410000955,2.137
0.727420000955,2.10575
0.727430000955,2.16825
0.727440000955,2.10575
0.727450000955,2.0745
0.727460000955,2.137
0.727470000955,2.137
0.727480000955,2.137
0.727490000955,2.10575
0.727500000955,2.10575
0.727510000955,2.137
0.727520000955,2.137
0.727530000955,2.137
0.727540000955,2.137
0.727550000955,2.10575
0.727560000955,2.10575
0.727570000955,2.16825
0.727580000955,2.137
0.727590000955,2.137
0.727600000955,2.10575
0.727610000955,2.137
0.727620000955,2.10575
0.727630000955,2.10575
0.727640000955,2.137
0.727650000955,2.137
0.727660000955,2.137
0.727670000955,2.137
0.727680000955,2.137
0.727690000955,2.16825
0.727700000955,2.137
0.727710000955,2.137
0.727720000955,2.137
0.727730000955,2.137
0.727740000955,2.137
0.727750000955,2.16825
0.727760000955,2.137
0.727770000955,2.10575
0.727780000955,2.10575
0.727790000955,2.10575
0.727800000955,2.137
0.727810000955,2.10575
0.727820000955,2.10575
0.727830000955,2.137
0.727840000955,2.137
0.727850000955,2.137
0.727860000955,2.10575
0.727870000955,2.137
0.727880000955,2.137
0.727890000955,2.137
0.727900000955,2.137
0.727910000955,2.16825
0.727920000955,2.137
0.727930000955,2.137
0.727940000955,2.137
0.727950000955,2.137
0.727960000955,2.137
0.727970000955,2.137
0.727980000955,2.10575
0.727990000955,2.10575
0.728000000955,2.10575
0.728010000955,2.137
0.728020000955,2.16825
0.728030000955,2.137
0.728040000955,2.10575
0.728050000955,2.137
0.728060000955,2.137
0.728070000955,2.10575
0.728080000955,2.137
0.728090000955,2.137
0.728100000955,2.10575
0.728110000955,2.137
0.728120000955,2.10575
0.728130000955,2.137
0.728140000955,2.10575
0.728150000955,2.137
0.728160000955,2.137
0.728170000955,2.10575
0.728180000955,2.137
0.728190000955,2.137
0.728200000955,2.10575
0.728210000955,2.137
0.728220000955,2.16825
0.728230000955,2.10575
0.728240000955,2.16825
0.728250000955,2.10575
0.728260000955,2.16825
0.728270000955,2.137
0.728280000955,2.10575
0.728290000955,2.10575
0.728300000955,2.137
0.728310000955,2.16825
0.728320000955,2.10575
0.728330000955,2.137
0.728340000955,2.16825
0.728350000955,2.137
0.728360000955,2.137
0.728370000955,2.137
0.728380000955,2.137
0.728390000955,2.10575
0.728400000955,2.137
0.728410000955,2.137
0.728420000955,2.137
0.728430000955,2.137
0.728440000955,2.137
0.728450000955,2.137
0.728460000955,2.10575
0.728470000955,2.137
0.728480000955,2.10575
0.728490000955,2.137
0.728500000955,2.10575
0.728510000955,2.137
0.728520000955,2.137
0.728530000955,2.137
0.728540000955,2.16825
0.728550000955,2.137
0.728560000955,2.137
0.728570000955,2.137
0.728580000955,2.137
0.728590000955,2.16825
0.728600000955,2.16825
0.728610000955,2.0745
0.728620000955,2.10575
0.728630000955,2.137
0.728640000955,2.137
0.728650000955,2.137
0.728660000955,2.16825
0.728670000955,2.16825
0.728680000955,2.10575
0.728690000955,2.10575
0.728700000955,2.137
0.728710000955,2.137
0.728720000955,2.10575
0.728730000955,2.137
0.728740000955,2.137
0.728750000955,2.137
0.728760000955,2.10575
0.728770000955,2.16825
0.728780000955,2.137
0.728790000955,2.10575
0.728800000955,2.137
0.728810000955,2.10575
0.728820000955,2.16825
0.728830000955,2.16825
0.728840000955,2.10575
0.728850000955,2.10575
0.728860000955,2.137
0.728870000955,2.137
0.728880000955,2.10575
0.728890000955,2.16825
0.728900000955,2.137
0.728910000955,2.137
0.728920000955,2.10575
0.728930000955,2.16825
0.728940000955,2.137
0.728950000955,2.10575
0.728960000955,2.10575
0.728970000955,2.137
0.728980000955,2.137
0.728990000955,2.10575
0.729000000955,2.16825
0.729010000955,2.137
0.729020000955,2.16825
0.729030000955,2.137
0.729040000955,2.137
0.729050000955,2.137
0.729060000955,2.10575
0.729070000955,2.10575
0.729080000955,2.137
0.729090000955,2.16825
0.729100000955,2.16825
0.729110000955,2.137
0.729120000955,2.137
0.729130000955,2.137
0.729140000955,2.16825
0.729150000955,2.137
0.729160000955,2.10575
0.729170000955,2.10575
0.729180000955,2.137
0.729190000955,2.137
0.729200000955,2.137
0.729210000955,2.10575
0.729220000955,2.137
0.729230000955,2.10575
0.729240000955,2.16825
0.729250000955,2.137
0.729260000955,2.137
0.729270000955,2.137
0.729280000955,2.16825
0.729290000955,2.16825
0.729300000955,2.137
0.729310000955,2.137
0.729320000955,2.137
0.729330000955,2.137
0.729340000955,2.10575
0.729350000955,2.137
0.729360000955,2.137
0.729370000955,2.137
0.729380000955,2.16825
0.729390000955,2.137
0.729400000955,2.10575
0.729410000955,2.137
0.729420000955,2.10575
0.729430000955,2.137
0.729440000955,2.10575
0.729450000955,2.10575
0.729460000955,2.16825
0.729470000955,2.137
0.729480000955,2.10575
0.729490000955,2.137
0.729500000955,2.10575
0.729510000955,2.137
0.729520000955,2.10575
0.729530000955,2.10575
0.729540000955,2.137
0.729550000955,2.10575
0.729560000955,2.10575
0.729570000955,2.137
0.729580000955,2.137
0.729590000955,2.137
0.729600000955,2.137
0.729610000955,2.16825
0.729620000955,2.137
0.729630000955,2.10575
0.729640000955,2.16825
0.729650000955,2.137
0.729660000955,2.10575
0.729670000955,2.10575
0.729680000955,2.137
0.729690000955,2.16825
0.729700000955,2.137
0.729710000955,2.137
0.729720000955,2.137
0.729730000955,2.10575
0.729740000955,2.137
0.729750000955,2.137
0.729760000955,2.137
0.729770000955,2.10575
0.729780000955,2.16825
0.729790000955,2.10575
0.729800000955,2.137
0.729810000955,2.137
0.729820000955,2.137
0.729830000955,2.137
0.729840000955,2.137
0.729850000955,2.137
0.729860000955,2.10575
0.729870000955,2.137
0.729880000955,2.137
0.729890000955,2.10575
0.729900000955,2.137
0.729910000955,2.10575
0.729920000955,2.137
0.729930000955,2.16825
0.729940000955,2.16825
0.729950000955,2.137
0.729960000955,2.16825
0.729970000955,2.137
0.729980000955,2.16825
0.729990000955,2.137
0.730000000955,2.137
0.730010000955,2.10575
0.730020000955,2.16825
0.730030000955,2.137
0.730040000955,2.137
0.730050000955,2.10575
0.730060000955,2.137
0.730070000955,2.16825
0.730080000955,2.10575
0.730090000955,2.10575
0.730100000955,2.137
0.730110000955,2.137
0.730120000955,2.137
0.730130000955,2.10575
0.730140000955,2.10575
0.730150000955,2.16825
0.730160000955,2.137
0.730170000955,2.16825
0.730180000955,2.137
0.730190000955,2.16825
0.730200000955,2.137
0.730210000955,2.137
0.730220000955,2.137
0.730230000955,2.137
0.730240000955,2.137
0.730250000955,2.137
0.730260000955,2.16825
0.730270000955,2.16825
0.730280000955,2.10575
0.730290000955,2.137
0.730300000955,2.10575
0.730310000955,2.137
0.730320000955,2.16825
0.730330000955,2.10575
0.730340000955,2.137
0.730350000955,2.137
0.730360000955,2.137
0.730370000955,2.16825
0.730380000955,2.137
0.730390000955,2.10575
0.730400000955,2.137
0.730410000955,2.137
0.730420000955,2.16825
0.730430000955,2.137
0.730440000955,2.137
0.730450000955,2.137
0.730460000955,2.137
0.730470000955,2.137
0.730480000955,2.137
0.730490000955,2.137
0.730500000955,2.10575
0.730510000955,2.10575
0.730520000955,2.137
0.730530000955,2.10575
0.730540000955,2.10575
0.730550000955,2.137
0.730560000955,2.10575
0.730570000955,2.10575
0.730580000955,2.137
0.730590000955,2.16825
0.730600000955,2.10575
0.730610000955,2.137
0.730620000955,2.137
0.730630000955,2.137
0.730640000955,2.137
0.730650000955,2.16825
0.730660000955,2.137
0.730670000955,2.137
0.730680000955,2.10575
0.730690000955,2.137
0.730700000955,2.137
0.730710000955,2.137
0.730720000955,2.137
0.730730000955,2.137
0.730740000955,2.137
0.730750000955,2.10575
0.730760000955,2.137
0.730770000955,2.16825
0.730780000955,2.137
0.730790000955,2.137
0.730800000955,2.137
0.730810000955,2.137
0.730820000955,2.10575
0.730830000955,2.137
0.730840000955,2.137
0.730850000955,2.16825
0.730860000955,2.137
0.730870000955,2.137
0.730880000955,2.16825
0.730890000955,2.10575
0.730900000955,2.137
0.730910000955,2.137
0.730920000955,2.137
0.730930000955,2.10575
0.730940000955,2.137
0.730950000955,2.10575
0.730960000955,2.137
0.730970000955,2.137
0.730980000955,2.137
0.730990000955,2.137
0.731000000955,2.137
0.731010000955,2.137
0.731020000955,2.137
0.731030000955,2.137
0.731040000955,2.137
0.731050000955,2.137
0.731060000955,2.137
0.731070000955,2.137
0.731080000955,2.16825
0.731090000955,2.10575
0.731100000955,2.16825
0.731110000955,2.137
0.731120000955,2.16825
0.731130000955,2.137
0.731140000955,2.137
0.731150000955,2.137
0.731160000955,2.137
0.731170000955,2.137
0.731180000955,2.137
0.731190000955,2.10575
0.731200000955,2.137
0.731210000955,2.16825
0.731220000955,2.137
0.731230000955,2.10575
0.731240000955,2.16825
0.731250000955,2.137
0.731260000955,2.16825
0.731270000955,2.137
0.731280000955,2.137
0.731290000955,2.137
0.731300000955,2.10575
0.731310000955,2.137
0.731320000955,2.137
0.731330000955,2.16825
0.731340000955,2.137
0.731350000955,2.137
0.731360000955,2.137
0.731370000955,2.137
0.731380000955,2.137
0.731390000955,2.16825
0.731400000955,2.137
0.731410000955,2.137
0.731420000955,2.137
0.731430000955,2.137
0.731440000955,2.16825
0.731450000955,2.16825
0.731460000955,2.10575
0.731470000955,2.10575
0.731480000955,2.137
0.731490000955,2.137
0.731500000955,2.137
0.731510000955,2.16825
0.731520000955,2.137
0.731530000955,2.137
0.731540000955,2.16825
0.731550000955,2.137
0.731560000955,2.10575
0.731570000955,2.137
0.731580000955,2.137
0.731590000955,2.137
0.731600000955,2.137
0.731610000955,2.137
0.731620000955,2.10575
0.731630000955,2.16825
0.731640000955,2.16825
0.731650000955,2.137
0.731660000955,2.16825
0.731670000955,2.137
0.731680000955,2.137
0.731690000955,2.137
0.731700000955,2.137
0.731710000955,2.10575
0.731720000955,2.10575
0.731730000955,2.10575
0.731740000955,2.137
0.731750000955,2.137
0.731760000955,2.137
0.731770000955,2.16825
0.731780000955,2.137
0.731790000955,2.10575
0.731800000955,2.137
0.731810000955,2.137
0.731820000955,2.137
0.731830000955,2.10575
0.731840000955,2.137
0.731850000955,2.16825
0.731860000955,2.16825
0.731870000955,2.137
0.731880000955,2.137
0.731890000955,2.137
0.731900000955,2.10575
0.731910000955,2.137
0.731920000955,2.16825
0.731930000955,2.137
0.731940000955,2.10575
0.731950000955,2.16825
0.731960000955,2.10575
0.731970000955,2.137
0.731980000955,2.137
0.731990000955,2.137
0.732000000955,2.137
0.732010000955,2.137
0.732020000955,2.137
0.732030000955,2.137
0.732040000955,2.137
0.732050000955,2.137
0.732060000955,2.137
0.732070000955,2.137
0.732080000955,2.16825
0.732090000955,2.137
0.732100000955,2.137
0.732110000955,2.137
0.732120000955,2.137
0.732130000955,2.16825
0.732140000955,2.16825
0.732150000955,2.16825
0.732160000955,2.16825
0.732170000955,2.137
0.732180000955,2.137
0.732190000955,2.16825
0.732200000955,2.10575
0.732210000955,2.137
0.732220000955,2.137
0.732230000955,2.137
0.732240000955,2.137
0.732250000955,2.137
0.732260000955,2.137
0.732270000955,2.137
0.732280000955,2.137
0.732290000955,2.137
0.732300000955,2.137
0.732310000955,2.137
0.732320000955,2.137
0.732330000955,2.137
0.732340000955,2.16825
0.732350000955,2.137
0.732360000955,2.137
0.732370000955,2.16825
0.732380000955,2.137
0.732390000955,2.137
0.732400000955,2.137
0.732410000955,2.137
0.732420000955,2.137
0.732430000955,2.16825
0.732440000955,2.16825
0.732450000955,2.10575
0.732460000955,2.16825
0.732470000955,2.16825
0.732480000955,2.16825
0.732490000955,2.137
0.732500000955,2.137
0.732510000955,2.137
0.732520000955,2.10575
0.732530000955,2.16825
0.732540000955,2.137
0.732550000955,2.10575
0.732560000955,2.137
0.732570000955,2.10575
0.732580000955,2.137
0.732590000955,2.137
0.732600000955,2.137
0.732610000955,2.137
0.732620000955,2.137
0.732630000955,2.16825
0.732640000955,2.10575
0.732650000955,2.137
0.732660000955,2.137
0.732670000955,2.16825
0.732680000955,2.10575
0.732690000955,2.10575
0.732700000955,2.137
0.732710000955,2.137
0.732720000955,2.137
0.732730000955,2.137
0.732740000955,2.10575
0.732750000955,2.137
0.732760000955,2.10575
0.732770000955,2.137
0.732780000955,2.137
0.732790000955,2.10575
0.732800000955,2.10575
0.732810000955,2.16825
0.732820000955,2.137
0.732830000955,2.137
0.732840000955,2.16825
0.732850000955,2.137
0.732860000955,2.16825
0.732870000955,2.137
0.732880000955,2.0745
0.732890000955,2.16825
0.732900000955,2.137
0.732910000955,2.137
0.732920000955,2.16825
0.732930000955,2.16825
0.732940000955,2.137
0.732950000955,2.10575
0.732960000955,2.137
0.732970000955,2.137
0.732980000955,2.137
0.732990000955,2.137
0.733000000955,2.137
0.733010000955,2.137
0.733020000955,2.10575
0.733030000955,2.16825
0.733040000955,2.10575
0.733050000955,2.137
0.733060000955,2.10575
0.733070000955,2.10575
0.733080000955,2.137
0.733090000955,2.10575
0.733100000955,2.16825
0.733110000955,2.10575
0.733120000955,2.137
0.733130000955,2.137
0.733140000955,2.137
0.733150000955,2.137
0.733160000955,2.10575
0.733170000955,2.10575
0.733180000955,2.10575
0.733190000955,2.137
0.733200000955,2.137
0.733210000955,2.10575
0.733220000955,2.16825
0.733230000955,2.137
0.733240000955,2.10575
0.733250000955,2.10575
0.733260000955,2.16825
0.733270000955,2.10575
0.733280000955,2.137
0.733290000955,2.10575
0.733300000955,2.10575
0.733310000955,2.16825
0.733320000955,2.137
0.733330000955,2.137
0.733340000955,2.10575
0.733350000955,2.10575
0.733360000955,2.137
0.733370000955,2.137
0.733380000955,2.10575
0.733390000955,2.10575
0.733400000955,2.10575
0.733410000955,2.16825
0.733420000955,2.16825
0.733430000955,2.137
0.733440000955,2.10575
0.733450000955,2.10575
0.733460000955,2.137
0.733470000955,2.10575
0.733480000955,2.137
0.733490000955,2.10575
0.733500000955,2.137
0.733510000955,2.10575
0.733520000955,2.137
0.733530000955,2.137
0.733540000955,2.10575
0.733550000955,2.137
0.733560000955,2.10575
0.733570000955,2.137
0.733580000955,2.10575
0.733590000955,2.137
0.733600000955,2.16825
0.733610000955,2.137
0.733620000955,2.137
0.733630000955,2.137
0.733640000955,2.137
0.733650000955,2.10575
0.733660000955,2.137
0.733670000955,2.137
0.733680000955,2.137
0.733690000955,2.10575
0.733700000955,2.137
0.733710000955,2.10575
0.733720000955,2.0745
0.733730000955,2.10575
0.733740000955,2.10575
0.733750000955,2.137
0.733760000955,2.10575
0.733770000955,2.137
0.733780000955,2.10575
0.733790000955,2.137
0.733800000955,2.137
0.733810000955,2.10575
0.733820000955,2.137
0.733830000955,2.137
0.733840000955,2.10575
0.733850000955,2.10575
0.733860000955,2.10575
0.733870000955,2.137
0.733880000955,2.16825
0.733890000955,2.137
0.733900000955,2.137
0.733910000955,2.137
0.733920000955,2.10575
0.733930000955,2.137
0.733940000955,2.137
0.733950000955,2.10575
0.733960000955,2.10575
0.733970000955,2.137
0.733980000955,2.137
0.733990000955,2.10575
0.734000000955,2.16825
0.734010000955,2.137
0.734020000955,2.137
0.734030000955,2.10575
0.734040000955,2.137
0.734050000955,2.10575
0.734060000955,2.137
0.734070000955,2.0745
0.734080000955,2.10575
0.734090000955,2.10575
0.734100000955,2.10575
0.734110000955,2.10575
0.734120000955,2.10575
0.734130000955,2.10575
0.734140000955,2.137
0.734150000955,2.137
0.734160000955,2.137
0.734170000955,2.137
0.734180000955,2.10575
0.734190000955,2.137
0.734200000955,2.137
0.734210000955,2.10575
0.734220000955,2.137
0.734230000955,2.10575
0.734240000955,2.137
0.734250000955,2.137
0.734260000955,2.10575
0.734270000955,2.137
0.734280000955,2.10575
0.734290000955,2.137
0.734300000955,2.16825
0.734310000955,2.137
0.734320000955,2.16825
0.734330000955,2.10575
0.734340000955,2.10575
0.734350000955,2.137
0.734360000955,2.10575
0.734370000955,2.137
0.734380000955,2.10575
0.734390000955,2.10575
0.734400000955,2.10575
0.734410000955,2.137
0.734420000955,2.137
0.734430000955,2.137
0.734440000955,2.137
0.734450000955,2.137
0.734460000955,2.16825
0.734470000955,2.10575
0.734480000955,2.137
0.734490000955,2.10575
0.734500000955,2.10575
0.734510000955,2.10575
0.734520000955,2.0745
0.734530000955,2.10575
0.734540000955,2.10575
0.734550000955,2.10575
0.734560000955,2.137
0.734570000955,2.137
0.734580000955,2.137
0.734590000955,2.10575
0.734600000955,2.10575
0.734610000955,2.137
0.734620000955,2.137
0.734630000955,2.137
0.734640000955,2.137
0.734650000955,2.0745
0.734660000955,2.10575
0.734670000955,2.0745
0.734680000955,2.0745
0.734690000955,2.10575
0.734700000955,2.10575
0.734710000955,2.10575
0.734720000955,2.10575
0.734730000955,2.10575
0.734740000955,2.137
0.734750000955,2.137
0.734760000955,2.10575
0.734770000955,2.137
0.734780000955,2.137
0.734790000955,2.10575
0.734800000955,2.10575
0.734810000955,2.137
0.734820000955,2.0745
0.734830000955,2.137
0.734840000955,2.0745
0.734850000955,2.10575
0.734860000955,2.10575
0.734870000955,2.137
0.734880000955,2.137
0.734890000955,2.137
0.734900000955,2.137
0.734910000955,2.10575
0.734920000955,2.10575
0.734930000955,2.10575
0.734940000955,2.10575
0.734950000955,2.10575
0.734960000955,2.137
0.734970000955,2.137
0.734980000955,2.137
0.734990000955,2.0745
0.735000000955,2.137
0.735010000955,2.10575
0.735020000955,2.137
0.735030000955,2.137
0.735040000955,2.10575
0.735050000955,2.137
0.735060000955,2.10575
0.735070000955,2.10575
0.735080000955,2.137
0.735090000955,2.0745
0.735100000955,2.10575
0.735110000955,2.137
0.735120000955,2.10575
0.735130000955,2.10575
0.735140000955,2.137
0.735150000955,2.137
0.735160000955,2.137
0.735170000955,2.137
0.735180000955,2.10575
0.735190000955,2.10575
0.735200000955,2.10575
0.735210000955,2.137
0.735220000955,2.10575
0.735230000955,2.0745
0.735240000955,2.10575
0.735250000955,2.10575
0.735260000955,2.10575
0.735270000955,2.137
0.735280000955,2.137
0.735290000955,2.10575
0.735300000955,2.10575
0.735310000955,2.0745
0.735320000955,2.137
0.735330000955,2.137
0.735340000955,2.10575
0.735350000955,2.10575
0.735360000955,2.137
0.735370000955,2.16825
0.735380000955,2.0745
0.735390000955,2.10575
0.735400000955,2.137
0.735410000955,2.10575
0.735420000955,2.137
0.735430000955,2.0745
0.735440000955,2.137
0.735450000955,2.10575
0.735460000955,2.137
0.735470000955,2.10575
0.735480000955,2.137
0.735490000955,2.137
0.735500000955,2.10575
0.735510000955,2.10575
0.735520000955,2.10575
0.735530000955,2.137
0.735540000955,2.10575
0.735550000955,2.10575
0.735560000955,2.10575
0.735570000955,2.0745
0.735580000955,2.10575
0.735590000955,2.137
0.735600000955,2.137
0.735610000955,2.10575
0.735620000955,2.137
0.735630000955,2.137
0.735640000955,2.0745
0.735650000955,2.137
0.735660000955,2.0745
0.735670000955,2.137
0.735680000955,2.10575
0.735690000955,2.137
0.735700000955,2.137
0.735710000955,2.10575
0.735720000955,2.10575
0.735730000955,2.10575
0.735740000955,2.10575
0.735750000955,2.137
0.735760000955,2.16825
0.735770000955,2.0745
0.735780000955,2.10575
0.735790000955,2.10575
0.735800000955,2.137
0.735810000955,2.10575
0.735820000955,2.10575
0.735830000955,2.137
0.735840000955,2.137
0.735850000955,2.10575
0.735860000955,2.10575
0.735870000955,2.10575
0.735880000955,2.10575
0.735890000955,2.137
0.735900000955,2.10575
0.735910000955,2.10575
0.735920000955,2.137
0.735930000955,2.137
0.735940000955,2.0745
0.735950000955,2.0745
0.735960000955,2.0745
0.735970000955,2.0745
0.735980000955,2.10575
0.735990000955,2.10575
0.736000000955,2.10575
0.736010000955,2.16825
0.736020000955,2.10575
0.736030000955,2.10575
0.736040000955,2.10575
0.736050000955,2.0745
0.736060000955,2.137
0.736070000955,2.0745
0.736080000955,2.10575
0.736090000955,2.137
0.736100000955,2.10575
0.736110000955,2.10575
0.736120000955,2.0745
0.736130000955,2.10575
0.736140000955,2.10575
0.736150000955,2.10575
0.736160000955,2.10575
0.736170000955,2.10575
0.736180000955,2.0745
0.736190000955,2.137
0.736200000955,2.10575
0.736210000955,2.137
0.736220000955,2.10575
0.736230000955,2.137
0.736240000955,2.10575
0.736250000955,2.10575
0.736260000955,2.10575
0.736270000955,2.10575
0.736280000955,2.10575
0.736290000955,2.10575
0.736300000955,2.10575
0.736310000955,2.10575
0.736320000955,2.10575
0.736330000955,2.137
0.736340000955,2.137
0.736350000955,2.137
0.736360000955,2.10575
0.736370000955,2.137
0.736380000955,2.137
0.736390000955,2.10575
0.736400000955,2.137
0.736410000955,2.137
0.736420000955,2.10575
0.736430000955,2.10575
0.736440000955,2.137
0.736450000955,2.137
0.736460000955,2.137
0.736470000955,2.10575
0.736480000955,2.10575
0.736490000955,2.137
0.736500000955,2.10575
0.736510000955,2.0745
0.736520000955,2.10575
0.736530000955,2.137
0.736540000955,2.10575
0.736550000955,2.10575
0.736560000955,2.137
0.736570000955,2.10575
0.736580000955,2.10575
0.736590000955,2.137
0.736600000955,2.10575
0.736610000955,2.0745
0.736620000955,2.137
0.736630000955,2.137
0.736640000955,2.10575
0.736650000955,2.10575
0.736660000955,2.10575
0.736670000955,2.10575
0.736680000955,2.137
0.736690000955,2.137
0.736700000955,2.137
0.736710000955,2.10575
0.736720000955,2.137
0.736730000955,2.137
0.736740000955,2.0745
0.736750000955,2.10575
0.736760000955,2.10575
0.736770000955,2.0745
0.736780000955,2.10575
0.736790000955,2.137
0.736800000955,2.0745
0.736810000955,2.137
0.736820000955,2.10575
0.736830000955,2.16825
0.736840000955,2.137
0.736850000955,2.10575
0.736860000955,2.10575
0.736870000955,2.10575
0.736880000955,2.10575
0.736890000955,2.16825
0.736900000955,2.16825
0.736910000955,2.137
0.736920000955,2.10575
0.736930000955,2.10575
0.736940000955,2.137
0.736950000955,2.10575
0.736960000955,2.10575
0.736970000955,2.137
0.736980000955,2.137
0.736990000955,2.10575
0.737000000955,2.0745
0.737010000955,2.137
0.737020000955,2.10575
0.737030000955,2.137
0.737040000955,2.10575
0.737050000955,2.137
0.737060000955,2.10575
0.737070000955,2.10575
0.737080000955,2.10575
0.737090000955,2.10575
0.737100000955,2.10575
0.737110000955,2.10575
0.737120000955,2.137
0.737130000955,2.137
0.737140000955,2.10575
0.737150000955,2.137
0.737160000955,2.137
0.737170000955,2.10575
0.737180000955,2.137
0.737190000955,2.137
0.737200000955,2.10575
0.737210000955,2.137
0.737220000955,2.10575
0.737230000955,2.10575
0.737240000955,2.0745
0.737250000955,2.10575
0.737260000955,2.137
0.737270000955,2.10575
0.737280000955,2.10575
0.737290000955,2.10575
0.737300000955,2.10575
0.737310000955,2.137
0.737320000955,2.10575
0.737330000955,2.16825
0.737340000955,2.137
0.737350000955,2.10575
0.737360000955,2.137
0.737370000955,2.10575
0.737380000955,2.137
0.737390000955,2.137
0.737400000955,2.10575
0.737410000955,2.137
0.737420000955,2.10575
0.737430000955,2.137
0.737440000955,2.10575
0.737450000955,2.10575
0.737460000955,2.10575
0.737470000955,2.137
0.737480000955,2.137
0.737490000955,2.137
0.737500000955,2.10575
0.737510000955,2.10575
0.737520000955,2.10575
0.737530000955,2.10575
0.737540000955,2.10575
0.737550000955,2.0745
0.737560000955,2.10575
0.737570000955,2.137
0.737580000955,2.10575
0.737590000955,2.10575
0.737600000955,2.10575
0.737610000955,2.10575
0.737620000955,2.137
0.737630000955,2.137
0.737640000955,2.10575
0.737650000955,2.10575
0.737660000955,2.137
0.737670000955,2.137
0.737680000955,2.137
0.737690000955,2.10575
0.737700000955,2.137
0.737710000955,2.137
0.737720000955,2.10575
0.737730000955,2.10575
0.737740000955,2.0745
0.737750000955,2.0745
0.737760000955,2.137
0.737770000955,2.137
0.737780000955,2.137
0.737790000955,2.137
0.737800000955,2.10575
0.737810000955,2.137
0.737820000955,2.0745
0.737830000955,2.137
0.737840000955,2.137
0.737850000955,2.137
0.737860000955,2.137
0.737870000955,2.10575
0.737880000955,2.10575
0.737890000955,2.10575
0.737900000955,2.137
0.737910000955,2.137
0.737920000955,2.137
0.737930000955,2.10575
0.737940000955,2.10575
0.737950000955,2.10575
0.737960000955,2.10575
0.737970000955,2.10575
0.737980000955,2.10575
0.737990000955,2.137
0.738000000955,2.137
0.738010000955,2.137
0.738020000955,2.10575
0.738030000955,2.137
0.738040000955,2.137
0.738050000955,2.0745
0.738060000955,2.10575
0.738070000955,2.137
0.738080000955,2.137
0.738090000955,2.10575
0.738100000955,2.137
0.738110000955,2.137
0.738120000955,2.137
0.738130000955,2.10575
0.738140000955,2.137
0.738150000955,2.10575
0.738160000955,2.137
0.738170000955,2.0745
0.738180000955,2.137
0.738190000955,2.16825
0.738200000955,2.10575
0.738210000955,2.10575
0.738220000955,2.137
0.738230000955,2.10575
0.738240000955,2.10575
0.738250000955,2.10575
0.738260000955,2.10575
0.738270000955,2.0745
0.738280000955,2.10575
0.738290000955,2.137
0.738300000955,2.10575
0.738310000955,2.137
0.738320000955,2.137
0.738330000955,2.10575
0.738340000955,2.10575
0.738350000955,2.0745
0.738360000955,2.10575
0.738370000955,2.10575
0.738380000955,2.10575
0.738390000955,2.10575
0.738400000955,2.137
0.738410000955,2.10575
0.738420000955,2.0745
0.738430000955,2.137
0.738440000955,2.137
0.738450000955,2.137
0.738460000955,2.137
0.738470000955,2.10575
0.738480000955,2.10575
0.738490000955,2.10575
0.738500000955,2.137
0.738510000955,2.10575
0.738520000955,2.10575
0.738530000955,2.10575
0.738540000955,2.137
0.738550000955,2.10575
0.738560000955,2.10575
0.738570000955,2.10575
0.738580000955,2.137
0.738590000955,2.10575
0.738600000955,2.0745
0.738610000955,2.10575
0.738620000955,2.137
0.738630000955,2.137
0.738640000955,2.137
0.738650000955,2.137
0.738660000955,2.10575
0.738670000955,2.10575
0.738680000955,2.137
0.738690000955,2.10575
0.738700000955,2.10575
0.738710000955,2.10575
0.738720000955,2.10575
0.738730000955,2.137
0.738740000955,2.10575
0.738750000955,2.10575
0.738760000955,2.10575
0.738770000955,2.10575
0.738780000955,2.10575
0.738790000955,2.10575
0.738800000955,2.10575
0.738810000955,2.137
0.738820000955,2.10575
0.738830000955,2.137
0.738840000955,2.16825
0.738850000955,2.137
0.738860000955,2.10575
0.738870000955,2.16825
0.738880000955,2.10575
0.738890000955,2.137
0.738900000955,2.10575
0.738910000955,2.137
0.738920000955,2.137
0.738930000955,2.0745
0.738940000955,2.137
0.738950000955,2.10575
0.738960000955,2.137
0.738970000955,2.137
0.738980000955,2.10575
0.738990000955,2.10575
0.739000000955,2.10575
0.739010000955,2.10575
0.739020000955,2.10575
0.739030000955,2.10575
0.739040000955,2.0745
0.739050000955,2.10575
0.739060000955,2.10575
0.739070000955,2.10575
0.739080000955,2.137
0.739090000955,2.10575
0.739100000955,2.10575
0.739110000955,2.137
0.739120000955,2.10575
0.739130000955,2.10575
0.739140000955,2.137
0.739150000955,2.10575
0.739160000955,2.10575
0.739170000955,2.137
0.739180000955,2.10575
0.739190000955,2.16825
0.739200000955,2.10575
0.739210000955,2.137
0.739220000955,2.137
0.739230000955,2.10575
0.739240000955,2.10575
0.739250000955,2.10575
0.739260000955,2.137
0.739270000955,2.10575
0.739280000955,2.10575
0.739290000955,2.10575
0.739300000955,2.137
0.739310000955,2.10575
0.739320000955,2.16825
0.739330000955,2.137
0.739340000955,2.10575
0.739350000955,2.137
0.739360000955,2.137
0.739370000955,2.10575
0.739380000955,2.137
0.739390000955,2.137
0.739400000955,2.10575
0.739410000955,2.10575
0.739420000955,2.10575
0.739430000955,2.10575
0.739440000955,2.137
0.739450000955,2.10575
0.739460000955,2.137
0.739470000955,2.137
0.739480000955,2.10575
0.739490000955,2.10575
0.739500000955,2.137
0.739510000955,2.10575
0.739520000955,2.10575
0.739530000955,2.10575
0.739540000955,2.0745
0.739550000955,2.10575
0.739560000955,2.137
0.739570000955,2.137
0.739580000955,2.10575
0.739590000955,2.137
0.739600000955,2.137
0.739610000955,2.10575
0.739620000955,2.0745
0.739630000955,2.10575
0.739640000955,2.137
0.739650000955,2.137
0.739660000955,2.137
0.739670000955,2.10575
0.739680000955,2.137
0.739690000955,2.137
0.739700000955,2.10575
0.739710000955,2.16825
0.739720000955,2.10575
0.739730000955,2.10575
0.739740000955,2.137
0.739750000955,2.10575
0.739760000955,2.10575
0.739770000955,2.137
0.739780000955,2.137
0.739790000955,2.16825
0.739800000955,2.10575
0.739810000955,2.0745
0.739820000955,2.137
0.739830000955,2.137
0.739840000955,2.137
0.739850000955,2.137
0.739860000955,2.0745
0.739870000955,2.137
0.739880000955,2.10575
0.739890000955,2.137
0.739900000955,2.10575
0.739910000955,2.137
0.739920000955,2.10575
0.739930000955,2.10575
0.739940000955,2.137
0.739950000955,2.10575
0.739960000955,2.0745
0.739970000955,2.137
0.739980000955,2.137
0.739990000955,2.10575
0.740000000955,2.10575
0.740010000955,2.10575
0.740020000955,2.10575
0.740030000955,2.10575
0.740040000955,2.10575
0.740050000955,2.137
0.740060000955,2.137
0.740070000955,2.137
0.740080000955,2.10575
0.740090000955,2.0745
0.740100000955,2.10575
0.740110000955,2.10575
0.740120000955,2.10575
0.740130000955,2.137
0.740140000955,2.137
0.740150000955,2.10575
0.740160000955,2.10575
0.740170000955,2.10575
0.740180000955,2.137
0.740190000955,2.10575
0.740200000955,2.137
0.740210000955,2.10575
0.740220000955,2.10575
0.740230000955,2.0745
0.740240000955,2.10575
0.740250000955,2.137
0.740260000955,2.16825
0.740270000955,2.10575
0.740280000955,2.137
0.740290000955,2.10575
0.740300000955,2.137
0.740310000955,2.137
0.740320000955,2.10575
0.740330000955,2.137
0.740340000955,2.10575
0.740350000955,2.10575
0.740360000955,2.10575
0.740370000955,2.137
0.740380000955,2.10575
0.740390000955,2.137
0.740400000955,2.137
0.740410000955,2.137
0.740420000955,2.137
0.740430000955,2.10575
0.740440000955,2.137
0.740450000955,2.0745
0.740460000955,2.137
0.740470000955,2.137
0.740480000955,2.137
0.740490000955,2.10575
0.740500000955,2.10575
0.740510000955,2.137
0.740520000955,2.10575
0.740530000955,2.10575
0.740540000955,2.10575
0.740550000955,2.10575
0.740560000955,2.10575
0.740570000955,2.137
0.740580000955,2.10575
0.740590000955,2.10575
0.740600000955,2.10575
0.740610000955,2.10575
0.740620000955,2.137
0.740630000955,2.10575
0.740640000955,2.10575
0.740650000955,2.10575
0.740660000955,2.10575
0.740670000955,2.10575
0.740680000955,2.137
0.740690000955,2.137
0.740700000955,2.137
0.740710000955,2.137
0.740720000955,2.16825
0.740730000955,2.10575
0.740740000955,2.10575
0.740750000955,2.10575
0.740760000955,2.137
0.740770000955,2.137
0.740780000955,2.10575
0.740790000955,2.137
0.740800000955,2.10575
0.740810000955,2.10575
0.740820000955,2.10575
0.740830000955,2.10575
0.740840000955,2.10575
0.740850000955,2.137
0.740860000955,2.137
0.740870000955,2.10575
0.740880000955,2.10575
0.740890000955,2.10575
0.740900000955,2.10575
0.740910000955,2.10575
0.740920000955,2.10575
0.740930000955,2.10575
0.740940000955,2.137
0.740950000955,2.10575
0.740960000955,2.10575
0.740970000955,2.10575
0.740980000955,2.137
0.740990000955,2.10575
0.741000000955,2.10575
0.741010000955,2.137
0.741020000955,2.10575
0.741030000955,2.137
0.741040000955,2.10575
0.741050000955,2.10575
0.741060000955,2.137
0.741070000955,2.137
0.741080000955,2.137
0.741090000955,2.10575
0.741100000955,2.137
0.741110000955,2.10575
0.741120000955,2.137
0.741130000955,2.16825
0.741140000955,2.16825
0.741150000955,2.137
0.741160000955,2.10575
0.741170000955,2.137
0.741180000955,2.10575
0.741190000955,2.0745
0.741200000955,2.10575
0.741210000955,2.137
0.741220000955,2.16825
0.741230000955,2.10575
0.741240000955,2.137
0.741250000955,2.137
0.741260000955,2.10575
0.741270000955,2.10575
0.741280000955,2.10575
0.741290000955,2.10575
0.741300000955,2.10575
0.741310000955,2.137
0.741320000955,2.0745
0.741330000955,2.137
0.741340000955,2.137
0.741350000955,2.137
0.741360000955,2.10575
0.741370000955,2.10575
0.741380000955,2.137
0.741390000955,2.137
0.741400000955,2.10575
0.741410000955,2.137
0.741420000955,2.10575
0.741430000955,2.10575
0.741440000955,2.10575
0.741450000955,2.10575
0.741460000955,2.137
0.741470000955,2.137
0.741480000955,2.16825
0.741490000955,2.137
0.741500000955,2.137
0.741510000955,2.10575
0.741520000955,2.137
0.741530000955,2.10575
0.741540000955,2.137
0.741550000955,2.137
0.741560000955,2.10575
0.741570000955,2.137
0.741580000955,2.137
0.741590000955,2.10575
0.741600000955,2.137
0.741610000955,2.137
0.741620000955,2.137
0.741630000955,2.0745
0.741640000955,2.10575
0.741650000955,2.16825
0.741660000955,2.137
0.741670000955,2.10575
0.741680000955,2.10575
0.741690000955,2.16825
0.741700000955,2.10575
0.741710000955,2.137
0.741720000955,2.10575
0.741730000955,2.10575
0.741740000955,2.137
0.741750000955,2.137
0.741760000955,2.10575
0.741770000955,2.10575
0.741780000955,2.10575
0.741790000955,2.137
0.741800000955,2.10575
0.741810000955,2.10575
0.741820000955,2.137
0.741830000955,2.10575
0.741840000955,2.137
0.741850000955,2.137
0.741860000955,2.137
0.741870000955,2.137
0.741880000955,2.137
0.741890000955,2.16825
0.741900000955,2.137
0.741910000955,2.137
0.741920000955,2.10575
0.741930000955,2.16825
0.741940000955,2.137
0.741950000955,2.10575
0.741960000955,2.10575
0.741970000955,2.10575
0.741980000955,2.137
0.741990000955,2.10575
0.742000000955,2.10575
0.742010000955,2.137
0.742020000955,2.137
0.742030000955,2.137
0.742040000955,2.10575
0.742050000955,2.10575
0.742060000955,2.10575
0.742070000955,2.137
0.742080000955,2.137
0.742090000955,2.137
0.742100000955,2.137
0.742110000955,2.10575
0.742120000955,2.137
0.742130000955,2.10575
0.742140000955,2.10575
0.742150000955,2.137
0.742160000955,2.137
0.742170000955,2.16825
0.742180000955,2.16825
0.742190000955,2.10575
0.742200000955,2.16825
0.742210000955,2.0745
0.742220000955,2.10575
0.742230000955,2.10575
0.742240000955,2.137
0.742250000955,2.137
0.742260000955,2.137
0.742270000955,2.137
0.742280000955,2.137
0.742290000955,2.10575
0.742300000955,2.10575
0.742310000955,2.137
0.742320000955,2.137
0.742330000955,2.137
0.742340000955,2.137
0.742350000955,2.137
0.742360000955,2.10575
0.742370000955,2.10575
0.742380000955,2.10575
0.742390000955,2.10575
0.742400000955,2.137
0.742410000955,2.10575
0.742420000955,2.10575
0.742430000955,2.10575
0.742440000955,2.137
0.742450000955,2.137
0.742460000955,2.137
0.742470000955,2.16825
0.742480000955,2.10575
0.742490000955,2.0745
0.742500000955,2.10575
0.742510000955,2.10575
0.742520000955,2.10575
0.742530000955,2.137
0.742540000955,2.137
0.742550000955,2.137
0.742560000955,2.10575
0.742570000955,2.0745
0.742580000955,2.137
0.742590000955,2.137
0.742600000955,2.137
0.742610000955,2.10575
0.742620000955,2.10575
0.742630000955,2.137
0.742640000955,2.10575
0.742650000955,2.137
0.742660000955,2.10575
0.742670000955,2.137
0.742680000955,2.10575
0.742690000955,2.137
0.742700000955,2.137
0.742710000955,2.137
0.742720000955,2.10575
0.742730000955,2.10575
0.742740000955,2.10575
0.742750000955,2.137
0.742760000955,2.10575
0.742770000955,2.137
0.742780000955,2.137
0.742790000955,2.10575
0.742800000955,2.137
0.742810000955,2.10575
0.742820000955,2.10575
0.742830000955,2.137
0.742840000955,2.16825
0.742850000955,2.137
0.742860000955,2.137
0.742870000955,2.137
0.742880000955,2.10575
0.742890000955,2.137
0.742900000955,2.137
0.742910000955,2.16825
0.742920000955,2.137
0.742930000955,2.137
0.742940000955,2.137
0.742950000955,2.10575
0.742960000955,2.10575
0.742970000955,2.0745
0.742980000955,2.137
0.742990000955,2.10575
0.743000000955,2.137
0.743010000955,2.137
0.743020000955,2.137
0.743030000955,2.137
0.743040000955,2.137
0.743050000955,2.137
0.743060000955,2.10575
0.743070000955,2.137
0.743080000955,2.10575
0.743090000955,2.10575
0.743100000955,2.10575
0.743110000955,2.137
0.743120000955,2.137
0.743130000955,2.137
0.743140000955,2.137
0.743150000955,2.10575
0.743160000955,2.137
0.743170000955,2.10575
0.743180000955,2.137
0.743190000955,2.10575
0.743200000955,2.10575
0.743210000955,2.137
0.743220000955,2.137
0.743230000955,2.137
0.743240000955,2.10575
0.743250000955,2.10575
0.743260000955,2.10575
0.743270000955,2.16825
0.743280000955,2.137
0.743290000955,2.137
0.743300000955,2.137
0.743310000955,2.16825
0.743320000955,2.10575
0.743330000955,2.16825
0.743340000955,2.137
0.743350000955,2.137
0.743360000955,2.16825
0.743370000955,2.0745
0.743380000955,2.10575
0.743390000955,2.137
0.743400000955,2.10575
0.743410000955,2.137
0.743420000955,2.137
0.743430000955,2.10575
0.743440000955,2.10575
0.743450000955,2.10575
0.743460000955,2.137
0.743470000955,2.137
0.743480000955,2.137
0.743490000955,2.10575
0.743500000955,2.137
0.743510000955,2.10575
0.743520000955,2.137
0.743530000955,2.10575
0.743540000955,2.137
0.743550000955,2.137
0.743560000955,2.16825
0.743570000955,2.10575
0.743580000955,2.10575
0.743590000955,2.137
0.743600000955,2.10575
0.743610000955,2.137
0.743620000955,2.137
0.743630000955,2.137
0.743640000955,2.137
0.743650000955,2.10575
0.743660000955,2.137
0.743670000955,2.137
0.743680000955,2.137
0.743690000955,2.10575
0.743700000955,2.137
0.743710000955,2.10575
0.743720000955,2.10575
0.743730000955,2.137
0.743740000955,2.10575
0.743750000955,2.10575
0.743760000955,2.10575
0.743770000955,2.10575
0.743780000955,2.137
0.743790000955,2.137
0.743800000955,2.10575
0.743810000955,2.137
0.743820000955,2.137
0.743830000955,2.137
0.743840000955,2.10575
0.743850000955,2.137
0.743860000955,2.0745
0.743870000955,2.137
0.743880000955,2.10575
0.743890000955,2.137
0.743900000955,2.10575
0.743910000955,2.10575
0.743920000955,2.137
0.743930000955,2.10575
0.743940000955,2.137
0.743950000955,2.10575
0.743960000955,2.137
0.743970000955,2.10575
0.743980000955,2.10575
0.743990000955,2.137
0.744000000955,2.137
0.744010000955,2.137
0.744020000955,2.16825
0.744030000955,2.10575
0.744040000955,2.137
0.744050000955,2.137
0.744060000955,2.16825
0.744070000955,2.137
0.744080000955,2.137
0.744090000955,2.137
0.744100000955,2.137
0.744110000955,2.10575
0.744120000955,2.10575
0.744130000955,2.137
0.744140000955,2.137
0.744150000955,2.10575
0.744160000955,2.137
0.744170000955,2.137
0.744180000955,2.137
0.744190000955,2.137
0.744200000955,2.0745
0.744210000955,2.137
0.744220000955,2.137
0.744230000955,2.10575
0.744240000955,2.137
0.744250000955,2.137
0.744260000955,2.10575
0.744270000955,2.10575
0.744280000955,2.10575
0.744290000955,2.137
0.744300000955,2.137
0.744310000955,2.137
0.744320000955,2.137
0.744330000955,2.137
0.744340000955,2.137
0.744350000955,2.10575
0.744360000955,2.10575
0.744370000955,2.10575
0.744380000955,2.137
0.744390000955,2.137
0.744400000955,2.137
0.744410000955,2.10575
0.744420000955,2.137
0.744430000955,2.137
0.744440000955,2.137
0.744450000955,2.16825
0.744460000955,2.10575
0.744470000955,2.0745
0.744480000955,2.137
0.744490000955,2.137
0.744500000955,2.137
0.744510000955,2.10575
0.744520000955,2.10575
0.744530000955,2.137
0.744540000955,2.137
0.744550000955,2.137
0.744560000955,2.10575
0.744570000955,2.137
0.744580000955,2.137
0.744590000955,2.137
0.744600000955,2.16825
0.744610000955,2.10575
0.744620000955,2.10575
0.744630000955,2.137
0.744640000955,2.10575
0.744650000955,2.137
0.744660000955,2.16825
0.744670000955,2.137
0.744680000955,2.137
0.744690000955,2.10575
0.744700000955,2.137
0.744710000955,2.137
0.744720000955,2.10575
0.744730000955,2.16825
0.744740000955,2.10575
0.744750000955,2.10575
0.744760000955,2.137
0.744770000955,2.10575
0.744780000955,2.16825
0.744790000955,2.137
0.744800000955,2.16825
0.744810000955,2.137
0.744820000955,2.137
0.744830000955,2.10575
0.744840000955,2.137
0.744850000955,2.137
0.744860000955,2.137
0.744870000955,2.137
0.744880000955,2.137
0.744890000955,2.10575
0.744900000955,2.137
0.744910000955,2.137
0.744920000955,2.137
0.744930000955,2.137
0.744940000955,2.10575
0.744950000955,2.10575
0.744960000955,2.137
0.744970000955,2.137
0.744980000955,2.137
0.744990000955,2.10575
0.745000000955,2.10575
0.745010000955,2.10575
0.745020000955,2.10575
0.745030000955,2.137
0.745040000955,2.0745
0.745050000955,2.10575
0.745060000955,2.137
0.745070000955,2.137
0.745080000955,2.137
0.745090000955,2.137
0.745100000955,2.137
0.745110000955,2.137
0.745120000955,2.10575
0.745130000955,2.137
0.745140000955,2.137
0.745150000955,2.137
0.745160000955,2.137
0.745170000955,2.16825
0.745180000955,2.137
0.745190000955,2.137
0.745200000955,2.137
0.745210000955,2.137
0.745220000955,2.10575
0.745230000955,2.137
0.745240000955,2.137
0.745250000955,2.137
0.745260000955,2.10575
0.745270000955,2.137
0.745280000955,2.16825
0.745290000955,2.137
0.745300000955,2.137
0.745310000955,2.16825
0.745320000955,2.16825
0.745330000955,2.10575
0.745340000955,2.10575
0.745350000955,2.0745
0.745360000955,2.0745
0.745370000955,2.137
0.745380000955,2.137
0.745390000955,2.137
0.745400000955,2.10575
0.745410000955,2.137
0.745420000955,2.10575
0.745430000955,2.16825
0.745440000955,2.10575
0.745450000955,2.10575
0.745460000955,2.137
0.745470000955,2.137
0.745480000955,2.137
0.745490000955,2.137
0.745500000955,2.137
0.745510000955,2.10575
0.745520000955,2.10575
0.745530000955,2.137
0.745540000955,2.10575
0.745550000955,2.137
0.745560000955,2.10575
0.745570000955,2.137
0.745580000955,2.10575
0.745590000955,2.16825
0.745600000955,2.10575
0.745610000955,2.10575
0.745620000955,2.16825
0.745630000955,2.137
0.745640000955,2.16825
0.745650000955,2.10575
0.745660000955,2.137
0.745670000955,2.137
0.745680000955,2.10575
0.745690000955,2.10575
0.745700000955,2.137
0.745710000955,2.137
0.745720000955,2.137
0.745730000955,2.137
0.745740000955,2.137
0.745750000955,2.137
0.745760000955,2.137
0.745770000955,2.137
0.745780000955,2.10575
0.745790000955,2.137
0.745800000955,2.137
0.745810000955,2.137
0.745820000955,2.137
0.745830000955,2.137
0.745840000955,2.10575
0.745850000955,2.137
0.745860000955,2.137
0.745870000955,2.137
0.745880000955,2.10575
0.745890000955,2.137
0.745900000955,2.16825
0.745910000955,2.137
0.745920000955,2.10575
0.745930000955,2.10575
0.745940000955,2.137
0.745950000955,2.137
0.745960000955,2.10575
0.745970000955,2.10575
0.745980000955,2.10575
0.745990000955,2.16825
0.746000000955,2.137
0.746010000955,2.137
0.746020000955,2.16825
0.746030000955,2.137
0.746040000955,2.137
0.746050000955,2.137
0.746060000955,2.10575
0.746070000955,2.137
0.746080000955,2.10575
0.746090000955,2.137
0.746100000955,2.137
0.746110000955,2.137
0.746120000955,2.137
0.746130000955,2.137
0.746140000955,2.137
0.746150000955,2.137
0.746160000955,2.137
0.746170000955,2.0745
0.746180000955,2.137
0.746190000955,2.10575
0.746200000955,2.16825
0.746210000955,2.10575
0.746220000955,2.10575
0.746230000955,2.137
0.746240000955,2.137
0.746250000955,2.16825
0.746260000955,2.10575
0.746270000955,2.10575
0.746280000955,2.10575
0.746290000955,2.0745
0.746300000955,2.10575
0.746310000955,2.16825
0.746320000955,2.10575
0.746330000955,2.10575
0.746340000955,2.137
0.746350000955,2.10575
0.746360000955,2.137
0.746370000955,2.16825
0.746380000955,2.137
0.746390000955,2.10575
0.746400000955,2.137
0.746410000955,2.137
0.746420000955,2.137
0.746430000955,2.137
0.746440000955,2.137
0.746450000955,2.137
0.746460000955,2.137
0.746470000955,2.137
0.746480000955,2.10575
0.746490000955,2.10575
0.746500000955,2.137
0.746510000955,2.10575
0.746520000955,2.0745
0.746530000955,2.137
0.746540000955,2.10575
0.746550000955,2.10575
0.746560000955,2.10575
0.746570000955,2.137
0.746580000955,2.137
0.746590000955,2.137
0.746600000955,2.0745
0.746610000955,2.137
0.746620000955,2.10575
0.746630000955,2.137
0.746640000955,2.137
0.746650000955,2.137
0.746660000955,2.16825
0.746670000955,2.137
0.746680000955,2.137
0.746690000955,2.137
0.746700000955,2.137
0.746710000955,2.137
0.746720000955,2.137
0.746730000955,2.10575
0.746740000955,2.137
0.746750000955,2.137
0.746760000955,2.10575
0.746770000955,2.137
0.746780000955,2.137
0.746790000955,2.10575
0.746800000955,2.16825
0.746810000955,2.137
0.746820000955,2.137
0.746830000955,2.137
0.746840000955,2.137
0.746850000955,2.10575
0.746860000955,2.10575
0.746870000955,2.10575
0.746880000955,2.137
0.746890000955,2.137
0.746900000955,2.10575
0.746910000955,2.10575
0.746920000955,2.10575
0.746930000955,2.137
0.746940000955,2.16825
0.746950000955,2.10575
0.746960000955,2.137
0.746970000955,2.137
0.746980000955,2.137
0.746990000955,2.137
0.747000000955,2.137
0.747010000955,2.10575
0.747020000955,2.10575
0.747030000955,2.137
0.747040000955,2.137
0.747050000955,2.10575
0.747060000955,2.10575
0.747070000955,2.10575
0.747080000955,2.16825
0.747090000955,2.10575
0.747100000955,2.137
0.747110000955,2.137
0.747120000955,2.137
0.747130000955,2.137
0.747140000955,2.10575
0.747150000955,2.0745
0.747160000955,2.137
0.747170000955,2.137
0.747180000955,2.137
0.747190000955,2.137
0.747200000955,2.16825
0.747210000955,2.10575
0.747220000955,2.10575
0.747230000955,2.10575
0.747240000955,2.137
0.747250000955,2.137
0.747260000955,2.10575
0.747270000955,2.10575
0.747280000955,2.10575
0.747290000955,2.10575
0.747300000955,2.137
0.747310000955,2.10575
0.747320000955,2.137
0.747330000955,2.137
0.747340000955,2.137
0.747350000955,2.137
0.747360000955,2.137
0.747370000955,2.10575
0.747380000955,2.10575
0.747390000955,2.10575
0.747400000955,2.10575
0.747410000955,2.10575
0.747420000955,2.16825
0.747430000955,2.10575
0.747440000955,2.16825
0.747450000955,2.10575
0.747460000955,2.10575
0.747470000955,2.137
0.747480000955,2.137
0.747490000955,2.137
0.747500000955,2.10575
0.747510000955,2.137
0.747520000955,2.137
0.747530000955,2.137
0.747540000955,2.137
0.747550000955,2.137
0.747560000955,2.16825
0.747570000955,2.10575
0.747580000955,2.137
0.747590000955,2.10575
0.747600000955,2.137
0.747610000955,2.137
0.747620000955,2.137
0.747630000955,2.137
0.747640000955,2.137
0.747650000955,2.10575
0.747660000955,2.10575
0.747670000955,2.137
0.747680000955,2.137
0.747690000955,2.137
0.747700000955,2.137
0.747710000955,2.10575
0.747720000955,2.16825
0.747730000955,2.137
0.747740000955,2.137
0.747750000955,2.10575
0.747760000955,2.137
0.747770000955,2.137
0.747780000955,2.137
0.747790000955,2.137
0.747800000955,2.10575
0.747810000955,2.137
0.747820000955,2.137
0.747830000955,2.10575
0.747840000955,2.137
0.747850000955,2.137
0.747860000955,2.10575
0.747870000955,2.137
0.747880000955,2.10575
0.747890000955,2.10575
0.747900000955,2.0745
0.747910000955,2.137
0.747920000955,2.10575
0.747930000955,2.137
0.747940000955,2.137
0.747950000955,2.10575
0.747960000955,2.137
0.747970000955,2.10575
0.747980000955,2.10575
0.747990000955,2.137
0.748000000955,2.10575
0.748010000955,2.10575
0.748020000955,2.16825
0.748030000955,2.10575
0.748040000955,2.10575
0.748050000955,2.10575
0.748060000955,2.10575
0.748070000955,2.137
0.748080000955,2.137
0.748090000955,2.137
0.748100000955,2.137
0.748110000955,2.137
0.748120000955,2.137
0.748130000955,2.137
0.748140000955,2.137
0.748150000955,2.137
0.748160000955,2.137
0.748170000955,2.10575
0.748180000955,2.10575
0.748190000955,2.10575
0.748200000955,2.10575
0.748210000955,2.10575
0.748220000955,2.0745
0.748230000955,2.10575
0.748240000955,2.137
0.748250000955,2.10575
0.748260000955,2.137
0.748270000955,2.16825
0.748280000955,2.10575
0.748290000955,2.137
0.748300000955,2.0745
0.748310000955,2.10575
0.748320000955,2.137
0.748330000955,2.10575
0.748340000955,2.16825
0.748350000955,2.10575
0.748360000955,2.137
0.748370000955,2.137
0.748380000955,2.10575
0.748390000955,2.10575
0.748400000955,2.10575
0.748410000955,2.10575
0.748420000955,2.10575
0.748430000955,2.10575
0.748440000955,2.137
0.748450000955,2.137
0.748460000955,2.10575
0.748470000955,2.16825
0.748480000955,2.137
0.748490000955,2.10575
0.748500000955,2.0745
0.748510000955,2.10575
0.748520000955,2.10575
0.748530000955,2.10575
0.748540000955,2.10575
0.748550000955,2.10575
0.748560000955,2.0745
0.748570000955,2.10575
0.748580000955,2.137
0.748590000955,2.137
0.748600000955,2.137
0.748610000955,2.10575
0.748620000955,2.10575
0.748630000955,2.10575
0.748640000955,2.10575
0.748650000955,2.137
0.748660000955,2.0745
0.748670000955,2.10575
0.748680000955,2.0745
0.748690000955,2.10575
0.748700000955,2.10575
0.748710000955,2.10575
0.748720000955,2.0745
0.748730000955,2.10575
0.748740000955,2.10575
0.748750000955,2.10575
0.748760000955,2.137
0.748770000955,2.10575
0.748780000955,2.10575
0.748790000955,2.0745
0.748800000955,2.10575
0.748810000955,2.10575
0.748820000955,2.10575
0.748830000955,2.137
0.748840000955,2.10575
0.748850000955,2.10575
0.748860000955,2.137
0.748870000955,2.137
0.748880000955,2.10575
0.748890000955,2.137
0.748900000955,2.10575
0.748910000955,2.10575
0.748920000955,2.10575
0.748930000955,2.10575
0.748940000955,2.10575
0.748950000955,2.0745
0.748960000955,2.10575
0.748970000955,2.10575
0.748980000955,2.137
0.748990000955,2.137
0.749000000955,2.10575
0.749010000955,2.137
0.749020000955,2.0745
0.749030000955,2.10575
0.749040000955,2.10575
0.749050000955,2.10575
0.749060000955,2.0745
0.749070000955,2.10575
0.749080000955,2.137
0.749090000955,2.0745
0.749100000955,2.10575
0.749110000955,2.10575
0.749120000955,2.0745
0.749130000955,2.0745
0.749140000955,2.10575
0.749150000955,2.10575
0.749160000955,2.0745
0.749170000955,2.10575
0.749180000955,2.10575
0.749190000955,2.0745
0.749200000955,2.10575
0.749210000955,2.10575
0.749220000955,2.10575
0.749230000955,2.0745
0.749240000955,2.0745
0.749250000955,2.10575
0.749260000955,2.0745
0.749270000955,2.0745
0.749280000955,2.10575
0.749290000955,2.137
0.749300000955,2.137
0.749310000955,2.0745
0.749320000955,2.10575
0.749330000955,2.10575
0.749340000955,2.0745
0.749350000955,2.0745
0.749360000955,2.0745
0.749370000955,2.10575
0.749380000955,2.137
0.749390000955,2.10575
0.749400000955,2.0745
0.749410000955,2.10575
0.749420000955,2.0745
0.749430000955,2.10575
0.749440000955,2.0745
0.749450000955,2.10575
0.749460000955,2.0745
0.749470000955,2.10575
0.749480000955,2.0745
0.749490000955,2.0745
0.749500000955,2.10575
0.749510000955,2.0745
0.749520000955,2.10575
0.749530000955,2.0745
0.749540000955,2.0745
0.749550000955,2.10575
0.749560000955,2.0745
0.749570000955,2.10575
0.749580000955,2.0745
0.749590000955,2.0745
0.749600000955,2.0745
0.749610000955,2.10575
0.749620000955,2.10575
0.749630000955,2.10575
0.749640000955,2.0745
0.749650000955,2.10575
0.749660000955,2.10575
0.749670000955,2.10575
0.749680000955,2.10575
0.749690000955,2.137
0.749700000955,2.0745
0.749710000955,2.10575
0.749720000955,2.10575
0.749730000955,2.10575
0.749740000955,2.10575
0.749750000955,2.0745
0.749760000955,2.0745
0.749770000955,2.0745
0.749780000955,2.137
0.749790000955,2.0745
0.749800000955,2.10575
0.749810000955,2.0745
0.749820000955,2.10575
0.749830000955,2.0745
0.749840000955,2.10575
0.749850000955,2.04325
0.749860000955,2.10575
0.749870000955,2.0745
0.749880000955,2.04325
0.749890000955,2.04325
0.749900000955,2.10575
0.749910000955,2.04325
0.749920000955,2.0745
0.749930000955,2.04325
0.749940000955,2.0745
0.749950000955,2.10575
0.749960000955,2.0745
0.749970000955,2.0745
0.749980000955,2.10575
0.749990000955,2.0745
0.750000000955,2.10575
0.750010000955,2.0745
0.750020000955,2.10575
0.750030000955,2.04325
0.750040000955,2.10575
0.750050000955,2.0745
0.750060000955,2.0745
0.750070000955,2.0745
0.750080000955,2.0745
0.750090000955,2.10575
0.750100000955,2.0745
0.750110000955,2.04325
0.750120000955,2.0745
0.750130000955,2.10575
0.750140000955,2.0745
0.750150000955,2.10575
0.750160000955,2.0745
0.750170000955,2.0745
0.750180000955,2.0745
0.750190000955,2.0745
0.750200000955,2.0745
0.750210000955,2.10575
0.750220000955,2.0745
0.750230000955,2.0745
0.750240000955,2.10575
0.750250000955,2.0745
0.750260000955,2.10575
0.750270000955,2.0745
0.750280000955,2.0745
0.750290000955,2.0745
0.750300000955,2.0745
0.750310000955,2.0745
0.750320000955,2.10575
0.750330000955,2.0745
0.750340000955,2.10575
0.750350000955,2.10575
0.750360000955,2.0745
0.750370000955,2.10575
0.750380000955,2.0745
0.750390000955,2.10575
0.750400000955,2.10575
0.750410000955,2.0745
0.750420000955,2.0745
0.750430000955,2.0745
0.750440000955,2.04325
0.750450000955,2.04325
0.750460000955,2.0745
0.750470000955,2.10575
0.750480000955,2.0745
0.750490000955,2.0745
0.750500000955,2.10575
0.750510000955,2.04325
0.750520000955,2.0745
0.750530000955,2.0745
0.750540000955,2.0745
0.750550000955,2.0745
0.750560000955,2.0745
0.750570000955,2.0745
0.750580000955,2.10575
0.750590000955,2.04325
0.750600000955,2.0745
0.750610000955,2.10575
0.750620000955,2.0745
0.750630000955,2.0745
0.750640000955,2.04325
0.750650000955,2.0745
0.750660000955,2.10575
0.750670000955,2.0745
0.750680000955,2.04325
0.750690000955,2.0745
0.750700000955,2.0745
0.750710000955,2.0745
0.750720000955,2.04325
0.750730000955,2.0745
0.750740000955,2.04325
0.750750000955,2.0745
0.750760000955,2.10575
0.750770000955,2.0745
0.750780000955,2.10575
0.750790000955,2.137
0.750800000955,2.0745
0.750810000955,2.10575
0.750820000955,2.10575
0.750830000955,2.10575
0.750840000955,2.0745
0.750850000955,2.0745
0.750860000955,2.10575
0.750870000955,2.04325
0.750880000955,2.04325
0.750890000955,2.0745
0.750900000955,2.0745
0.750910000955,2.0745
0.750920000955,2.10575
0.750930000955,2.10575
0.750940000955,2.0745
0.750950000955,2.0745
0.750960000955,2.10575
0.750970000955,2.04325
0.750980000955,2.0745
0.750990000955,2.10575
0.751000000955,2.0745
0.751010000955,2.10575
0.751020000955,2.0745
0.751030000955,2.0745
0.751040000955,2.04325
0.751050000955,2.10575
0.751060000955,2.04325
0.751070000955,2.137
0.751080000955,2.0745
0.751090000955,2.10575
0.751100000955,2.0745
0.751110000955,2.10575
0.751120000955,2.0745
0.751130000955,2.0745
0.751140000955,2.0745
0.751150000955,2.0745
0.751160000955,2.0745
0.751170000955,2.0745
0.751180000955,2.10575
0.751190000955,2.0745
0.751200000955,2.10575
0.751210000955,2.0745
0.751220000955,2.10575
0.751230000955,2.0745
0.751240000955,2.0745
0.751250000955,2.0745
0.751260000955,2.04325
0.751270000955,2.10575
0.751280000955,2.04325
0.751290000955,2.0745
0.751300000955,2.0745
0.751310000955,2.0745
0.751320000955,2.0745
0.751330000955,2.10575
0.751340000955,2.0745
0.751350000955,2.10575
0.751360000955,2.0745
0.751370000955,2.10575
0.751380000955,2.10575
0.751390000955,2.0745
0.751400000955,2.0745
0.751410000955,2.10575
0.751420000955,2.10575
0.751430000955,2.0745
0.751440000955,2.0745
0.751450000955,2.0745
0.751460000955,2.0745
0.751470000955,2.0745
0.751480000955,2.04325
0.751490000955,2.0745
0.751500000955,2.10575
0.751510000955,2.10575
0.751520000955,2.10575
0.751530000955,2.0745
0.751540000955,2.0745
0.751550000955,2.0745
0.751560000955,2.10575
0.751570000955,2.0745
0.751580000955,2.0745
0.751590000955,2.10575
0.751600000955,2.10575
0.751610000955,2.10575
0.751620000955,2.137
0.751630000955,2.10575
0.751640000955,2.0745
0.751650000955,2.0745
0.751660000955,2.0745
0.751670000955,2.0745
0.751680000955,2.04325
0.751690000955,2.10575
0.751700000955,2.10575
0.751710000955,2.0745
0.751720000955,2.0745
0.751730000955,2.10575
0.751740000955,2.10575
0.751750000955,2.0745
0.751760000955,2.04325
0.751770000955,2.0745
0.751780000955,2.0745
0.751790000955,2.0745
0.751800000955,2.10575
0.751810000955,2.10575
0.751820000955,2.0745
0.751830000955,2.10575
0.751840000955,2.10575
0.751850000955,2.0745
0.751860000955,2.0745
0.751870000955,2.0745
0.751880000955,2.10575
0.751890000955,2.0745
0.751900000955,2.0745
0.751910000955,2.10575
0.751920000955,2.0745
0.751930000955,2.0745
0.751940000955,2.0745
0.751950000955,2.0745
0.751960000955,2.10575
0.751970000955,2.137
0.751980000955,2.0745
0.751990000955,2.0745
0.752000000955,2.137
0.752010000955,2.0745
0.752020000955,2.10575
0.752030000955,2.0745
0.752040000955,2.10575
0.752050000955,2.10575
0.752060000955,2.0745
0.752070000955,2.0745
0.752080000955,2.10575
0.752090000955,2.0745
0.752100000955,2.0745
0.752110000955,2.0745
0.752120000955,2.10575
0.752130000955,2.0745
0.752140000955,2.0745
0.752150000955,2.0745
0.752160000955,2.10575
0.752170000955,2.10575
0.752180000955,2.04325
0.752190000955,2.04325
0.752200000955,2.0745
0.752210000955,2.10575
0.752220000955,2.10575
0.752230000955,2.137
0.752240000955,2.10575
0.752250000955,2.0745
0.752260000955,2.10575
0.752270000955,2.0745
0.752280000955,2.0745
0.752290000955,2.0745
0.752300000955,2.0745
0.752310000955,2.10575
0.752320000955,2.0745
0.752330000955,2.10575
0.752340000955,2.10575
0.752350000955,2.10575
0.752360000955,2.10575
0.752370000955,2.0745
0.752380000955,2.0745
0.752390000955,2.0745
0.752400000955,2.04325
0.752410000955,2.0745
0.752420000955,2.137
0.752430000955,2.04325
0.752440000955,2.10575
0.752450000955,2.10575
0.752460000955,2.0745
0.752470000955,2.10575
0.752480000955,2.0745
0.752490000955,2.10575
0.752500000955,2.0745
0.752510000955,2.0745
0.752520000955,2.0745
0.752530000955,2.0745
0.752540000955,2.0745
0.752550000955,2.0745
0.752560000955,2.0745
0.752570000955,2.10575
0.752580000955,2.0745
0.752590000955,2.0745
0.752600000955,2.10575
0.752610000955,2.0745
0.752620000955,2.04325
0.752630000955,2.0745
0.752640000955,2.0745
0.752650000955,2.137
0.752660000955,2.10575
0.752670000955,2.10575
0.752680000955,2.10575
0.752690000955,2.10575
0.752700000955,2.0745
0.752710000955,2.0745
0.752720000955,2.0745
0.752730000955,2.0745
0.752740000955,2.0745
0.752750000955,2.10575
0.752760000955,2.0745
0.752770000955,2.0745
0.752780000955,2.0745
0.752790000955,2.0745
0.752800000955,2.0745
0.752810000955,2.10575
0.752820000955,2.10575
0.752830000955,2.0745
0.752840000955,2.137
0.752850000955,2.0745
0.752860000955,2.10575
0.752870000955,2.0745
0.752880000955,2.0745
0.752890000955,2.0745
0.752900000955,2.0745
0.752910000955,2.10575
0.752920000955,2.0745
0.752930000955,2.0745
0.752940000955,2.0745
0.752950000955,2.10575
0.752960000955,2.0745
0.752970000955,2.0745
0.752980000955,2.0745
0.752990000955,2.0745
0.753000000955,2.10575
0.753010000955,2.10575
0.753020000955,2.0745
0.753030000955,2.10575
0.753040000955,2.0745
0.753050000955,2.0745
0.753060000955,2.0745
0.753070000955,2.10575
0.753080000955,2.10575
0.753090000955,2.0745
0.753100000955,2.0745
0.753110000955,2.10575
0.753120000955,2.137
0.753130000955,2.0745
0.753140000955,2.10575
0.753150000955,2.10575
0.753160000955,2.10575
0.753170000955,2.10575
0.753180000955,2.0745
0.753190000955,2.0745
0.753200000955,2.10575
0.753210000955,2.10575
0.753220000955,2.0745
0.753230000955,2.10575
0.753240000955,2.0745
0.753250000955,2.137
0.753260000955,2.10575
0.753270000955,2.10575
0.753280000955,2.10575
0.753290000955,2.0745
0.753300000955,2.10575
0.753310000955,2.0745
0.753320000955,2.10575
0.753330000955,2.10575
0.753340000955,2.0745
0.753350000955,2.04325
0.753360000955,2.0745
0.753370000955,2.04325
0.753380000955,2.0745
0.753390000955,2.0745
0.753400000955,2.04325
0.753410000955,2.10575
0.753420000955,2.10575
0.753430000955,2.10575
0.753440000955,2.0745
0.753450000955,2.10575
0.753460000955,2.10575
0.753470000955,2.0745
0.753480000955,2.10575
0.753490000955,2.0745
0.753500000955,2.10575
0.753510000955,2.10575
0.753520000955,2.0745
0.753530000955,2.0745
0.753540000955,2.0745
0.753550000955,2.10575
0.753560000955,2.0745
0.753570000955,2.137
0.753580000955,2.04325
0.753590000955,2.0745
0.753600000955,2.10575
0.753610000955,2.0745
0.753620000955,2.0745
0.753630000955,2.0745
0.753640000955,2.10575
0.753650000955,2.10575
0.753660000955,2.0745
0.753670000955,2.10575
0.753680000955,2.0745
0.753690000955,2.10575
0.753700000955,2.0745
0.753710000955,2.10575
0.753720000955,2.10575
0.753730000955,2.10575
0.753740000955,2.10575
0.753750000955,2.137
0.753760000955,2.10575
0.753770000955,2.10575
0.753780000955,2.10575
0.753790000955,2.10575
0.753800000955,2.0745
0.753810000955,2.10575
0.753820000955,2.10575
0.753830000955,2.04325
0.753840000955,2.0745
0.753850000955,2.0745
0.753860000955,2.10575
0.753870000955,2.0745
0.753880000955,2.0745
0.753890000955,2.0745
0.753900000955,2.137
0.753910000955,2.10575
0.753920000955,2.0745
0.753930000955,2.10575
0.753940000955,2.10575
0.753950000955,2.0745
0.753960000955,2.0745
0.753970000955,2.137
0.753980000955,2.0745
0.753990000955,2.0745
0.754000000955,2.137
0.754010000955,2.10575
0.754020000955,2.137
0.754030000955,2.10575
0.754040000955,2.10575
0.754050000955,2.10575
0.754060000955,2.0745
0.754070000955,2.10575
0.754080000955,2.137
0.754090000955,2.0745
0.754100000955,2.0745
0.754110000955,2.0745
0.754120000955,2.0745
0.754130000955,2.137
0.754140000955,2.0745
0.754150000955,2.10575
0.754160000955,2.0745
0.754170000955,2.10575
0.754180000955,2.10575
0.754190000955,2.10575
0.754200000955,2.10575
0.754210000955,2.10575
0.754220000955,2.0745
0.754230000955,2.10575
0.754240000955,2.0745
0.754250000955,2.0745
0.754260000955,2.10575
0.754270000955,2.10575
0.754280000955,2.0745
0.754290000955,2.0745
0.754300000955,2.0745
0.754310000955,2.10575
0.754320000955,2.10575
0.754330000955,2.10575
0.754340000955,2.137
0.754350000955,2.10575
0.754360000955,2.0745
0.754370000955,2.0745
0.754380000955,2.10575
0.754390000955,2.0745
0.754400000955,2.0745
0.754410000955,2.10575
0.754420000955,2.0745
0.754430000955,2.10575
0.754440000955,2.0745
0.754450000955,2.137
0.754460000955,2.0745
0.754470000955,2.10575
0.754480000955,2.0745
0.754490000955,2.0745
0.754500000955,2.10575
0.754510000955,2.0745
0.754520000955,2.10575
0.754530000955,2.10575
0.754540000955,2.10575
0.754550000955,2.0745
0.754560000955,2.0745
0.754570000955,2.0745
0.754580000955,2.10575
0.754590000955,2.10575
0.754600000955,2.10575
0.754610000955,2.0745
0.754620000955,2.10575
0.754630000955,2.0745
0.754640000955,2.10575
0.754650000955,2.0745
0.754660000955,2.10575
0.754670000955,2.0745
0.754680000955,2.04325
0.754690000955,2.0745
0.754700000955,2.137
0.754710000955,2.0745
0.754720000955,2.10575
0.754730000955,2.04325
0.754740000955,2.10575
0.754750000955,2.10575
0.754760000955,2.137
0.754770000955,2.0745
0.754780000955,2.0745
0.754790000955,2.0745
0.754800000955,2.0745
0.754810000955,2.0745
0.754820000955,2.10575
0.754830000955,2.10575
0.754840000955,2.0745
0.754850000955,2.0745
0.754860000955,2.04325
0.754870000955,2.10575
0.754880000955,2.10575
0.754890000955,2.0745
0.754900000955,2.0745
0.754910000955,2.0745
0.754920000955,2.0745
0.754930000955,2.137
0.754940000955,2.10575
0.754950000955,2.0745
0.754960000955,2.0745
0.754970000955,2.04325
0.754980000955,2.10575
0.754990000955,2.0745
0.755000000955,2.10575
0.755010000955,2.0745
0.755020000955,2.0745
0.755030000955,2.10575
0.755040000955,2.0745
0.755050000955,2.0745
0.755060000955,2.0745
0.755070000955,2.10575
0.755080000955,2.10575
0.755090000955,2.0745
0.755100000955,2.10575
0.755110000955,2.10575
0.755120000955,2.10575
0.755130000955,2.0745
0.755140000955,2.0745
0.755150000955,2.0745
0.755160000955,2.0745
0.755170000955,2.10575
0.755180000955,2.04325
0.755190000955,2.0745
0.755200000955,2.0745
0.755210000955,2.0745
0.755220000955,2.10575
0.755230000955,2.10575
0.755240000955,2.0745
0.755250000955,2.10575
0.755260000955,2.10575
0.755270000955,2.10575
0.755280000955,2.0745
0.755290000955,2.10575
0.755300000955,2.0745
0.755310000955,2.10575
0.755320000955,2.0745
0.755330000955,2.0745
0.755340000955,2.04325
0.755350000955,2.137
0.755360000955,2.10575
0.755370000955,2.10575
0.755380000955,2.0745
0.755390000955,2.10575
0.755400000955,2.10575
0.755410000955,2.10575
0.755420000955,2.10575
0.755430000955,2.0745
0.755440000955,2.10575
0.755450000955,2.10575
0.755460000955,2.0745
0.755470000955,2.0745
0.755480000955,2.10575
0.755490000955,2.10575
0.755500000955,2.10575
0.755510000955,2.0745
0.755520000955,2.0745
0.755530000955,2.0745
0.755540000955,2.0745
0.755550000955,2.0745
0.755560000955,2.0745
0.755570000955,2.0745
0.755580000955,2.0745
0.755590000955,2.0745
0.755600000955,2.0745
0.755610000955,2.04325
0.755620000955,2.10575
0.755630000955,2.0745
0.755640000955,2.0745
0.755650000955,2.10575
0.755660000955,2.0745
0.755670000955,2.10575
0.755680000955,2.04325
0.755690000955,2.0745
0.755700000955,2.137
0.755710000955,2.0745
0.755720000955,2.0745
0.755730000955,2.0745
0.755740000955,2.10575
0.755750000955,2.137
0.755760000955,2.0745
0.755770000955,2.0745
0.755780000955,2.10575
0.755790000955,2.0745
0.755800000955,2.10575
0.755810000955,2.137
0.755820000955,2.10575
0.755830000955,2.0745
0.755840000955,2.10575
0.755850000955,2.10575
0.755860000955,2.10575
0.755870000955,2.10575
0.755880000955,2.10575
0.755890000955,2.137
0.755900000955,2.10575
0.755910000955,2.0745
0.755920000955,2.0745
0.755930000955,2.10575
0.755940000955,2.10575
0.755950000955,2.10575
0.755960000955,2.04325
0.755970000955,2.0745
0.755980000955,2.10575
0.755990000955,2.10575
0.756000000955,2.0745
0.756010000955,2.04325
0.756020000955,2.10575
0.756030000955,2.04325
0.756040000955,2.137
0.756050000955,2.0745
0.756060000955,2.0745
0.756070000955,2.0745
0.756080000955,2.0745
0.756090000955,2.0745
0.756100000955,2.10575
0.756110000955,2.10575
0.756120000955,2.10575
0.756130000955,2.10575
0.756140000955,2.10575
0.756150000955,2.10575
0.756160000955,2.0745
0.756170000955,2.0745
0.756180000955,2.0745
0.756190000955,2.04325
0.756200000955,2.10575
0.756210000955,2.10575
0.756220000955,2.10575
0.756230000955,2.10575
0.756240000955,2.0745
0.756250000955,2.0745
0.756260000955,2.0745
0.756270000955,2.10575
0.756280000955,2.10575
0.756290000955,2.0745
0.756300000955,2.0745
0.756310000955,2.0745
0.756320000955,2.10575
0.756330000955,2.10575
0.756340000955,2.0745
0.756350000955,2.0745
0.756360000955,2.04325
0.756370000955,2.0745
0.756380000955,2.0745
0.756390000955,2.10575
0.756400000955,2.10575
0.756410000955,2.10575
0.756420000955,2.10575
0.756430000955,2.10575
0.756440000955,2.0745
0.756450000955,2.0745
0.756460000955,2.0745
0.756470000955,2.0745
0.756480000955,2.0745
0.756490000955,2.0745
0.756500000955,2.10575
0.756510000955,2.0745
0.756520000955,2.10575
0.756530000955,2.137
0.756540000955,2.10575
0.756550000955,2.0745
0.756560000955,2.10575
0.756570000955,2.0745
0.756580000955,2.0745
0.756590000955,2.0745
0.756600000955,2.10575
0.756610000955,2.137
0.756620000955,2.0745
0.756630000955,2.0745
0.756640000955,2.10575
0.756650000955,2.0745
0.756660000955,2.0745
0.756670000955,2.0745
0.756680000955,2.04325
0.756690000955,2.10575
0.756700000955,2.0745
0.756710000955,2.04325
0.756720000955,2.10575
0.756730000955,2.0745
0.756740000955,2.10575
0.756750000955,2.10575
0.756760000955,2.0745
0.756770000955,2.10575
0.756780000955,2.0745
0.756790000955,2.0745
0.756800000955,2.04325
0.756810000955,2.10575
0.756820000955,2.0745
0.756830000955,2.10575
0.756840000955,2.04325
0.756850000955,2.0745
0.756860000955,2.04325
0.756870000955,2.0745
0.756880000955,2.0745
0.756890000955,2.10575
0.756900000955,2.10575
0.756910000955,2.04325
0.756920000955,2.0745
0.756930000955,2.0745
0.756940000955,2.0745
0.756950000955,2.10575
0.756960000955,2.10575
0.756970000955,2.0745
0.756980000955,2.10575
0.756990000955,2.0745
0.757000000955,2.04325
0.757010000955,2.0745
0.757020000955,2.10575
0.757030000955,2.10575
0.757040000955,2.0745
0.757050000955,2.0745
0.757060000955,2.0745
0.757070000955,2.04325
0.757080000955,2.10575
0.757090000955,2.0745
0.757100000955,2.10575
0.757110000955,2.0745
0.757120000955,2.0745
0.757130000955,2.0745
0.757140000955,2.10575
0.757150000955,2.04325
0.757160000955,2.0745
0.757170000955,2.0745
0.757180000955,2.0745
0.757190000955,2.0745
0.757200000955,2.0745
0.757210000955,2.0745
0.757220000955,2.0745
0.757230000955,2.04325
0.757240000955,2.10575
0.757250000955,2.0745
0.757260000955,2.0745
0.757270000955,2.0745
0.757280000955,2.0745
0.757290000955,2.0745
0.757300000955,2.0745
0.757310000955,2.0745
0.757320000955,2.0745
0.757330000955,2.0745
0.757340000955,2.0745
0.757350000955,2.10575
0.757360000955,2.10575
0.757370000955,2.04325
0.757380000955,2.0745
0.757390000955,2.10575
0.757400000955,2.0745
0.757410000955,2.0745
0.757420000955,2.10575
0.757430000955,2.0745
0.757440000955,2.04325
0.757450000955,2.10575
0.757460000955,2.0745
0.757470000955,2.0745
0.757480000955,2.10575
0.757490000955,2.04325
0.757500000955,2.0745
0.757510000955,2.0745
0.757520000955,2.0745
0.757530000955,2.10575
0.757540000955,2.0745
0.757550000955,2.10575
0.757560000955,2.0745
0.757570000955,2.10575
0.757580000955,2.0745
0.757590000955,2.0745
0.757600000955,2.0745
0.757610000955,2.10575
0.757620000955,2.04325
0.757630000955,2.10575
0.757640000955,2.10575
0.757650000955,2.0745
0.757660000955,2.0745
0.757670000955,2.0745
0.757680000955,2.10575
0.757690000955,2.0745
0.757700000955,2.0745
0.757710000955,2.04325
0.757720000955,2.0745
0.757730000955,2.10575
0.757740000955,2.10575
0.757750000955,2.04325
0.757760000955,2.0745
0.757770000955,2.0745
0.757780000955,2.0745
0.757790000955,2.0745
0.757800000955,2.0745
0.757810000955,2.10575
0.757820000955,2.0745
0.757830000955,2.0745
0.757840000955,2.04325
0.757850000955,2.0745
0.757860000955,2.04325
0.757870000955,2.137
0.757880000955,2.10575
0.757890000955,2.0745
0.757900000955,2.0745
0.757910000955,2.0745
0.757920000955,2.0745
0.757930000955,2.0745
0.757940000955,2.10575
0.757950000955,2.10575
0.757960000955,2.0745
0.757970000955,2.0745
0.757980000955,2.0745
0.757990000955,2.0745
0.758000000955,2.0745
0.758010000955,2.0745
0.758020000955,2.10575
0.758030000955,2.0745
0.758040000955,2.10575
0.758050000955,2.0745
0.758060000955,2.0745
0.758070000955,2.0745
0.758080000955,2.0745
0.758090000955,2.0745
0.758100000955,2.0745
0.758110000955,2.10575
0.758120000955,2.0745
0.758130000955,2.10575
0.758140000955,2.10575
0.758150000955,2.0745
0.758160000955,2.10575
0.758170000955,2.10575
0.758180000955,2.10575
0.758190000955,2.0745
0.758200000955,2.0745
0.758210000955,2.0745
0.758220000955,2.10575
0.758230000955,2.0745
0.758240000955,2.0745
0.758250000955,2.10575
0.758260000955,2.10575
0.758270000955,2.0745
0.758280000955,2.10575
0.758290000955,2.10575
0.758300000955,2.10575
0.758310000955,2.10575
0.758320000955,2.10575
0.758330000955,2.0745
0.758340000955,2.0745
0.758350000955,2.0745
0.758360000955,2.0745
0.758370000955,2.10575
0.758380000955,2.0745
0.758390000955,2.0745
0.758400000955,2.0745
0.758410000955,2.10575
0.758420000955,2.0745
0.758430000955,2.0745
0.758440000955,2.0745
0.758450000955,2.0745
0.758460000955,2.0745
0.758470000955,2.10575
0.758480000955,2.04325
0.758490000955,2.0745
0.758500000955,2.10575
0.758510000955,2.10575
0.758520000955,2.10575
0.758530000955,2.0745
0.758540000955,2.0745
0.758550000955,2.10575
0.758560000955,2.0745
0.758570000955,2.0745
0.758580000955,2.0745
0.758590000955,2.0745
0.758600000955,2.0745
0.758610000955,2.10575
0.758620000955,2.04325
0.758630000955,2.0745
0.758640000955,2.0745
0.758650000955,2.10575
0.758660000955,2.0745
0.758670000955,2.0745
0.758680000955,2.0745
0.758690000955,2.10575
0.758700000955,2.0745
0.758710000955,2.0745
0.758720000955,2.10575
0.758730000955,2.10575
0.758740000955,2.10575
0.758750000955,2.0745
0.758760000955,2.0745
0.758770000955,2.0745
0.758780000955,2.0745
0.758790000955,2.10575
0.758800000955,2.0745
0.758810000955,2.0745
0.758820000955,2.04325
0.758830000955,2.10575
0.758840000955,2.10575
0.758850000955,2.0745
0.758860000955,2.0745
0.758870000955,2.0745
0.758880000955,2.0745
0.758890000955,2.0745
0.758900000955,2.10575
0.758910000955,2.04325
0.758920000955,2.0745
0.758930000955,2.10575
0.758940000955,2.04325
0.758950000955,2.04325
0.758960000955,2.04325
0.758970000955,2.0745
0.758980000955,2.0745
0.758990000955,2.10575
0.759000000955,2.10575
0.759010000955,2.10575
0.759020000955,2.0745
0.759030000955,2.10575
0.759040000955,2.0745
0.759050000955,2.10575
0.759060000955,2.10575
0.759070000955,2.0745
0.759080000955,2.0745
0.759090000955,2.0745
0.759100000955,2.10575
0.759110000955,2.04325
0.759120000955,2.10575
0.759130000955,2.0745
0.759140000955,2.10575
0.759150000955,2.0745
0.759160000955,2.04325
0.759170000955,2.10575
0.759180000955,2.0745
0.759190000955,2.10575
0.759200000955,2.0745
0.759210000955,2.0745
0.759220000955,2.0745
0.759230000955,2.0745
0.759240000955,2.10575
0.759250000955,2.10575
0.759260000955,2.10575
0.759270000955,2.0745
0.759280000955,2.0745
0.759290000955,2.0745
0.759300000955,2.0745
0.759310000955,2.10575
0.759320000955,2.0745
0.759330000955,2.0745
0.759340000955,2.10575
0.759350000955,2.10575
0.759360000955,2.0745
0.759370000955,2.10575
0.759380000955,2.0745
0.759390000955,2.137
0.759400000955,2.04325
0.759410000955,2.10575
0.759420000955,2.0745
0.759430000955,2.10575
0.759440000955,2.0745
0.759450000955,2.10575
0.759460000955,2.10575
0.759470000955,2.0745
0.759480000955,2.0745
0.759490000955,2.0745
0.759500000955,2.137
0.759510000955,2.04325
0.759520000955,2.0745
0.759530000955,2.10575
0.759540000955,2.10575
0.759550000955,2.0745
0.759560000955,2.0745
0.759570000955,2.0745
0.759580000955,2.0745
0.759590000955,2.10575
0.759600000955,2.04325
0.759610000955,2.0745
0.759620000955,2.0745
0.759630000955,2.10575
0.759640000955,2.0745
0.759650000955,2.10575
0.759660000955,2.10575
0.759670000955,2.10575
0.759680000955,2.0745
0.759690000955,2.10575
0.759700000955,2.10575
0.759710000955,2.0745
0.759720000955,2.0745
0.759730000955,2.0745
0.759740000955,2.10575
0.759750000955,2.10575
0.759760000955,2.10575
0.759770000955,2.04325
0.759780000955,2.10575
0.759790000955,2.04325
0.759800000955,2.0745
0.759810000955,2.10575
0.759820000955,2.10575
0.759830000955,2.0745
0.759840000955,2.04325
0.759850000955,2.10575
0.759860000955,2.0745
0.759870000955,2.0745
0.759880000955,2.0745
0.759890000955,2.137
0.759900000955,2.04325
0.759910000955,2.0745
0.759920000955,2.10575
0.759930000955,2.04325
0.759940000955,2.137
0.759950000955,2.10575
0.759960000955,2.0745
0.759970000955,2.10575
0.759980000955,2.10575
0.759990000955,2.0745
0.760000000955,2.10575
0.760010000955,2.0745
0.760020000955,2.0745
0.760030000955,2.10575
0.760040000955,2.10575
0.760050000955,2.10575
0.760060000955,2.04325
0.760070000955,2.10575
0.760080000955,2.0745
0.760090000955,2.10575
0.760100000955,2.10575
0.760110000955,2.0745
0.760120000955,2.0745
0.760130000955,2.0745
0.760140000955,2.0745
0.760150000955,2.10575
0.760160000955,2.0745
0.760170000955,2.10575
0.760180000955,2.0745
0.760190000955,2.10575
0.760200000955,2.0745
0.760210000955,2.10575
0.760220000955,2.10575
0.760230000955,2.0745
0.760240000955,2.04325
0.760250000955,2.10575
0.760260000955,2.0745
0.760270000955,2.10575
0.760280000955,2.0745
0.760290000955,2.10575
0.760300000955,2.0745
0.760310000955,2.10575
0.760320000955,2.0745
0.760330000955,2.0745
0.760340000955,2.137
0.760350000955,2.10575
0.760360000955,2.0745
0.760370000955,2.0745
0.760380000955,2.0745
0.760390000955,2.10575
0.760400000955,2.0745
0.760410000955,2.0745
0.760420000955,2.10575
0.760430000955,2.10575
0.760440000955,2.0745
0.760450000955,2.10575
0.760460000955,2.10575
0.760470000955,2.10575
0.760480000955,2.10575
0.760490000955,2.0745
0.760500000955,2.137
0.760510000955,2.0745
0.760520000955,2.10575
0.760530000955,2.0745
0.760540000955,2.10575
0.760550000955,2.0745
0.760560000955,2.10575
0.760570000955,2.0745
0.760580000955,2.10575
0.760590000955,2.0745
0.760600000955,2.10575
0.760610000955,2.0745
0.760620000955,2.0745
0.760630000955,2.10575
0.760640000955,2.0745
0.760650000955,2.0745
0.760660000955,2.10575
0.760670000955,2.10575
0.760680000955,2.10575
0.760690000955,2.10575
0.760700000955,2.0745
0.760710000955,2.0745
0.760720000955,2.0745
0.760730000955,2.10575
0.760740000955,2.0745
0.760750000955,2.10575
0.760760000955,2.0745
0.760770000955,2.0745
0.760780000955,2.0745
0.760790000955,2.0745
0.760800000955,2.0745
0.760810000955,2.0745
0.760820000955,2.10575
0.760830000955,2.10575
0.760840000955,2.0745
0.760850000955,2.0745
0.760860000955,2.0745
0.760870000955,2.0745
0.760880000955,2.0745
0.760890000955,2.0745
0.760900000955,2.0745
0.760910000955,2.0745
0.760920000955,2.0745
0.760930000955,2.0745
0.760940000955,2.10575
0.760950000955,2.10575
0.760960000955,2.0745
0.760970000955,2.0745
0.760980000955,2.0745
0.760990000955,2.137
0.761000000955,2.0745
0.761010000955,2.0745
0.761020000955,2.10575
0.761030000955,2.0745
0.761040000955,0.137
0.761050000955,0.0120001
0.761060000955,-0.0504999
0.761070000955,-0.0504999
0.761080000955,-0.0192499
0.761090000955,-0.0192499
0.761100000955,-0.0192499
0.761110000955,-0.0504999
0.761120000955,-0.0192499
0.761130000955,0.0120001
0.761140000955,0.0120001
0.761150000955,-0.0192499
0.761160000955,-0.0192499
0.761170000955,-0.0192499
0.761180000955,0.0120001
0.761190000955,-0.0192499
0.761200000955,-0.0192499
0.761210000955,-0.0192499
0.761220000955,0.0432501
0.761230000955,-0.0192499
0.761240000955,-0.0192499
0.761250000955,0.0120001
0.761260000955,0.0120001
0.761270000955,-0.0504999
0.761280000955,0.0120001
0.761290000955,-0.0192499
0.761300000955,-0.0192499
0.761310000955,0.0120001
0.761320000955,0.0120001
0.761330000955,0.0120001
0.761340000955,-0.0504999
0.761350000955,-0.0192499
0.761360000955,-0.0192499
0.761370000955,-0.0192499
0.761380000955,0.0120001
0.761390000955,-0.0504999
0.761400000955,-0.0192499
0.761410000955,-0.0192499
0.761420000955,-0.0504999
0.761430000955,-0.0192499
0.761440000955,-0.0504999
0.761450000955,-0.0504999
0.761460000955,-0.0504999
0.761470000955,-0.0192499
0.761480000955,-0.0192499
0.761490000955,0.0120001
0.761500000955,-0.0504999
0.761510000955,-0.0192499
0.761520000955,-0.0192499
0.761530000955,-0.0192499
0.761540000955,0.0120001
0.761550000955,-0.0192499
0.761560000955,-0.0192499
0.761570000955,-0.0192499
0.761580000955,0.0120001
0.761590000955,-0.0192499
0.761600000955,-0.0504999
0.761610000955,0.0120001
0.761620000955,0.0120001
0.761630000955,-0.0192499
0.761640000955,-0.0192499
0.761650000955,-0.0192499
0.761660000955,-0.0192499
0.761670000955,-0.0192499
0.761680000955,0.0120001
0.761690000955,-0.0192499
0.761700000955,-0.0504999
0.761710000955,-0.0192499
0.761720000955,0.0120001
0.761730000955,-0.0192499
0.761740000955,-0.0192499
0.761750000955,0.0120001
0.761760000955,0.0120001
0.761770000955,0.0120001
0.761780000955,-0.0504999
0.761790000955,-0.0192499
0.761800000955,-0.0504999
0.761810000955,-0.0192499
0.761820000955,-0.0192499
0.761830000955,-0.0192499
0.761840000955,-0.0192499
0.761850000955,-0.0504999
0.761860000955,-0.0192499
0.761870000955,-0.0192499
0.761880000955,-0.0192499
0.761890000955,-0.0192499
0.761900000955,-0.0192499
0.761910000955,-0.0192499
0.761920000955,-0.0504999
0.761930000955,-0.0192499
0.761940000955,0.0120001
0.761950000955,-0.0192499
0.761960000955,-0.0192499
0.761970000955,-0.0504999
0.761980000955,-0.0192499
0.761990000955,-0.0192499
0.762000000955,-0.0192499
0.762010000955,-0.0192499
0.762020000955,0.0120001
0.762030000955,-0.0192499
0.762040000955,0.0120001
0.762050000955,-0.0192499
0.762060000955,-0.0192499
0.762070000955,-0.0192499
0.762080000955,-0.0192499
0.762090000955,-0.0504999
0.762100000955,0.0120001
0.762110000955,-0.0504999
0.762120000955,-0.0192499
0.762130000955,-0.0504999
0.762140000955,-0.0192499
0.762150000955,-0.0504999
0.762160000955,0.0120001
0.762170000955,-0.0192499
0.762180000955,-0.0192499
0.762190000955,0.0120001
0.762200000955,-0.0192499
0.762210000955,-0.0192499
0.762220000955,-0.0192499
0.762230000955,-0.0504999
0.762240000955,-0.0192499
0.762250000955,0.0120001
0.762260000955,-0.0192499
0.762270000955,-0.0192499
0.762280000955,-0.0192499
0.762290000955,-0.0192499
0.762300000955,0.0120001
0.762310000955,-0.0192499
0.762320000955,-0.0192499
0.762330000955,-0.0192499
0.762340000955,-0.0192499
0.762350000955,-0.0192499
0.762360000955,-0.0504999
0.762370000955,-0.0192499
0.762380000955,-0.0192499
0.762390000955,0.0120001
0.762400000955,-0.0192499
0.762410000955,-0.0192499
0.762420000955,-0.0192499
0.762430000955,-0.0192499
0.762440000955,-0.0192499
0.762450000955,-0.0192499
0.762460000955,-0.0192499
0.762470000955,0.0120001
0.762480000955,-0.0504999
0.762490000955,-0.0192499
0.762500000955,-0.0192499
0.762510000955,-0.0192499
0.762520000955,0.0120001
0.762530000955,-0.0192499
0.762540000955,-0.0192499
0.762550000955,0.0120001
0.762560000955,-0.0504999
0.762570000955,-0.0192499
0.762580000955,-0.0192499
0.762590000955,-0.0192499
0.762600000955,-0.0192499
0.762610000955,-0.0192499
0.762620000955,-0.0504999
0.762630000955,-0.0192499
0.762640000955,-0.0192499
0.762650000955,-0.0192499
0.762660000955,-0.0192499
0.762670000955,-0.0192499
0.762680000955,-0.0192499
0.762690000955,0.0120001
0.762700000955,-0.0192499
0.762710000955,-0.0192499
0.762720000955,-0.0192499
0.762730000955,0.0120001
0.762740000955,0.0120001
0.762750000955,0.0120001
0.762760000955,-0.0504999
0.762770000955,-0.0504999
0.762780000955,-0.0192499
0.762790000955,-0.0192499
0.762800000955,-0.0192499
0.762810000955,-0.0192499
0.762820000955,-0.0192499
0.762830000955,-0.0192499
0.762840000955,-0.0192499
0.762850000955,0.0120001
0.762860000955,-0.0192499
0.762870000955,-0.0192499
0.762880000955,-0.0192499
0.762890000955,-0.0192499
0.762900000955,-0.0192499
0.762910000955,-0.0504999
0.762920000955,-0.0192499
0.762930000955,-0.0192499
0.762940000955,-0.0504999
0.762950000955,-0.0192499
0.762960000955,-0.0192499
0.762970000955,-0.0192499
0.762980000955,-0.0192499
0.762990000955,-0.0192499
0.763000000955,0.0120001
0.763010000955,-0.0192499
0.763020000955,-0.0192499
0.763030000955,0.0120001
0.763040000955,0.0120001
0.763050000955,-0.0192499
0.763060000955,-0.0192499
0.763070000955,-0.0504999
0.763080000955,0.0120001
0.763090000955,0.0120001
0.763100000955,-0.0192499
0.763110000955,-0.0192499
0.763120000955,-0.0504999
0.763130000955,0.0120001
0.763140000955,-0.0192499
0.763150000955,-0.0504999
0.763160000955,0.0120001
0.763170000955,-0.0192499
0.763180000955,-0.0192499
0.763190000955,-0.0504999
0.763200000955,0.0120001
0.763210000955,-0.0192499
0.763220000955,-0.0504999
0.763230000955,0.0120001
0.763240000955,-0.0504999
0.763250000955,-0.0192499
0.763260000955,-0.0192499
0.763270000955,0.0120001
0.763280000955,0.0120001
0.763290000955,-0.0192499
0.763300000955,-0.0504999
0.763310000955,0.0120001
0.763320000955,-0.0192499
0.763330000955,-0.0192499
0.763340000955,-0.0192499
0.763350000955,-0.0504999
0.763360000955,0.0120001
0.763370000955,-0.0192499
0.763380000955,-0.0192499
0.763390000955,-0.0192499
0.763400000955,-0.0504999
0.763410000955,-0.0192499
0.763420000955,-0.0192499
0.763430000955,-0.0192499
0.763440000955,-0.0504999
0.763450000955,-0.0192499
0.763460000955,-0.0192499
0.763470000955,-0.0192499
0.763480000955,-0.0192499
0.763490000955,-0.0504999
0.763500000955,-0.0192499
0.763510000955,-0.0504999
0.763520000955,0.0120001
0.763530000955,0.0120001
0.763540000955,-0.0504999
0.763550000955,-0.0504999
0.763560000955,0.0120001
0.763570000955,-0.0192499
0.763580000955,0.0120001
0.763590000955,-0.0192499
0.763600000955,-0.0504999
0.763610000955,-0.0192499
0.763620000955,0.0120001
0.763630000955,-0.0504999
0.763640000955,-0.0192499
0.763650000955,-0.0192499
0.763660000955,-0.0192499
0.763670000955,-0.0192499
0.763680000955,-0.0192499
0.763690000955,-0.0192499
0.763700000955,-0.0192499
0.763710000955,0.0120001
0.763720000955,-0.0192499
0.763730000955,0.0120001
0.763740000955,-0.0192499
0.763750000955,-0.0504999
0.763760000955,-0.0504999
0.763770000955,-0.0192499
0.763780000955,0.0120001
0.763790000955,-0.0192499
0.763800000955,-0.0192499
0.763810000955,-0.0192499
0.763820000955,0.0120001
0.763830000955,-0.0192499
0.763840000955,-0.0192499
0.763850000955,-0.0192499
0.763860000955,-0.0192499
0.763870000955,0.0120001
0.763880000955,-0.0192499
0.763890000955,0.0120001
0.763900000955,-0.0192499
0.763910000955,0.0120001
0.763920000955,-0.0192499
0.763930000955,-0.0504999
0.763940000955,-0.0192499
0.763950000955,-0.0192499
0.763960000955,-0.0192499
0.763970000955,0.0120001
0.763980000955,-0.0192499
0.763990000955,-0.0192499
0.764000000955,-0.0192499
0.764010000955,0.0120001
0.764020000955,-0.0504999
0.764030000955,-0.0192499
0.764040000955,-0.0192499
0.764050000955,-0.0192499
0.764060000955,-0.0192499
0.764070000955,-0.0192499
0.764080000955,-0.0192499
0.764090000955,-0.0192499
0.764100000955,0.0120001
0.764110000955,-0.0192499
0.764120000955,-0.0192499
0.764130000955,-0.0192499
0.764140000955,-0.0192499
0.764150000955,-0.0192499
0.764160000955,0.0120001
0.764170000955,0.0120001
0.764180000955,0.0120001
0.764190000955,0.0120001
0.764200000955,-0.0192499
0.764210000955,-0.0192499
0.764220000955,-0.0192499
0.764230000955,-0.0192499
0.764240000955,-0.0192499
0.764250000955,-0.0192499
0.764260000955,0.0120001
0.764270000955,-0.0192499
0.764280000955,-0.0192499
0.764290000955,-0.0192499
0.764300000955,-0.0192499
0.764310000955,-0.0504999
0.764320000955,-0.0192499
0.764330000955,-0.0192499
0.764340000955,-0.0504999
0.764350000955,-0.0192499
0.764360000955,-0.0192499
0.764370000955,0.0120001
0.764380000955,-0.0192499
0.764390000955,0.0120001
0.764400000955,-0.0504999
0.764410000955,-0.0192499
0.764420000955,0.0120001
0.764430000955,-0.0192499
0.764440000955,-0.0504999
0.764450000955,-0.0192499
0.764460000955,-0.0192499
0.764470000955,0.0120001
0.764480000955,-0.0192499
0.764490000955,-0.0504999
0.764500000955,-0.0192499
0.764510000955,-0.0192499
0.764520000955,0.0120001
0.764530000955,-0.0192499
0.764540000955,-0.0192499
0.764550000955,-0.0192499
0.764560000955,0.0120001
0.764570000955,-0.0192499
0.764580000955,-0.0192499
0.764590000955,-0.0504999
0.764600000955,0.0120001
0.764610000955,-0.0192499
0.764620000955,0.0120001
0.764630000955,-0.0192499
0.764640000955,-0.0192499
0.764650000955,-0.0192499
0.764660000955,-0.0192499
0.764670000955,-0.0192499
0.764680000955,-0.0192499
0.764690000955,-0.0192499
0.764700000955,-0.0192499
0.764710000955,1.91825
0.764720000955,2.04325
0.764730000955,2.0745
0.764740000955,2.10575
0.764750000955,2.10575
0.764760000955,2.10575
0.764770000955,2.0745
0.764780000955,2.10575
0.764790000955,2.0745
0.764800000955,2.04325
0.764810000955,2.0745
0.764820000955,2.10575
0.764830000955,2.0745
0.764840000955,2.0745
0.764850000955,2.10575
0.764860000955,2.0745
0.764870000955,2.10575
0.764880000955,2.0745
0.764890000955,2.0745
0.764900000955,2.0745
0.764910000955,2.0745
0.764920000955,2.10575
0.764930000955,2.10575
0.764940000955,2.10575
0.764950000955,2.04325
0.764960000955,2.10575
0.764970000955,2.10575
0.764980000955,2.10575
0.764990000955,2.0745
0.765000000955,2.10575
0.765010000955,2.10575
0.765020000955,2.0745
0.765030000955,2.0745
0.765040000955,2.10575
0.765050000955,2.04325
0.765060000955,2.0745
0.765070000955,2.0745
0.765080000955,2.0745
0.765090000955,2.0745
0.765100000955,2.0745
0.765110000955,2.10575
0.765120000955,2.10575
0.765130000955,2.0745
0.765140000955,2.0745
0.765150000955,2.10575
0.765160000955,2.0745
0.765170000955,2.10575
0.765180000955,2.04325
0.765190000955,2.0745
0.765200000955,2.0745
0.765210000955,2.10575
0.765220000955,2.10575
0.765230000955,2.0745
0.765240000955,2.10575
0.765250000955,2.0745
0.765260000955,2.0745
0.765270000955,2.10575
0.765280000955,2.10575
0.765290000955,2.10575
0.765300000955,2.10575
0.765310000955,2.0745
0.765320000955,2.0745
0.765330000955,2.0745
0.765340000955,2.0745
0.765350000955,2.0745
0.765360000955,2.0745
0.765370000955,2.0745
0.765380000955,2.0745
0.765390000955,2.10575
0.765400000955,2.0745
0.765410000955,2.0745
0.765420000955,2.0745
0.765430000955,2.0745
0.765440000955,2.0745
0.765450000955,2.10575
0.765460000955,2.10575
0.765470000955,2.10575
0.765480000955,2.0745
0.765490000955,2.04325
0.765500000955,2.0745
0.765510000955,2.10575
0.765520000955,2.0745
0.765530000955,2.10575
0.765540000955,2.04325
0.765550000955,2.0745
0.765560000955,2.0745
0.765570000955,2.0745
0.765580000955,2.0745
0.765590000955,2.0745
0.765600000955,2.0745
0.765610000955,2.10575
0.765620000955,2.0745
0.765630000955,2.0745
0.765640000955,2.0745
0.765650000955,2.10575
0.765660000955,2.0745
0.765670000955,2.10575
0.765680000955,2.0745
0.765690000955,2.10575
0.765700000955,2.10575
0.765710000955,2.10575
0.765720000955,2.0745
0.765730000955,2.0745
0.765740000955,2.0745
0.765750000955,2.0745
0.765760000955,2.0745
0.765770000955,2.10575
0.765780000955,2.0745
0.765790000955,2.10575
0.765800000955,2.0745
0.765810000955,2.10575
0.765820000955,2.10575
0.765830000955,2.0745
0.765840000955,2.10575
0.765850000955,2.0745
0.765860000955,2.10575
0.765870000955,2.10575
0.765880000955,2.0745
0.765890000955,2.10575
0.765900000955,2.10575
0.765910000955,2.0745
0.765920000955,2.0745
0.765930000955,2.0745
0.765940000955,2.0745
0.765950000955,2.0745
0.765960000955,2.10575
0.765970000955,2.0745
0.765980000955,2.10575
0.765990000955,2.10575
0.766000000955,2.10575
0.766010000955,2.0745
0.766020000955,2.10575
0.766030000955,2.10575
0.766040000955,2.0745
0.766050000955,2.0745
0.766060000955,2.04325
0.766070000955,2.0745
0.766080000955,2.0745
0.766090000955,2.10575
0.766100000955,2.0745
0.766110000955,2.0745
0.766120000955,2.0745
0.766130000955,2.0745
0.766140000955,2.04325
0.766150000955,2.10575
0.766160000955,2.137
0.766170000955,2.10575
0.766180000955,2.0745
0.766190000955,2.0745
0.766200000955,2.0745
0.766210000955,2.10575
0.766220000955,2.0745
0.766230000955,2.0745
0.766240000955,2.0745
0.766250000955,2.10575
0.766260000955,2.0745
0.766270000955,2.0745
0.766280000955,2.0745
0.766290000955,2.0745
0.766300000955,2.10575
0.766310000955,2.10575
0.766320000955,2.0745
0.766330000955,2.10575
0.766340000955,2.0745
0.766350000955,2.0745
0.766360000955,2.04325
0.766370000955,2.10575
0.766380000955,2.0745
0.766390000955,2.0745
0.766400000955,2.0745
0.766410000955,2.0745
0.766420000955,2.04325
0.766430000955,2.0745
0.766440000955,2.0745
0.766450000955,2.137
0.766460000955,2.0745
0.766470000955,2.10575
0.766480000955,2.04325
0.766490000955,2.0745
0.766500000955,2.10575
0.766510000955,2.04325
0.766520000955,2.10575
0.766530000955,2.0745
0.766540000955,2.10575
0.766550000955,2.04325
0.766560000955,2.137
0.766570000955,2.0745
0.766580000955,2.10575
0.766590000955,2.0745
0.766600000955,2.10575
0.766610000955,2.10575
0.766620000955,2.0745
0.766630000955,2.0745
0.766640000955,2.04325
0.766650000955,2.10575
0.766660000955,2.0745
0.766670000955,2.10575
0.766680000955,2.10575
0.766690000955,2.10575
0.766700000955,2.137
0.766710000955,2.0745
0.766720000955,2.0745
0.766730000955,2.10575
0.766740000955,2.10575
0.766750000955,2.0745
0.766760000955,2.04325
0.766770000955,2.10575
0.766780000955,2.10575
0.766790000955,2.0745
0.766800000955,2.0745
0.766810000955,2.10575
0.766820000955,2.10575
0.766830000955,2.0745
0.766840000955,2.0745
0.766850000955,2.10575
0.766860000955,2.0745
0.766870000955,2.10575
0.766880000955,2.0745
0.766890000955,2.04325
0.766900000955,2.0745
0.766910000955,2.10575
0.766920000955,2.0745
0.766930000955,2.0745
0.766940000955,2.0745
0.766950000955,2.10575
0.766960000955,2.0745
0.766970000955,2.10575
0.766980000955,2.0745
0.766990000955,2.0745
0.767000000955,2.10575
0.767010000955,2.10575
0.767020000955,2.0745
0.767030000955,2.10575
0.767040000955,2.0745
0.767050000955,2.10575
0.767060000955,2.10575
0.767070000955,2.0745
0.767080000955,2.0745
0.767090000955,2.0745
0.767100000955,2.0745
0.767110000955,2.0745
0.767120000955,2.04325
0.767130000955,2.0745
0.767140000955,2.0745
0.767150000955,2.10575
0.767160000955,2.0745
0.767170000955,2.10575
0.767180000955,2.0745
0.767190000955,2.0745
0.767200000955,2.10575
0.767210000955,2.10575
0.767220000955,2.0745
0.767230000955,2.0745
0.767240000955,2.10575
0.767250000955,2.10575
0.767260000955,2.10575
0.767270000955,2.10575
0.767280000955,2.0745
0.767290000955,2.0745
0.767300000955,2.10575
0.767310000955,2.137
0.767320000955,2.0745
0.767330000955,2.10575
0.767340000955,2.10575
0.767350000955,2.0745
0.767360000955,2.0745
0.767370000955,2.0745
0.767380000955,2.0745
0.767390000955,2.0745
0.767400000955,2.10575
0.767410000955,2.0745
0.767420000955,2.10575
0.767430000955,2.0745
0.767440000955,2.10575
0.767450000955,2.0745
0.767460000955,2.10575
0.767470000955,2.10575
0.767480000955,2.10575
0.767490000955,2.0745
0.767500000955,2.10575
0.767510000955,2.137
0.767520000955,2.0745
0.767530000955,2.10575
0.767540000955,2.04325
0.767550000955,2.10575
0.767560000955,2.04325
0.767570000955,2.10575
0.767580000955,2.10575
0.767590000955,2.10575
0.767600000955,2.0745
0.767610000955,2.10575
0.767620000955,2.10575
0.767630000955,2.10575
0.767640000955,2.137
0.767650000955,2.10575
0.767660000955,2.10575
0.767670000955,2.0745
0.767680000955,2.10575
0.767690000955,2.10575
0.767700000955,2.0745
0.767710000955,2.10575
0.767720000955,2.0745
0.767730000955,2.10575
0.767740000955,2.0745
0.767750000955,2.0745
0.767760000955,2.10575
0.767770000955,2.0745
0.767780000955,2.04325
0.767790000955,2.0745
0.767800000955,2.0745
0.767810000955,2.0745
0.767820000955,2.0745
0.767830000955,2.0745
0.767840000955,2.10575
0.767850000955,2.10575
0.767860000955,2.0745
0.767870000955,2.0745
0.767880000955,2.10575
0.767890000955,2.10575
0.767900000955,2.10575
0.767910000955,2.10575
0.767920000955,2.10575
0.767930000955,2.137
0.767940000955,2.0745
0.767950000955,2.0745
0.767960000955,2.0745
0.767970000955,2.0745
0.767980000955,2.0745
0.767990000955,2.10575
0.768000000955,2.0745
0.768010000955,2.10575
0.768020000955,2.10575
0.768030000955,2.04325
0.768040000955,2.10575
0.768050000955,2.10575
0.768060000955,2.10575
0.768070000955,2.0745
0.768080000955,2.10575
0.768090000955,2.0745
0.768100000955,2.10575
0.768110000955,2.10575
0.768120000955,2.10575
0.768130000955,2.10575
0.768140000955,2.10575
0.768150000955,2.10575
0.768160000955,2.10575
0.768170000955,2.10575
0.768180000955,2.10575
0.768190000955,2.10575
0.768200000955,2.10575
0.768210000955,2.0745
0.768220000955,2.0745
0.768230000955,2.0745
0.768240000955,2.10575
0.768250000955,2.10575
0.768260000955,2.10575
0.768270000955,2.10575
0.768280000955,2.10575
0.768290000955,2.10575
0.768300000955,2.10575
0.768310000955,2.04325
0.768320000955,2.10575
0.768330000955,2.0745
0.768340000955,2.10575
0.768350000955,2.137
0.768360000955,2.0745
0.768370000955,2.137
0.768380000955,2.137
0.768390000955,2.137
0.768400000955,2.137
0.768410000955,2.10575
0.768420000955,2.0745
0.768430000955,2.10575
0.768440000955,2.10575
0.768450000955,2.0745
0.768460000955,2.0745
0.768470000955,2.10575
0.768480000955,2.0745
0.768490000955,2.137
0.768500000955,2.10575
0.768510000955,2.0745
0.768520000955,2.0745
0.768530000955,2.10575
0.768540000955,2.10575
0.768550000955,2.0745
0.768560000955,2.0745
0.768570000955,2.137
0.768580000955,2.10575
0.768590000955,2.137
0.768600000955,2.137
0.768610000955,2.0745
0.768620000955,2.04325
0.768630000955,2.137
0.768640000955,2.10575
0.768650000955,2.10575
0.768660000955,2.0745
0.768670000955,2.0745
0.768680000955,2.10575
0.768690000955,2.10575
0.768700000955,2.10575
0.768710000955,2.10575
0.768720000955,2.0745
0.768730000955,2.10575
0.768740000955,2.10575
0.768750000955,2.10575
0.768760000955,2.10575
0.768770000955,2.10575
0.768780000955,2.0745
0.768790000955,2.0745
0.768800000955,2.10575
0.768810000955,2.10575
0.768820000955,2.10575
0.768830000955,2.10575
0.768840000955,2.04325
0.768850000955,2.10575
0.768860000955,2.137
0.768870000955,2.10575
0.768880000955,2.10575
0.768890000955,2.0745
0.768900000955,2.10575
0.768910000955,2.0745
0.768920000955,2.10575
0.768930000955,2.0745
0.768940000955,2.0745
0.768950000955,2.10575
0.768960000955,2.0745
0.768970000955,2.10575
0.768980000955,2.10575
0.768990000955,2.0745
0.769000000955,2.10575
0.769010000955,2.0745
0.769020000955,2.10575
0.769030000955,2.10575
0.769040000955,2.10575
0.769050000955,2.137
0.769060000955,2.10575
0.769070000955,2.0745
0.769080000955,2.10575
0.769090000955,2.0745
0.769100000955,2.10575
0.769110000955,2.137
0.769120000955,2.10575
0.769130000955,2.10575
0.769140000955,2.137
0.769150000955,2.0745
0.769160000955,2.0745
0.769170000955,2.10575
0.769180000955,2.0745
0.769190000955,2.137
0.769200000955,2.10575
0.769210000955,2.10575
0.769220000955,2.10575
0.769230000955,2.0745
0.769240000955,2.10575
0.769250000955,2.0745
0.769260000955,2.10575
0.769270000955,2.10575
0.769280000955,2.10575
0.769290000955,2.10575
0.769300000955,2.10575
0.769310000955,2.10575
0.769320000955,2.10575
0.769330000955,2.0745
0.769340000955,2.10575
0.769350000955,2.0745
0.769360000955,2.10575
0.769370000955,2.10575
0.769380000955,2.137
0.769390000955,2.10575
0.769400000955,2.0745
0.769410000955,2.0745
0.769420000955,2.137
0.769430000955,2.10575
0.769440000955,2.10575
0.769450000955,2.137
0.769460000955,2.10575
0.769470000955,2.10575
0.769480000955,2.0745
0.769490000955,2.137
0.769500000955,2.0745
0.769510000955,2.10575
0.769520000955,2.0745
0.769530000955,2.10575
0.769540000955,2.10575
0.769550000955,2.10575
0.769560000955,2.0745
0.769570000955,2.0745
0.769580000955,2.10575
0.769590000955,2.10575
0.769600000955,2.10575
0.769610000955,2.10575
0.769620000955,2.0745
0.769630000955,2.0745
0.769640000955,2.10575
0.769650000955,2.10575
0.769660000955,2.10575
0.769670000955,2.10575
0.769680000955,2.10575
0.769690000955,2.10575
0.769700000955,2.0745
0.769710000955,2.10575
0.769720000955,2.0745
0.769730000955,2.0745
0.769740000955,2.10575
0.769750000955,2.10575
0.769760000955,2.10575
0.769770000955,2.10575
0.769780000955,2.10575
0.769790000955,2.0745
0.769800000955,2.10575
0.769810000955,2.137
0.769820000955,2.137
0.769830000955,2.0745
0.769840000955,2.10575
0.769850000955,2.10575
0.769860000955,2.10575
0.769870000955,2.04325
0.769880000955,2.10575
0.769890000955,2.0745
0.769900000955,2.10575
0.769910000955,2.10575
0.769920000955,2.137
0.769930000955,2.10575
0.769940000955,2.10575
0.769950000955,2.0745
0.769960000955,2.10575
0.769970000955,2.10575
0.769980000955,2.10575
0.769990000955,2.10575
0.770000000955,2.0745
0.770010000955,2.10575
0.770020000955,2.10575
0.770030000955,2.10575
0.770040000955,2.10575
0.770050000955,2.0745
0.770060000955,2.0745
0.770070000955,2.10575
0.770080000955,2.0745
0.770090000955,2.10575
0.770100000955,2.0745
0.770110000955,2.10575
0.770120000955,2.0745
0.770130000955,2.10575
0.770140000955,2.10575
0.770150000955,2.10575
0.770160000955,2.10575
0.770170000955,2.0745
0.770180000955,2.10575
0.770190000955,2.0745
0.770200000955,2.10575
0.770210000955,2.10575
0.770220000955,2.10575
0.770230000955,2.0745
0.770240000955,2.10575
0.770250000955,2.0745
0.770260000955,2.10575
0.770270000955,2.0745
0.770280000955,2.0745
0.770290000955,2.10575
0.770300000955,2.0745
0.770310000955,2.0745
0.770320000955,2.137
0.770330000955,2.10575
0.770340000955,2.137
0.770350000955,2.0745
0.770360000955,2.10575
0.770370000955,2.10575
0.770380000955,2.0745
0.770390000955,2.10575
0.770400000955,2.10575
0.770410000955,2.0745
0.770420000955,2.0745
0.770430000955,2.0745
0.770440000955,2.10575
0.770450000955,2.0745
0.770460000955,2.0745
0.770470000955,2.0745
0.770480000955,2.137
0.770490000955,2.10575
0.770500000955,2.10575
0.770510000955,2.0745
0.770520000955,2.0745
0.770530000955,2.0745
0.770540000955,2.10575
0.770550000955,2.10575
0.770560000955,2.10575
0.770570000955,2.10575
0.770580000955,2.10575
0.770590000955,2.10575
0.770600000955,2.0745
0.770610000955,2.0745
0.770620000955,2.10575
0.770630000955,2.10575
0.770640000955,2.04325
0.770650000955,2.0745
0.770660000955,2.137
0.770670000955,2.0745
0.770680000955,2.10575
0.770690000955,2.10575
0.770700000955,2.0745
0.770710000955,2.10575
0.770720000955,2.10575
0.770730000955,2.0745
0.770740000955,2.10575
0.770750000955,2.10575
0.770760000955,2.137
0.770770000955,2.137
0.770780000955,2.0745
0.770790000955,2.10575
0.770800000955,2.10575
0.770810000955,2.10575
0.770820000955,2.10575
0.770830000955,2.0745
0.770840000955,2.10575
0.770850000955,2.10575
0.770860000955,2.137
0.770870000955,2.0745
0.770880000955,2.0745
0.770890000955,2.137
0.770900000955,2.137
0.770910000955,2.10575
0.770920000955,2.0745
0.770930000955,2.10575
0.770940000955,2.10575
0.770950000955,2.10575
0.770960000955,2.10575
0.770970000955,2.10575
0.770980000955,2.0745
0.770990000955,2.10575
0.771000000955,2.10575
0.771010000955,2.10575
0.771020000955,2.137
0.771030000955,2.0745
0.771040000955,2.0745
0.771050000955,2.10575
0.771060000955,2.10575
0.771070000955,2.10575
0.771080000955,2.10575
0.771090000955,2.04325
0.771100000955,2.10575
0.771110000955,2.10575
0.771120000955,2.0745
0.771130000955,2.0745
0.771140000955,2.10575
0.771150000955,2.10575
0.771160000955,2.0745
0.771170000955,2.10575
0.771180000955,2.137
0.771190000955,2.137
0.771200000955,2.10575
0.771210000955,2.0745
0.771220000955,2.0745
0.771230000955,2.10575
0.771240000955,2.10575
0.771250000955,2.10575
0.771260000955,2.0745
0.771270000955,2.10575
0.771280000955,2.10575
0.771290000955,2.10575
0.771300000955,2.10575
0.771310000955,2.10575
0.771320000955,2.0745
0.771330000955,2.0745
0.771340000955,2.10575
0.771350000955,2.10575
0.771360000955,2.10575
0.771370000955,2.10575
0.771380000955,2.10575
0.771390000955,2.10575
0.771400000955,2.10575
0.771410000955,2.0745
0.771420000955,2.10575
0.771430000955,2.10575
0.771440000955,2.10575
0.771450000955,2.10575
0.771460000955,2.10575
0.771470000955,2.10575
0.771480000955,2.0745
0.771490000955,2.10575
0.771500000955,2.0745
0.771510000955,2.10575
0.771520000955,2.0745
0.771530000955,2.10575
0.771540000955,2.0745
0.771550000955,2.04325
0.771560000955,2.0745
0.771570000955,2.0745
0.771580000955,2.0745
0.771590000955,2.10575
0.771600000955,2.10575
0.771610000955,2.10575
0.771620000955,2.10575
0.771630000955,2.0745
0.771640000955,2.0745
0.771650000955,2.10575
0.771660000955,2.0745
0.771670000955,2.10575
0.771680000955,2.10575
0.771690000955,2.0745
0.771700000955,2.10575
0.771710000955,2.0745
0.771720000955,2.137
0.771730000955,2.10575
0.771740000955,2.10575
0.771750000955,2.10575
0.771760000955,2.10575
0.771770000955,2.10575
0.771780000955,2.0745
0.771790000955,2.10575
0.771800000955,2.10575
0.771810000955,2.10575
0.771820000955,2.0745
0.771830000955,2.0745
0.771840000955,2.10575
0.771850000955,2.10575
0.771860000955,2.10575
0.771870000955,2.10575
0.771880000955,2.10575
0.771890000955,2.137
0.771900000955,2.0745
0.771910000955,2.10575
0.771920000955,2.10575
0.771930000955,2.0745
0.771940000955,2.0745
0.771950000955,2.10575
0.771960000955,2.0745
0.771970000955,2.0745
0.771980000955,2.137
0.771990000955,2.10575
0.772000000955,2.137
0.772010000955,2.137
0.772020000955,2.10575
0.772030000955,2.10575
0.772040000955,2.10575
0.772050000955,2.10575
0.772060000955,2.0745
0.772070000955,2.137
0.772080000955,2.10575
0.772090000955,2.10575
0.772100000955,2.10575
0.772110000955,2.10575
0.772120000955,2.0745
0.772130000955,2.0745
0.772140000955,2.10575
0.772150000955,2.10575
0.772160000955,2.10575
0.772170000955,2.10575
0.772180000955,2.10575
0.772190000955,2.137
0.772200000955,2.0745
0.772210000955,2.10575
0.772220000955,2.10575
0.772230000955,2.0745
0.772240000955,2.0745
0.772250000955,2.137
0.772260000955,2.10575
0.772270000955,2.10575
0.772280000955,2.137
0.772290000955,2.0745
0.772300000955,2.10575
0.772310000955,2.10575
0.772320000955,2.10575
0.772330000955,2.10575
0.772340000955,2.04325
0.772350000955,2.10575
0.772360000955,2.0745
0.772370000955,2.04325
0.772380000955,2.0745
0.772390000955,2.10575
0.772400000955,2.10575
0.772410000955,2.10575
0.772420000955,2.0745
0.772430000955,2.0745
0.772440000955,2.10575
0.772450000955,2.10575
0.772460000955,2.10575
0.772470000955,2.137
0.772480000955,2.10575
0.772490000955,2.0745
0.772500000955,2.137
0.772510000955,2.0745
0.772520000955,2.137
0.772530000955,2.0745
0.772540000955,2.10575
0.772550000955,2.137
0.772560000955,2.10575
0.772570000955,2.10575
0.772580000955,2.10575
0.772590000955,2.10575
0.772600000955,2.10575
0.772610000955,2.0745
0.772620000955,2.0745
0.772630000955,2.0745
0.772640000955,2.10575
0.772650000955,2.10575
0.772660000955,2.10575
0.772670000955,2.0745
0.772680000955,2.10575
0.772690000955,2.0745
0.772700000955,2.10575
0.772710000955,2.10575
0.772720000955,2.0745
0.772730000955,2.137
0.772740000955,2.10575
0.772750000955,2.0745
0.772760000955,2.10575
0.772770000955,2.10575
0.772780000955,2.0745
0.772790000955,2.10575
0.772800000955,2.04325
0.772810000955,2.0745
0.772820000955,2.10575
0.772830000955,2.10575
0.772840000955,2.0745
0.772850000955,2.10575
0.772860000955,2.137
0.772870000955,2.10575
0.772880000955,2.0745
0.772890000955,2.10575
0.772900000955,2.10575
0.772910000955,2.0745
0.772920000955,2.10575
0.772930000955,2.10575
0.772940000955,2.10575
0.772950000955,2.137
0.772960000955,2.10575
0.772970000955,2.0745
0.772980000955,2.10575
0.772990000955,2.0745
0.773000000955,2.137
0.773010000955,2.10575
0.773020000955,2.10575
0.773030000955,2.10575
0.773040000955,2.10575
0.773050000955,2.10575
0.773060000955,2.0745
0.773070000955,2.137
0.773080000955,2.0745
0.773090000955,2.0745
0.773100000955,2.10575
0.773110000955,2.10575
0.773120000955,2.0745
0.773130000955,2.10575
0.773140000955,2.0745
0.773150000955,2.10575
0.773160000955,2.137
0.773170000955,2.0745
0.773180000955,2.10575
0.773190000955,2.10575
0.773200000955,2.137
0.773210000955,2.0745
0.773220000955,2.0745
0.773230000955,2.10575
0.773240000955,2.10575
0.773250000955,2.10575
0.773260000955,2.0745
0.773270000955,2.137
0.773280000955,2.10575
0.773290000955,2.10575
0.773300000955,2.10575
0.773310000955,2.0745
0.773320000955,2.10575
0.773330000955,2.10575
0.773340000955,2.0745
0.773350000955,2.0745
0.773360000955,2.10575
0.773370000955,2.10575
0.773380000955,2.0745
0.773390000955,2.10575
0.773400000955,2.10575
0.773410000955,2.10575
0.773420000955,2.0745
0.773430000955,2.10575
0.773440000955,2.137
0.773450000955,2.10575
0.773460000955,2.10575
0.773470000955,2.0745
0.773480000955,2.137
0.773490000955,2.10575
0.773500000955,2.10575
0.773510000955,2.10575
0.773520000955,2.10575
0.773530000955,2.137
0.773540000955,2.10575
0.773550000955,2.0745
0.773560000955,2.10575
0.773570000955,2.0745
0.773580000955,2.137
0.773590000955,2.137
0.773600000955,2.0745
0.773610000955,2.0745
0.773620000955,2.10575
0.773630000955,2.137
0.773640000955,2.0745
0.773650000955,2.137
0.773660000955,2.0745
0.773670000955,2.137
0.773680000955,2.0745
0.773690000955,2.10575
0.773700000955,2.0745
0.773710000955,2.10575
0.773720000955,2.10575
0.773730000955,2.10575
0.773740000955,2.10575
0.773750000955,2.10575
0.773760000955,2.137
0.773770000955,2.10575
0.773780000955,2.10575
0.773790000955,2.10575
0.773800000955,2.0745
0.773810000955,2.137
0.773820000955,2.10575
0.773830000955,2.10575
0.773840000955,2.0745
0.773850000955,2.10575
0.773860000955,2.137
0.773870000955,2.0745
0.773880000955,2.10575
0.773890000955,2.10575
0.773900000955,2.10575
0.773910000955,2.10575
0.773920000955,2.0745
0.773930000955,2.10575
0.773940000955,2.137
0.773950000955,2.10575
0.773960000955,2.10575
0.773970000955,2.10575
0.773980000955,2.10575
0.773990000955,2.0745
0.774000000955,2.10575
0.774010000955,2.10575
0.774020000955,2.10575
0.774030000955,2.10575
0.774040000955,2.0745
0.774050000955,2.10575
0.774060000955,2.0745
0.774070000955,2.10575
0.774080000955,2.137
0.774090000955,2.10575
0.774100000955,2.0745
0.774110000955,2.137
0.774120000955,2.10575
0.774130000955,2.137
0.774140000955,2.10575
0.774150000955,2.0745
0.774160000955,2.0745
0.774170000955,2.10575
0.774180000955,2.137
0.774190000955,2.137
0.774200000955,2.137
0.774210000955,2.10575
0.774220000955,2.10575
0.774230000955,2.10575
0.774240000955,2.137
0.774250000955,2.10575
0.774260000955,2.0745
0.774270000955,2.10575
0.774280000955,2.10575
0.774290000955,2.137
0.774300000955,2.0745
0.774310000955,2.0745
0.774320000955,2.0745
0.774330000955,2.137
0.774340000955,2.0745
0.774350000955,2.137
0.774360000955,2.10575
0.774370000955,2.10575
0.774380000955,2.137
0.774390000955,2.137
0.774400000955,2.137
0.774410000955,2.10575
0.774420000955,2.10575
0.774430000955,2.10575
0.774440000955,2.10575
0.774450000955,2.10575
0.774460000955,2.137
0.774470000955,2.10575
0.774480000955,2.137
0.774490000955,2.10575
0.774500000955,2.10575
0.774510000955,2.10575
0.774520000955,2.0745
0.774530000955,2.137
0.774540000955,2.10575
0.774550000955,2.10575
0.774560000955,2.0745
0.774570000955,2.0745
0.774580000955,2.10575
0.774590000955,2.0745
0.774600000955,2.10575
0.774610000955,2.137
0.774620000955,2.137
0.774630000955,2.10575
0.774640000955,2.10575
0.774650000955,2.0745
0.774660000955,2.10575
0.774670000955,2.10575
0.774680000955,2.137
0.774690000955,2.137
0.774700000955,2.10575
0.774710000955,2.0745
0.774720000955,2.10575
0.774730000955,2.0745
0.774740000955,2.10575
0.774750000955,2.0745
0.774760000955,2.137
0.774770000955,2.10575
0.774780000955,2.0745
0.774790000955,2.137
0.774800000955,2.0745
0.774810000955,2.10575
0.774820000955,2.10575
0.774830000955,2.0745
0.774840000955,2.137
0.774850000955,2.10575
0.774860000955,2.10575
0.774870000955,2.10575
0.774880000955,2.0745
0.774890000955,2.16825
0.774900000955,2.04325
0.774910000955,2.10575
0.774920000955,2.0745
0.774930000955,2.0745
0.774940000955,2.137
0.774950000955,2.10575
0.774960000955,2.10575
0.774970000955,2.10575
0.774980000955,2.137
0.774990000955,2.10575
0.775000000955,2.10575
0.775010000955,2.10575
0.775020000955,2.10575
0.775030000955,2.137
0.775040000955,2.10575
0.775050000955,2.10575
0.775060000955,2.10575
0.775070000955,2.10575
0.775080000955,2.0745
0.775090000955,2.10575
0.775100000955,2.137
0.775110000955,2.10575
0.775120000955,2.10575
0.775130000955,2.10575
0.775140000955,2.0745
0.775150000955,2.137
0.775160000955,2.10575
0.775170000955,2.10575
0.775180000955,2.137
0.775190000955,2.0745
0.775200000955,2.0745
0.775210000955,2.16825
0.775220000955,2.10575
0.775230000955,2.0745
0.775240000955,2.10575
0.775250000955,2.0745
0.775260000955,2.10575
0.775270000955,2.137
0.775280000955,2.10575
0.775290000955,2.10575
0.775300000955,2.10575
0.775310000955,2.10575
0.775320000955,2.137
0.775330000955,2.10575
0.775340000955,2.10575
0.775350000955,2.0745
0.775360000955,2.0745
0.775370000955,2.10575
0.775380000955,2.10575
0.775390000955,2.10575
0.775400000955,2.137
0.775410000955,2.137
0.775420000955,2.10575
0.775430000955,2.10575
0.775440000955,2.10575
0.775450000955,2.137
0.775460000955,2.10575
0.775470000955,2.10575
0.775480000955,2.0745
0.775490000955,2.10575
0.775500000955,2.10575
0.775510000955,2.10575
0.775520000955,2.10575
0.775530000955,2.0745
0.775540000955,2.10575
0.775550000955,2.0745
0.775560000955,2.0745
0.775570000955,2.10575
0.775580000955,2.10575
0.775590000955,2.0745
0.775600000955,2.10575
0.775610000955,2.10575
0.775620000955,2.10575
0.775630000955,2.10575
0.775640000955,2.10575
0.775650000955,2.10575
0.775660000955,2.137
0.775670000955,2.10575
0.775680000955,2.10575
0.775690000955,2.10575
0.775700000955,2.137
0.775710000955,2.10575
0.775720000955,2.10575
0.775730000955,2.137
0.775740000955,2.137
0.775750000955,2.0745
0.775760000955,2.0745
0.775770000955,2.10575
0.775780000955,2.10575
0.775790000955,2.10575
0.775800000955,2.137
0.775810000955,2.137
0.775820000955,2.137
0.775830000955,2.0745
0.775840000955,2.10575
0.775850000955,2.0745
0.775860000955,2.137
0.775870000955,2.10575
0.775880000955,2.10575
0.775890000955,2.137
0.775900000955,2.10575
0.775910000955,2.10575
0.775920000955,2.137
0.775930000955,2.10575
0.775940000955,2.10575
0.775950000955,2.10575
0.775960000955,2.10575
0.775970000955,2.10575
0.775980000955,2.10575
0.775990000955,2.10575
0.776000000955,2.0745
0.776010000955,2.0745
0.776020000955,2.0745
0.776030000955,2.10575
0.776040000955,2.10575
0.776050000955,2.10575
0.776060000955,2.10575
0.776070000955,2.137
0.776080000955,2.0745
0.776090000955,2.10575
0.776100000955,2.137
0.776110000955,2.0745
0.776120000955,2.10575
0.776130000955,2.0745
0.776140000955,2.10575
0.776150000955,2.0745
0.776160000955,2.137
0.776170000955,2.10575
0.776180000955,2.10575
0.776190000955,2.10575
0.776200000955,2.10575
0.776210000955,2.10575
0.776220000955,2.0745
0.776230000955,2.10575
0.776240000955,2.10575
0.776250000955,2.137
0.776260000955,2.10575
0.776270000955,2.137
0.776280000955,2.10575
0.776290000955,2.10575
0.776300000955,2.0745
0.776310000955,2.10575
0.776320000955,2.137
0.776330000955,2.137
0.776340000955,2.0745
0.776350000955,2.10575
0.776360000955,2.137
0.776370000955,2.137
0.776380000955,2.10575
0.776390000955,2.137
0.776400000955,2.10575
0.776410000955,2.10575
0.776420000955,2.10575
0.776430000955,2.10575
0.776440000955,2.10575
0.776450000955,2.10575
0.776460000955,2.10575
0.776470000955,2.10575
0.776480000955,2.0745
0.776490000955,2.0745
0.776500000955,2.16825
0.776510000955,2.10575
0.776520000955,2.137
0.776530000955,2.10575
0.776540000955,2.10575
0.776550000955,2.10575
0.776560000955,2.137
0.776570000955,2.0745
0.776580000955,2.137
0.776590000955,2.137
0.776600000955,2.10575
0.776610000955,2.10575
0.776620000955,2.10575
0.776630000955,2.10575
0.776640000955,2.10575
0.776650000955,2.0745
0.776660000955,2.137
0.776670000955,2.10575
0.776680000955,2.10575
0.776690000955,2.10575
0.776700000955,2.137
0.776710000955,2.10575
0.776720000955,2.10575
0.776730000955,2.0745
0.776740000955,2.10575
0.776750000955,2.137
0.776760000955,2.10575
0.776770000955,2.137
0.776780000955,2.0745
0.776790000955,2.10575
0.776800000955,2.0745
0.776810000955,2.10575
0.776820000955,2.0745
0.776830000955,2.137
0.776840000955,2.137
0.776850000955,2.10575
0.776860000955,2.137
0.776870000955,2.10575
0.776880000955,2.10575
0.776890000955,2.0745
0.776900000955,2.10575
0.776910000955,2.137
0.776920000955,2.10575
0.776930000955,2.10575
0.776940000955,2.137
0.776950000955,2.10575
0.776960000955,2.0745
0.776970000955,2.137
0.776980000955,2.16825
0.776990000955,2.137
0.777000000955,2.10575
0.777010000955,2.0745
0.777020000955,2.10575
0.777030000955,2.137
0.777040000955,2.10575
0.777050000955,2.137
0.777060000955,2.10575
0.777070000955,2.137
0.777080000955,2.10575
0.777090000955,2.137
0.777100000955,2.137
0.777110000955,2.10575
0.777120000955,2.10575
0.777130000955,2.10575
0.777140000955,2.0745
0.777150000955,2.137
0.777160000955,2.0745
0.777170000955,2.137
0.777180000955,2.04325
0.777190000955,2.10575
0.777200000955,2.137
0.777210000955,2.10575
0.777220000955,2.137
0.777230000955,2.10575
0.777240000955,2.137
0.777250000955,2.10575
0.777260000955,2.10575
0.777270000955,2.137
0.777280000955,2.0745
0.777290000955,2.137
0.777300000955,2.10575
0.777310000955,2.10575
0.777320000955,2.0745
0.777330000955,2.10575
0.777340000955,2.10575
0.777350000955,2.0745
0.777360000955,2.137
0.777370000955,2.0745
0.777380000955,2.10575
0.777390000955,2.10575
0.777400000955,2.0745
0.777410000955,2.137
0.777420000955,2.10575
0.777430000955,2.0745
0.777440000955,2.137
0.777450000955,2.10575
0.777460000955,2.10575
0.777470000955,2.10575
0.777480000955,2.137
0.777490000955,2.10575
0.777500000955,2.10575
0.777510000955,2.04325
0.777520000955,2.10575
0.777530000955,2.0745
0.777540000955,2.0745
0.777550000955,2.0745
0.777560000955,2.10575
0.777570000955,2.10575
0.777580000955,2.10575
0.777590000955,2.0745
0.777600000955,2.10575
0.777610000955,2.10575
0.777620000955,2.137
0.777630000955,2.137
0.777640000955,2.10575
0.777650000955,2.10575
0.777660000955,2.10575
0.777670000955,2.0745
0.777680000955,2.0745
0.777690000955,2.10575
0.777700000955,2.10575
0.777710000955,2.137
0.777720000955,2.0745
0.777730000955,2.10575
0.777740000955,2.10575
0.777750000955,2.137
0.777760000955,2.10575
0.777770000955,2.10575
0.777780000955,2.137
0.777790000955,2.10575
0.777800000955,2.10575
0.777810000955,2.137
0.777820000955,2.10575
0.777830000955,2.137
0.777840000955,2.0745
0.777850000955,2.10575
0.777860000955,2.10575
0.777870000955,2.10575
0.777880000955,2.10575
0.777890000955,2.137
0.777900000955,2.10575
0.777910000955,2.10575
0.777920000955,2.10575
0.777930000955,2.137
0.777940000955,2.10575
0.777950000955,2.137
0.777960000955,2.10575
0.777970000955,2.137
0.777980000955,2.0745
0.777990000955,2.10575
0.778000000955,2.10575
0.778010000955,2.10575
0.778020000955,2.10575
0.778030000955,2.16825
0.778040000955,2.10575
0.778050000955,2.10575
0.778060000955,2.0745
0.778070000955,2.137
0.778080000955,2.10575
0.778090000955,2.137
0.778100000955,2.10575
0.778110000955,2.10575
0.778120000955,2.0745
0.778130000955,2.137
0.778140000955,2.10575
0.778150000955,2.137
0.778160000955,2.0745
0.778170000955,2.10575
0.778180000955,2.10575
0.778190000955,2.10575
0.778200000955,2.137
0.778210000955,2.10575
0.778220000955,2.10575
0.778230000955,2.10575
0.778240000955,2.10575
0.778250000955,2.0745
0.778260000955,2.10575
0.778270000955,2.137
0.778280000955,2.10575
0.778290000955,2.0745
0.778300000955,2.0745
0.778310000955,2.0745
0.778320000955,2.0745
0.778330000955,2.10575
0.778340000955,2.10575
0.778350000955,2.10575
0.778360000955,2.137
0.778370000955,2.10575
0.778380000955,2.0745
0.778390000955,2.137
0.778400000955,2.10575
0.778410000955,2.10575
0.778420000955,2.137
0.778430000955,2.137
0.778440000955,2.137
0.778450000955,2.10575
0.778460000955,2.10575
0.778470000955,2.10575
0.778480000955,2.10575
0.778490000955,2.10575
0.778500000955,2.0745
0.778510000955,2.10575
0.778520000955,2.10575
0.778530000955,2.10575
0.778540000955,2.0745
0.778550000955,2.0745
0.778560000955,2.10575
0.778570000955,2.0745
0.778580000955,2.137
0.778590000955,2.137
0.778600000955,2.10575
0.778610000955,2.10575
0.778620000955,2.10575
0.778630000955,2.10575
0.778640000955,2.10575
0.778650000955,2.10575
0.778660000955,2.137
0.778670000955,2.137
0.778680000955,2.137
0.778690000955,2.10575
0.778700000955,2.10575
0.778710000955,2.10575
0.778720000955,2.137
0.778730000955,2.10575
0.778740000955,2.137
0.778750000955,2.0745
0.778760000955,2.10575
0.778770000955,2.10575
0.778780000955,2.10575
0.778790000955,2.10575
0.778800000955,2.137
0.778810000955,2.10575
0.778820000955,2.137
0.778830000955,2.10575
0.778840000955,2.0745
0.778850000955,2.10575
0.778860000955,2.0745
0.778870000955,2.137
0.778880000955,2.137
0.778890000955,2.10575
0.778900000955,2.10575
0.778910000955,2.10575
0.778920000955,2.10575
0.778930000955,2.10575
0.778940000955,2.10575
0.778950000955,2.10575
0.778960000955,2.10575
0.778970000955,2.137
0.778980000955,2.10575
0.778990000955,2.137
0.779000000955,2.10575
0.779010000955,2.137
0.779020000955,2.10575
0.779030000955,2.10575
0.779040000955,2.10575
0.779050000955,2.10575
0.779060000955,2.10575
0.779070000955,2.137
0.779080000955,2.137
0.779090000955,2.10575
0.779100000955,2.137
0.779110000955,2.10575
0.779120000955,2.0745
0.779130000955,2.10575
0.779140000955,2.137
0.779150000955,2.137
0.779160000955,2.10575
0.779170000955,2.10575
0.779180000955,2.137
0.779190000955,2.10575
0.779200000955,2.137
0.779210000955,2.10575
0.779220000955,2.10575
0.779230000955,2.10575
0.779240000955,2.0745
0.779250000955,2.10575
0.779260000955,2.10575
0.779270000955,2.10575
0.779280000955,2.10575
0.779290000955,2.137
0.779300000955,2.10575
0.779310000955,2.10575
0.779320000955,2.10575
0.779330000955,2.10575
0.779340000955,2.10575
0.779350000955,2.137
0.779360000955,2.137
0.779370000955,2.137
0.779380000955,2.10575
0.779390000955,2.10575
0.779400000955,2.10575
0.779410000955,2.0745
0.779420000955,2.10575
0.779430000955,2.0745
0.779440000955,2.137
0.779450000955,2.137
0.779460000955,2.10575
0.779470000955,2.10575
0.779480000955,2.10575
0.779490000955,2.137
0.779500000955,2.137
0.779510000955,2.10575
0.779520000955,2.10575
0.779530000955,2.137
0.779540000955,2.0745
0.779550000955,2.137
0.779560000955,2.0745
0.779570000955,2.10575
0.779580000955,2.0745
0.779590000955,2.137
0.779600000955,2.0745
0.779610000955,2.137
0.779620000955,2.10575
0.779630000955,2.10575
0.779640000955,2.10575
0.779650000955,2.137
0.779660000955,2.0745
0.779670000955,2.0745
0.779680000955,2.137
0.779690000955,2.10575
0.779700000955,2.10575
0.779710000955,2.137
0.779720000955,2.0745
0.779730000955,2.10575
0.779740000955,2.137
0.779750000955,2.10575
0.779760000955,2.10575
0.779770000955,2.10575
0.779780000955,2.10575
0.779790000955,2.10575
0.779800000955,2.137
0.779810000955,2.10575
0.779820000955,2.137
0.779830000955,2.10575
0.779840000955,2.10575
0.779850000955,2.10575
0.779860000955,2.04325
0.779870000955,2.137
0.779880000955,2.137
0.779890000955,2.0745
0.779900000955,2.10575
0.779910000955,2.0745
0.779920000955,2.0745
0.779930000955,2.137
0.779940000955,2.10575
0.779950000955,2.10575
0.779960000955,2.10575
0.779970000955,2.10575
0.779980000955,2.10575
0.779990000955,2.137
0.780000000955,2.137
0.780010000955,2.137
0.780020000955,2.137
0.780030000955,2.10575
0.780040000955,2.10575
0.780050000955,2.10575
0.780060000955,2.0745
0.780070000955,2.0745
0.780080000955,2.10575
0.780090000955,2.10575
0.780100000955,2.137
0.780110000955,2.10575
0.780120000955,2.0745
0.780130000955,2.10575
0.780140000955,2.10575
0.780150000955,2.10575
0.780160000955,2.10575
0.780170000955,2.10575
0.780180000955,2.10575
0.780190000955,2.10575
0.780200000955,2.10575
0.780210000955,2.16825
0.780220000955,2.137
0.780230000955,2.10575
0.780240000955,2.10575
0.780250000955,2.10575
0.780260000955,2.137
0.780270000955,2.10575
0.780280000955,2.10575
0.780290000955,2.0745
0.780300000955,2.0745
0.780310000955,2.10575
0.780320000955,2.137
0.780330000955,2.10575
0.780340000955,2.10575
0.780350000955,2.10575
0.780360000955,2.10575
0.780370000955,2.10575
0.780380000955,2.10575
0.780390000955,2.10575
0.780400000955,2.0745
0.780410000955,2.137
0.780420000955,2.10575
0.780430000955,2.137
0.780440000955,2.10575
0.780450000955,2.10575
0.780460000955,2.10575
0.780470000955,2.137
0.780480000955,2.10575
0.780490000955,2.10575
0.780500000955,2.10575
0.780510000955,2.10575
0.780520000955,2.10575
0.780530000955,2.10575
0.780540000955,2.10575
0.780550000955,2.10575
0.780560000955,2.10575
0.780570000955,2.10575
0.780580000955,2.137
0.780590000955,2.137
0.780600000955,2.10575
0.780610000955,2.137
0.780620000955,2.10575
0.780630000955,2.10575
0.780640000955,2.10575
0.780650000955,2.10575
0.780660000955,2.10575
0.780670000955,2.10575
0.780680000955,2.10575
0.780690000955,2.137
0.780700000955,2.137
0.780710000955,2.10575
0.780720000955,2.10575
0.780730000955,2.10575
0.780740000955,2.10575
0.780750000955,2.137
0.780760000955,2.10575
0.780770000955,2.137
0.780780000955,2.10575
0.780790000955,2.10575
0.780800000955,2.10575
0.780810000955,2.10575
0.780820000955,2.0745
0.780830000955,2.137
0.780840000955,2.137
0.780850000955,2.0745
0.780860000955,2.10575
0.780870000955,2.137
0.780880000955,2.16825
0.780890000955,2.10575
0.780900000955,2.137
0.780910000955,2.0745
0.780920000955,2.137
0.780930000955,2.137
0.780940000955,2.10575
0.780950000955,2.10575
0.780960000955,2.10575
0.780970000955,2.137
0.780980000955,2.137
0.780990000955,2.10575
0.781000000955,2.137
0.781010000955,2.137
0.781020000955,2.10575
0.781030000955,2.0745
0.781040000955,2.0745
0.781050000955,2.10575
0.781060000955,2.10575
0.781070000955,2.10575
0.781080000955,2.10575
0.781090000955,2.137
0.781100000955,2.137
0.781110000955,2.10575
0.781120000955,2.0745
0.781130000955,2.10575
0.781140000955,2.10575
0.781150000955,2.137
0.781160000955,2.10575
0.781170000955,2.137
0.781180000955,2.137
0.781190000955,2.0745
0.781200000955,2.137
0.781210000955,2.10575
0.781220000955,2.10575
0.781230000955,2.10575
0.781240000955,2.137
0.781250000955,2.137
0.781260000955,2.137
0.781270000955,2.137
0.781280000955,2.10575
0.781290000955,2.137
0.781300000955,2.10575
0.781310000955,2.137
0.781320000955,2.137
0.781330000955,2.10575
0.781340000955,2.10575
0.781350000955,2.10575
0.781360000955,2.16825
0.781370000955,2.0745
0.781380000955,2.10575
0.781390000955,2.10575
0.781400000955,2.137
0.781410000955,2.10575
0.781420000955,2.137
0.781430000955,2.10575
0.781440000955,2.10575
0.781450000955,2.137
0.781460000955,2.10575
0.781470000955,2.10575
0.781480000955,2.10575
0.781490000955,2.10575
0.781500000955,2.10575
0.781510000955,2.137
0.781520000955,2.10575
0.781530000955,2.10575
0.781540000955,2.137
0.781550000955,2.10575
0.781560000955,2.10575
0.781570000955,2.10575
0.781580000955,2.0745
0.781590000955,2.137
0.781600000955,2.137
0.781610000955,2.137
0.781620000955,2.10575
0.781630000955,2.137
0.781640000955,2.10575
0.781650000955,2.10575
0.781660000955,2.137
0.781670000955,2.137
0.781680000955,2.10575
0.781690000955,2.10575
0.781700000955,2.10575
0.781710000955,2.137
0.781720000955,2.10575
0.781730000955,2.10575
0.781740000955,2.10575
0.781750000955,2.10575
0.781760000955,2.10575
0.781770000955,2.0745
0.781780000955,2.10575
0.781790000955,2.10575
0.781800000955,2.137
0.781810000955,2.10575
0.781820000955,2.10575
0.781830000955,2.10575
0.781840000955,2.137
0.781850000955,2.137
0.781860000955,2.10575
0.781870000955,2.10575
0.781880000955,2.10575
0.781890000955,2.10575
0.781900000955,2.0745
0.781910000955,2.10575
0.781920000955,2.10575
0.781930000955,2.10575
0.781940000955,2.137
0.781950000955,2.137
0.781960000955,2.10575
0.781970000955,2.10575
0.781980000955,2.10575
0.781990000955,2.137
0.782000000955,2.10575
0.782010000955,2.10575
0.782020000955,2.137
0.782030000955,2.10575
0.782040000955,2.137
0.782050000955,2.10575
0.782060000955,2.10575
0.782070000955,2.10575
0.782080000955,2.137
0.782090000955,2.137
0.782100000955,2.10575
0.782110000955,2.10575
0.782120000955,2.137
0.782130000955,2.10575
0.782140000955,2.137
0.782150000955,2.137
0.782160000955,2.137
0.782170000955,2.10575
0.782180000955,2.10575
0.782190000955,2.137
0.782200000955,2.0745
0.782210000955,2.10575
0.782220000955,2.10575
0.782230000955,2.10575
0.782240000955,2.10575
0.782250000955,2.10575
0.782260000955,2.10575
0.782270000955,2.10575
0.782280000955,2.10575
0.782290000955,2.10575
0.782300000955,2.137
0.782310000955,2.137
0.782320000955,2.10575
0.782330000955,2.10575
0.782340000955,2.10575
0.782350000955,2.10575
0.782360000955,2.0745
0.782370000955,2.137
0.782380000955,2.0745
0.782390000955,2.10575
0.782400000955,2.10575
0.782410000955,2.10575
0.782420000955,2.137
0.782430000955,2.10575
0.782440000955,2.10575
0.782450000955,2.10575
0.782460000955,2.10575
0.782470000955,2.10575
0.782480000955,2.10575
0.782490000955,2.16825
0.782500000955,2.10575
0.782510000955,2.10575
0.782520000955,2.10575
0.782530000955,2.137
0.782540000955,2.137
0.782550000955,2.10575
0.782560000955,2.137
0.782570000955,2.10575
0.782580000955,2.137
0.782590000955,2.10575
0.782600000955,2.10575
0.782610000955,2.0745
0.782620000955,2.0745
0.782630000955,2.10575
0.782640000955,2.137
0.782650000955,2.10575
0.782660000955,2.10575
0.782670000955,2.10575
0.782680000955,2.10575
0.782690000955,2.137
0.782700000955,2.10575
0.782710000955,2.10575
0.782720000955,2.137
0.782730000955,2.137
0.782740000955,2.137
0.782750000955,2.10575
0.782760000955,2.10575
0.782770000955,2.10575
0.782780000955,2.137
0.782790000955,2.137
0.782800000955,2.10575
0.782810000955,2.137
0.782820000955,2.137
0.782830000955,2.137
0.782840000955,2.137
0.782850000955,2.10575
0.782860000955,2.10575
0.782870000955,2.10575
0.782880000955,2.137
0.782890000955,2.10575
0.782900000955,2.137
0.782910000955,2.10575
0.782920000955,2.10575
0.782930000955,2.10575
0.782940000955,2.0745
0.782950000955,2.10575
0.782960000955,2.137
0.782970000955,2.137
0.782980000955,2.10575
0.782990000955,2.137
0.783000000955,2.10575
0.783010000955,2.10575
0.783020000955,2.10575
0.783030000955,2.137
0.783040000955,2.137
0.783050000955,2.10575
0.783060000955,2.137
0.783070000955,2.137
0.783080000955,2.10575
0.783090000955,2.137
0.783100000955,2.10575
0.783110000955,2.10575
0.783120000955,2.137
0.783130000955,2.10575
0.783140000955,2.10575
0.783150000955,2.10575
0.783160000955,2.0745
0.783170000955,2.10575
0.783180000955,2.0745
0.783190000955,2.10575
0.783200000955,2.137
0.783210000955,2.137
0.783220000955,2.10575
0.783230000955,2.137
0.783240000955,2.10575
0.783250000955,2.10575
0.783260000955,2.10575
0.783270000955,2.10575
0.783280000955,2.137
0.783290000955,2.10575
0.783300000955,2.137
0.783310000955,2.10575
0.783320000955,2.10575
0.783330000955,2.137
0.783340000955,2.137
0.783350000955,2.10575
0.783360000955,2.10575
0.783370000955,2.10575
0.783380000955,2.10575
0.783390000955,2.137
0.783400000955,2.10575
0.783410000955,2.0745
0.783420000955,2.137
0.783430000955,2.10575
0.783440000955,2.10575
0.783450000955,2.137
0.783460000955,2.137
0.783470000955,2.137
0.783480000955,2.137
0.783490000955,2.0745
0.783500000955,2.10575
0.783510000955,2.10575
0.783520000955,2.10575
0.783530000955,2.10575
0.783540000955,2.10575
0.783550000955,2.137
0.783560000955,2.10575
0.783570000955,2.10575
0.783580000955,2.0745
0.783590000955,2.137
0.783600000955,2.10575
0.783610000955,2.137
0.783620000955,2.10575
0.783630000955,2.10575
0.783640000955,2.0745
0.783650000955,2.137
0.783660000955,2.137
0.783670000955,2.137
0.783680000955,2.137
0.783690000955,2.10575
0.783700000955,2.10575
0.783710000955,2.10575
0.783720000955,2.10575
0.783730000955,2.0745
0.783740000955,2.10575
0.783750000955,2.10575
0.783760000955,2.10575
0.783770000955,2.10575
0.783780000955,2.0745
0.783790000955,2.137
0.783800000955,2.10575
0.783810000955,2.10575
0.783820000955,2.0745
0.783830000955,2.137
0.783840000955,2.137
0.783850000955,2.10575
0.783860000955,2.137
0.783870000955,2.137
0.783880000955,2.137
0.783890000955,2.137
0.783900000955,2.137
0.783910000955,2.10575
0.783920000955,2.137
0.783930000955,2.10575
0.783940000955,2.137
0.783950000955,2.10575
0.783960000955,2.137
0.783970000955,2.137
0.783980000955,2.137
0.783990000955,2.10575
0.784000000955,2.16825
0.784010000955,2.10575
0.784020000955,2.10575
0.784030000955,2.137
0.784040000955,2.10575
0.784050000955,2.137
0.784060000955,2.137
0.784070000955,2.137
0.784080000955,2.10575
0.784090000955,2.10575
0.784100000955,2.10575
0.784110000955,2.10575
0.784120000955,2.137
0.784130000955,2.10575
0.784140000955,2.10575
0.784150000955,2.10575
0.784160000955,2.10575
0.784170000955,2.10575
0.784180000955,2.10575
0.784190000955,2.10575
0.784200000955,2.0745
0.784210000955,2.10575
0.784220000955,2.10575
0.784230000955,2.0745
0.784240000955,2.10575
0.784250000955,2.10575
0.784260000955,2.137
0.784270000955,2.10575
0.784280000955,2.137
0.784290000955,2.137
0.784300000955,2.137
0.784310000955,2.137
0.784320000955,2.137
0.784330000955,2.137
0.784340000955,2.137
0.784350000955,2.137
0.784360000955,2.16825
0.784370000955,2.137
0.784380000955,2.10575
0.784390000955,2.137
0.784400000955,2.137
0.784410000955,2.10575
0.784420000955,2.10575
0.784430000955,2.137
0.784440000955,2.10575
0.784450000955,2.10575
0.784460000955,2.10575
0.784470000955,2.10575
0.784480000955,2.10575
0.784490000955,2.10575
0.784500000955,2.137
0.784510000955,2.10575
0.784520000955,2.10575
0.784530000955,2.10575
0.784540000955,2.16825
0.784550000955,2.10575
0.784560000955,2.137
0.784570000955,2.137
0.784580000955,2.0745
0.784590000955,2.10575
0.784600000955,2.10575
0.784610000955,2.10575
0.784620000955,2.10575
0.784630000955,2.10575
0.784640000955,2.10575
0.784650000955,2.137
0.784660000955,2.137
0.784670000955,2.10575
0.784680000955,2.10575
0.784690000955,2.10575
0.784700000955,2.10575
0.784710000955,2.137
0.784720000955,2.137
0.784730000955,2.137
0.784740000955,2.10575
0.784750000955,2.10575
0.784760000955,2.16825
0.784770000955,2.10575
0.784780000955,2.10575
0.784790000955,2.0745
0.784800000955,2.137
0.784810000955,2.137
0.784820000955,2.137
0.784830000955,2.10575
0.784840000955,2.16825
0.784850000955,2.10575
0.784860000955,2.10575
0.784870000955,2.137
0.784880000955,2.10575
0.784890000955,2.137
0.784900000955,2.137
0.784910000955,2.137
0.784920000955,2.10575
0.784930000955,2.137
0.784940000955,2.16825
0.784950000955,2.137
0.784960000955,2.10575
0.784970000955,2.137
0.784980000955,2.137
0.784990000955,2.10575
0.785000000955,2.10575
0.785010000955,2.10575
0.785020000955,2.10575
0.785030000955,2.137
0.785040000955,2.10575
0.785050000955,2.10575
0.785060000955,2.10575
0.785070000955,2.10575
0.785080000955,2.137
0.785090000955,2.10575
0.785100000955,2.10575
0.785110000955,2.10575
0.785120000955,2.10575
0.785130000955,2.10575
0.785140000955,2.10575
0.785150000955,2.137
0.785160000955,2.10575
0.785170000955,2.10575
0.785180000955,2.137
0.785190000955,2.137
0.785200000955,2.137
0.785210000955,2.137
0.785220000955,2.137
0.785230000955,2.10575
0.785240000955,2.10575
0.785250000955,2.137
0.785260000955,2.137
0.785270000955,2.16825
0.785280000955,2.137
0.785290000955,2.137
0.785300000955,2.137
0.785310000955,2.16825
0.785320000955,2.16825
0.785330000955,2.10575
0.785340000955,2.10575
0.785350000955,2.137
0.785360000955,2.137
0.785370000955,2.10575
0.785380000955,2.137
0.785390000955,2.10575
0.785400000955,2.10575
0.785410000955,2.137
0.785420000955,2.10575
0.785430000955,2.137
0.785440000955,2.137
0.785450000955,2.10575
0.785460000955,2.137
0.785470000955,2.137
0.785480000955,2.10575
0.785490000955,2.10575
0.785500000955,2.10575
0.785510000955,2.10575
0.785520000955,2.10575
0.785530000955,2.137
0.785540000955,2.10575
0.785550000955,2.10575
0.785560000955,2.137
0.785570000955,2.137
0.785580000955,2.0745
0.785590000955,2.10575
0.785600000955,2.137
0.785610000955,2.10575
0.785620000955,2.137
0.785630000955,2.10575
0.785640000955,2.10575
0.785650000955,2.137
0.785660000955,2.137
0.785670000955,2.137
0.785680000955,2.137
0.785690000955,2.10575
0.785700000955,2.0745
0.785710000955,2.0745
0.785720000955,2.137
0.785730000955,2.137
0.785740000955,2.10575
0.785750000955,2.10575
0.785760000955,2.10575
0.785770000955,2.10575
0.785780000955,2.16825
0.785790000955,2.10575
0.785800000955,2.10575
0.785810000955,2.10575
0.785820000955,2.137
0.785830000955,2.16825
0.785840000955,2.10575
0.785850000955,2.10575
0.785860000955,2.10575
0.785870000955,2.10575
0.785880000955,2.137
0.785890000955,2.10575
0.785900000955,2.137
0.785910000955,2.137
0.785920000955,2.10575
0.785930000955,2.137
0.785940000955,2.10575
0.785950000955,2.0745
0.785960000955,2.10575
0.785970000955,2.137
0.785980000955,2.16825
0.785990000955,2.137
0.786000000955,2.10575
0.786010000955,2.137
0.786020000955,2.137
0.786030000955,2.137
0.786040000955,2.10575
0.786050000955,2.137
0.786060000955,2.10575
0.786070000955,2.137
0.786080000955,2.10575
0.786090000955,2.10575
0.786100000955,2.10575
0.786110000955,2.137
0.786120000955,2.137
0.786130000955,2.10575
0.786140000955,2.137
0.786150000955,2.10575
0.786160000955,2.0745
0.786170000955,2.10575
0.786180000955,2.10575
0.786190000955,2.10575
0.786200000955,2.10575
0.786210000955,2.137
0.786220000955,2.10575
0.786230000955,2.137
0.786240000955,2.10575
0.786250000955,2.16825
0.786260000955,2.137
0.786270000955,2.10575
0.786280000955,2.137
0.786290000955,2.10575
0.786300000955,2.137
0.786310000955,2.10575
0.786320000955,2.10575
0.786330000955,2.10575
0.786340000955,2.10575
0.786350000955,2.10575
0.786360000955,2.137
0.786370000955,2.137
0.786380000955,2.10575
0.786390000955,2.137
0.786400000955,2.137
0.786410000955,2.10575
0.786420000955,2.10575
0.786430000955,2.10575
0.786440000955,2.137
0.786450000955,2.10575
0.786460000955,2.137
0.786470000955,2.10575
0.786480000955,2.137
0.786490000955,2.10575
0.786500000955,2.10575
0.786510000955,2.10575
0.786520000955,2.16825
0.786530000955,2.137
0.786540000955,2.137
0.786550000955,2.10575
0.786560000955,2.137
0.786570000955,2.137
0.786580000955,2.10575
0.786590000955,2.137
0.786600000955,2.137
0.786610000955,2.16825
0.786620000955,2.10575
0.786630000955,2.10575
0.786640000955,2.137
0.786650000955,2.10575
0.786660000955,2.137
0.786670000955,2.0745
0.786680000955,2.10575
0.786690000955,2.10575
0.786700000955,2.10575
0.786710000955,2.10575
0.786720000955,2.10575
0.786730000955,2.10575
0.786740000955,2.137
0.786750000955,2.10575
0.786760000955,2.10575
0.786770000955,2.137
0.786780000955,2.137
0.786790000955,2.137
0.786800000955,2.137
0.786810000955,2.10575
0.786820000955,2.10575
0.786830000955,2.10575
0.786840000955,2.10575
0.786850000955,2.137
0.786860000955,2.137
0.786870000955,2.10575
0.786880000955,2.10575
0.786890000955,2.10575
0.786900000955,2.10575
0.786910000955,2.137
0.786920000955,2.137
0.786930000955,2.137
0.786940000955,2.0745
0.786950000955,2.10575
0.786960000955,2.10575
0.786970000955,2.137
0.786980000955,2.16825
0.786990000955,2.10575
0.787000000955,2.10575
0.787010000955,2.137
0.787020000955,2.10575
0.787030000955,2.10575
0.787040000955,2.10575
0.787050000955,2.137
0.787060000955,2.10575
0.787070000955,2.137
0.787080000955,2.10575
0.787090000955,2.137
0.787100000955,2.137
0.787110000955,2.137
0.787120000955,2.137
0.787130000955,2.10575
0.787140000955,2.10575
0.787150000955,2.137
0.787160000955,2.137
0.787170000955,2.137
0.787180000955,2.10575
0.787190000955,2.137
0.787200000955,2.137
0.787210000955,2.137
0.787220000955,2.137
0.787230000955,2.10575
0.787240000955,2.137
0.787250000955,2.10575
0.787260000955,2.137
0.787270000955,2.137
0.787280000955,2.10575
0.787290000955,2.137
0.787300000955,2.137
0.787310000955,2.137
0.787320000955,2.10575
0.787330000955,2.137
0.787340000955,2.137
0.787350000955,2.10575
0.787360000955,2.137
0.787370000955,2.137
0.787380000955,2.10575
0.787390000955,2.137
0.787400000955,2.137
0.787410000955,2.10575
0.787420000955,2.137
0.787430000955,2.10575
0.787440000955,2.10575
0.787450000955,2.137
0.787460000955,2.10575
0.787470000955,2.10575
0.787480000955,2.10575
0.787490000955,2.137
0.787500000955,2.0745
0.787510000955,2.10575
0.787520000955,2.137
0.787530000955,2.137
0.787540000955,2.10575
0.787550000955,2.0745
0.787560000955,2.137
0.787570000955,2.10575
0.787580000955,2.137
0.787590000955,2.137
0.787600000955,2.10575
0.787610000955,2.04325
0.787620000955,2.16825
0.787630000955,2.137
0.787640000955,2.10575
0.787650000955,2.10575
0.787660000955,2.10575
0.787670000955,2.137
0.787680000955,2.0745
0.787690000955,2.10575
0.787700000955,2.10575
0.787710000955,2.10575
0.787720000955,2.137
0.787730000955,2.0745
0.787740000955,2.10575
0.787750000955,2.137
0.787760000955,2.10575
0.787770000955,2.137
0.787780000955,2.10575
0.787790000955,2.137
0.787800000955,2.137
0.787810000955,2.16825
0.787820000955,2.10575
0.787830000955,2.10575
0.787840000955,2.137
0.787850000955,2.137
0.787860000955,2.137
0.787870000955,2.10575
0.787880000955,2.137
0.787890000955,2.10575
0.787900000955,2.137
0.787910000955,2.137
0.787920000955,2.10575
0.787930000955,2.137
0.787940000955,2.137
0.787950000955,2.10575
0.787960000955,2.137
0.787970000955,2.137
0.787980000955,2.137
0.787990000955,2.10575
0.788000000955,2.137
0.788010000955,2.137
0.788020000955,2.137
0.788030000955,2.137
0.788040000955,2.137
0.788050000955,2.137
0.788060000955,2.0745
0.788070000955,2.10575
0.788080000955,2.137
0.788090000955,2.10575
0.788100000955,2.137
0.788110000955,2.137
0.788120000955,2.10575
0.788130000955,2.137
0.788140000955,2.10575
0.788150000955,2.10575
0.788160000955,2.10575
0.788170000955,2.16825
0.788180000955,2.137
0.788190000955,2.10575
0.788200000955,2.10575
0.788210000955,2.16825
0.788220000955,2.10575
0.788230000955,2.10575
0.788240000955,2.137
0.788250000955,2.10575
0.788260000955,2.137
0.788270000955,2.137
0.788280000955,2.10575
0.788290000955,2.0745
0.788300000955,2.137
0.788310000955,2.16825
0.788320000955,2.16825
0.788330000955,2.137
0.788340000955,2.137
0.788350000955,2.10575
0.788360000955,2.10575
0.788370000955,2.10575
0.788380000955,2.137
0.788390000955,2.10575
0.788400000955,2.10575
0.788410000955,2.16825
0.788420000955,2.137
0.788430000955,2.10575
0.788440000955,2.10575
0.788450000955,2.137
0.788460000955,2.10575
0.788470000955,2.10575
0.788480000955,2.10575
0.788490000955,2.10575
0.788500000955,2.137
0.788510000955,2.10575
0.788520000955,2.137
0.788530000955,2.10575
0.788540000955,2.137
0.788550000955,2.10575
0.788560000955,2.10575
0.788570000955,2.10575
0.788580000955,2.10575
0.788590000955,2.10575
0.788600000955,2.137
0.788610000955,2.137
0.788620000955,2.0745
0.788630000955,2.10575
0.788640000955,2.10575
0.788650000955,2.137
0.788660000955,2.137
0.788670000955,2.10575
0.788680000955,2.10575
0.788690000955,2.10575
0.788700000955,2.10575
0.788710000955,2.137
0.788720000955,2.10575
0.788730000955,2.10575
0.788740000955,2.137
0.788750000955,2.10575
0.788760000955,2.137
0.788770000955,2.10575
0.788780000955,2.137
0.788790000955,2.10575
0.788800000955,2.10575
0.788810000955,2.10575
0.788820000955,2.16825
0.788830000955,2.137
0.788840000955,2.137
0.788850000955,2.137
0.788860000955,2.137
0.788870000955,2.137
0.788880000955,2.137
0.788890000955,2.137
0.788900000955,2.10575
0.788910000955,2.10575
0.788920000955,2.16825
0.788930000955,2.10575
0.788940000955,2.137
0.788950000955,2.137
0.788960000955,2.137
0.788970000955,2.10575
0.788980000955,2.10575
0.788990000955,2.10575
0.789000000955,2.137
0.789010000955,2.137
0.789020000955,2.137
0.789030000955,2.137
0.789040000955,2.137
0.789050000955,2.16825
0.789060000955,2.137
0.789070000955,2.137
0.789080000955,2.16825
0.789090000955,2.10575
0.789100000955,2.10575
0.789110000955,2.10575
0.789120000955,2.137
0.789130000955,2.10575
0.789140000955,2.137
0.789150000955,2.137
0.789160000955,2.137
0.789170000955,2.137
0.789180000955,2.137
0.789190000955,2.10575
0.789200000955,2.137
0.789210000955,2.10575
0.789220000955,2.137
0.789230000955,2.137
0.789240000955,2.137
0.789250000955,2.10575
0.789260000955,2.10575
0.789270000955,2.10575
0.789280000955,2.137
0.789290000955,2.10575
0.789300000955,2.10575
0.789310000955,2.10575
0.789320000955,2.137
0.789330000955,2.137
0.789340000955,2.10575
0.789350000955,2.0745
0.789360000955,2.137
0.789370000955,2.10575
0.789380000955,2.137
0.789390000955,2.137
0.789400000955,2.137
0.789410000955,2.10575
0.789420000955,2.137
0.789430000955,2.137
0.789440000955,2.10575
0.789450000955,2.10575
0.789460000955,2.137
0.789470000955,2.10575
0.789480000955,2.137
0.789490000955,2.10575
0.789500000955,2.10575
0.789510000955,2.137
0.789520000955,2.137
0.789530000955,2.10575
0.789540000955,2.137
0.789550000955,2.0745
0.789560000955,2.10575
0.789570000955,2.137
0.789580000955,2.10575
0.789590000955,2.10575
0.789600000955,2.137
0.789610000955,2.137
0.789620000955,2.137
0.789630000955,2.137
0.789640000955,2.137
0.789650000955,2.0745
0.789660000955,2.10575
0.789670000955,2.0745
0.789680000955,2.10575
0.789690000955,2.10575
0.789700000955,2.137
0.789710000955,2.10575
0.789720000955,2.137
0.789730000955,2.137
0.789740000955,2.137
0.789750000955,2.137
0.789760000955,2.137
0.789770000955,2.16825
0.789780000955,2.137
0.789790000955,2.137
0.789800000955,2.10575
0.789810000955,2.137
0.789820000955,2.0745
0.789830000955,2.137
0.789840000955,2.137
0.789850000955,2.137
0.789860000955,2.137
0.789870000955,2.137
0.789880000955,2.10575
0.789890000955,2.137
0.789900000955,2.10575
0.789910000955,2.10575
0.789920000955,2.10575
0.789930000955,2.137
0.789940000955,2.137
0.789950000955,2.137
0.789960000955,2.16825
0.789970000955,2.10575
0.789980000955,2.10575
0.789990000955,2.137
0.790000000955,2.10575
0.790010000955,2.10575
0.790020000955,2.10575
0.790030000955,2.10575
0.790040000955,2.10575
0.790050000955,2.137
0.790060000955,2.10575
0.790070000955,2.10575
0.790080000955,2.10575
0.790090000955,2.137
0.790100000955,2.137
0.790110000955,2.10575
0.790120000955,2.137
0.790130000955,2.10575
0.790140000955,2.137
0.790150000955,2.137
0.790160000955,2.137
0.790170000955,2.10575
0.790180000955,2.137
0.790190000955,2.10575
0.790200000955,2.10575
0.790210000955,2.137
0.790220000955,2.10575
0.790230000955,2.10575
0.790240000955,2.137
0.790250000955,2.137
0.790260000955,2.137
0.790270000955,2.10575
0.790280000955,2.137
0.790290000955,2.10575
0.790300000955,2.137
0.790310000955,2.137
0.790320000955,2.10575
0.790330000955,2.10575
0.790340000955,2.137
0.790350000955,2.10575
0.790360000955,2.137
0.790370000955,2.10575
0.790380000955,2.137
0.790390000955,2.137
0.790400000955,2.137
0.790410000955,2.137
0.790420000955,2.10575
0.790430000955,2.137
0.790440000955,2.0745
0.790450000955,2.10575
0.790460000955,2.137
0.790470000955,2.10575
0.790480000955,2.137
0.790490000955,2.137
0.790500000955,2.10575
0.790510000955,2.137
0.790520000955,2.16825
0.790530000955,2.137
0.790540000955,2.137
0.790550000955,2.10575
0.790560000955,2.10575
0.790570000955,2.10575
0.790580000955,2.10575
0.790590000955,2.10575
0.790600000955,2.137
0.790610000955,2.137
0.790620000955,2.137
0.790630000955,2.137
0.790640000955,2.137
0.790650000955,2.137
0.790660000955,2.10575
0.790670000955,2.10575
0.790680000955,2.137
0.790690000955,2.10575
0.790700000955,2.137
0.790710000955,2.137
0.790720000955,2.10575
0.790730000955,2.137
0.790740000955,2.137
0.790750000955,2.10575
0.790760000955,2.137
0.790770000955,2.10575
0.790780000955,2.10575
0.790790000955,2.137
0.790800000955,2.137
0.790810000955,2.137
0.790820000955,2.10575
0.790830000955,2.10575
0.790840000955,2.137
0.790850000955,2.10575
0.790860000955,2.137
0.790870000955,2.10575
0.790880000955,2.137
0.790890000955,2.137
0.790900000955,2.10575
0.790910000955,2.10575
0.790920000955,2.137
0.790930000955,2.137
0.790940000955,2.137
0.790950000955,2.0745
0.790960000955,2.10575
0.790970000955,2.137
0.790980000955,2.137
0.790990000955,2.137
0.791000000955,2.137
0.791010000955,2.10575
0.791020000955,2.16825
0.791030000955,2.137
0.791040000955,2.137
0.791050000955,2.137
0.791060000955,2.137
0.791070000955,2.10575
0.791080000955,2.137
0.791090000955,2.137
0.791100000955,2.137
0.791110000955,2.10575
0.791120000955,2.137
0.791130000955,2.16825
0.791140000955,2.137
0.791150000955,2.137
0.791160000955,2.137
0.791170000955,2.10575
0.791180000955,2.137
0.791190000955,2.10575
0.791200000955,2.137
0.791210000955,2.137
0.791220000955,2.137
0.791230000955,2.137
0.791240000955,2.10575
0.791250000955,2.10575
0.791260000955,2.137
0.791270000955,2.10575
0.791280000955,2.137
0.791290000955,2.137
0.791300000955,2.10575
0.791310000955,2.137
0.791320000955,2.137
0.791330000955,2.16825
0.791340000955,2.137
0.791350000955,2.10575
0.791360000955,2.137
0.791370000955,2.10575
0.791380000955,2.137
0.791390000955,2.10575
0.791400000955,2.16825
0.791410000955,2.10575
0.791420000955,2.16825
0.791430000955,2.10575
0.791440000955,2.137
0.791450000955,2.10575
0.791460000955,2.137
0.791470000955,2.137
0.791480000955,2.137
0.791490000955,2.16825
0.791500000955,2.10575
0.791510000955,2.137
0.791520000955,2.10575
0.791530000955,2.137
0.791540000955,2.10575
0.791550000955,2.137
0.791560000955,2.137
0.791570000955,2.10575
0.791580000955,2.10575
0.791590000955,2.137
0.791600000955,2.137
0.791610000955,2.10575
0.791620000955,2.137
0.791630000955,2.10575
0.791640000955,2.137
0.791650000955,2.137
0.791660000955,2.10575
0.791670000955,2.10575
0.791680000955,2.10575
0.791690000955,2.10575
0.791700000955,2.137
0.791710000955,2.137
0.791720000955,2.10575
0.791730000955,2.10575
0.791740000955,2.10575
0.791750000955,2.10575
0.791760000955,2.10575
0.791770000955,2.10575
0.791780000955,2.137
0.791790000955,2.137
0.791800000955,2.137
0.791810000955,2.10575
0.791820000955,2.10575
0.791830000955,2.137
0.791840000955,2.137
0.791850000955,2.10575
0.791860000955,2.10575
0.791870000955,2.16825
0.791880000955,2.137
0.791890000955,2.137
0.791900000955,2.10575
0.791910000955,2.137
0.791920000955,2.137
0.791930000955,2.137
0.791940000955,2.137
0.791950000955,2.137
0.791960000955,2.137
0.791970000955,2.137
0.791980000955,2.10575
0.791990000955,2.10575
0.792000000955,2.10575
0.792010000955,2.137
0.792020000955,2.137
0.792030000955,2.137
0.792040000955,2.137
0.792050000955,2.137
0.792060000955,2.137
0.792070000955,2.137
0.792080000955,2.10575
0.792090000955,2.137
0.792100000955,2.137
0.792110000955,2.0745
0.792120000955,2.137
0.792130000955,2.10575
0.792140000955,2.10575
0.792150000955,2.137
0.792160000955,2.10575
0.792170000955,2.137
0.792180000955,2.0745
0.792190000955,2.10575
0.792200000955,2.10575
0.792210000955,2.10575
0.792220000955,2.137
0.792230000955,2.137
0.792240000955,2.137
0.792250000955,2.137
0.792260000955,2.16825
0.792270000955,2.10575
0.792280000955,2.137
0.792290000955,2.10575
0.792300000955,2.10575
0.792310000955,2.137
0.792320000955,2.137
0.792330000955,2.10575
0.792340000955,2.137
0.792350000955,2.10575
0.792360000955,2.10575
0.792370000955,2.16825
0.792380000955,2.10575
0.792390000955,2.137
0.792400000955,2.0745
0.792410000955,2.10575
0.792420000955,2.10575
0.792430000955,2.10575
0.792440000955,2.10575
0.792450000955,2.137
0.792460000955,2.137
0.792470000955,2.137
0.792480000955,2.137
0.792490000955,2.10575
0.792500000955,2.16825
0.792510000955,2.137
0.792520000955,2.10575
0.792530000955,2.137
0.792540000955,2.10575
0.792550000955,2.10575
0.792560000955,2.137
0.792570000955,2.10575
0.792580000955,2.10575
0.792590000955,2.10575
0.792600000955,2.137
0.792610000955,2.137
0.792620000955,2.137
0.792630000955,2.10575
0.792640000955,2.137
0.792650000955,2.10575
0.792660000955,2.137
0.792670000955,2.10575
0.792680000955,2.10575
0.792690000955,2.137
0.792700000955,2.137
0.792710000955,2.137
0.792720000955,2.10575
0.792730000955,2.137
0.792740000955,2.10575
0.792750000955,2.137
0.792760000955,2.10575
0.792770000955,2.10575
0.792780000955,2.137
0.792790000955,2.10575
0.792800000955,2.137
0.792810000955,2.0745
0.792820000955,2.10575
0.792830000955,2.10575
0.792840000955,2.137
0.792850000955,2.137
0.792860000955,2.137
0.792870000955,2.10575
0.792880000955,2.137
0.792890000955,2.137
0.792900000955,2.10575
0.792910000955,2.10575
0.792920000955,2.10575
0.792930000955,2.10575
0.792940000955,2.10575
0.792950000955,2.10575
0.792960000955,2.10575
0.792970000955,2.10575
0.792980000955,2.10575
0.792990000955,2.10575
0.793000000955,2.137
0.793010000955,2.0745
0.793020000955,2.10575
0.793030000955,2.137
0.793040000955,2.10575
0.793050000955,2.10575
0.793060000955,2.10575
0.793070000955,2.137
0.793080000955,2.137
0.793090000955,2.137
0.793100000955,2.10575
0.793110000955,2.137
0.793120000955,2.137
0.793130000955,2.137
0.793140000955,2.137
0.793150000955,2.137
0.793160000955,2.137
0.793170000955,2.10575
0.793180000955,2.137
0.793190000955,2.137
0.793200000955,2.10575
0.793210000955,2.10575
0.793220000955,2.10575
0.793230000955,2.10575
0.793240000955,2.137
0.793250000955,2.10575
0.793260000955,2.137
0.793270000955,2.137
0.793280000955,2.16825
0.793290000955,2.137
0.793300000955,2.137
0.793310000955,2.10575
0.793320000955,2.10575
0.793330000955,2.137
0.793340000955,2.0745
0.793350000955,2.10575
0.793360000955,2.10575
0.793370000955,2.137
0.793380000955,2.137
0.793390000955,2.137
0.793400000955,2.0745
0.793410000955,2.137
0.793420000955,2.137
0.793430000955,2.137
0.793440000955,2.137
0.793450000955,2.137
0.793460000955,2.137
0.793470000955,2.10575
0.793480000955,2.137
0.793490000955,2.0745
0.793500000955,2.10575
0.793510000955,2.1995
0.793520000955,2.10575
0.793530000955,2.10575
0.793540000955,2.137
0.793550000955,2.137
0.793560000955,2.10575
0.793570000955,2.137
0.793580000955,2.10575
0.793590000955,2.10575
0.793600000955,2.10575
0.793610000955,2.10575
0.793620000955,2.137
0.793630000955,2.10575
0.793640000955,2.10575
0.793650000955,2.137
0.793660000955,2.10575
0.793670000955,2.0745
0.793680000955,2.10575
0.793690000955,2.10575
0.793700000955,2.137
0.793710000955,2.10575
0.793720000955,2.137
0.793730000955,2.10575
0.793740000955,2.0745
0.793750000955,2.137
0.793760000955,2.10575
0.793770000955,2.10575
0.793780000955,2.10575
0.793790000955,2.10575
0.793800000955,2.10575
0.793810000955,2.10575
0.793820000955,2.10575
0.793830000955,2.137
0.793840000955,2.10575
0.793850000955,2.0745
0.793860000955,2.137
0.793870000955,2.137
0.793880000955,2.10575
0.793890000955,2.10575
0.793900000955,2.10575
0.793910000955,2.10575
0.793920000955,2.137
0.793930000955,2.137
0.793940000955,2.137
0.793950000955,2.137
0.793960000955,2.10575
0.793970000955,2.0745
0.793980000955,2.0745
0.793990000955,2.137
0.794000000955,2.0745
0.794010000955,2.137
0.794020000955,2.10575
0.794030000955,2.10575
0.794040000955,2.10575
0.794050000955,2.10575
0.794060000955,2.10575
0.794070000955,2.10575
0.794080000955,2.10575
0.794090000955,2.137
0.794100000955,2.10575
0.794110000955,2.137
0.794120000955,2.10575
0.794130000955,2.137
0.794140000955,2.10575
0.794150000955,2.137
0.794160000955,2.137
0.794170000955,2.10575
0.794180000955,2.10575
0.794190000955,2.137
0.794200000955,2.10575
0.794210000955,2.137
0.794220000955,2.137
0.794230000955,2.10575
0.794240000955,2.137
0.794250000955,2.10575
0.794260000955,2.10575
0.794270000955,2.10575
0.794280000955,2.137
0.794290000955,2.10575
0.794300000955,2.137
0.794310000955,2.10575
0.794320000955,2.10575
0.794330000955,2.10575
0.794340000955,2.10575
0.794350000955,2.10575
0.794360000955,2.137
0.794370000955,2.0745
0.794380000955,2.10575
0.794390000955,2.10575
0.794400000955,2.10575
0.794410000955,2.0745
0.794420000955,2.10575
0.794430000955,2.10575
0.794440000955,2.137
0.794450000955,2.10575
0.794460000955,2.137
0.794470000955,2.10575
0.794480000955,2.10575
0.794490000955,2.137
0.794500000955,2.137
0.794510000955,2.10575
0.794520000955,2.0745
0.794530000955,2.10575
0.794540000955,2.16825
0.794550000955,2.10575
0.794560000955,2.137
0.794570000955,2.10575
0.794580000955,2.10575
0.794590000955,2.0745
0.794600000955,2.10575
0.794610000955,2.10575
0.794620000955,2.10575
0.794630000955,2.10575
0.794640000955,2.137
0.794650000955,2.137
0.794660000955,2.137
0.794670000955,2.137
0.794680000955,2.137
0.794690000955,2.10575
0.794700000955,2.137
0.794710000955,2.10575
0.794720000955,2.10575
0.794730000955,2.10575
0.794740000955,2.16825
0.794750000955,2.10575
0.794760000955,2.10575
0.794770000955,2.10575
0.794780000955,2.0745
0.794790000955,2.10575
0.794800000955,2.137
0.794810000955,2.10575
0.794820000955,2.10575
0.794830000955,2.10575
0.794840000955,2.10575
0.794850000955,2.137
0.794860000955,2.0745
0.794870000955,2.137
0.794880000955,2.10575
0.794890000955,2.10575
0.794900000955,2.10575
0.794910000955,2.0745
0.794920000955,2.10575
0.794930000955,2.137
0.794940000955,2.137
0.794950000955,2.10575
0.794960000955,2.10575
0.794970000955,2.0745
0.794980000955,2.10575
0.794990000955,2.137
0.795000000955,2.10575
0.795010000955,2.10575
0.795020000955,2.10575
0.795030000955,2.137
0.795040000955,2.10575
0.795050000955,2.10575
0.795060000955,2.10575
0.795070000955,2.0745
0.795080000955,2.10575
0.795090000955,2.10575
0.795100000955,2.10575
0.795110000955,2.10575
0.795120000955,2.137
0.795130000955,2.10575
0.795140000955,2.10575
0.795150000955,2.10575
0.795160000955,2.10575
0.795170000955,2.137
0.795180000955,2.10575
0.795190000955,2.0745
0.795200000955,2.10575
0.795210000955,2.137
0.795220000955,2.10575
0.795230000955,2.0745
0.795240000955,2.10575
0.795250000955,2.10575
0.795260000955,2.0745
0.795270000955,2.10575
0.795280000955,2.10575
0.795290000955,2.137
0.795300000955,2.10575
0.795310000955,2.10575
0.795320000955,2.10575
0.795330000955,2.0745
0.795340000955,2.10575
0.795350000955,2.0745
0.795360000955,2.10575
0.795370000955,2.0745
0.795380000955,2.0745
0.795390000955,2.0745
0.795400000955,2.0745
0.795410000955,2.0745
0.795420000955,2.137
0.795430000955,2.10575
0.795440000955,2.10575
0.795450000955,2.0745
0.795460000955,2.10575
0.795470000955,2.0745
0.795480000955,2.10575
0.795490000955,2.0745
0.795500000955,2.137
0.795510000955,2.10575
0.795520000955,2.0745
0.795530000955,2.10575
0.795540000955,2.0745
0.795550000955,2.0745
0.795560000955,2.10575
0.795570000955,2.10575
0.795580000955,2.137
0.795590000955,2.10575
0.795600000955,2.10575
0.795610000955,2.0745
0.795620000955,2.0745
0.795630000955,2.10575
0.795640000955,2.10575
0.795650000955,2.0745
0.795660000955,2.0745
0.795670000955,2.10575
0.795680000955,2.10575
0.795690000955,2.137
0.795700000955,2.0745
0.795710000955,2.0745
0.795720000955,2.10575
0.795730000955,2.10575
0.795740000955,2.10575
0.795750000955,2.10575
0.795760000955,2.10575
0.795770000955,2.0745
0.795780000955,2.0745
0.795790000955,2.10575
0.795800000955,2.0745
0.795810000955,2.0745
0.795820000955,2.10575
0.795830000955,2.10575
0.795840000955,2.10575
0.795850000955,2.10575
0.795860000955,2.10575
0.795870000955,2.0745
0.795880000955,2.10575
0.795890000955,2.10575
0.795900000955,2.10575
0.795910000955,2.10575
0.795920000955,2.0745
0.795930000955,2.10575
0.795940000955,2.10575
0.795950000955,2.0745
0.795960000955,2.0745
0.795970000955,2.137
0.795980000955,2.10575
0.795990000955,2.10575
0.796000000955,2.10575
0.796010000955,2.10575
0.796020000955,2.0745
0.796030000955,2.0745
0.796040000955,2.0745
0.796050000955,2.0745
0.796060000955,2.10575
0.796070000955,2.10575
0.796080000955,2.0745
0.796090000955,2.137
0.796100000955,2.0745
0.796110000955,2.0745
0.796120000955,2.10575
0.796130000955,2.10575
0.796140000955,2.0745
0.796150000955,2.10575
0.796160000955,2.10575
0.796170000955,2.10575
0.796180000955,2.0745
0.796190000955,2.137
0.796200000955,2.0745
0.796210000955,2.10575
0.796220000955,2.0745
0.796230000955,2.0745
0.796240000955,2.04325
0.796250000955,2.10575
0.796260000955,2.10575
0.796270000955,2.10575
0.796280000955,2.0745
0.796290000955,2.10575
0.796300000955,2.10575
0.796310000955,2.0745
0.796320000955,2.10575
0.796330000955,2.10575
0.796340000955,2.10575
0.796350000955,2.10575
0.796360000955,2.0745
0.796370000955,2.0745
0.796380000955,2.10575
0.796390000955,2.10575
0.796400000955,2.0745
0.796410000955,2.0745
0.796420000955,2.0745
0.796430000955,2.137
0.796440000955,2.10575
0.796450000955,2.04325
0.796460000955,2.10575
0.796470000955,2.10575
0.796480000955,2.10575
0.796490000955,2.10575
0.796500000955,2.137
0.796510000955,2.0745
0.796520000955,2.0745
0.796530000955,2.137
0.796540000955,2.10575
0.796550000955,2.10575
0.796560000955,2.137
0.796570000955,2.0745
0.796580000955,2.0745
0.796590000955,2.10575
0.796600000955,2.10575
0.796610000955,2.10575
0.796620000955,2.0745
0.796630000955,2.137
0.796640000955,2.04325
0.796650000955,2.10575
0.796660000955,2.10575
0.796670000955,2.137
0.796680000955,2.10575
0.796690000955,2.0745
0.796700000955,2.10575
0.796710000955,2.10575
0.796720000955,2.10575
0.796730000955,2.137
0.796740000955,2.10575
0.796750000955,2.10575
0.796760000955,2.10575
0.796770000955,2.137
0.796780000955,2.10575
0.796790000955,2.10575
0.796800000955,2.10575
0.796810000955,2.10575
0.796820000955,2.0745
0.796830000955,2.10575
0.796840000955,2.0745
0.796850000955,2.0745
0.796860000955,2.137
0.796870000955,2.0745
0.796880000955,2.10575
0.796890000955,2.10575
0.796900000955,2.0745
0.796910000955,2.137
0.796920000955,2.137
0.796930000955,2.10575
0.796940000955,2.10575
0.796950000955,2.10575
0.796960000955,2.10575
0.796970000955,2.10575
0.796980000955,2.137
0.796990000955,2.10575
0.797000000955,2.10575
0.797010000955,2.10575
0.797020000955,2.10575
0.797030000955,2.10575
0.797040000955,2.10575
0.797050000955,2.137
0.797060000955,2.0745
0.797070000955,2.0745
0.797080000955,2.137
0.797090000955,2.10575
0.797100000955,2.0745
0.797110000955,2.137
0.797120000955,2.0745
0.797130000955,2.10575
0.797140000955,2.10575
0.797150000955,2.0745
0.797160000955,2.10575
0.797170000955,2.10575
0.797180000955,2.137
0.797190000955,2.10575
0.797200000955,2.0745
0.797210000955,2.0745
0.797220000955,2.10575
0.797230000955,2.10575
0.797240000955,2.10575
0.797250000955,2.10575
0.797260000955,2.0745
0.797270000955,2.10575
0.797280000955,2.10575
0.797290000955,2.10575
0.797300000955,2.137
0.797310000955,2.10575
0.797320000955,2.10575
0.797330000955,2.10575
0.797340000955,2.10575
0.797350000955,2.10575
0.797360000955,2.0745
0.797370000955,2.0745
0.797380000955,2.0745
0.797390000955,2.10575
0.797400000955,2.10575
0.797410000955,2.137
0.797420000955,2.0745
0.797430000955,2.10575
0.797440000955,2.137
0.797450000955,2.10575
0.797460000955,2.0745
0.797470000955,2.0745
0.797480000955,2.10575
0.797490000955,2.10575
0.797500000955,2.10575
0.797510000955,2.10575
0.797520000955,2.10575
0.797530000955,2.10575
0.797540000955,2.0745
0.797550000955,2.137
0.797560000955,2.10575
0.797570000955,2.10575
0.797580000955,2.10575
0.797590000955,2.0745
0.797600000955,2.10575
0.797610000955,2.10575
0.797620000955,2.0745
0.797630000955,2.0745
0.797640000955,2.10575
0.797650000955,2.10575
0.797660000955,2.10575
0.797670000955,2.10575
0.797680000955,2.10575
0.797690000955,2.0745
0.797700000955,2.10575
0.797710000955,2.10575
0.797720000955,2.10575
0.797730000955,2.137
0.797740000955,2.0745
0.797750000955,2.0745
0.797760000955,2.10575
0.797770000955,2.10575
0.797780000955,2.10575
0.797790000955,2.10575
0.797800000955,2.10575
0.797810000955,2.10575
0.797820000955,2.0745
0.797830000955,2.137
0.797840000955,2.10575
0.797850000955,2.10575
0.797860000955,2.10575
0.797870000955,2.10575
0.797880000955,2.0745
0.797890000955,2.10575
0.797900000955,2.0745
0.797910000955,2.0745
0.797920000955,2.137
0.797930000955,2.10575
0.797940000955,2.10575
0.797950000955,2.10575
0.797960000955,2.0745
0.797970000955,2.10575
0.797980000955,2.10575
0.797990000955,2.10575
0.798000000955,2.10575
0.798010000955,2.10575
0.798020000955,2.10575
0.798030000955,2.10575
0.798040000955,2.10575
0.798050000955,2.0745
0.798060000955,2.10575
0.798070000955,2.10575
0.798080000955,2.137
0.798090000955,2.0745
0.798100000955,2.0745
0.798110000955,2.0745
0.798120000955,2.10575
0.798130000955,2.10575
0.798140000955,2.10575
0.798150000955,2.137
0.798160000955,2.10575
0.798170000955,2.04325
0.798180000955,2.10575
0.798190000955,2.10575
0.798200000955,2.137
0.798210000955,2.10575
0.798220000955,2.0745
0.798230000955,2.10575
0.798240000955,2.10575
0.798250000955,2.10575
0.798260000955,2.0745
0.798270000955,2.10575
0.798280000955,2.10575
0.798290000955,2.10575
0.798300000955,2.10575
0.798310000955,2.10575
0.798320000955,2.10575
0.798330000955,2.0745
0.798340000955,2.10575
0.798350000955,2.10575
0.798360000955,2.137
0.798370000955,2.10575
0.798380000955,2.10575
0.798390000955,2.10575
0.798400000955,2.10575
0.798410000955,2.137
0.798420000955,2.10575
0.798430000955,2.10575
0.798440000955,2.0745
0.798450000955,2.10575
0.798460000955,2.10575
0.798470000955,2.10575
0.798480000955,2.10575
0.798490000955,2.10575
0.798500000955,2.10575
0.798510000955,2.0745
0.798520000955,2.137
0.798530000955,2.137
0.798540000955,2.10575
0.798550000955,2.10575
0.798560000955,2.10575
0.798570000955,2.137
0.798580000955,2.10575
0.798590000955,2.10575
0.798600000955,2.10575
0.798610000955,2.137
0.798620000955,2.0745
0.798630000955,2.10575
0.798640000955,2.10575
0.798650000955,2.10575
0.798660000955,2.10575
0.798670000955,2.0745
0.798680000955,2.10575
0.798690000955,2.10575
0.798700000955,2.0745
0.798710000955,2.10575
0.798720000955,2.0745
0.798730000955,2.137
0.798740000955,2.10575
0.798750000955,2.10575
0.798760000955,2.10575
0.798770000955,2.10575
0.798780000955,2.137
0.798790000955,2.10575
0.798800000955,2.10575
0.798810000955,2.0745
0.798820000955,2.0745
0.798830000955,2.10575
0.798840000955,2.0745
0.798850000955,2.10575
0.798860000955,2.10575
0.798870000955,2.10575
0.798880000955,2.0745
0.798890000955,2.0745
0.798900000955,2.0745
0.798910000955,2.137
0.798920000955,2.10575
0.798930000955,2.10575
0.798940000955,2.04325
0.798950000955,2.0745
0.798960000955,2.10575
0.798970000955,2.0745
0.798980000955,2.0745
0.798990000955,2.137
0.799000000955,2.0745
0.799010000955,2.137
0.799020000955,2.137
0.799030000955,2.10575
0.799040000955,2.10575
0.799050000955,2.10575
0.799060000955,2.10575
0.799070000955,2.137
0.799080000955,2.10575
0.799090000955,2.137
0.799100000955,2.0745
0.799110000955,2.137
0.799120000955,2.10575
0.799130000955,2.0745
0.799140000955,2.10575
0.799150000955,2.10575
0.799160000955,2.10575
0.799170000955,2.0745
0.799180000955,2.10575
0.799190000955,2.0745
0.799200000955,2.10575
0.799210000955,2.10575
0.799220000955,2.137
0.799230000955,2.0745
0.799240000955,2.137
0.799250000955,2.10575
0.799260000955,2.10575
0.799270000955,2.0745
0.799280000955,2.0745
0.799290000955,2.137
0.799300000955,2.10575
0.799310000955,2.10575
0.799320000955,2.137
0.799330000955,2.10575
0.799340000955,2.137
0.799350000955,2.0745
0.799360000955,2.137
0.799370000955,2.0745
0.799380000955,2.10575
0.799390000955,2.10575
0.799400000955,2.0745
0.799410000955,2.10575
0.799420000955,2.10575
0.799430000955,2.10575
0.799440000955,2.10575
0.799450000955,2.10575
0.799460000955,2.137
0.799470000955,2.0745
0.799480000955,2.10575
0.799490000955,2.10575
0.799500000955,2.137
0.799510000955,2.10575
0.799520000955,2.137
0.799530000955,2.0745
0.799540000955,2.10575
0.799550000955,2.10575
0.799560000955,2.10575
0.799570000955,2.0745
0.799580000955,2.10575
0.799590000955,2.0745
0.799600000955,2.137
0.799610000955,2.10575
0.799620000955,2.10575
0.799630000955,2.10575
0.799640000955,2.10575
0.799650000955,2.10575
0.799660000955,2.10575
0.799670000955,2.10575
0.799680000955,2.10575
0.799690000955,2.10575
0.799700000955,2.10575
0.799710000955,2.10575
0.799720000955,2.10575
0.799730000955,2.0745
0.799740000955,2.10575
0.799750000955,2.0745
0.799760000955,2.10575
0.799770000955,2.137
0.799780000955,2.0745
0.799790000955,2.10575
0.799800000955,2.0745
0.799810000955,2.10575
0.799820000955,2.10575
0.799830000955,2.10575
0.799840000955,2.0745
0.799850000955,2.10575
0.799860000955,2.0745
0.799870000955,2.0745
0.799880000955,2.137
0.799890000955,2.137
0.799900000955,2.0745
0.799910000955,2.10575
0.799920000955,2.137
0.799930000955,2.10575
0.799940000955,2.10575
0.799950000955,2.10575
0.799960000955,2.10575
0.799970000955,2.0745
0.799980000955,2.0745
0.799990000955,2.137
0.800000000955,2.137
0.800010000955,2.0745
0.800020000955,2.10575
0.800030000955,2.10575
0.800040000955,2.0745
0.800050000955,2.0745
0.800060000955,2.137
0.800070000955,2.137
0.800080000955,2.137
0.800090000955,2.137
0.800100000955,2.0745
0.800110000955,2.0745
0.800120000955,2.137
0.800130000955,2.10575
0.800140000955,2.10575
0.800150000955,2.137
0.800160000955,2.10575
0.800170000955,2.10575
0.800180000955,2.0745
0.800190000955,2.10575
0.800200000955,2.0745
0.800210000955,2.10575
0.800220000955,2.137
0.800230000955,2.10575
0.800240000955,2.10575
0.800250000955,2.0745
0.800260000955,2.10575
0.800270000955,2.10575
0.800280000955,2.10575
0.800290000955,2.10575
0.800300000955,2.10575
0.800310000955,2.10575
0.800320000955,2.10575
0.800330000955,2.137
0.800340000955,2.10575
0.800350000955,2.137
0.800360000955,2.0745
0.800370000955,2.10575
0.800380000955,2.10575
0.800390000955,2.0745
0.800400000955,2.137
0.800410000955,2.10575
0.800420000955,2.10575
0.800430000955,2.10575
0.800440000955,2.10575
0.800450000955,2.0745
0.800460000955,2.0745
0.800470000955,2.137
0.800480000955,2.10575
0.800490000955,2.10575
0.800500000955,2.10575
0.800510000955,2.137
0.800520000955,2.10575
0.800530000955,2.10575
0.800540000955,2.10575
0.800550000955,2.10575
0.800560000955,2.10575
0.800570000955,2.10575
0.800580000955,2.137
0.800590000955,2.10575
0.800600000955,2.137
0.800610000955,2.137
0.800620000955,2.10575
0.800630000955,2.137
0.800640000955,2.137
0.800650000955,2.10575
0.800660000955,2.10575
0.800670000955,2.10575
0.800680000955,2.137
0.800690000955,2.10575
0.800700000955,2.137
0.800710000955,2.10575
0.800720000955,2.16825
0.800730000955,2.10575
0.800740000955,2.137
0.800750000955,2.0745
0.800760000955,2.0745
0.800770000955,2.10575
0.800780000955,2.10575
0.800790000955,2.10575
0.800800000955,2.0745
0.800810000955,2.10575
0.800820000955,2.137
0.800830000955,2.10575
0.800840000955,2.137
0.800850000955,2.10575
0.800860000955,2.10575
0.800870000955,2.137
0.800880000955,2.0745
0.800890000955,2.0745
0.800900000955,2.0745
0.800910000955,2.0745
0.800920000955,2.0745
0.800930000955,2.10575
0.800940000955,2.137
0.800950000955,2.137
0.800960000955,2.0745
0.800970000955,2.10575
0.800980000955,2.0745
0.800990000955,2.0745
0.801000000955,2.10575
0.801010000955,2.137
0.801020000955,2.10575
0.801030000955,2.137
0.801040000955,2.137
0.801050000955,2.0745
0.801060000955,2.10575
0.801070000955,2.137
0.801080000955,2.0745
0.801090000955,2.10575
0.801100000955,2.137
0.801110000955,2.0745
0.801120000955,2.0745
0.801130000955,2.0745
0.801140000955,2.10575
0.801150000955,2.0745
0.801160000955,2.137
0.801170000955,2.137
0.801180000955,2.10575
0.801190000955,2.137
0.801200000955,2.10575
0.801210000955,2.10575
0.801220000955,2.137
0.801230000955,2.10575
0.801240000955,2.10575
0.801250000955,2.10575
0.801260000955,2.0745
0.801270000955,2.10575
0.801280000955,2.10575
0.801290000955,2.10575
0.801300000955,2.10575
0.801310000955,2.10575
0.801320000955,2.10575
0.801330000955,2.10575
0.801340000955,2.10575
0.801350000955,2.10575
0.801360000955,2.10575
0.801370000955,2.0745
0.801380000955,2.10575
0.801390000955,2.137
0.801400000955,2.0745
0.801410000955,2.10575
0.801420000955,2.10575
0.801430000955,2.10575
0.801440000955,2.10575
0.801450000955,2.10575
0.801460000955,2.10575
0.801470000955,2.10575
0.801480000955,2.137
0.801490000955,2.0745
0.801500000955,2.137
0.801510000955,2.10575
0.801520000955,2.137
0.801530000955,2.10575
0.801540000955,2.10575
0.801550000955,2.10575
0.801560000955,2.137
0.801570000955,2.137
0.801580000955,2.0745
0.801590000955,2.10575
0.801600000955,2.10575
0.801610000955,2.137
0.801620000955,2.0745
0.801630000955,2.10575
0.801640000955,2.0745
0.801650000955,2.137
0.801660000955,2.10575
0.801670000955,2.0745
0.801680000955,2.10575
0.801690000955,2.10575
0.801700000955,2.10575
0.801710000955,2.10575
0.801720000955,2.137
0.801730000955,2.0745
0.801740000955,2.10575
0.801750000955,2.10575
0.801760000955,2.137
0.801770000955,2.0745
0.801780000955,2.137
0.801790000955,2.137
0.801800000955,2.137
0.801810000955,2.10575
0.801820000955,2.137
0.801830000955,2.10575
0.801840000955,2.10575
0.801850000955,2.0745
0.801860000955,2.10575
0.801870000955,2.10575
0.801880000955,2.10575
0.801890000955,2.10575
0.801900000955,2.10575
0.801910000955,2.0745
0.801920000955,2.10575
0.801930000955,2.10575
0.801940000955,2.0745
0.801950000955,2.137
0.801960000955,2.0745
0.801970000955,2.10575
0.801980000955,2.10575
0.801990000955,2.10575
0.802000000955,2.10575
0.802010000955,2.137
0.802020000955,2.10575
0.802030000955,2.10575
0.802040000955,2.10575
0.802050000955,2.10575
0.802060000955,2.10575
0.802070000955,2.0745
0.802080000955,2.10575
0.802090000955,2.10575
0.802100000955,2.10575
0.802110000955,2.137
0.802120000955,2.137
0.802130000955,2.10575
0.802140000955,2.10575
0.802150000955,2.10575
0.802160000955,2.137
0.802170000955,2.10575
0.802180000955,2.16825
0.802190000955,2.137
0.802200000955,2.10575
0.802210000955,2.0745
0.802220000955,2.10575
0.802230000955,2.10575
0.802240000955,2.137
0.802250000955,2.10575
0.802260000955,2.10575
0.802270000955,2.10575
0.802280000955,2.10575
0.802290000955,2.10575
0.802300000955,2.10575
0.802310000955,2.0745
0.802320000955,2.10575
0.802330000955,2.10575
0.802340000955,2.10575
0.802350000955,2.10575
0.802360000955,2.137
0.802370000955,2.10575
0.802380000955,2.0745
0.802390000955,2.10575
0.802400000955,2.0745
0.802410000955,2.10575
0.802420000955,2.0745
0.802430000955,2.10575
0.802440000955,2.10575
0.802450000955,2.0745
0.802460000955,2.10575
0.802470000955,2.10575
0.802480000955,2.10575
0.802490000955,2.10575
0.802500000955,2.0745
0.802510000955,2.10575
0.802520000955,2.10575
0.802530000955,2.0745
0.802540000955,2.0745
0.802550000955,2.0745
0.802560000955,2.10575
0.802570000955,2.137
0.802580000955,2.10575
0.802590000955,2.0745
0.802600000955,2.10575
0.802610000955,2.10575
0.802620000955,2.137
0.802630000955,2.10575
0.802640000955,2.10575
0.802650000955,2.137
0.802660000955,2.137
0.802670000955,2.10575
0.802680000955,2.0745
0.802690000955,2.10575
0.802700000955,2.10575
0.802710000955,2.10575
0.802720000955,2.10575
0.802730000955,2.137
0.802740000955,2.0745
0.802750000955,2.10575
0.802760000955,2.16825
0.802770000955,2.10575
0.802780000955,2.10575
0.802790000955,2.137
0.802800000955,2.10575
0.802810000955,2.10575
0.802820000955,2.137
0.802830000955,2.10575
0.802840000955,2.10575
0.802850000955,2.10575
0.802860000955,2.0745
0.802870000955,2.137
0.802880000955,2.0745
0.802890000955,2.10575
0.802900000955,2.137
0.802910000955,2.10575
0.802920000955,2.0745
0.802930000955,2.10575
0.802940000955,2.137
0.802950000955,2.10575
0.802960000955,2.10575
0.802970000955,2.10575
0.802980000955,2.10575
0.802990000955,2.10575
0.803000000955,2.0745
0.803010000955,2.10575
0.803020000955,2.10575
0.803030000955,2.10575
0.803040000955,2.10575
0.803050000955,2.10575
0.803060000955,2.10575
0.803070000955,2.10575
0.803080000955,2.0745
0.803090000955,2.10575
0.803100000955,2.10575
0.803110000955,2.10575
0.803120000955,2.10575
0.803130000955,2.10575
0.803140000955,2.10575
0.803150000955,2.137
0.803160000955,2.10575
0.803170000955,2.10575
0.803180000955,2.10575
0.803190000955,2.0745
0.803200000955,2.10575
0.803210000955,2.137
0.803220000955,2.10575
0.803230000955,2.04325
0.803240000955,2.10575
0.803250000955,2.10575
0.803260000955,2.10575
0.803270000955,2.04325
0.803280000955,2.10575
0.803290000955,2.137
0.803300000955,2.137
0.803310000955,2.0745
0.803320000955,2.0745
0.803330000955,2.137
0.803340000955,2.0745
0.803350000955,2.0745
0.803360000955,2.137
0.803370000955,2.10575
0.803380000955,2.10575
0.803390000955,2.10575
0.803400000955,2.10575
0.803410000955,2.10575
0.803420000955,2.0745
0.803430000955,2.10575
0.803440000955,2.0745
0.803450000955,2.10575
0.803460000955,2.0745
0.803470000955,2.0745
0.803480000955,2.10575
0.803490000955,2.137
0.803500000955,2.10575
0.803510000955,2.137
0.803520000955,2.10575
0.803530000955,2.10575
0.803540000955,2.137
0.803550000955,2.10575
0.803560000955,2.10575
0.803570000955,2.0745
0.803580000955,2.0745
0.803590000955,2.137
0.803600000955,2.137
0.803610000955,2.137
0.803620000955,2.0745
0.803630000955,2.10575
0.803640000955,2.10575
0.803650000955,2.10575
0.803660000955,2.10575
0.803670000955,2.10575
0.803680000955,2.10575
0.803690000955,2.10575
0.803700000955,2.0745
0.803710000955,2.137
0.803720000955,2.10575
0.803730000955,2.10575
0.803740000955,2.10575
0.803750000955,2.10575
0.803760000955,2.10575
0.803770000955,2.10575
0.803780000955,2.10575
0.803790000955,2.10575
0.803800000955,2.137
0.803810000955,2.10575
0.803820000955,2.10575
0.803830000955,2.10575
0.803840000955,2.10575
0.803850000955,2.10575
0.803860000955,2.137
0.803870000955,2.10575
0.803880000955,2.137
0.803890000955,2.137
0.803900000955,2.137
0.803910000955,2.10575
0.803920000955,2.10575
0.803930000955,2.10575
0.803940000955,2.04325
0.803950000955,2.10575
0.803960000955,2.10575
0.803970000955,2.10575
0.803980000955,2.10575
0.803990000955,2.10575
0.804000000955,2.137
0.804010000955,2.137
0.804020000955,2.10575
0.804030000955,2.10575
0.804040000955,2.10575
0.804050000955,2.137
0.804060000955,2.137
0.804070000955,2.10575
0.804080000955,2.137
0.804090000955,2.10575
0.804100000955,2.10575
0.804110000955,2.10575
0.804120000955,2.10575
0.804130000955,2.10575
0.804140000955,2.10575
0.804150000955,2.10575
0.804160000955,2.10575
0.804170000955,2.10575
0.804180000955,2.137
0.804190000955,2.0745
0.804200000955,2.137
0.804210000955,2.10575
0.804220000955,2.10575
0.804230000955,2.10575
0.804240000955,2.10575
0.804250000955,2.10575
0.804260000955,2.10575
0.804270000955,2.137
0.804280000955,2.10575
0.804290000955,2.10575
0.804300000955,2.137
0.804310000955,2.10575
0.804320000955,2.137
0.804330000955,2.137
0.804340000955,2.137
0.804350000955,2.137
0.804360000955,2.10575
0.804370000955,2.10575
0.804380000955,2.10575
0.804390000955,2.10575
0.804400000955,2.137
0.804410000955,2.10575
0.804420000955,2.10575
0.804430000955,2.10575
0.804440000955,2.10575
0.804450000955,2.10575
0.804460000955,2.10575
0.804470000955,2.137
0.804480000955,2.10575
0.804490000955,2.10575
0.804500000955,2.137
0.804510000955,2.0745
0.804520000955,2.137
0.804530000955,2.10575
0.804540000955,2.0745
0.804550000955,2.10575
0.804560000955,2.137
0.804570000955,2.10575
0.804580000955,2.137
0.804590000955,2.137
0.804600000955,2.10575
0.804610000955,2.10575
0.804620000955,2.0745
0.804630000955,2.10575
0.804640000955,2.10575
0.804650000955,2.10575
0.804660000955,2.10575
0.804670000955,2.10575
0.804680000955,2.10575
0.804690000955,2.16825
0.804700000955,2.137
0.804710000955,2.10575
0.804720000955,2.10575
0.804730000955,2.10575
0.804740000955,2.137
0.804750000955,2.10575
0.804760000955,2.10575
0.804770000955,2.10575
0.804780000955,2.10575
0.804790000955,2.10575
0.804800000955,2.137
0.804810000955,2.16825
0.804820000955,2.137
0.804830000955,2.10575
0.804840000955,2.0745
0.804850000955,2.10575
0.804860000955,2.137
0.804870000955,2.10575
0.804880000955,2.137
0.804890000955,2.10575
0.804900000955,2.10575
0.804910000955,2.10575
0.804920000955,2.137
0.804930000955,2.137
0.804940000955,2.10575
0.804950000955,2.10575
0.804960000955,2.0745
0.804970000955,2.137
0.804980000955,2.10575
0.804990000955,2.0745
0.805000000955,2.137
0.805010000955,2.10575
0.805020000955,2.10575
0.805030000955,2.10575
0.805040000955,2.10575
0.805050000955,2.10575
0.805060000955,2.0745
0.805070000955,2.137
0.805080000955,2.10575
0.805090000955,2.0745
0.805100000955,2.16825
0.805110000955,2.10575
0.805120000955,2.10575
0.805130000955,2.10575
0.805140000955,2.10575
0.805150000955,2.0745
0.805160000955,2.10575
0.805170000955,2.137
0.805180000955,2.137
0.805190000955,2.10575
0.805200000955,2.10575
0.805210000955,2.137
0.805220000955,2.10575
0.805230000955,2.10575
0.805240000955,2.10575
0.805250000955,2.10575
0.805260000955,2.10575
0.805270000955,2.137
0.805280000955,2.10575
0.805290000955,2.137
0.805300000955,2.10575
0.805310000955,2.10575
0.805320000955,2.10575
0.805330000955,2.0745
0.805340000955,2.0745
0.805350000955,2.10575
0.805360000955,2.10575
0.805370000955,2.10575
0.805380000955,2.10575
0.805390000955,2.10575
0.805400000955,2.10575
0.805410000955,2.137
0.805420000955,2.10575
0.805430000955,2.10575
0.805440000955,2.10575
0.805450000955,2.10575
0.805460000955,2.10575
0.805470000955,2.10575
0.805480000955,2.10575
0.805490000955,2.10575
0.805500000955,2.10575
0.805510000955,2.137
0.805520000955,2.10575
0.805530000955,2.10575
0.805540000955,2.10575
0.805550000955,2.137
0.805560000955,2.137
0.805570000955,2.10575
0.805580000955,2.137
0.805590000955,2.137
0.805600000955,2.137
0.805610000955,2.10575
0.805620000955,2.10575
0.805630000955,2.0745
0.805640000955,2.10575
0.805650000955,2.137
0.805660000955,2.137
0.805670000955,2.137
0.805680000955,2.137
0.805690000955,2.0745
0.805700000955,2.137
0.805710000955,2.10575
0.805720000955,2.0745
0.805730000955,2.0745
0.805740000955,2.10575
0.805750000955,2.137
0.805760000955,2.10575
0.805770000955,2.137
0.805780000955,2.10575
0.805790000955,2.10575
0.805800000955,2.137
0.805810000955,2.137
0.805820000955,2.10575
0.805830000955,2.10575
0.805840000955,2.137
0.805850000955,2.10575
0.805860000955,2.0745
0.805870000955,2.10575
0.805880000955,2.10575
0.805890000955,2.0745
0.805900000955,2.10575
0.805910000955,2.10575
0.805920000955,2.10575
0.805930000955,2.137
0.805940000955,2.0745
0.805950000955,2.137
0.805960000955,2.137
0.805970000955,2.137
0.805980000955,2.137
0.805990000955,2.10575
0.806000000955,2.10575
0.806010000955,2.0745
0.806020000955,2.137
0.806030000955,2.137
0.806040000955,2.10575
0.806050000955,2.10575
0.806060000955,2.10575
0.806070000955,2.10575
0.806080000955,2.10575
0.806090000955,2.0745
0.806100000955,2.10575
0.806110000955,2.137
0.806120000955,2.0745
0.806130000955,2.137
0.806140000955,2.10575
0.806150000955,2.137
0.806160000955,2.137
0.806170000955,2.10575
0.806180000955,2.137
0.806190000955,2.137
0.806200000955,2.10575
0.806210000955,2.137
0.806220000955,2.10575
0.806230000955,2.0745
0.806240000955,2.137
0.806250000955,2.10575
0.806260000955,2.137
0.806270000955,2.137
0.806280000955,2.10575
0.806290000955,2.10575
0.806300000955,2.10575
0.806310000955,2.10575
0.806320000955,2.10575
0.806330000955,2.137
0.806340000955,2.10575
0.806350000955,2.137
0.806360000955,2.137
0.806370000955,2.10575
0.806380000955,2.10575
0.806390000955,2.0745
0.806400000955,2.137
0.806410000955,2.0745
0.806420000955,2.10575
0.806430000955,2.10575
0.806440000955,2.10575
0.806450000955,2.0745
0.806460000955,2.137
0.806470000955,2.10575
0.806480000955,2.137
0.806490000955,2.137
0.806500000955,2.0745
0.806510000955,2.10575
0.806520000955,2.10575
0.806530000955,2.137
0.806540000955,2.0745
0.806550000955,2.10575
0.806560000955,2.10575
0.806570000955,2.10575
0.806580000955,2.10575
0.806590000955,2.10575
0.806600000955,2.137
0.806610000955,2.10575
0.806620000955,2.10575
0.806630000955,2.10575
0.806640000955,2.137
0.806650000955,2.0745
0.806660000955,2.10575
0.806670000955,2.0745
0.806680000955,2.10575
0.806690000955,2.0745
0.806700000955,2.137
0.806710000955,2.10575
0.806720000955,2.0745
0.806730000955,2.137
0.806740000955,2.137
0.806750000955,2.137
0.806760000955,2.10575
0.806770000955,2.0745
0.806780000955,2.10575
0.806790000955,2.10575
0.806800000955,2.137
0.806810000955,2.137
0.806820000955,2.137
0.806830000955,2.137
0.806840000955,2.137
0.806850000955,2.10575
0.806860000955,2.137
0.806870000955,2.10575
0.806880000955,2.10575
0.806890000955,2.10575
0.806900000955,2.10575
0.806910000955,2.10575
0.806920000955,2.10575
0.806930000955,2.137
0.806940000955,2.10575
0.806950000955,2.10575
0.806960000955,2.10575
0.806970000955,2.10575
0.806980000955,2.10575
0.806990000955,2.10575
0.807000000955,2.10575
0.807010000955,2.0745
0.807020000955,2.10575
0.807030000955,2.10575
0.807040000955,2.10575
0.807050000955,2.10575
0.807060000955,2.10575
0.807070000955,2.10575
0.807080000955,2.10575
0.807090000955,2.137
0.807100000955,2.16825
0.807110000955,2.10575
0.807120000955,2.10575
0.807130000955,2.137
0.807140000955,2.10575
0.807150000955,2.10575
0.807160000955,2.10575
0.807170000955,2.10575
0.807180000955,2.10575
0.807190000955,2.10575
0.807200000955,2.137
0.807210000955,2.10575
0.807220000955,2.10575
0.807230000955,2.137
0.807240000955,2.10575
0.807250000955,2.10575
0.807260000955,2.10575
0.807270000955,2.137
0.807280000955,2.10575
0.807290000955,2.137
0.807300000955,2.10575
0.807310000955,2.10575
0.807320000955,2.10575
0.807330000955,2.137
0.807340000955,2.10575
0.807350000955,2.10575
0.807360000955,2.10575
0.807370000955,2.137
0.807380000955,2.10575
0.807390000955,2.137
0.807400000955,2.10575
0.807410000955,2.10575
0.807420000955,2.137
0.807430000955,2.10575
0.807440000955,2.10575
0.807450000955,2.10575
0.807460000955,2.10575
0.807470000955,2.137
0.807480000955,2.10575
0.807490000955,2.10575
0.807500000955,2.137
0.807510000955,2.10575
0.807520000955,2.10575
0.807530000955,2.137
0.807540000955,2.137
0.807550000955,2.137
0.807560000955,2.137
0.807570000955,2.10575
0.807580000955,2.137
0.807590000955,2.10575
0.807600000955,2.10575
0.807610000955,2.10575
0.807620000955,2.10575
0.807630000955,2.10575
0.807640000955,2.10575
0.807650000955,2.10575
0.807660000955,2.10575
0.807670000955,2.10575
0.807680000955,2.137
0.807690000955,2.137
0.807700000955,2.137
0.807710000955,2.10575
0.807720000955,2.137
0.807730000955,2.10575
0.807740000955,2.137
0.807750000955,2.10575
0.807760000955,2.10575
0.807770000955,2.10575
0.807780000955,2.0745
0.807790000955,2.10575
0.807800000955,2.10575
0.807810000955,2.10575
0.807820000955,2.10575
0.807830000955,2.10575
0.807840000955,2.10575
0.807850000955,2.0745
0.807860000955,2.10575
0.807870000955,2.0745
0.807880000955,2.0745
0.807890000955,2.10575
0.807900000955,2.0745
0.807910000955,2.10575
0.807920000955,2.10575
0.807930000955,2.10575
0.807940000955,2.10575
0.807950000955,2.10575
0.807960000955,2.10575
0.807970000955,2.10575
0.807980000955,2.10575
0.807990000955,2.10575
0.808000000955,2.0745
0.808010000955,2.137
0.808020000955,2.10575
0.808030000955,2.0745
0.808040000955,2.0745
0.808050000955,2.10575
0.808060000955,2.0745
0.808070000955,2.137
0.808080000955,2.10575
0.808090000955,2.10575
0.808100000955,2.10575
0.808110000955,2.137
0.808120000955,2.10575
0.808130000955,2.10575
0.808140000955,2.137
0.808150000955,2.10575
0.808160000955,2.10575
0.808170000955,2.137
0.808180000955,2.10575
0.808190000955,2.16825
0.808200000955,2.10575
0.808210000955,2.10575
0.808220000955,2.10575
0.808230000955,2.16825
0.808240000955,2.137
0.808250000955,2.137
0.808260000955,2.137
0.808270000955,2.137
0.808280000955,2.10575
0.808290000955,2.10575
0.808300000955,2.10575
0.808310000955,2.10575
0.808320000955,2.10575
0.808330000955,2.10575
0.808340000955,2.10575
0.808350000955,2.10575
0.808360000955,2.10575
0.808370000955,2.137
0.808380000955,2.137
0.808390000955,2.137
0.808400000955,2.10575
0.808410000955,2.137
0.808420000955,2.10575
0.808430000955,2.0745
0.808440000955,2.10575
0.808450000955,2.10575
0.808460000955,2.137
0.808470000955,2.10575
0.808480000955,2.10575
0.808490000955,2.10575
0.808500000955,2.137
0.808510000955,2.137
0.808520000955,2.10575
0.808530000955,2.137
0.808540000955,2.10575
0.808550000955,2.10575
0.808560000955,2.10575
0.808570000955,2.137
0.808580000955,2.10575
0.808590000955,2.10575
0.808600000955,2.10575
0.808610000955,2.16825
0.808620000955,2.137
0.808630000955,2.0745
0.808640000955,2.10575
0.808650000955,2.137
0.808660000955,2.10575
0.808670000955,2.10575
0.808680000955,2.10575
0.808690000955,2.10575
0.808700000955,2.137
0.808710000955,2.10575
0.808720000955,2.10575
0.808730000955,2.10575
0.808740000955,2.137
0.808750000955,2.10575
0.808760000955,2.137
0.808770000955,2.10575
0.808780000955,2.137
0.808790000955,2.10575
0.808800000955,2.10575
0.808810000955,2.137
0.808820000955,2.137
0.808830000955,2.0745
0.808840000955,2.10575
0.808850000955,2.16825
0.808860000955,2.10575
0.808870000955,2.137
0.808880000955,2.10575
0.808890000955,2.10575
0.808900000955,2.10575
0.808910000955,2.10575
0.808920000955,2.137
0.808930000955,2.10575
0.808940000955,2.10575
0.808950000955,2.0745
0.808960000955,2.10575
0.808970000955,2.10575
0.808980000955,2.10575
0.808990000955,2.10575
0.809000000955,2.137
0.809010000955,2.10575
0.809020000955,2.137
0.809030000955,2.137
0.809040000955,2.10575
0.809050000955,2.137
0.809060000955,2.10575
0.809070000955,2.10575
0.809080000955,2.10575
0.809090000955,2.10575
0.809100000955,2.137
0.809110000955,2.10575
0.809120000955,2.137
0.809130000955,2.10575
0.809140000955,2.10575
0.809150000955,2.137
0.809160000955,2.137
0.809170000955,2.0745
0.809180000955,2.0745
0.809190000955,2.10575
0.809200000955,2.10575
0.809210000955,2.10575
0.809220000955,2.10575
0.809230000955,2.137
0.809240000955,2.10575
0.809250000955,2.10575
0.809260000955,2.10575
0.809270000955,2.10575
0.809280000955,2.10575
0.809290000955,2.137
0.809300000955,2.0745
0.809310000955,2.10575
0.809320000955,2.10575
0.809330000955,2.137
0.809340000955,2.10575
0.809350000955,2.10575
0.809360000955,2.10575
0.809370000955,2.10575
0.809380000955,2.10575
0.809390000955,2.10575
0.809400000955,2.10575
0.809410000955,2.10575
0.809420000955,2.10575
0.809430000955,2.137
0.809440000955,2.10575
0.809450000955,2.10575
0.809460000955,2.137
0.809470000955,2.10575
0.809480000955,2.137
0.809490000955,2.137
0.809500000955,2.10575
0.809510000955,2.10575
0.809520000955,2.137
0.809530000955,2.10575
0.809540000955,2.10575
0.809550000955,2.137
0.809560000955,2.10575
0.809570000955,2.10575
0.809580000955,2.137
0.809590000955,2.0745
0.809600000955,2.137
0.809610000955,2.10575
0.809620000955,2.04325
0.809630000955,2.10575
0.809640000955,2.10575
0.809650000955,2.137
0.809660000955,2.0745
0.809670000955,2.10575
0.809680000955,2.10575
0.809690000955,2.137
0.809700000955,2.10575
0.809710000955,2.10575
0.809720000955,2.137
0.809730000955,2.137
0.809740000955,2.0745
0.809750000955,2.10575
0.809760000955,2.10575
0.809770000955,2.137
0.809780000955,2.10575
0.809790000955,2.10575
0.809800000955,2.10575
0.809810000955,2.0745
0.809820000955,2.137
0.809830000955,2.10575
0.809840000955,2.10575
0.809850000955,2.137
0.809860000955,2.10575
0.809870000955,2.137
0.809880000955,2.137
0.809890000955,2.137
0.809900000955,2.137
0.809910000955,2.10575
0.809920000955,2.10575
0.809930000955,2.0745
0.809940000955,2.10575
0.809950000955,2.137
0.809960000955,2.10575
0.809970000955,2.10575
0.809980000955,2.137
0.809990000955,2.10575
0.810000000955,2.10575
0.810010000955,2.137
0.810020000955,2.10575
0.810030000955,2.10575
0.810040000955,2.10575
0.810050000955,2.10575
0.810060000955,2.137
0.810070000955,2.10575
0.810080000955,2.10575
0.810090000955,2.137
0.810100000955,2.137
0.810110000955,2.10575
0.810120000955,2.137
0.810130000955,2.137
0.810140000955,2.10575
0.810150000955,2.0745
0.810160000955,2.137
0.810170000955,2.10575
0.810180000955,2.10575
0.810190000955,2.137
0.810200000955,2.137
0.810210000955,2.137
0.810220000955,2.10575
0.810230000955,2.10575
0.810240000955,2.10575
0.810250000955,2.10575
0.810260000955,2.10575
0.810270000955,2.10575
0.810280000955,2.137
0.810290000955,2.10575
0.810300000955,2.137
0.810310000955,2.10575
0.810320000955,2.10575
0.810330000955,2.137
0.810340000955,2.137
0.810350000955,2.10575
0.810360000955,2.10575
0.810370000955,2.10575
0.810380000955,2.137
0.810390000955,2.10575
0.810400000955,2.137
0.810410000955,2.137
0.810420000955,2.137
0.810430000955,2.137
0.810440000955,2.10575
0.810450000955,2.0745
0.810460000955,2.10575
0.810470000955,2.137
0.810480000955,2.10575
0.810490000955,2.10575
0.810500000955,2.10575
0.810510000955,2.10575
0.810520000955,2.10575
0.810530000955,2.10575
0.810540000955,2.10575
0.810550000955,2.137
0.810560000955,2.137
0.810570000955,2.0745
0.810580000955,2.10575
0.810590000955,2.137
0.810600000955,2.10575
0.810610000955,2.10575
0.810620000955,2.10575
0.810630000955,2.10575
0.810640000955,2.10575
0.810650000955,2.0745
0.810660000955,2.10575
0.810670000955,2.10575
0.810680000955,2.10575
0.810690000955,2.10575
0.810700000955,2.10575
0.810710000955,2.10575
0.810720000955,2.0745
0.810730000955,2.0745
0.810740000955,2.137
0.810750000955,2.137
0.810760000955,2.10575
0.810770000955,2.10575
0.810780000955,2.137
0.810790000955,2.10575
0.810800000955,2.10575
0.810810000955,2.10575
0.810820000955,2.10575
0.810830000955,2.0745
0.810840000955,2.10575
0.810850000955,2.0745
0.810860000955,2.137
0.810870000955,2.10575
0.810880000955,2.10575
0.810890000955,2.10575
0.810900000955,2.0745
0.810910000955,2.10575
0.810920000955,2.137
0.810930000955,2.16825
0.810940000955,2.0745
0.810950000955,2.10575
0.810960000955,2.10575
0.810970000955,2.10575
0.810980000955,2.10575
0.810990000955,2.10575
0.811000000955,2.137
0.811010000955,2.137
0.811020000955,2.137
0.811030000955,2.10575
0.811040000955,2.0745
0.811050000955,2.10575
0.811060000955,2.0745
0.811070000955,2.10575
0.811080000955,2.10575
0.811090000955,2.137
0.811100000955,2.10575
0.811110000955,2.10575
0.811120000955,2.10575
0.811130000955,2.10575
0.811140000955,2.10575
0.811150000955,2.137
0.811160000955,2.10575
0.811170000955,2.137
0.811180000955,2.10575
0.811190000955,2.0745
0.811200000955,2.137
0.811210000955,2.10575
0.811220000955,2.10575
0.811230000955,2.10575
0.811240000955,2.10575
0.811250000955,2.0745
0.811260000955,2.10575
0.811270000955,2.137
0.811280000955,2.10575
0.811290000955,2.137
0.811300000955,2.137
0.811310000955,2.10575
0.811320000955,2.16825
0.811330000955,2.16825
0.811340000955,2.137
0.811350000955,2.10575
0.811360000955,2.10575
0.811370000955,2.10575
0.811380000955,2.137
0.811390000955,2.10575
0.811400000955,2.10575
0.811410000955,2.10575
0.811420000955,2.10575
0.811430000955,2.10575
0.811440000955,2.137
0.811450000955,2.0745
0.811460000955,2.137
0.811470000955,2.137
0.811480000955,2.10575
0.811490000955,2.137
0.811500000955,2.10575
0.811510000955,2.10575
0.811520000955,2.137
0.811530000955,2.137
0.811540000955,2.10575
0.811550000955,2.137
0.811560000955,2.10575
0.811570000955,2.10575
0.811580000955,2.137
0.811590000955,2.0745
0.811600000955,2.137
0.811610000955,2.10575
0.811620000955,2.137
0.811630000955,2.10575
0.811640000955,2.137
0.811650000955,2.10575
0.811660000955,2.137
0.811670000955,2.10575
0.811680000955,2.137
0.811690000955,2.10575
0.811700000955,2.16825
0.811710000955,2.137
0.811720000955,2.16825
0.811730000955,2.10575
0.811740000955,2.10575
0.811750000955,2.10575
0.811760000955,2.10575
0.811770000955,2.10575
0.811780000955,2.10575
0.811790000955,2.0745
0.811800000955,2.137
0.811810000955,2.137
0.811820000955,2.137
0.811830000955,2.10575
0.811840000955,2.10575
0.811850000955,2.0745
0.811860000955,2.10575
0.811870000955,2.10575
0.811880000955,2.137
0.811890000955,2.137
0.811900000955,2.10575
0.811910000955,2.137
0.811920000955,2.10575
0.811930000955,2.137
0.811940000955,2.10575
0.811950000955,2.137
0.811960000955,2.137
0.811970000955,2.10575
0.811980000955,2.137
0.811990000955,2.10575
0.812000000955,2.0745
0.812010000955,2.10575
0.812020000955,2.137
0.812030000955,2.10575
0.812040000955,2.137
0.812050000955,2.137
0.812060000955,2.137
0.812070000955,2.0745
0.812080000955,2.137
0.812090000955,2.0745
0.812100000955,2.137
0.812110000955,2.137
0.812120000955,2.10575
0.812130000955,2.137
0.812140000955,2.137
0.812150000955,2.0745
0.812160000955,2.137
0.812170000955,2.137
0.812180000955,2.0745
0.812190000955,2.0745
0.812200000955,2.0745
0.812210000955,2.10575
0.812220000955,2.137
0.812230000955,2.10575
0.812240000955,2.10575
0.812250000955,2.137
0.812260000955,2.137
0.812270000955,2.10575
0.812280000955,2.10575
0.812290000955,2.10575
0.812300000955,2.10575
0.812310000955,2.10575
0.812320000955,2.10575
0.812330000955,2.10575
0.812340000955,2.10575
0.812350000955,2.137
0.812360000955,2.10575
0.812370000955,2.0745
0.812380000955,2.10575
0.812390000955,2.10575
0.812400000955,2.10575
0.812410000955,2.16825
0.812420000955,2.137
0.812430000955,2.0745
0.812440000955,2.137
0.812450000955,2.10575
0.812460000955,2.137
0.812470000955,2.10575
0.812480000955,2.10575
0.812490000955,2.10575
0.812500000955,2.137
0.812510000955,2.137
0.812520000955,2.10575
0.812530000955,2.10575
0.812540000955,2.137
0.812550000955,2.0745
0.812560000955,2.137
0.812570000955,2.10575
0.812580000955,2.137
0.812590000955,2.10575
0.812600000955,2.10575
0.812610000955,2.10575
0.812620000955,2.137
0.812630000955,2.10575
0.812640000955,2.137
0.812650000955,2.137
0.812660000955,2.10575
0.812670000955,2.137
0.812680000955,2.137
0.812690000955,2.0745
0.812700000955,2.137
0.812710000955,2.10575
0.812720000955,2.10575
0.812730000955,2.0745
0.812740000955,2.137
0.812750000955,2.10575
0.812760000955,2.10575
0.812770000955,2.10575
0.812780000955,2.10575
0.812790000955,2.10575
0.812800000955,2.137
0.812810000955,2.10575
0.812820000955,2.10575
0.812830000955,2.10575
0.812840000955,2.137
0.812850000955,2.10575
0.812860000955,2.10575
0.812870000955,2.0745
0.812880000955,2.137
0.812890000955,2.137
0.812900000955,2.10575
0.812910000955,2.137
0.812920000955,2.137
0.812930000955,2.10575
0.812940000955,2.10575
0.812950000955,2.137
0.812960000955,2.10575
0.812970000955,2.10575
0.812980000955,2.10575
0.812990000955,2.137
0.813000000955,2.10575
0.813010000955,2.137
0.813020000955,2.137
0.813030000955,2.10575
0.813040000955,2.10575
0.813050000955,2.137
0.813060000955,2.10575
0.813070000955,2.10575
0.813080000955,2.10575
0.813090000955,2.137
0.813100000955,2.10575
0.813110000955,2.10575
0.813120000955,2.137
0.813130000955,2.137
0.813140000955,2.10575
0.813150000955,2.137
0.813160000955,2.137
0.813170000955,2.10575
0.813180000955,2.137
0.813190000955,2.137
0.813200000955,2.137
0.813210000955,2.16825
0.813220000955,2.10575
0.813230000955,2.10575
0.813240000955,2.10575
0.813250000955,2.10575
0.813260000955,2.10575
0.813270000955,2.0745
0.813280000955,2.10575
0.813290000955,2.10575
0.813300000955,2.137
0.813310000955,2.10575
0.813320000955,2.137
0.813330000955,2.10575
0.813340000955,2.137
0.813350000955,2.10575
0.813360000955,2.0745
0.813370000955,2.137
0.813380000955,2.10575
0.813390000955,2.10575
0.813400000955,2.16825
0.813410000955,2.0745
0.813420000955,2.10575
0.813430000955,2.137
0.813440000955,2.10575
0.813450000955,2.137
0.813460000955,2.10575
0.813470000955,2.10575
0.813480000955,2.10575
0.813490000955,2.137
0.813500000955,2.137
0.813510000955,2.10575
0.813520000955,2.137
0.813530000955,2.0745
0.813540000955,2.137
0.813550000955,2.137
0.813560000955,2.10575
0.813570000955,2.137
0.813580000955,2.137
0.813590000955,2.10575
0.813600000955,2.137
0.813610000955,2.137
0.813620000955,2.10575
0.813630000955,2.137
0.813640000955,2.137
0.813650000955,2.10575
0.813660000955,2.10575
0.813670000955,2.0745
0.813680000955,2.10575
0.813690000955,2.10575
0.813700000955,2.10575
0.813710000955,2.137
0.813720000955,2.10575
0.813730000955,2.10575
0.813740000955,2.10575
0.813750000955,2.137
0.813760000955,2.10575
0.813770000955,2.16825
0.813780000955,2.10575
0.813790000955,2.137
0.813800000955,2.10575
0.813810000955,2.0745
0.813820000955,2.10575
0.813830000955,2.137
0.813840000955,2.10575
0.813850000955,2.10575
0.813860000955,2.10575
0.813870000955,2.137
0.813880000955,2.10575
0.813890000955,2.137
0.813900000955,2.10575
0.813910000955,2.10575
0.813920000955,2.0745
0.813930000955,2.10575
0.813940000955,2.137
0.813950000955,2.137
0.813960000955,2.10575
0.813970000955,2.10575
0.813980000955,2.137
0.813990000955,2.137
0.814000000955,2.10575
0.814010000955,2.10575
0.814020000955,2.0745
0.814030000955,2.10575
0.814040000955,2.137
0.814050000955,2.10575
0.814060000955,2.137
0.814070000955,2.10575
0.814080000955,2.10575
0.814090000955,2.137
0.814100000955,2.137
0.814110000955,2.137
0.814120000955,2.137
0.814130000955,2.137
0.814140000955,2.10575
0.814150000955,2.137
0.814160000955,2.137
0.814170000955,2.10575
0.814180000955,2.10575
0.814190000955,2.10575
0.814200000955,2.10575
0.814210000955,2.137
0.814220000955,2.10575
0.814230000955,2.10575
0.814240000955,2.137
0.814250000955,2.10575
0.814260000955,2.137
0.814270000955,2.10575
0.814280000955,2.10575
0.814290000955,2.10575
0.814300000955,2.10575
0.814310000955,2.10575
0.814320000955,2.137
0.814330000955,2.137
0.814340000955,2.10575
0.814350000955,2.10575
0.814360000955,2.10575
0.814370000955,2.137
0.814380000955,2.0745
0.814390000955,2.137
0.814400000955,2.10575
0.814410000955,2.10575
0.814420000955,2.137
0.814430000955,2.137
0.814440000955,2.137
0.814450000955,2.10575
0.814460000955,2.10575
0.814470000955,2.10575
0.814480000955,2.10575
0.814490000955,2.16825
0.814500000955,2.10575
0.814510000955,2.10575
0.814520000955,2.10575
0.814530000955,2.137
0.814540000955,2.10575
0.814550000955,2.137
0.814560000955,2.10575
0.814570000955,2.137
0.814580000955,2.10575
0.814590000955,2.0745
0.814600000955,2.10575
0.814610000955,2.137
0.814620000955,2.137
0.814630000955,2.137
0.814640000955,2.10575
0.814650000955,2.10575
0.814660000955,2.10575
0.814670000955,2.10575
0.814680000955,2.0745
0.814690000955,2.137
0.814700000955,2.16825
0.814710000955,2.137
0.814720000955,2.137
0.814730000955,2.137
0.814740000955,2.137
0.814750000955,2.10575
0.814760000955,2.137
0.814770000955,2.137
0.814780000955,2.10575
0.814790000955,2.10575
0.814800000955,2.10575
0.814810000955,2.10575
0.814820000955,2.10575
0.814830000955,2.0745
0.814840000955,2.137
0.814850000955,2.10575
0.814860000955,2.0745
0.814870000955,2.10575
0.814880000955,2.137
0.814890000955,2.137
0.814900000955,2.137
0.814910000955,2.137
0.814920000955,2.10575
0.814930000955,2.137
0.814940000955,2.137
0.814950000955,2.137
0.814960000955,2.10575
0.814970000955,2.16825
0.814980000955,2.10575
0.814990000955,2.0745
0.815000000955,2.137
0.815010000955,2.137
0.815020000955,2.137
0.815030000955,2.10575
0.815040000955,2.10575
0.815050000955,2.137
0.815060000955,2.10575
0.815070000955,2.10575
0.815080000955,2.10575
0.815090000955,2.10575
0.815100000955,2.137
0.815110000955,2.137
0.815120000955,2.10575
0.815130000955,2.10575
0.815140000955,2.10575
0.815150000955,2.10575
0.815160000955,2.137
0.815170000955,2.10575
0.815180000955,2.10575
0.815190000955,2.137
0.815200000955,2.10575
0.815210000955,2.10575
0.815220000955,2.137
0.815230000955,2.10575
0.815240000955,2.137
0.815250000955,2.10575
0.815260000955,2.137
0.815270000955,2.10575
0.815280000955,2.10575
0.815290000955,2.10575
0.815300000955,2.137
0.815310000955,2.10575
0.815320000955,2.10575
0.815330000955,2.0745
0.815340000955,2.10575
0.815350000955,2.10575
0.815360000955,2.10575
0.815370000955,2.16825
0.815380000955,2.137
0.815390000955,2.137
0.815400000955,2.0745
0.815410000955,2.137
0.815420000955,2.137
0.815430000955,2.10575
0.815440000955,2.137
0.815450000955,2.10575
0.815460000955,2.10575
0.815470000955,2.0745
0.815480000955,2.137
0.815490000955,2.10575
0.815500000955,2.10575
0.815510000955,2.137
0.815520000955,2.10575
0.815530000955,2.10575
0.815540000955,2.10575
0.815550000955,2.10575
0.815560000955,2.10575
0.815570000955,2.10575
0.815580000955,2.10575
0.815590000955,2.0745
0.815600000955,2.137
0.815610000955,2.10575
0.815620000955,2.10575
0.815630000955,2.10575
0.815640000955,2.10575
0.815650000955,2.137
0.815660000955,2.0745
0.815670000955,2.10575
0.815680000955,2.10575
0.815690000955,2.10575
0.815700000955,2.0745
0.815710000955,2.10575
0.815720000955,2.10575
0.815730000955,2.0745
0.815740000955,2.137
0.815750000955,2.10575
0.815760000955,2.10575
0.815770000955,2.10575
0.815780000955,2.0745
0.815790000955,2.10575
0.815800000955,2.10575
0.815810000955,2.10575
0.815820000955,2.137
0.815830000955,2.137
0.815840000955,2.10575
0.815850000955,2.10575
0.815860000955,2.137
0.815870000955,2.10575
0.815880000955,2.137
0.815890000955,2.137
0.815900000955,2.10575
0.815910000955,2.137
0.815920000955,2.10575
0.815930000955,2.10575
0.815940000955,2.10575
0.815950000955,2.137
0.815960000955,2.0745
0.815970000955,2.137
0.815980000955,2.0745
0.815990000955,2.10575
0.816000000955,2.10575
0.816010000955,2.10575
0.816020000955,2.10575
0.816030000955,2.10575
0.816040000955,2.137
0.816050000955,2.137
0.816060000955,2.10575
0.816070000955,2.0745
0.816080000955,2.137
0.816090000955,2.10575
0.816100000955,2.10575
0.816110000955,2.137
0.816120000955,2.10575
0.816130000955,2.137
0.816140000955,2.137
0.816150000955,2.137
0.816160000955,2.10575
0.816170000955,2.137
0.816180000955,2.0745
0.816190000955,2.10575
0.816200000955,2.10575
0.816210000955,2.10575
0.816220000955,2.10575
0.816230000955,2.10575
0.816240000955,2.10575
0.816250000955,2.10575
0.816260000955,2.137
0.816270000955,2.137
0.816280000955,2.137
0.816290000955,2.10575
0.816300000955,2.10575
0.816310000955,2.137
0.816320000955,2.10575
0.816330000955,2.137
0.816340000955,2.10575
0.816350000955,2.10575
0.816360000955,2.10575
0.816370000955,2.10575
0.816380000955,2.10575
0.816390000955,2.10575
0.816400000955,2.10575
0.816410000955,2.137
0.816420000955,2.137
0.816430000955,2.137
0.816440000955,2.10575
0.816450000955,2.10575
0.816460000955,2.10575
0.816470000955,2.10575
0.816480000955,2.10575
0.816490000955,2.10575
0.816500000955,2.10575
0.816510000955,2.10575
0.816520000955,2.137
0.816530000955,2.10575
0.816540000955,2.10575
0.816550000955,2.10575
0.816560000955,2.10575
0.816570000955,2.137
0.816580000955,2.10575
0.816590000955,2.10575
0.816600000955,2.0745
0.816610000955,2.137
0.816620000955,2.10575
0.816630000955,2.10575
0.816640000955,2.10575
0.816650000955,2.10575
0.816660000955,2.10575
0.816670000955,2.137
0.816680000955,2.0745
0.816690000955,2.10575
0.816700000955,2.10575
0.816710000955,2.10575
0.816720000955,2.10575
0.816730000955,2.137
0.816740000955,2.10575
0.816750000955,2.0745
0.816760000955,2.10575
0.816770000955,2.10575
0.816780000955,2.10575
0.816790000955,2.0745
0.816800000955,2.10575
0.816810000955,2.137
0.816820000955,2.137
0.816830000955,2.137
0.816840000955,2.0745
0.816850000955,2.10575
0.816860000955,2.137
0.816870000955,2.10575
0.816880000955,2.137
0.816890000955,2.10575
0.816900000955,2.10575
0.816910000955,2.10575
0.816920000955,2.10575
0.816930000955,2.0745
0.816940000955,2.10575
0.816950000955,2.0745
0.816960000955,2.0745
0.816970000955,2.10575
0.816980000955,2.10575
0.816990000955,2.10575
0.817000000955,2.137
0.817010000955,2.10575
0.817020000955,2.137
0.817030000955,2.0745
0.817040000955,2.10575
0.817050000955,2.0745
0.817060000955,2.10575
0.817070000955,2.10575
0.817080000955,2.10575
0.817090000955,2.10575
0.817100000955,2.10575
0.817110000955,2.137
0.817120000955,2.10575
0.817130000955,2.0745
0.817140000955,2.10575
0.817150000955,2.10575
0.817160000955,2.0745
0.817170000955,2.10575
0.817180000955,2.0745
0.817190000955,2.0745
0.817200000955,2.10575
0.817210000955,2.10575
0.817220000955,2.10575
0.817230000955,2.10575
0.817240000955,2.0745
0.817250000955,2.10575
0.817260000955,2.10575
0.817270000955,2.10575
0.817280000955,2.10575
0.817290000955,2.10575
0.817300000955,2.10575
0.817310000955,2.10575
0.817320000955,2.10575
0.817330000955,2.10575
0.817340000955,2.10575
0.817350000955,2.0745
0.817360000955,2.137
0.817370000955,2.10575
0.817380000955,2.0745
0.817390000955,2.10575
0.817400000955,2.137
0.817410000955,2.10575
0.817420000955,2.10575
0.817430000955,2.10575
0.817440000955,2.137
0.817450000955,2.10575
0.817460000955,2.137
0.817470000955,2.137
0.817480000955,2.0745
0.817490000955,2.10575
0.817500000955,2.10575
0.817510000955,2.10575
0.817520000955,2.10575
0.817530000955,2.10575
0.817540000955,2.10575
0.817550000955,2.10575
0.817560000955,2.137
0.817570000955,2.10575
0.817580000955,2.10575
0.817590000955,2.137
0.817600000955,2.10575
0.817610000955,2.137
0.817620000955,2.0745
0.817630000955,2.137
0.817640000955,2.10575
0.817650000955,2.10575
0.817660000955,2.10575
0.817670000955,2.0745
0.817680000955,2.10575
0.817690000955,2.10575
0.817700000955,2.10575
0.817710000955,2.10575
0.817720000955,2.10575
0.817730000955,2.10575
0.817740000955,2.137
0.817750000955,2.0745
0.817760000955,2.10575
0.817770000955,2.0745
0.817780000955,2.10575
0.817790000955,2.10575
0.817800000955,2.10575
0.817810000955,2.10575
0.817820000955,2.0745
0.817830000955,2.137
0.817840000955,2.10575
0.817850000955,2.10575
0.817860000955,2.10575
0.817870000955,2.10575
0.817880000955,2.10575
0.817890000955,2.10575
0.817900000955,2.137
0.817910000955,2.10575
0.817920000955,2.0745
0.817930000955,2.10575
0.817940000955,2.10575
0.817950000955,2.10575
0.817960000955,2.10575
0.817970000955,2.10575
0.817980000955,2.10575
0.817990000955,2.0745
0.818000000955,2.10575
0.818010000955,2.137
0.818020000955,2.137
0.818030000955,2.10575
0.818040000955,2.0745
0.818050000955,2.137
0.818060000955,2.10575
0.818070000955,2.0745
0.818080000955,2.10575
0.818090000955,2.0745
0.818100000955,2.137
0.818110000955,2.137
0.818120000955,2.10575
0.818130000955,2.10575
0.818140000955,2.10575
0.818150000955,2.0745
0.818160000955,2.10575
0.818170000955,2.0745
0.818180000955,2.137
0.818190000955,2.0745
0.818200000955,2.137
0.818210000955,2.10575
0.818220000955,2.10575
0.818230000955,2.0745
0.818240000955,2.10575
0.818250000955,2.10575
0.818260000955,2.10575
0.818270000955,2.10575
0.818280000955,2.0745
0.818290000955,2.0745
0.818300000955,2.10575
0.818310000955,2.10575
0.818320000955,2.10575
0.818330000955,2.10575
0.818340000955,2.10575
0.818350000955,2.10575
0.818360000955,2.0745
0.818370000955,2.0745
0.818380000955,2.10575
0.818390000955,2.0745
0.818400000955,2.137
0.818410000955,2.0745
0.818420000955,2.10575
0.818430000955,2.0745
0.818440000955,2.0745
0.818450000955,2.10575
0.818460000955,2.10575
0.818470000955,2.10575
0.818480000955,2.10575
0.818490000955,2.10575
0.818500000955,2.0745
0.818510000955,2.0745
0.818520000955,2.0745
0.818530000955,2.10575
0.818540000955,2.04325
0.818550000955,2.10575
0.818560000955,2.10575
0.818570000955,2.10575
0.818580000955,2.10575
0.818590000955,2.10575
0.818600000955,2.10575
0.818610000955,2.0745
0.818620000955,2.10575
0.818630000955,2.0745
0.818640000955,2.10575
0.818650000955,2.137
0.818660000955,2.0745
0.818670000955,2.10575
0.818680000955,2.10575
0.818690000955,2.0745
0.818700000955,2.10575
0.818710000955,2.0745
0.818720000955,2.10575
0.818730000955,2.0745
0.818740000955,2.0745
0.818750000955,2.10575
0.818760000955,2.0745
0.818770000955,2.10575
0.818780000955,2.0745
0.818790000955,2.10575
0.818800000955,2.10575
0.818810000955,2.10575
0.818820000955,2.10575
0.818830000955,2.137
0.818840000955,2.0745
0.818850000955,2.0745
0.818860000955,2.10575
0.818870000955,2.10575
0.818880000955,2.10575
0.818890000955,2.10575
0.818900000955,2.0745
0.818910000955,2.10575
0.818920000955,2.10575
0.818930000955,2.0745
0.818940000955,2.10575
0.818950000955,2.0745
0.818960000955,2.0745
0.818970000955,2.10575
0.818980000955,2.0745
0.818990000955,2.0745
0.819000000955,2.137
0.819010000955,2.10575
0.819020000955,2.10575
0.819030000955,2.0745
0.819040000955,2.10575
0.819050000955,2.10575
0.819060000955,2.0745
0.819070000955,2.10575
0.819080000955,2.10575
0.819090000955,2.10575
0.819100000955,2.10575
0.819110000955,2.0745
0.819120000955,2.0745
0.819130000955,2.137
0.819140000955,2.0745
0.819150000955,2.10575
0.819160000955,2.10575
0.819170000955,2.10575
0.819180000955,2.0745
0.819190000955,2.10575
0.819200000955,2.0745
0.819210000955,2.0745
0.819220000955,2.10575
0.819230000955,2.10575
0.819240000955,2.0745
0.819250000955,2.0745
0.819260000955,2.137
0.819270000955,2.0745
0.819280000955,2.0745
0.819290000955,2.10575
0.819300000955,2.137
0.819310000955,2.137
0.819320000955,2.10575
0.819330000955,2.0745
0.819340000955,2.10575
0.819350000955,2.0745
0.819360000955,2.0745
0.819370000955,2.0745
0.819380000955,2.137
0.819390000955,2.10575
0.819400000955,2.0745
0.819410000955,2.0745
0.819420000955,2.137
0.819430000955,2.0745
0.819440000955,2.137
0.819450000955,2.0745
0.819460000955,2.0745
0.819470000955,2.10575
0.819480000955,2.0745
0.819490000955,2.10575
0.819500000955,2.10575
0.819510000955,2.10575
0.819520000955,2.0745
0.819530000955,2.0745
0.819540000955,2.10575
0.819550000955,2.04325
0.819560000955,2.0745
0.819570000955,2.10575
0.819580000955,2.10575
0.819590000955,2.0745
0.819600000955,2.10575
0.819610000955,2.10575
0.819620000955,2.0745
0.819630000955,2.0745
0.819640000955,2.0745
0.819650000955,2.0745
0.819660000955,2.10575
0.819670000955,2.10575
0.819680000955,2.10575
0.819690000955,2.10575
0.819700000955,2.10575
0.819710000955,2.10575
0.819720000955,2.0745
0.819730000955,2.0745
0.819740000955,2.0745
0.819750000955,2.10575
0.819760000955,2.137
0.819770000955,2.10575
0.819780000955,2.10575
0.819790000955,2.10575
0.819800000955,2.0745
0.819810000955,2.0745
0.819820000955,2.10575
0.819830000955,2.10575
0.819840000955,2.137
0.819850000955,2.0745
0.819860000955,2.0745
0.819870000955,2.10575
0.819880000955,2.0745
0.819890000955,2.137
0.819900000955,2.10575
0.819910000955,2.10575
0.819920000955,2.10575
0.819930000955,2.10575
0.819940000955,2.0745
0.819950000955,2.0745
0.819960000955,2.137
0.819970000955,2.10575
0.819980000955,2.0745
0.819990000955,2.10575
0.820000000955,2.10575
0.820010000955,2.10575
0.820020000955,2.0745
0.820030000955,2.0745
0.820040000955,2.10575
0.820050000955,2.10575
0.820060000955,2.0745
0.820070000955,2.0745
0.820080000955,2.0745
0.820090000955,2.10575
0.820100000955,2.0745
0.820110000955,2.10575
0.820120000955,2.0745
0.820130000955,2.10575
0.820140000955,2.137
0.820150000955,2.0745
0.820160000955,2.0745
0.820170000955,2.10575
0.820180000955,2.137
0.820190000955,2.10575
0.820200000955,2.10575
0.820210000955,2.137
0.820220000955,2.0745
0.820230000955,2.0745
0.820240000955,2.0745
0.820250000955,2.0745
0.820260000955,2.0745
0.820270000955,2.10575
0.820280000955,2.0745
0.820290000955,2.10575
0.820300000955,2.0745
0.820310000955,2.0745
0.820320000955,2.137
0.820330000955,2.10575
0.820340000955,2.10575
0.820350000955,2.10575
0.820360000955,2.10575
0.820370000955,2.10575
0.820380000955,2.04325
0.820390000955,2.10575
0.820400000955,2.0745
0.820410000955,2.10575
0.820420000955,2.10575
0.820430000955,2.10575
0.820440000955,2.10575
0.820450000955,2.0745
0.820460000955,2.10575
0.820470000955,2.10575
0.820480000955,2.0745
0.820490000955,2.10575
0.820500000955,2.10575
0.820510000955,2.10575
0.820520000955,2.0745
0.820530000955,2.10575
0.820540000955,2.10575
0.820550000955,2.0745
0.820560000955,2.10575
0.820570000955,2.137
0.820580000955,2.10575
0.820590000955,2.10575
0.820600000955,2.10575
0.820610000955,2.0745
0.820620000955,2.10575
0.820630000955,2.137
0.820640000955,2.0745
0.820650000955,2.10575
0.820660000955,2.10575
0.820670000955,2.0745
0.820680000955,2.04325
0.820690000955,2.10575
0.820700000955,2.04325
0.820710000955,2.10575
0.820720000955,2.10575
0.820730000955,2.10575
0.820740000955,2.10575
0.820750000955,2.0745
0.820760000955,2.10575
0.820770000955,2.10575
0.820780000955,2.0745
0.820790000955,2.0745
0.820800000955,2.0745
0.820810000955,2.10575
0.820820000955,2.0745
0.820830000955,2.137
0.820840000955,2.0745
0.820850000955,2.137
0.820860000955,2.0745
0.820870000955,2.10575
0.820880000955,2.0745
0.820890000955,2.10575
0.820900000955,2.10575
0.820910000955,2.10575
0.820920000955,2.10575
0.820930000955,2.10575
0.820940000955,2.0745
0.820950000955,2.10575
0.820960000955,2.0745
0.820970000955,2.0745
0.820980000955,2.10575
0.820990000955,2.0745
0.821000000955,2.0745
0.821010000955,2.10575
0.821020000955,2.0745
0.821030000955,2.0745
0.821040000955,2.10575
0.821050000955,2.10575
0.821060000955,2.0745
0.821070000955,2.10575
0.821080000955,2.0745
0.821090000955,2.10575
0.821100000955,2.10575
0.821110000955,2.10575
0.821120000955,2.10575
0.821130000955,2.10575
0.821140000955,2.10575
0.821150000955,2.10575
0.821160000955,2.137
0.821170000955,2.10575
0.821180000955,2.10575
0.821190000955,2.0745
0.821200000955,2.10575
0.821210000955,2.10575
0.821220000955,2.10575
0.821230000955,2.0745
0.821240000955,2.0745
0.821250000955,2.0745
0.821260000955,2.10575
0.821270000955,2.0745
0.821280000955,2.10575
0.821290000955,2.10575
0.821300000955,2.137
0.821310000955,2.0745
0.821320000955,2.10575
0.821330000955,2.10575
0.821340000955,2.0745
0.821350000955,2.137
0.821360000955,2.10575
0.821370000955,2.10575
0.821380000955,2.0745
0.821390000955,2.10575
0.821400000955,2.10575
0.821410000955,2.10575
0.821420000955,2.10575
0.821430000955,2.10575
0.821440000955,2.0745
0.821450000955,2.0745
0.821460000955,2.0745
0.821470000955,2.10575
0.821480000955,2.10575
0.821490000955,2.0745
0.821500000955,2.10575
0.821510000955,2.10575
0.821520000955,2.10575
0.821530000955,2.0745
0.821540000955,2.137
0.821550000955,2.10575
0.821560000955,2.0745
0.821570000955,2.10575
0.821580000955,2.10575
0.821590000955,2.10575
0.821600000955,2.0745
0.821610000955,2.0745
0.821620000955,2.0745
0.821630000955,2.137
0.821640000955,2.137
0.821650000955,2.10575
0.821660000955,2.10575
0.821670000955,2.10575
0.821680000955,2.10575
0.821690000955,2.10575
0.821700000955,2.10575
0.821710000955,2.10575
0.821720000955,2.10575
0.821730000955,2.10575
0.821740000955,2.0745
0.821750000955,2.0745
0.821760000955,2.10575
0.821770000955,2.10575
0.821780000955,2.0745
0.821790000955,2.0745
0.821800000955,2.0745
0.821810000955,2.0745
0.821820000955,2.0745
0.821830000955,2.10575
0.821840000955,2.137
0.821850000955,2.137
0.821860000955,2.0745
0.821870000955,2.10575
0.821880000955,2.0745
0.821890000955,2.0745
0.821900000955,2.10575
0.821910000955,2.10575
0.821920000955,2.0745
0.821930000955,2.137
0.821940000955,2.0745
0.821950000955,2.10575
0.821960000955,2.0745
0.821970000955,2.0745
0.821980000955,2.10575
0.821990000955,2.10575
0.822000000955,2.10575
0.822010000955,2.10575
0.822020000955,2.10575
0.822030000955,2.10575
0.822040000955,2.0745
0.822050000955,2.10575
0.822060000955,2.10575
0.822070000955,2.0745
0.822080000955,2.10575
0.822090000955,2.0745
0.822100000955,2.0745
0.822110000955,2.10575
0.822120000955,2.0745
0.822130000955,2.10575
0.822140000955,2.10575
0.822150000955,2.10575
0.822160000955,2.0745
0.822170000955,2.10575
0.822180000955,2.0745
0.822190000955,2.137
0.822200000955,2.0745
0.822210000955,2.10575
0.822220000955,2.0745
0.822230000955,2.137
0.822240000955,2.10575
0.822250000955,2.0745
0.822260000955,2.10575
0.822270000955,2.0745
0.822280000955,2.0745
0.822290000955,2.0745
0.822300000955,2.10575
0.822310000955,2.0745
0.822320000955,2.0745
0.822330000955,2.0745
0.822340000955,2.0745
0.822350000955,2.10575
0.822360000955,2.10575
0.822370000955,2.0745
0.822380000955,2.0745
0.822390000955,2.10575
0.822400000955,2.0745
0.822410000955,2.137
0.822420000955,2.10575
0.822430000955,2.10575
0.822440000955,2.10575
0.822450000955,2.10575
0.822460000955,2.137
0.822470000955,2.10575
0.822480000955,2.0745
0.822490000955,2.0745
0.822500000955,2.0745
0.822510000955,2.10575
0.822520000955,2.10575
0.822530000955,2.0745
0.822540000955,2.0745
0.822550000955,2.137
0.822560000955,2.10575
0.822570000955,2.0745
0.822580000955,2.10575
0.822590000955,2.10575
0.822600000955,2.10575
0.822610000955,2.10575
0.822620000955,2.10575
0.822630000955,2.0745
0.822640000955,2.10575
0.822650000955,2.10575
0.822660000955,2.10575
0.822670000955,2.10575
0.822680000955,2.10575
0.822690000955,2.10575
0.822700000955,2.10575
0.822710000955,2.137
0.822720000955,2.137
0.822730000955,2.10575
0.822740000955,2.10575
0.822750000955,2.10575
0.822760000955,2.0745
0.822770000955,2.0745
0.822780000955,2.137
0.822790000955,2.0745
0.822800000955,2.10575
0.822810000955,2.0745
0.822820000955,2.0745
0.822830000955,2.0745
0.822840000955,2.10575
0.822850000955,2.0745
0.822860000955,2.10575
0.822870000955,2.10575
0.822880000955,2.10575
0.822890000955,2.137
0.822900000955,2.10575
0.822910000955,2.0745
0.822920000955,2.10575
0.822930000955,2.10575
0.822940000955,2.10575
0.822950000955,2.0745
0.822960000955,2.10575
0.822970000955,2.10575
0.822980000955,2.10575
0.822990000955,2.10575
0.823000000955,2.10575
0.823010000955,2.10575
0.823020000955,2.137
0.823030000955,2.10575
0.823040000955,2.137
0.823050000955,2.0745
0.823060000955,2.10575
0.823070000955,2.137
0.823080000955,2.0745
0.823090000955,2.137
0.823100000955,2.10575
0.823110000955,2.137
0.823120000955,2.0745
0.823130000955,2.10575
0.823140000955,2.0745
0.823150000955,2.10575
0.823160000955,2.10575
0.823170000955,2.10575
0.823180000955,2.137
0.823190000955,2.10575
0.823200000955,2.0745
0.823210000955,2.10575
0.823220000955,2.10575
0.823230000955,2.10575
0.823240000955,2.10575
0.823250000955,2.0745
0.823260000955,2.10575
0.823270000955,2.10575
0.823280000955,2.10575
0.823290000955,2.10575
0.823300000955,2.10575
0.823310000955,2.10575
0.823320000955,2.10575
0.823330000955,2.10575
0.823340000955,2.10575
0.823350000955,2.10575
0.823360000955,2.10575
0.823370000955,2.0745
0.823380000955,2.0745
0.823390000955,2.137
0.823400000955,2.137
0.823410000955,2.0745
0.823420000955,2.0745
0.823430000955,2.10575
0.823440000955,2.10575
0.823450000955,2.10575
0.823460000955,2.0745
0.823470000955,2.0745
0.823480000955,2.10575
0.823490000955,2.0745
0.823500000955,2.137
0.823510000955,2.0745
0.823520000955,2.10575
0.823530000955,2.10575
0.823540000955,2.10575
0.823550000955,2.10575
0.823560000955,2.10575
0.823570000955,2.10575
0.823580000955,2.10575
0.823590000955,2.10575
0.823600000955,2.0745
0.823610000955,2.10575
0.823620000955,2.0745
0.823630000955,2.10575
0.823640000955,2.0745
0.823650000955,2.10575
0.823660000955,2.10575
0.823670000955,2.10575
0.823680000955,2.10575
0.823690000955,2.10575
0.823700000955,2.10575
0.823710000955,2.0745
0.823720000955,2.10575
0.823730000955,2.0745
0.823740000955,2.10575
0.823750000955,2.10575
0.823760000955,2.10575
0.823770000955,2.10575
0.823780000955,2.0745
0.823790000955,2.0745
0.823800000955,2.0745
0.823810000955,2.10575
0.823820000955,2.10575
0.823830000955,2.10575
0.823840000955,2.10575
0.823850000955,2.10575
0.823860000955,2.0745
0.823870000955,2.10575
0.823880000955,2.10575
0.823890000955,2.10575
0.823900000955,2.10575
0.823910000955,2.10575
0.823920000955,2.10575
0.823930000955,2.10575
0.823940000955,2.0745
0.823950000955,2.10575
0.823960000955,2.10575
0.823970000955,2.137
0.823980000955,2.10575
0.823990000955,2.10575
0.824000000955,2.137
0.824010000955,2.137
0.824020000955,2.10575
0.824030000955,2.10575
0.824040000955,2.10575
0.824050000955,2.10575
0.824060000955,2.10575
0.824070000955,2.10575
0.824080000955,2.10575
0.824090000955,2.137
0.824100000955,2.10575
0.824110000955,2.10575
0.824120000955,2.10575
0.824130000955,2.137
0.824140000955,2.10575
0.824150000955,2.10575
0.824160000955,2.10575
0.824170000955,2.0745
0.824180000955,2.0745
0.824190000955,2.10575
0.824200000955,2.16825
0.824210000955,2.10575
0.824220000955,2.10575
0.824230000955,2.137
0.824240000955,2.137
0.824250000955,2.10575
0.824260000955,2.10575
0.824270000955,2.0745
0.824280000955,2.0745
0.824290000955,2.10575
0.824300000955,2.10575
0.824310000955,2.0745
0.824320000955,2.10575
0.824330000955,2.10575
0.824340000955,2.10575
0.824350000955,2.10575
0.824360000955,2.10575
0.824370000955,2.10575
0.824380000955,2.10575
0.824390000955,2.137
0.824400000955,2.10575
0.824410000955,2.0745
0.824420000955,2.0745
0.824430000955,2.137
0.824440000955,2.10575
0.824450000955,2.10575
0.824460000955,2.137
0.824470000955,2.10575
0.824480000955,2.10575
0.824490000955,2.137
0.824500000955,2.137
0.824510000955,2.10575
0.824520000955,2.10575
0.824530000955,2.0745
0.824540000955,2.10575
0.824550000955,2.0745
0.824560000955,2.10575
0.824570000955,2.10575
0.824580000955,2.137
0.824590000955,2.10575
0.824600000955,2.10575
0.824610000955,2.0745
0.824620000955,2.0745
0.824630000955,2.137
0.824640000955,2.10575
0.824650000955,2.10575
0.824660000955,2.0745
0.824670000955,2.10575
0.824680000955,2.0745
0.824690000955,2.0745
0.824700000955,2.10575
0.824710000955,2.10575
0.824720000955,2.10575
0.824730000955,2.10575
0.824740000955,2.137
0.824750000955,2.10575
0.824760000955,2.10575
0.824770000955,2.10575
0.824780000955,2.137
0.824790000955,2.10575
0.824800000955,2.137
0.824810000955,2.10575
0.824820000955,2.137
0.824830000955,2.137
0.824840000955,2.0745
0.824850000955,2.10575
0.824860000955,2.10575
0.824870000955,2.10575
0.824880000955,2.0745
0.824890000955,2.10575
0.824900000955,2.0745
0.824910000955,2.10575
0.824920000955,2.10575
0.824930000955,2.10575
0.824940000955,2.137
0.824950000955,2.10575
0.824960000955,2.10575
0.824970000955,2.10575
0.824980000955,2.10575
0.824990000955,2.10575
0.825000000955,2.10575
0.825010000955,2.137
0.825020000955,2.137
0.825030000955,2.0745
0.825040000955,2.10575
0.825050000955,2.10575
0.825060000955,2.0745
0.825070000955,2.10575
0.825080000955,2.10575
0.825090000955,2.10575
0.825100000955,2.10575
0.825110000955,2.137
0.825120000955,2.137
0.825130000955,2.10575
0.825140000955,2.10575
0.825150000955,2.10575
0.825160000955,2.10575
0.825170000955,2.0745
0.825180000955,2.10575
0.825190000955,2.137
0.825200000955,2.137
0.825210000955,2.137
0.825220000955,2.137
0.825230000955,2.137
0.825240000955,2.0745
0.825250000955,2.10575
0.825260000955,2.10575
0.825270000955,2.137
0.825280000955,2.10575
0.825290000955,2.10575
0.825300000955,2.10575
0.825310000955,2.10575
0.825320000955,2.0745
0.825330000955,2.10575
0.825340000955,2.10575
0.825350000955,2.0745
0.825360000955,2.137
0.825370000955,2.10575
0.825380000955,2.10575
0.825390000955,2.10575
0.825400000955,2.0745
0.825410000955,2.10575
0.825420000955,2.10575
0.825430000955,2.137
0.825440000955,2.10575
0.825450000955,2.16825
0.825460000955,2.10575
0.825470000955,2.10575
0.825480000955,2.10575
0.825490000955,2.10575
0.825500000955,2.10575
0.825510000955,2.137
0.825520000955,2.137
0.825530000955,2.10575
0.825540000955,2.0745
0.825550000955,2.10575
0.825560000955,2.137
0.825570000955,2.10575
0.825580000955,2.10575
0.825590000955,2.0745
0.825600000955,2.10575
0.825610000955,2.10575
0.825620000955,2.10575
0.825630000955,2.10575
0.825640000955,2.137
0.825650000955,2.10575
0.825660000955,2.0745
0.825670000955,2.10575
0.825680000955,2.137
0.825690000955,2.10575
0.825700000955,2.137
0.825710000955,2.10575
0.825720000955,2.10575
0.825730000955,2.04325
0.825740000955,2.10575
0.825750000955,2.10575
0.825760000955,2.137
0.825770000955,2.137
0.825780000955,2.10575
0.825790000955,2.10575
0.825800000955,2.10575
0.825810000955,2.137
0.825820000955,2.10575
0.825830000955,2.10575
0.825840000955,2.10575
0.825850000955,2.10575
0.825860000955,2.0745
0.825870000955,2.10575
0.825880000955,2.137
0.825890000955,2.10575
0.825900000955,2.10575
0.825910000955,2.0745
0.825920000955,2.0745
0.825930000955,2.10575
0.825940000955,2.10575
0.825950000955,2.10575
0.825960000955,2.137
0.825970000955,2.10575
0.825980000955,2.0745
0.825990000955,2.0745
0.826000000955,2.0745
0.826010000955,2.10575
0.826020000955,2.10575
0.826030000955,2.10575
0.826040000955,2.0745
0.826050000955,2.10575
0.826060000955,2.10575
0.826070000955,2.04325
0.826080000955,2.10575
0.826090000955,2.0745
0.826100000955,2.0745
0.826110000955,2.10575
0.826120000955,2.10575
0.826130000955,2.137
0.826140000955,2.10575
0.826150000955,2.10575
0.826160000955,2.10575
0.826170000955,2.137
0.826180000955,2.10575
0.826190000955,2.137
0.826200000955,2.10575
0.826210000955,2.137
0.826220000955,2.0745
0.826230000955,2.10575
0.826240000955,2.10575
0.826250000955,2.10575
0.826260000955,2.137
0.826270000955,2.137
0.826280000955,2.10575
0.826290000955,2.10575
0.826300000955,2.0745
0.826310000955,2.0745
0.826320000955,2.137
0.826330000955,2.10575
0.826340000955,2.10575
0.826350000955,2.137
0.826360000955,2.137
0.826370000955,2.10575
0.826380000955,2.10575
0.826390000955,2.137
0.826400000955,2.10575
0.826410000955,2.0745
0.826420000955,2.10575
0.826430000955,2.137
0.826440000955,2.10575
0.826450000955,2.10575
0.826460000955,2.0745
0.826470000955,2.0745
0.826480000955,2.137
0.826490000955,2.0745
0.826500000955,2.137
0.826510000955,2.0745
0.826520000955,2.0745
0.826530000955,2.137
0.826540000955,2.10575
0.826550000955,2.10575
0.826560000955,2.10575
0.826570000955,2.10575
0.826580000955,2.10575
0.826590000955,2.10575
0.826600000955,2.10575
0.826610000955,2.10575
0.826620000955,2.137
0.826630000955,2.137
0.826640000955,2.10575
0.826650000955,2.10575
0.826660000955,2.10575
0.826670000955,2.10575
0.826680000955,2.137
0.826690000955,2.137
0.826700000955,2.10575
0.826710000955,2.137
0.826720000955,2.10575
0.826730000955,2.137
0.826740000955,2.16825
0.826750000955,2.137
0.826760000955,2.10575
0.826770000955,2.0745
0.826780000955,2.10575
0.826790000955,2.0745
0.826800000955,2.137
0.826810000955,2.10575
0.826820000955,2.137
0.826830000955,2.10575
0.826840000955,2.10575
0.826850000955,2.10575
0.826860000955,2.0745
0.826870000955,2.10575
0.826880000955,2.10575
0.826890000955,2.137
0.826900000955,2.10575
0.826910000955,2.0745
0.826920000955,2.10575
0.826930000955,2.10575
0.826940000955,2.10575
0.826950000955,2.10575
0.826960000955,2.10575
0.826970000955,2.0745
0.826980000955,2.10575
0.826990000955,2.10575
0.827000000955,2.0745
0.827010000955,2.10575
0.827020000955,2.10575
0.827030000955,2.10575
0.827040000955,2.0745
0.827050000955,2.10575
0.827060000955,2.10575
0.827070000955,2.10575
0.827080000955,2.0745
0.827090000955,2.10575
0.827100000955,2.10575
0.827110000955,2.10575
0.827120000955,2.10575
0.827130000955,2.137
0.827140000955,2.10575
0.827150000955,2.0745
0.827160000955,2.10575
0.827170000955,2.0745
0.827180000955,2.10575
0.827190000955,2.10575
0.827200000955,2.0745
0.827210000955,2.10575
0.827220000955,2.10575
0.827230000955,2.0745
0.827240000955,2.0745
0.827250000955,2.10575
0.827260000955,2.137
0.827270000955,2.137
0.827280000955,2.10575
0.827290000955,2.137
0.827300000955,2.137
0.827310000955,2.10575
0.827320000955,2.10575
0.827330000955,2.10575
0.827340000955,2.10575
0.827350000955,2.10575
0.827360000955,2.10575
0.827370000955,2.10575
0.827380000955,2.10575
0.827390000955,2.137
0.827400000955,2.10575
0.827410000955,2.10575
0.827420000955,2.137
0.827430000955,2.0745
0.827440000955,2.137
0.827450000955,2.10575
0.827460000955,2.10575
0.827470000955,2.10575
0.827480000955,2.137
0.827490000955,2.10575
0.827500000955,2.10575
0.827510000955,2.10575
0.827520000955,2.10575
0.827530000955,2.0745
0.827540000955,2.137
0.827550000955,2.10575
0.827560000955,2.10575
0.827570000955,2.0745
0.827580000955,2.10575
0.827590000955,2.10575
0.827600000955,2.137
0.827610000955,2.10575
0.827620000955,2.10575
0.827630000955,2.10575
0.827640000955,2.137
0.827650000955,2.137
0.827660000955,2.10575
0.827670000955,2.10575
0.827680000955,2.10575
0.827690000955,2.10575
0.827700000955,2.10575
0.827710000955,2.0745
0.827720000955,2.10575
0.827730000955,2.137
0.827740000955,2.137
0.827750000955,2.10575
0.827760000955,2.10575
0.827770000955,2.10575
0.827780000955,2.10575
0.827790000955,2.10575
0.827800000955,2.10575
0.827810000955,2.10575
0.827820000955,2.10575
0.827830000955,2.10575
0.827840000955,2.10575
0.827850000955,2.10575
0.827860000955,2.137
0.827870000955,2.0745
0.827880000955,2.10575
0.827890000955,2.137
0.827900000955,2.10575
0.827910000955,2.10575
0.827920000955,2.10575
0.827930000955,2.137
0.827940000955,2.10575
0.827950000955,2.137
0.827960000955,2.10575
0.827970000955,2.10575
0.827980000955,2.10575
0.827990000955,2.0745
0.828000000955,2.10575
0.828010000955,2.10575
0.828020000955,2.0745
0.828030000955,2.10575
0.828040000955,2.0745
0.828050000955,2.10575
0.828060000955,2.137
0.828070000955,2.0745
0.828080000955,2.10575
0.828090000955,2.137
0.828100000955,2.137
0.828110000955,2.10575
0.828120000955,2.10575
0.828130000955,2.10575
0.828140000955,2.0745
0.828150000955,2.10575
0.828160000955,2.10575
0.828170000955,2.10575
0.828180000955,2.10575
0.828190000955,2.137
0.828200000955,2.137
0.828210000955,2.0745
0.828220000955,2.10575
0.828230000955,2.16825
0.828240000955,2.10575
0.828250000955,2.10575
0.828260000955,2.16825
0.828270000955,2.0745
0.828280000955,2.10575
0.828290000955,2.0745
0.828300000955,2.10575
0.828310000955,2.0745
0.828320000955,2.10575
0.828330000955,2.10575
0.828340000955,2.10575
0.828350000955,2.0745
0.828360000955,2.10575
0.828370000955,2.10575
0.828380000955,2.10575
0.828390000955,2.10575
0.828400000955,2.0745
0.828410000955,2.137
0.828420000955,2.10575
0.828430000955,2.137
0.828440000955,2.137
0.828450000955,2.0745
0.828460000955,2.137
0.828470000955,2.0745
0.828480000955,2.10575
0.828490000955,2.137
0.828500000955,2.10575
0.828510000955,2.10575
0.828520000955,2.10575
0.828530000955,2.10575
0.828540000955,2.0745
0.828550000955,2.10575
0.828560000955,2.10575
0.828570000955,2.10575
0.828580000955,2.137
0.828590000955,2.10575
0.828600000955,2.10575
0.828610000955,2.10575
0.828620000955,2.137
0.828630000955,2.10575
0.828640000955,2.10575
0.828650000955,2.0745
0.828660000955,2.10575
0.828670000955,2.10575
0.828680000955,2.10575
0.828690000955,2.10575
0.828700000955,2.10575
0.828710000955,2.137
0.828720000955,2.10575
0.828730000955,2.0745
0.828740000955,2.137
0.828750000955,2.10575
0.828760000955,2.10575
0.828770000955,2.10575
0.828780000955,2.137
0.828790000955,2.137
0.828800000955,2.0745
0.828810000955,2.137
0.828820000955,2.0745
0.828830000955,2.0745
0.828840000955,2.137
0.828850000955,2.10575
0.828860000955,2.0745
0.828870000955,2.10575
0.828880000955,2.137
0.828890000955,2.10575
0.828900000955,2.10575
0.828910000955,2.137
0.828920000955,2.137
0.828930000955,2.10575
0.828940000955,2.0745
0.828950000955,2.0745
0.828960000955,2.10575
0.828970000955,2.0745
0.828980000955,2.10575
0.828990000955,2.10575
0.829000000955,2.10575
0.829010000955,2.10575
0.829020000955,2.10575
0.829030000955,2.137
0.829040000955,2.10575
0.829050000955,2.10575
0.829060000955,2.10575
0.829070000955,2.10575
0.829080000955,2.137
0.829090000955,2.10575
0.829100000955,2.10575
0.829110000955,2.10575
0.829120000955,2.0745
0.829130000955,2.0745
0.829140000955,2.137
0.829150000955,2.10575
0.829160000955,2.10575
0.829170000955,2.10575
0.829180000955,2.10575
0.829190000955,2.10575
0.829200000955,2.137
0.829210000955,2.10575
0.829220000955,2.0745
0.829230000955,2.10575
0.829240000955,2.10575
0.829250000955,2.0745
0.829260000955,2.10575
0.829270000955,2.10575
0.829280000955,2.10575
0.829290000955,2.137
0.829300000955,2.10575
0.829310000955,2.10575
0.829320000955,2.0745
0.829330000955,2.10575
0.829340000955,2.137
0.829350000955,2.10575
0.829360000955,2.10575
0.829370000955,2.10575
0.829380000955,2.137
0.829390000955,2.137
0.829400000955,2.137
0.829410000955,2.10575
0.829420000955,2.137
0.829430000955,2.137
0.829440000955,2.10575
0.829450000955,2.10575
0.829460000955,2.0745
0.829470000955,2.10575
0.829480000955,2.137
0.829490000955,2.137
0.829500000955,2.10575
0.829510000955,2.137
0.829520000955,2.10575
0.829530000955,2.10575
0.829540000955,2.137
0.829550000955,2.10575
0.829560000955,2.0745
0.829570000955,2.10575
0.829580000955,2.137
0.829590000955,2.10575
0.829600000955,2.10575
0.829610000955,2.10575
0.829620000955,2.10575
0.829630000955,2.10575
0.829640000955,2.0745
0.829650000955,2.137
0.829660000955,2.10575
0.829670000955,2.137
0.829680000955,2.10575
0.829690000955,2.10575
0.829700000955,2.10575
0.829710000955,2.137
0.829720000955,2.137
0.829730000955,2.10575
0.829740000955,2.137
0.829750000955,2.10575
0.829760000955,2.10575
0.829770000955,2.10575
0.829780000955,2.10575
0.829790000955,2.137
0.829800000955,2.137
0.829810000955,2.10575
0.829820000955,2.137
0.829830000955,2.10575
0.829840000955,2.10575
0.829850000955,2.0745
0.829860000955,2.10575
0.829870000955,2.137
0.829880000955,2.0745
0.829890000955,2.10575
0.829900000955,2.10575
0.829910000955,2.137
0.829920000955,2.137
0.829930000955,2.0745
0.829940000955,2.10575
0.829950000955,2.10575
0.829960000955,2.10575
0.829970000955,2.10575
0.829980000955,2.10575
0.829990000955,2.137
0.830000000955,2.137
0.830010000955,2.10575
0.830020000955,2.10575
0.830030000955,2.0745
0.830040000955,2.137
0.830050000955,2.0745
0.830060000955,2.16825
0.830070000955,2.10575
0.830080000955,2.137
0.830090000955,2.10575
0.830100000955,2.10575
0.830110000955,2.0745
0.830120000955,2.137
0.830130000955,2.0745
0.830140000955,2.10575
0.830150000955,2.0745
0.830160000955,2.10575
0.830170000955,2.0745
0.830180000955,2.137
0.830190000955,2.137
0.830200000955,2.10575
0.830210000955,2.10575
0.830220000955,2.10575
0.830230000955,2.137
0.830240000955,2.10575
0.830250000955,2.10575
0.830260000955,2.10575
0.830270000955,2.0745
0.830280000955,2.0745
0.830290000955,2.137
0.830300000955,2.137
0.830310000955,2.137
0.830320000955,2.10575
0.830330000955,2.10575
0.830340000955,2.137
0.830350000955,2.10575
0.830360000955,2.137
0.830370000955,2.137
0.830380000955,2.0745
0.830390000955,2.137
0.830400000955,2.10575
0.830410000955,2.10575
0.830420000955,2.0745
0.830430000955,2.137
0.830440000955,2.137
0.830450000955,2.04325
0.830460000955,2.137
0.830470000955,2.10575
0.830480000955,2.10575
0.830490000955,2.10575
0.830500000955,2.137
0.830510000955,2.16825
0.830520000955,2.137
0.830530000955,2.10575
0.830540000955,2.10575
0.830550000955,2.10575
0.830560000955,2.0745
0.830570000955,2.10575
0.830580000955,2.10575
0.830590000955,2.137
0.830600000955,2.137
0.830610000955,2.0745
0.830620000955,2.10575
0.830630000955,2.0745
0.830640000955,2.137
0.830650000955,2.0745
0.830660000955,2.10575
0.830670000955,2.10575
0.830680000955,2.10575
0.830690000955,2.0745
0.830700000955,2.10575
0.830710000955,2.10575
0.830720000955,2.137
0.830730000955,2.10575
0.830740000955,2.10575
0.830750000955,2.137
0.830760000955,2.137
0.830770000955,2.137
0.830780000955,2.10575
0.830790000955,2.10575
0.830800000955,2.0745
0.830810000955,2.10575
0.830820000955,2.137
0.830830000955,2.0745
0.830840000955,2.10575
0.830850000955,2.10575
0.830860000955,2.0745
0.830870000955,2.10575
0.830880000955,2.10575
0.830890000955,2.137
0.830900000955,2.137
0.830910000955,2.137
0.830920000955,2.10575
0.830930000955,2.10575
0.830940000955,2.10575
0.830950000955,2.10575
0.830960000955,2.10575
0.830970000955,2.10575
0.830980000955,2.10575
0.830990000955,2.10575
0.831000000955,2.137
0.831010000955,2.10575
0.831020000955,2.137
0.831030000955,2.10575
0.831040000955,2.137
0.831050000955,2.10575
0.831060000955,2.10575
0.831070000955,2.0745
0.831080000955,2.0745
0.831090000955,2.10575
0.831100000955,2.137
0.831110000955,2.10575
0.831120000955,2.137
0.831130000955,2.10575
0.831140000955,2.0745
0.831150000955,2.137
0.831160000955,2.10575
0.831170000955,2.137
0.831180000955,2.10575
0.831190000955,2.137
0.831200000955,2.10575
0.831210000955,2.10575
0.831220000955,2.10575
0.831230000955,2.137
0.831240000955,2.137
0.831250000955,2.10575
0.831260000955,2.10575
0.831270000955,2.0745
0.831280000955,2.10575
0.831290000955,2.10575
0.831300000955,2.10575
0.831310000955,2.10575
0.831320000955,2.10575
0.831330000955,2.137
0.831340000955,2.10575
0.831350000955,2.137
0.831360000955,2.10575
0.831370000955,2.137
0.831380000955,2.137
0.831390000955,2.137
0.831400000955,2.0745
0.831410000955,2.137
0.831420000955,2.10575
0.831430000955,2.0745
0.831440000955,2.137
0.831450000955,2.10575
0.831460000955,2.137
0.831470000955,2.0745
0.831480000955,2.10575
0.831490000955,2.137
0.831500000955,2.137
0.831510000955,2.137
0.831520000955,2.10575
0.831530000955,2.10575
0.831540000955,2.137
0.831550000955,2.10575
0.831560000955,2.16825
0.831570000955,2.10575
0.831580000955,2.10575
0.831590000955,2.10575
0.831600000955,2.10575
0.831610000955,2.137
0.831620000955,2.137
0.831630000955,2.10575
0.831640000955,2.10575
0.831650000955,2.10575
0.831660000955,2.0745
0.831670000955,2.10575
0.831680000955,2.137
0.831690000955,2.137
0.831700000955,2.10575
0.831710000955,2.10575
0.831720000955,2.10575
0.831730000955,2.0745
0.831740000955,2.0745
0.831750000955,2.10575
0.831760000955,2.10575
0.831770000955,2.10575
0.831780000955,2.137
0.831790000955,2.10575
0.831800000955,2.0745
0.831810000955,2.10575
0.831820000955,2.0745
0.831830000955,2.10575
0.831840000955,2.137
0.831850000955,2.10575
0.831860000955,2.10575
0.831870000955,2.137
0.831880000955,2.16825
0.831890000955,2.10575
0.831900000955,2.10575
0.831910000955,2.137
0.831920000955,2.137
0.831930000955,2.137
0.831940000955,2.137
0.831950000955,2.137
0.831960000955,2.10575
0.831970000955,2.10575
0.831980000955,2.10575
0.831990000955,2.10575
0.832000000955,2.137
0.832010000955,2.10575
0.832020000955,2.137
0.832030000955,2.10575
0.832040000955,2.0745
0.832050000955,2.137
0.832060000955,2.0745
0.832070000955,2.10575
0.832080000955,2.0745
0.832090000955,2.10575
0.832100000955,2.137
0.832110000955,2.10575
0.832120000955,2.10575
0.832130000955,2.10575
0.832140000955,2.10575
0.832150000955,2.0745
0.832160000955,2.10575
0.832170000955,2.10575
0.832180000955,2.137
0.832190000955,2.10575
0.832200000955,2.10575
0.832210000955,2.10575
0.832220000955,2.10575
0.832230000955,2.10575
0.832240000955,2.10575
0.832250000955,2.137
0.832260000955,2.10575
0.832270000955,2.137
0.832280000955,2.0745
0.832290000955,2.10575
0.832300000955,2.10575
0.832310000955,2.10575
0.832320000955,2.10575
0.832330000955,2.10575
0.832340000955,2.10575
0.832350000955,2.10575
0.832360000955,2.10575
0.832370000955,2.137
0.832380000955,2.137
0.832390000955,2.137
0.832400000955,2.137
0.832410000955,2.10575
0.832420000955,2.10575
0.832430000955,2.10575
0.832440000955,2.0745
0.832450000955,2.10575
0.832460000955,2.10575
0.832470000955,2.10575
0.832480000955,2.0745
0.832490000955,2.137
0.832500000955,2.10575
0.832510000955,2.137
0.832520000955,2.10575
0.832530000955,2.10575
0.832540000955,2.0745
0.832550000955,2.137
0.832560000955,2.10575
0.832570000955,2.10575
0.832580000955,2.10575
0.832590000955,2.10575
0.832600000955,2.137
0.832610000955,2.10575
0.832620000955,2.10575
0.832630000955,2.10575
0.832640000955,2.137
0.832650000955,2.10575
0.832660000955,2.10575
0.832670000955,2.0745
0.832680000955,2.137
0.832690000955,2.137
0.832700000955,2.10575
0.832710000955,2.0745
0.832720000955,2.10575
0.832730000955,2.10575
0.832740000955,2.10575
0.832750000955,2.10575
0.832760000955,2.137
0.832770000955,2.10575
0.832780000955,2.10575
0.832790000955,2.10575
0.832800000955,2.0745
0.832810000955,2.137
0.832820000955,2.10575
0.832830000955,2.0745
0.832840000955,2.137
0.832850000955,2.10575
0.832860000955,2.137
0.832870000955,2.10575
0.832880000955,2.10575
0.832890000955,2.10575
0.832900000955,2.10575
0.832910000955,2.10575
0.832920000955,2.10575
0.832930000955,2.137
0.832940000955,2.10575
0.832950000955,2.10575
0.832960000955,2.137
0.832970000955,2.10575
0.832980000955,2.10575
0.832990000955,2.137
0.833000000955,2.137
0.833010000955,2.10575
0.833020000955,2.137
0.833030000955,2.0745
0.833040000955,2.137
0.833050000955,2.10575
0.833060000955,2.10575
0.833070000955,2.137
0.833080000955,2.0745
0.833090000955,2.137
0.833100000955,2.10575
0.833110000955,2.10575
0.833120000955,2.137
0.833130000955,2.10575
0.833140000955,2.10575
0.833150000955,2.10575
0.833160000955,2.10575
0.833170000955,2.137
0.833180000955,2.10575
0.833190000955,2.137
0.833200000955,2.10575
0.833210000955,2.10575
0.833220000955,2.0745
0.833230000955,2.10575
0.833240000955,2.10575
0.833250000955,2.10575
0.833260000955,2.0745
0.833270000955,2.10575
0.833280000955,2.10575
0.833290000955,2.137
0.833300000955,2.10575
0.833310000955,2.137
0.833320000955,2.137
0.833330000955,2.10575
0.833340000955,2.10575
0.833350000955,2.10575
0.833360000955,2.137
0.833370000955,2.10575
0.833380000955,2.10575
0.833390000955,2.10575
0.833400000955,2.137
0.833410000955,2.10575
0.833420000955,2.137
0.833430000955,2.137
0.833440000955,2.137
0.833450000955,2.16825
0.833460000955,2.0745
0.833470000955,2.10575
0.833480000955,2.10575
0.833490000955,2.137
0.833500000955,2.10575
0.833510000955,2.0745
0.833520000955,2.10575
0.833530000955,2.0745
0.833540000955,2.0745
0.833550000955,2.10575
0.833560000955,2.10575
0.833570000955,2.10575
0.833580000955,2.10575
0.833590000955,2.137
0.833600000955,2.137
0.833610000955,2.137
0.833620000955,2.10575
0.833630000955,2.10575
0.833640000955,2.137
0.833650000955,2.137
0.833660000955,2.137
0.833670000955,2.137
0.833680000955,2.10575
0.833690000955,2.137
0.833700000955,2.10575
0.833710000955,2.137
0.833720000955,2.10575
0.833730000955,2.10575
0.833740000955,2.0745
0.833750000955,2.10575
0.833760000955,2.137
0.833770000955,2.137
0.833780000955,2.0745
0.833790000955,2.10575
0.833800000955,2.137
0.833810000955,2.137
0.833820000955,2.0745
0.833830000955,2.10575
0.833840000955,2.137
0.833850000955,2.10575
0.833860000955,2.137
0.833870000955,2.0745
0.833880000955,2.137
0.833890000955,2.10575
0.833900000955,2.10575
0.833910000955,2.137
0.833920000955,2.10575
0.833930000955,2.10575
0.833940000955,2.137
0.833950000955,2.10575
0.833960000955,2.10575
0.833970000955,2.137
0.833980000955,2.10575
0.833990000955,2.10575
0.834000000955,2.16825
0.834010000955,2.10575
0.834020000955,2.16825
0.834030000955,2.137
0.834040000955,2.137
0.834050000955,2.10575
0.834060000955,2.10575
0.834070000955,2.10575
0.834080000955,2.10575
0.834090000955,2.0745
0.834100000955,2.10575
0.834110000955,2.10575
0.834120000955,2.0745
0.834130000955,2.137
0.834140000955,2.10575
0.834150000955,2.10575
0.834160000955,2.10575
0.834170000955,2.0745
0.834180000955,2.137
0.834190000955,2.137
0.834200000955,2.0745
0.834210000955,2.10575
0.834220000955,2.0745
0.834230000955,2.137
0.834240000955,2.137
0.834250000955,2.137
0.834260000955,2.10575
0.834270000955,2.10575
0.834280000955,2.137
0.834290000955,2.10575
0.834300000955,2.10575
0.834310000955,2.10575
0.834320000955,2.10575
0.834330000955,2.10575
0.834340000955,2.0745
0.834350000955,2.137
0.834360000955,2.10575
0.834370000955,2.137
0.834380000955,2.137
0.834390000955,2.10575
0.834400000955,2.137
0.834410000955,2.10575
0.834420000955,2.137
0.834430000955,2.10575
0.834440000955,2.10575
0.834450000955,2.10575
0.834460000955,2.10575
0.834470000955,2.10575
0.834480000955,2.10575
0.834490000955,2.10575
0.834500000955,2.10575
0.834510000955,2.10575
0.834520000955,2.0745
0.834530000955,2.16825
0.834540000955,2.10575
0.834550000955,2.137
0.834560000955,2.137
0.834570000955,2.137
0.834580000955,2.137
0.834590000955,2.16825
0.834600000955,2.137
0.834610000955,2.10575
0.834620000955,2.10575
0.834630000955,2.10575
0.834640000955,2.137
0.834650000955,2.10575
0.834660000955,2.10575
0.834670000955,2.10575
0.834680000955,2.137
0.834690000955,2.16825
0.834700000955,2.10575
0.834710000955,2.10575
0.834720000955,2.10575
0.834730000955,2.137
0.834740000955,2.137
0.834750000955,2.0745
0.834760000955,2.10575
0.834770000955,2.10575
0.834780000955,2.10575
0.834790000955,2.10575
0.834800000955,2.137
0.834810000955,2.137
0.834820000955,2.10575
0.834830000955,2.0745
0.834840000955,2.137
0.834850000955,2.10575
0.834860000955,2.10575
0.834870000955,2.0745
0.834880000955,2.137
0.834890000955,2.10575
0.834900000955,2.137
0.834910000955,2.0745
0.834920000955,2.137
0.834930000955,2.137
0.834940000955,2.10575
0.834950000955,2.137
0.834960000955,2.137
0.834970000955,2.137
0.834980000955,2.10575
0.834990000955,2.137
0.835000000955,2.137
0.835010000955,2.10575
0.835020000955,2.10575
0.835030000955,2.10575
0.835040000955,2.10575
0.835050000955,2.0745
0.835060000955,2.0745
0.835070000955,2.137
0.835080000955,2.137
0.835090000955,2.137
0.835100000955,2.10575
0.835110000955,2.16825
0.835120000955,2.137
0.835130000955,2.137
0.835140000955,2.10575
0.835150000955,2.10575
0.835160000955,2.10575
0.835170000955,2.10575
0.835180000955,2.10575
0.835190000955,2.137
0.835200000955,2.137
0.835210000955,2.10575
0.835220000955,2.10575
0.835230000955,2.0745
0.835240000955,2.10575
0.835250000955,2.0745
0.835260000955,2.0745
0.835270000955,2.10575
0.835280000955,2.10575
0.835290000955,2.137
0.835300000955,2.10575
0.835310000955,2.137
0.835320000955,2.137
0.835330000955,2.137
0.835340000955,2.10575
0.835350000955,2.10575
0.835360000955,2.0745
0.835370000955,2.0745
0.835380000955,2.10575
0.835390000955,2.137
0.835400000955,2.10575
0.835410000955,2.137
0.835420000955,2.0745
0.835430000955,2.10575
0.835440000955,2.137
0.835450000955,2.137
0.835460000955,2.10575
0.835470000955,2.10575
0.835480000955,2.137
0.835490000955,2.10575
0.835500000955,2.137
0.835510000955,2.10575
0.835520000955,2.10575
0.835530000955,2.137
0.835540000955,2.137
0.835550000955,2.10575
0.835560000955,2.10575
0.835570000955,2.10575
0.835580000955,2.10575
0.835590000955,2.137
0.835600000955,2.0745
0.835610000955,2.0745
0.835620000955,2.137
0.835630000955,2.10575
0.835640000955,2.137
0.835650000955,2.10575
0.835660000955,2.137
0.835670000955,2.10575
0.835680000955,2.10575
0.835690000955,2.10575
0.835700000955,2.10575
0.835710000955,2.137
0.835720000955,2.10575
0.835730000955,2.10575
0.835740000955,2.137
0.835750000955,2.10575
0.835760000955,2.10575
0.835770000955,2.10575
0.835780000955,2.10575
0.835790000955,2.10575
0.835800000955,2.10575
0.835810000955,2.137
0.835820000955,2.10575
0.835830000955,2.137
0.835840000955,2.10575
0.835850000955,2.10575
0.835860000955,2.10575
0.835870000955,2.10575
0.835880000955,2.10575
0.835890000955,2.10575
0.835900000955,2.10575
0.835910000955,2.10575
0.835920000955,2.10575
0.835930000955,2.137
0.835940000955,2.137
0.835950000955,2.10575
0.835960000955,2.10575
0.835970000955,2.10575
0.835980000955,2.137
0.835990000955,2.0745
0.836000000955,2.0745
0.836010000955,2.10575
0.836020000955,2.137
0.836030000955,2.0745
0.836040000955,2.137
0.836050000955,2.10575
0.836060000955,2.137
0.836070000955,2.10575
0.836080000955,2.137
0.836090000955,2.0745
0.836100000955,2.137
0.836110000955,2.0745
0.836120000955,2.10575
0.836130000955,2.10575
0.836140000955,2.0745
0.836150000955,2.10575
0.836160000955,2.137
0.836170000955,2.137
0.836180000955,2.0745
0.836190000955,2.10575
0.836200000955,2.10575
0.836210000955,2.10575
0.836220000955,2.0745
0.836230000955,2.137
0.836240000955,2.137
0.836250000955,2.137
0.836260000955,2.137
0.836270000955,2.10575
0.836280000955,2.137
0.836290000955,2.137
0.836300000955,2.10575
0.836310000955,2.137
0.836320000955,2.10575
0.836330000955,2.137
0.836340000955,2.10575
0.836350000955,2.137
0.836360000955,2.137
0.836370000955,2.16825
0.836380000955,2.10575
0.836390000955,2.10575
0.836400000955,2.10575
0.836410000955,2.16825
0.836420000955,2.10575
0.836430000955,2.10575
0.836440000955,2.0745
0.836450000955,2.10575
0.836460000955,2.137
0.836470000955,2.137
0.836480000955,2.10575
0.836490000955,2.137
0.836500000955,2.16825
0.836510000955,2.137
0.836520000955,2.137
0.836530000955,2.137
0.836540000955,2.137
0.836550000955,2.10575
0.836560000955,2.16825
0.836570000955,2.10575
0.836580000955,2.137
0.836590000955,2.137
0.836600000955,2.137
0.836610000955,2.10575
0.836620000955,2.10575
0.836630000955,2.16825
0.836640000955,2.0745
0.836650000955,2.10575
0.836660000955,2.10575
0.836670000955,2.10575
0.836680000955,2.10575
0.836690000955,2.10575
0.836700000955,2.10575
0.836710000955,2.137
0.836720000955,2.0745
0.836730000955,2.137
0.836740000955,2.137
0.836750000955,2.10575
0.836760000955,2.137
0.836770000955,2.10575
0.836780000955,2.0745
0.836790000955,2.137
0.836800000955,2.0745
0.836810000955,2.0745
0.836820000955,2.10575
0.836830000955,2.0745
0.836840000955,2.137
0.836850000955,2.10575
0.836860000955,2.137
0.836870000955,2.10575
0.836880000955,2.0745
0.836890000955,2.10575
0.836900000955,2.137
0.836910000955,2.10575
0.836920000955,2.137
0.836930000955,2.137
0.836940000955,2.10575
0.836950000955,2.10575
0.836960000955,2.137
0.836970000955,2.10575
0.836980000955,2.10575
0.836990000955,2.137
0.837000000955,2.137
0.837010000955,2.10575
0.837020000955,2.0745
0.837030000955,2.10575
0.837040000955,2.10575
0.837050000955,2.137
0.837060000955,2.137
0.837070000955,2.10575
0.837080000955,2.10575
0.837090000955,2.10575
0.837100000955,2.10575
0.837110000955,2.137
0.837120000955,2.0745
0.837130000955,2.10575
0.837140000955,2.137
0.837150000955,2.10575
0.837160000955,2.10575
0.837170000955,2.10575
0.837180000955,2.137
0.837190000955,2.10575
0.837200000955,2.10575
0.837210000955,2.10575
0.837220000955,2.10575
0.837230000955,2.137
0.837240000955,2.10575
0.837250000955,2.10575
0.837260000955,2.10575
0.837270000955,2.10575
0.837280000955,2.10575
0.837290000955,2.137
0.837300000955,2.10575
0.837310000955,2.10575
0.837320000955,2.10575
0.837330000955,2.137
0.837340000955,2.10575
0.837350000955,2.137
0.837360000955,2.137
0.837370000955,2.10575
0.837380000955,2.10575
0.837390000955,2.137
0.837400000955,2.10575
0.837410000955,2.137
0.837420000955,2.137
0.837430000955,2.137
0.837440000955,2.10575
0.837450000955,2.10575
0.837460000955,2.16825
0.837470000955,2.16825
0.837480000955,2.137
0.837490000955,2.137
0.837500000955,2.10575
0.837510000955,2.10575
0.837520000955,2.137
0.837530000955,2.10575
0.837540000955,2.10575
0.837550000955,2.137
0.837560000955,2.10575
0.837570000955,2.10575
0.837580000955,2.16825
0.837590000955,2.137
0.837600000955,2.10575
0.837610000955,2.10575
0.837620000955,2.0745
0.837630000955,2.10575
0.837640000955,2.10575
0.837650000955,2.137
0.837660000955,2.137
0.837670000955,2.0745
0.837680000955,2.137
0.837690000955,2.10575
0.837700000955,2.0745
0.837710000955,2.0745
0.837720000955,2.10575
0.837730000955,2.10575
0.837740000955,2.0745
0.837750000955,2.10575
0.837760000955,2.10575
0.837770000955,2.10575
0.837780000955,2.137
0.837790000955,2.137
0.837800000955,2.0745
0.837810000955,2.10575
0.837820000955,2.10575
0.837830000955,2.137
0.837840000955,2.137
0.837850000955,2.16825
0.837860000955,2.10575
0.837870000955,2.16825
0.837880000955,2.137
0.837890000955,2.10575
0.837900000955,2.137
0.837910000955,2.137
0.837920000955,2.10575
0.837930000955,2.10575
0.837940000955,2.10575
0.837950000955,2.10575
0.837960000955,2.137
0.837970000955,2.137
0.837980000955,2.10575
0.837990000955,2.10575
0.838000000955,2.10575
0.838010000955,2.10575
0.838020000955,2.137
0.838030000955,2.137
0.838040000955,2.10575
0.838050000955,2.10575
0.838060000955,2.10575
0.838070000955,2.137
0.838080000955,2.0745
0.838090000955,2.10575
0.838100000955,2.137
0.838110000955,2.10575
0.838120000955,2.10575
0.838130000955,2.137
0.838140000955,2.10575
0.838150000955,2.10575
0.838160000955,2.10575
0.838170000955,2.10575
0.838180000955,2.137
0.838190000955,2.137
0.838200000955,2.10575
0.838210000955,2.137
0.838220000955,2.10575
0.838230000955,2.137
0.838240000955,2.137
0.838250000955,2.10575
0.838260000955,2.10575
0.838270000955,2.0745
0.838280000955,2.137
0.838290000955,2.0745
0.838300000955,2.10575
0.838310000955,2.137
0.838320000955,2.137
0.838330000955,2.137
0.838340000955,2.10575
0.838350000955,2.10575
0.838360000955,2.137
0.838370000955,2.10575
0.838380000955,2.10575
0.838390000955,2.16825
0.838400000955,2.10575
0.838410000955,2.137
0.838420000955,2.137
0.838430000955,2.0745
0.838440000955,2.137
0.838450000955,2.0745
0.838460000955,2.10575
0.838470000955,2.10575
0.838480000955,2.137
0.838490000955,2.10575
0.838500000955,2.10575
0.838510000955,2.10575
0.838520000955,2.10575
0.838530000955,2.10575
0.838540000955,2.0745
0.838550000955,2.137
0.838560000955,2.10575
0.838570000955,2.10575
0.838580000955,2.137
0.838590000955,2.0745
0.838600000955,2.16825
0.838610000955,2.10575
0.838620000955,2.10575
0.838630000955,2.0745
0.838640000955,2.137
0.838650000955,2.10575
0.838660000955,2.0745
0.838670000955,2.10575
0.838680000955,2.137
0.838690000955,2.16825
0.838700000955,2.10575
0.838710000955,2.10575
0.838720000955,2.10575
0.838730000955,2.0745
0.838740000955,2.137
0.838750000955,2.10575
0.838760000955,2.10575
0.838770000955,2.137
0.838780000955,2.10575
0.838790000955,2.16825
0.838800000955,2.137
0.838810000955,2.10575
0.838820000955,2.137
0.838830000955,2.10575
0.838840000955,2.10575
0.838850000955,2.137
0.838860000955,2.10575
0.838870000955,2.10575
0.838880000955,2.10575
0.838890000955,2.137
0.838900000955,2.10575
0.838910000955,2.10575
0.838920000955,2.137
0.838930000955,2.16825
0.838940000955,2.10575
0.838950000955,2.10575
0.838960000955,2.137
0.838970000955,2.10575
0.838980000955,2.10575
0.838990000955,2.10575
0.839000000955,2.10575
0.839010000955,2.0745
0.839020000955,2.10575
0.839030000955,2.10575
0.839040000955,2.10575
0.839050000955,2.10575
0.839060000955,2.137
0.839070000955,2.137
0.839080000955,2.137
0.839090000955,2.137
0.839100000955,2.10575
0.839110000955,2.10575
0.839120000955,2.0745
0.839130000955,2.10575
0.839140000955,2.10575
0.839150000955,2.10575
0.839160000955,2.10575
0.839170000955,2.137
0.839180000955,2.16825
0.839190000955,2.10575
0.839200000955,2.10575
0.839210000955,2.10575
0.839220000955,2.10575
0.839230000955,2.10575
0.839240000955,2.10575
0.839250000955,2.137
0.839260000955,2.137
0.839270000955,2.137
0.839280000955,2.10575
0.839290000955,2.137
0.839300000955,2.10575
0.839310000955,2.10575
0.839320000955,2.137
0.839330000955,2.10575
0.839340000955,2.10575
0.839350000955,2.10575
0.839360000955,2.137
0.839370000955,2.137
0.839380000955,2.10575
0.839390000955,2.10575
0.839400000955,2.10575
0.839410000955,2.0745
0.839420000955,2.10575
0.839430000955,2.137
0.839440000955,2.10575
0.839450000955,2.10575
0.839460000955,2.10575
0.839470000955,2.137
0.839480000955,2.10575
0.839490000955,2.10575
0.839500000955,2.10575
0.839510000955,2.137
0.839520000955,2.137
0.839530000955,2.10575
0.839540000955,2.10575
0.839550000955,2.10575
0.839560000955,2.10575
0.839570000955,2.10575
0.839580000955,2.10575
0.839590000955,2.10575
0.839600000955,2.137
0.839610000955,2.137
0.839620000955,2.10575
0.839630000955,2.0745
0.839640000955,2.10575
0.839650000955,2.10575
0.839660000955,2.10575
0.839670000955,2.10575
0.839680000955,2.10575
0.839690000955,2.10575
0.839700000955,2.10575
0.839710000955,2.0745
0.839720000955,2.10575
0.839730000955,2.10575
0.839740000955,2.137
0.839750000955,2.0745
0.839760000955,2.137
0.839770000955,2.137
0.839780000955,2.10575
0.839790000955,2.137
0.839800000955,2.137
0.839810000955,2.10575
0.839820000955,2.0745
0.839830000955,2.137
0.839840000955,2.137
0.839850000955,2.137
0.839860000955,2.10575
0.839870000955,2.10575
0.839880000955,2.10575
0.839890000955,2.137
0.839900000955,2.10575
0.839910000955,2.10575
0.839920000955,2.0745
0.839930000955,2.10575
0.839940000955,2.137
0.839950000955,2.10575
0.839960000955,2.10575
0.839970000955,2.137
0.839980000955,2.10575
0.839990000955,2.10575
0.840000000955,2.0745
0.840010000955,2.10575
0.840020000955,2.10575
0.840030000955,2.137
0.840040000955,2.137
0.840050000955,2.16825
0.840060000955,2.0745
0.840070000955,2.16825
0.840080000955,2.10575
0.840090000955,2.16825
0.840100000955,2.137
0.840110000955,2.137
0.840120000955,2.137
0.840130000955,2.10575
0.840140000955,2.137
0.840150000955,2.10575
0.840160000955,2.137
0.840170000955,2.10575
0.840180000955,2.0745
0.840190000955,2.0745
0.840200000955,2.16825
0.840210000955,2.10575
0.840220000955,2.137
0.840230000955,2.137
0.840240000955,2.10575
0.840250000955,2.16825
0.840260000955,2.10575
0.840270000955,2.137
0.840280000955,2.10575
0.840290000955,2.137
0.840300000955,2.10575
0.840310000955,2.10575
0.840320000955,2.137
0.840330000955,2.137
0.840340000955,2.10575
0.840350000955,2.10575
0.840360000955,2.10575
0.840370000955,2.137
0.840380000955,2.10575
0.840390000955,2.10575
0.840400000955,2.10575
0.840410000955,2.137
0.840420000955,2.10575
0.840430000955,2.10575
0.840440000955,2.137
0.840450000955,2.10575
0.840460000955,2.10575
0.840470000955,2.137
0.840480000955,2.137
0.840490000955,2.137
0.840500000955,2.10575
0.840510000955,2.10575
0.840520000955,2.10575
0.840530000955,2.137
0.840540000955,2.137
0.840550000955,2.10575
0.840560000955,2.137
0.840570000955,2.137
0.840580000955,2.137
0.840590000955,2.10575
0.840600000955,2.16825
0.840610000955,2.10575
0.840620000955,2.137
0.840630000955,2.10575
0.840640000955,2.137
0.840650000955,2.137
0.840660000955,2.10575
0.840670000955,2.10575
0.840680000955,2.10575
0.840690000955,2.10575
0.840700000955,2.137
0.840710000955,2.10575
0.840720000955,2.10575
0.840730000955,2.137
0.840740000955,2.10575
0.840750000955,2.137
0.840760000955,2.137
0.840770000955,2.137
0.840780000955,2.10575
0.840790000955,2.16825
0.840800000955,2.10575
0.840810000955,2.10575
0.840820000955,2.137
0.840830000955,2.10575
0.840840000955,2.137
0.840850000955,2.0745
0.840860000955,2.10575
0.840870000955,2.10575
0.840880000955,2.10575
0.840890000955,2.10575
0.840900000955,2.10575
0.840910000955,2.137
0.840920000955,2.137
0.840930000955,2.137
0.840940000955,2.10575
0.840950000955,2.137
0.840960000955,2.10575
0.840970000955,2.10575
0.840980000955,2.10575
0.840990000955,2.10575
0.841000000955,2.10575
0.841010000955,2.10575
0.841020000955,2.10575
0.841030000955,2.10575
0.841040000955,2.137
0.841050000955,2.137
0.841060000955,2.10575
0.841070000955,2.10575
0.841080000955,2.137
0.841090000955,2.137
0.841100000955,2.10575
0.841110000955,2.137
0.841120000955,2.137
0.841130000955,2.16825
0.841140000955,2.137
0.841150000955,2.10575
0.841160000955,2.10575
0.841170000955,2.0745
0.841180000955,2.10575
0.841190000955,2.10575
0.841200000955,2.10575
0.841210000955,2.10575
0.841220000955,2.10575
0.841230000955,2.16825
0.841240000955,2.137
0.841250000955,2.137
0.841260000955,2.16825
0.841270000955,2.10575
0.841280000955,2.10575
0.841290000955,2.16825
0.841300000955,2.137
0.841310000955,2.10575
0.841320000955,2.0745
0.841330000955,2.10575
0.841340000955,2.137
0.841350000955,2.137
0.841360000955,2.0745
0.841370000955,2.10575
0.841380000955,2.10575
0.841390000955,2.137
0.841400000955,2.16825
0.841410000955,2.10575
0.841420000955,2.10575
0.841430000955,2.10575
0.841440000955,2.0745
0.841450000955,2.10575
0.841460000955,2.16825
0.841470000955,2.137
0.841480000955,2.10575
0.841490000955,2.137
0.841500000955,2.137
0.841510000955,2.10575
0.841520000955,2.137
0.841530000955,2.137
0.841540000955,2.137
0.841550000955,2.10575
0.841560000955,2.10575
0.841570000955,2.0745
0.841580000955,2.0745
0.841590000955,2.0745
0.841600000955,2.137
0.841610000955,2.137
0.841620000955,2.10575
0.841630000955,2.137
0.841640000955,2.10575
0.841650000955,2.0745
0.841660000955,2.137
0.841670000955,2.137
0.841680000955,2.10575
0.841690000955,2.137
0.841700000955,2.137
0.841710000955,2.10575
0.841720000955,2.137
0.841730000955,2.137
0.841740000955,2.137
0.841750000955,2.16825
0.841760000955,2.137
0.841770000955,2.10575
0.841780000955,2.10575
0.841790000955,2.137
0.841800000955,2.10575
0.841810000955,2.137
0.841820000955,2.137
0.841830000955,2.10575
0.841840000955,2.10575
0.841850000955,2.137
0.841860000955,2.10575
0.841870000955,2.137
0.841880000955,2.0745
0.841890000955,2.0745
0.841900000955,2.10575
0.841910000955,2.10575
0.841920000955,2.137
0.841930000955,2.10575
0.841940000955,2.10575
0.841950000955,2.0745
0.841960000955,2.0745
0.841970000955,2.10575
0.841980000955,2.10575
0.841990000955,2.137
0.842000000955,2.10575
0.842010000955,2.10575
0.842020000955,2.137
0.842030000955,2.10575
0.842040000955,2.137
0.842050000955,2.10575
0.842060000955,2.0745
0.842070000955,2.137
0.842080000955,2.137
0.842090000955,2.10575
0.842100000955,2.10575
0.842110000955,2.137
0.842120000955,2.0745
0.842130000955,2.10575
0.842140000955,2.10575
0.842150000955,2.137
0.842160000955,2.10575
0.842170000955,2.10575
0.842180000955,2.10575
0.842190000955,2.137
0.842200000955,2.137
0.842210000955,2.0745
0.842220000955,2.137
0.842230000955,2.10575
0.842240000955,2.10575
0.842250000955,2.10575
0.842260000955,2.0745
0.842270000955,2.137
0.842280000955,2.137
0.842290000955,2.0745
0.842300000955,2.10575
0.842310000955,2.137
0.842320000955,2.10575
0.842330000955,2.10575
0.842340000955,2.10575
0.842350000955,2.137
0.842360000955,2.137
0.842370000955,2.0745
0.842380000955,2.137
0.842390000955,2.10575
0.842400000955,2.137
0.842410000955,2.10575
0.842420000955,2.137
0.842430000955,2.137
0.842440000955,2.10575
0.842450000955,2.137
0.842460000955,2.137
0.842470000955,2.137
0.842480000955,2.10575
0.842490000955,2.10575
0.842500000955,2.10575
0.842510000955,2.10575
0.842520000955,2.10575
0.842530000955,2.137
0.842540000955,2.137
0.842550000955,2.137
0.842560000955,2.137
0.842570000955,2.137
0.842580000955,2.10575
0.842590000955,2.16825
0.842600000955,2.137
0.842610000955,2.10575
0.842620000955,2.137
0.842630000955,2.10575
0.842640000955,2.137
0.842650000955,2.10575
0.842660000955,2.0745
0.842670000955,2.16825
0.842680000955,2.137
0.842690000955,2.137
0.842700000955,2.137
0.842710000955,2.137
0.842720000955,2.10575
0.842730000955,2.0745
0.842740000955,2.10575
0.842750000955,2.137
0.842760000955,2.137
0.842770000955,2.10575
0.842780000955,2.0745
0.842790000955,2.137
0.842800000955,2.10575
0.842810000955,2.137
0.842820000955,2.10575
0.842830000955,2.10575
0.842840000955,2.10575
0.842850000955,2.10575
0.842860000955,2.10575
0.842870000955,2.137
0.842880000955,2.137
0.842890000955,2.10575
0.842900000955,2.10575
0.842910000955,2.10575
0.842920000955,2.10575
0.842930000955,2.10575
0.842940000955,2.10575
0.842950000955,2.137
0.842960000955,2.137
0.842970000955,2.10575
0.842980000955,2.10575
0.842990000955,2.137
0.843000000955,2.10575
0.843010000955,2.137
0.843020000955,2.137
0.843030000955,2.137
0.843040000955,2.10575
0.843050000955,2.137
0.843060000955,2.10575
0.843070000955,2.137
0.843080000955,2.137
0.843090000955,2.137
0.843100000955,2.10575
0.843110000955,2.137
0.843120000955,2.137
0.843130000955,2.10575
0.843140000955,2.10575
0.843150000955,2.10575
0.843160000955,2.10575
0.843170000955,2.137
0.843180000955,2.0745
0.843190000955,2.137
0.843200000955,2.10575
0.843210000955,2.137
0.843220000955,2.10575
0.843230000955,2.137
0.843240000955,2.10575
0.843250000955,2.10575
0.843260000955,2.10575
0.843270000955,2.137
0.843280000955,2.137
0.843290000955,2.10575
0.843300000955,2.137
0.843310000955,2.10575
0.843320000955,2.10575
0.843330000955,2.10575
0.843340000955,2.137
0.843350000955,2.10575
0.843360000955,2.137
0.843370000955,2.16825
0.843380000955,2.137
0.843390000955,2.10575
0.843400000955,2.10575
0.843410000955,2.10575
0.843420000955,2.137
0.843430000955,2.0745
0.843440000955,2.137
0.843450000955,2.10575
0.843460000955,2.10575
0.843470000955,2.10575
0.843480000955,2.137
0.843490000955,2.137
0.843500000955,2.137
0.843510000955,2.137
0.843520000955,2.10575
0.843530000955,2.10575
0.843540000955,2.0745
0.843550000955,2.137
0.843560000955,2.10575
0.843570000955,2.10575
0.843580000955,2.16825
0.843590000955,2.0745
0.843600000955,2.137
0.843610000955,2.0745
0.843620000955,2.10575
0.843630000955,2.137
0.843640000955,2.10575
0.843650000955,2.10575
0.843660000955,2.137
0.843670000955,2.10575
0.843680000955,2.137
0.843690000955,2.10575
0.843700000955,2.10575
0.843710000955,2.10575
0.843720000955,2.10575
0.843730000955,2.10575
0.843740000955,2.10575
0.843750000955,2.137
0.843760000955,2.137
0.843770000955,2.10575
0.843780000955,2.137
0.843790000955,2.16825
0.843800000955,2.10575
0.843810000955,2.10575
0.843820000955,2.10575
0.843830000955,2.10575
0.843840000955,2.10575
0.843850000955,2.10575
0.843860000955,2.137
0.843870000955,2.137
0.843880000955,2.137
0.843890000955,2.137
0.843900000955,2.10575
0.843910000955,2.137
0.843920000955,2.10575
0.843930000955,2.137
0.843940000955,2.137
0.843950000955,2.10575
0.843960000955,2.10575
0.843970000955,2.137
0.843980000955,2.10575
0.843990000955,2.137
0.844000000955,2.10575
0.844010000955,2.137
0.844020000955,2.137
0.844030000955,2.137
0.844040000955,2.10575
0.844050000955,2.137
0.844060000955,2.10575
0.844070000955,2.137
0.844080000955,2.0745
0.844090000955,2.137
0.844100000955,2.0745
0.844110000955,2.137
0.844120000955,2.10575
0.844130000955,2.137
0.844140000955,2.10575
0.844150000955,2.10575
0.844160000955,2.137
0.844170000955,2.10575
0.844180000955,2.137
0.844190000955,2.10575
0.844200000955,2.10575
0.844210000955,2.137
0.844220000955,2.10575
0.844230000955,2.137
0.844240000955,2.10575
0.844250000955,2.10575
0.844260000955,2.10575
0.844270000955,2.137
0.844280000955,2.10575
0.844290000955,2.137
0.844300000955,2.137
0.844310000955,2.0745
0.844320000955,2.10575
0.844330000955,2.137
0.844340000955,2.10575
0.844350000955,2.137
0.844360000955,2.137
0.844370000955,2.137
0.844380000955,2.137
0.844390000955,2.137
0.844400000955,2.137
0.844410000955,2.0745
0.844420000955,2.10575
0.844430000955,2.10575
0.844440000955,2.137
0.844450000955,2.137
0.844460000955,2.0745
0.844470000955,2.10575
0.844480000955,2.137
0.844490000955,2.10575
0.844500000955,2.137
0.844510000955,2.10575
0.844520000955,2.10575
0.844530000955,2.10575
0.844540000955,2.137
0.844550000955,2.137
0.844560000955,2.10575
0.844570000955,2.0745
0.844580000955,2.10575
0.844590000955,2.137
0.844600000955,2.10575
0.844610000955,2.137
0.844620000955,2.0745
0.844630000955,2.137
0.844640000955,2.137
0.844650000955,2.10575
0.844660000955,2.10575
0.844670000955,2.10575
0.844680000955,2.137
0.844690000955,2.137
0.844700000955,2.137
0.844710000955,2.10575
0.844720000955,2.137
0.844730000955,2.10575
0.844740000955,2.137
0.844750000955,2.137
0.844760000955,2.137
0.844770000955,2.10575
0.844780000955,2.10575
0.844790000955,2.10575
0.844800000955,2.137
0.844810000955,2.10575
0.844820000955,2.10575
0.844830000955,2.137
0.844840000955,2.137
0.844850000955,2.10575
0.844860000955,2.137
0.844870000955,2.137
0.844880000955,2.137
0.844890000955,2.137
0.844900000955,2.10575
0.844910000955,2.10575
0.844920000955,2.0745
0.844930000955,2.137
0.844940000955,2.137
0.844950000955,2.10575
0.844960000955,2.137
0.844970000955,2.10575
0.844980000955,2.137
0.844990000955,2.0745
0.845000000955,2.10575
0.845010000955,2.10575
0.845020000955,2.137
0.845030000955,2.137
0.845040000955,2.10575
0.845050000955,2.10575
0.845060000955,2.10575
0.845070000955,2.10575
0.845080000955,2.0745
0.845090000955,2.10575
0.845100000955,2.10575
0.845110000955,2.10575
0.845120000955,2.137
0.845130000955,2.10575
0.845140000955,2.10575
0.845150000955,2.137
0.845160000955,2.137
0.845170000955,2.10575
0.845180000955,2.137
0.845190000955,2.10575
0.845200000955,2.10575
0.845210000955,2.10575
0.845220000955,2.10575
0.845230000955,2.137
0.845240000955,2.0745
0.845250000955,2.137
0.845260000955,2.137
0.845270000955,2.137
0.845280000955,2.137
0.845290000955,2.10575
0.845300000955,2.10575
0.845310000955,2.10575
0.845320000955,2.137
0.845330000955,2.10575
0.845340000955,2.10575
0.845350000955,2.10575
0.845360000955,2.10575
0.845370000955,2.137
0.845380000955,2.137
0.845390000955,2.10575
0.845400000955,2.10575
0.845410000955,2.10575
0.845420000955,2.137
0.845430000955,2.137
0.845440000955,2.10575
0.845450000955,2.10575
0.845460000955,2.137
0.845470000955,2.137
0.845480000955,2.10575
0.845490000955,2.137
0.845500000955,2.10575
0.845510000955,2.10575
0.845520000955,2.10575
0.845530000955,2.137
0.845540000955,2.0745
0.845550000955,2.137
0.845560000955,2.10575
0.845570000955,2.10575
0.845580000955,2.137
0.845590000955,2.10575
0.845600000955,2.137
0.845610000955,2.10575
0.845620000955,2.137
0.845630000955,2.10575
0.845640000955,2.137
0.845650000955,2.137
0.845660000955,2.137
0.845670000955,2.137
0.845680000955,2.137
0.845690000955,2.0745
0.845700000955,2.10575
0.845710000955,2.10575
0.845720000955,2.137
0.845730000955,2.10575
0.845740000955,2.10575
0.845750000955,2.137
0.845760000955,2.10575
0.845770000955,2.137
0.845780000955,2.10575
0.845790000955,2.10575
0.845800000955,2.10575
0.845810000955,2.137
0.845820000955,2.137
0.845830000955,2.137
0.845840000955,2.10575
0.845850000955,2.137
0.845860000955,2.137
0.845870000955,2.10575
0.845880000955,2.137
0.845890000955,2.10575
0.845900000955,2.10575
0.845910000955,2.137
0.845920000955,2.137
0.845930000955,2.10575
0.845940000955,2.137
0.845950000955,2.16825
0.845960000955,2.137
0.845970000955,2.10575
0.845980000955,2.137
0.845990000955,2.137
0.846000000955,2.10575
0.846010000955,2.16825
0.846020000955,2.137
0.846030000955,2.137
0.846040000955,2.16825
0.846050000955,2.137
0.846060000955,2.137
0.846070000955,2.137
0.846080000955,2.137
0.846090000955,2.137
0.846100000955,2.137
0.846110000955,2.137
0.846120000955,2.137
0.846130000955,2.10575
0.846140000955,2.10575
0.846150000955,2.10575
0.846160000955,2.137
0.846170000955,2.10575
0.846180000955,2.137
0.846190000955,2.10575
0.846200000955,2.10575
0.846210000955,2.137
0.846220000955,2.10575
0.846230000955,2.137
0.846240000955,2.10575
0.846250000955,2.137
0.846260000955,2.137
0.846270000955,2.10575
0.846280000955,2.10575
0.846290000955,2.10575
0.846300000955,2.10575
0.846310000955,2.10575
0.846320000955,2.10575
0.846330000955,2.10575
0.846340000955,2.0745
0.846350000955,2.137
0.846360000955,2.10575
0.846370000955,2.137
0.846380000955,2.0745
0.846390000955,2.137
0.846400000955,2.137
0.846410000955,2.10575
0.846420000955,2.137
0.846430000955,2.137
0.846440000955,2.10575
0.846450000955,2.10575
0.846460000955,2.137
0.846470000955,2.137
0.846480000955,2.10575
0.846490000955,2.16825
0.846500000955,2.16825
0.846510000955,2.16825
0.846520000955,2.10575
0.846530000955,2.137
0.846540000955,2.10575
0.846550000955,2.137
0.846560000955,2.0745
0.846570000955,2.137
0.846580000955,2.10575
0.846590000955,2.10575
0.846600000955,2.10575
0.846610000955,2.10575
0.846620000955,2.137
0.846630000955,2.137
0.846640000955,2.10575
0.846650000955,2.10575
0.846660000955,2.137
0.846670000955,2.137
0.846680000955,2.137
0.846690000955,2.137
0.846700000955,2.137
0.846710000955,2.137
0.846720000955,2.137
0.846730000955,2.10575
0.846740000955,2.10575
0.846750000955,2.10575
0.846760000955,2.10575
0.846770000955,2.10575
0.846780000955,2.10575
0.846790000955,2.10575
0.846800000955,2.16825
0.846810000955,2.0745
0.846820000955,2.137
0.846830000955,2.137
0.846840000955,2.137
0.846850000955,2.10575
0.846860000955,2.10575
0.846870000955,2.10575
0.846880000955,2.137
0.846890000955,2.137
0.846900000955,2.137
0.846910000955,2.137
0.846920000955,2.10575
0.846930000955,2.137
0.846940000955,2.10575
0.846950000955,2.10575
0.846960000955,2.10575
0.846970000955,2.10575
0.846980000955,2.10575
0.846990000955,2.137
0.847000000955,2.137
0.847010000955,2.137
0.847020000955,2.10575
0.847030000955,2.10575
0.847040000955,2.137
0.847050000955,2.137
0.847060000955,2.10575
0.847070000955,2.137
0.847080000955,2.137
0.847090000955,2.10575
0.847100000955,2.137
0.847110000955,2.0745
0.847120000955,2.10575
0.847130000955,2.137
0.847140000955,2.10575
0.847150000955,2.137
0.847160000955,2.10575
0.847170000955,2.137
0.847180000955,2.10575
0.847190000955,2.137
0.847200000955,2.10575
0.847210000955,2.10575
0.847220000955,2.10575
0.847230000955,2.10575
0.847240000955,2.137
0.847250000955,2.137
0.847260000955,2.10575
0.847270000955,2.10575
0.847280000955,2.137
0.847290000955,2.137
0.847300000955,2.10575
0.847310000955,2.137
0.847320000955,2.137
0.847330000955,2.0745
0.847340000955,2.137
0.847350000955,2.137
0.847360000955,2.137
0.847370000955,2.137
0.847380000955,2.10575
0.847390000955,2.137
0.847400000955,2.137
0.847410000955,2.0745
0.847420000955,2.10575
0.847430000955,2.0745
0.847440000955,2.10575
0.847450000955,2.10575
0.847460000955,2.10575
0.847470000955,2.10575
0.847480000955,2.0745
0.847490000955,2.137
0.847500000955,2.137
0.847510000955,2.137
0.847520000955,2.10575
0.847530000955,2.137
0.847540000955,2.137
0.847550000955,2.10575
0.847560000955,2.137
0.847570000955,2.0745
0.847580000955,2.10575
0.847590000955,2.137
0.847600000955,2.137
0.847610000955,2.137
0.847620000955,2.10575
0.847630000955,2.137
0.847640000955,2.10575
0.847650000955,2.0745
0.847660000955,2.137
0.847670000955,2.10575
0.847680000955,2.10575
0.847690000955,2.137
0.847700000955,2.10575
0.847710000955,2.10575
0.847720000955,2.137
0.847730000955,2.137
0.847740000955,2.10575
0.847750000955,2.10575
0.847760000955,2.137
0.847770000955,2.10575
0.847780000955,2.10575
0.847790000955,2.10575
0.847800000955,2.137
0.847810000955,2.137
0.847820000955,2.137
0.847830000955,2.10575
0.847840000955,2.10575
0.847850000955,2.10575
0.847860000955,2.10575
0.847870000955,2.0745
0.847880000955,2.10575
0.847890000955,2.137
0.847900000955,2.137
0.847910000955,2.10575
0.847920000955,2.10575
0.847930000955,2.10575
0.847940000955,2.137
0.847950000955,2.10575
0.847960000955,2.10575
0.847970000955,2.10575
0.847980000955,2.137
0.847990000955,2.137
0.848000000955,2.10575
0.848010000955,2.137
0.848020000955,2.10575
0.848030000955,2.0745
0.848040000955,2.137
0.848050000955,2.10575
0.848060000955,2.16825
0.848070000955,2.137
0.848080000955,2.10575
0.848090000955,2.16825
0.848100000955,2.16825
0.848110000955,2.137
0.848120000955,2.10575
0.848130000955,2.137
0.848140000955,2.137
0.848150000955,2.10575
0.848160000955,2.16825
0.848170000955,2.137
0.848180000955,2.10575
0.848190000955,2.0745
0.848200000955,2.137
0.848210000955,2.10575
0.848220000955,2.10575
0.848230000955,2.10575
0.848240000955,2.137
0.848250000955,2.16825
0.848260000955,2.10575
0.848270000955,2.137
0.848280000955,2.137
0.848290000955,2.10575
0.848300000955,2.10575
0.848310000955,2.137
0.848320000955,2.10575
0.848330000955,2.137
0.848340000955,2.137
0.848350000955,2.0745
0.848360000955,2.10575
0.848370000955,2.137
0.848380000955,2.0745
0.848390000955,2.10575
0.848400000955,2.137
0.848410000955,2.10575
0.848420000955,2.10575
0.848430000955,2.137
0.848440000955,2.10575
0.848450000955,2.10575
0.848460000955,2.137
0.848470000955,2.10575
0.848480000955,2.137
0.848490000955,2.137
0.848500000955,2.10575
0.848510000955,2.137
0.848520000955,2.137
0.848530000955,2.10575
0.848540000955,2.137
0.848550000955,2.16825
0.848560000955,2.137
0.848570000955,2.137
0.848580000955,2.10575
0.848590000955,2.0745
0.848600000955,2.137
0.848610000955,2.137
0.848620000955,2.10575
0.848630000955,2.10575
0.848640000955,2.137
0.848650000955,2.10575
0.848660000955,2.10575
0.848670000955,2.10575
0.848680000955,2.137
0.848690000955,2.137
0.848700000955,2.10575
0.848710000955,2.10575
0.848720000955,2.137
0.848730000955,2.137
0.848740000955,2.137
0.848750000955,2.137
0.848760000955,2.137
0.848770000955,2.137
0.848780000955,2.137
0.848790000955,2.10575
0.848800000955,2.10575
0.848810000955,2.137
0.848820000955,2.10575
0.848830000955,2.10575
0.848840000955,2.0745
0.848850000955,2.137
0.848860000955,2.137
0.848870000955,2.137
0.848880000955,2.10575
0.848890000955,2.137
0.848900000955,2.137
0.848910000955,2.10575
0.848920000955,2.137
0.848930000955,2.10575
0.848940000955,2.10575
0.848950000955,2.137
0.848960000955,2.137
0.848970000955,2.137
0.848980000955,2.10575
0.848990000955,2.137
0.849000000955,2.10575
0.849010000955,2.137
0.849020000955,2.137
0.849030000955,2.137
0.849040000955,2.10575
0.849050000955,2.137
0.849060000955,2.137
0.849070000955,2.137
0.849080000955,2.137
0.849090000955,2.10575
0.849100000955,2.137
0.849110000955,2.137
0.849120000955,2.137
0.849130000955,2.137
0.849140000955,2.137
0.849150000955,2.10575
0.849160000955,2.10575
0.849170000955,2.137
0.849180000955,2.137
0.849190000955,2.10575
0.849200000955,2.137
0.849210000955,2.137
0.849220000955,2.10575
0.849230000955,2.137
0.849240000955,2.137
0.849250000955,2.0745
0.849260000955,2.137
0.849270000955,2.10575
0.849280000955,2.10575
0.849290000955,2.10575
0.849300000955,2.0745
0.849310000955,2.10575
0.849320000955,2.10575
0.849330000955,2.0745
0.849340000955,2.10575
0.849350000955,2.137
0.849360000955,2.137
0.849370000955,2.137
0.849380000955,2.137
0.849390000955,2.137
0.849400000955,2.10575
0.849410000955,2.137
0.849420000955,2.10575
0.849430000955,2.10575
0.849440000955,2.137
0.849450000955,2.10575
0.849460000955,2.10575
0.849470000955,2.10575
0.849480000955,2.10575
0.849490000955,2.10575
0.849500000955,2.10575
0.849510000955,2.137
0.849520000955,2.10575
0.849530000955,2.10575
0.849540000955,2.10575
0.849550000955,2.10575
0.849560000955,2.137
0.849570000955,2.10575
0.849580000955,2.10575
0.849590000955,2.137
0.849600000955,2.137
0.849610000955,2.137
0.849620000955,2.137
0.849630000955,2.10575
0.849640000955,2.137
0.849650000955,2.10575
0.849660000955,2.137
0.849670000955,2.10575
0.849680000955,2.137
0.849690000955,2.137
0.849700000955,2.04325
0.849710000955,2.10575
0.849720000955,2.137
0.849730000955,2.10575
0.849740000955,2.137
0.849750000955,2.10575
0.849760000955,2.10575
0.849770000955,2.10575
0.849780000955,2.10575
0.849790000955,2.137
0.849800000955,2.16825
0.849810000955,2.137
0.849820000955,2.0745
0.849830000955,2.137
0.849840000955,2.10575
0.849850000955,2.10575
0.849860000955,2.137
0.849870000955,2.137
0.849880000955,2.16825
0.849890000955,2.10575
0.849900000955,2.10575
0.849910000955,2.137
0.849920000955,2.137
0.849930000955,2.10575
0.849940000955,2.10575
0.849950000955,2.10575
0.849960000955,2.10575
0.849970000955,2.137
0.849980000955,2.10575
0.849990000955,2.0745
0.850000000955,2.137
0.850010000955,2.137
0.850020000955,2.137
0.850030000955,2.137
0.850040000955,2.10575
0.850050000955,2.137
0.850060000955,2.10575
0.850070000955,2.137
0.850080000955,2.137
0.850090000955,2.137
0.850100000955,2.137
0.850110000955,2.0745
0.850120000955,2.10575
0.850130000955,2.137
0.850140000955,2.137
0.850150000955,2.137
0.850160000955,2.10575
0.850170000955,2.10575
0.850180000955,2.137
0.850190000955,2.137
0.850200000955,2.10575
0.850210000955,2.10575
0.850220000955,2.10575
0.850230000955,2.137
0.850240000955,2.10575
0.850250000955,2.10575
0.850260000955,2.16825
0.850270000955,2.137
0.850280000955,2.10575
0.850290000955,2.10575
0.850300000955,2.137
0.850310000955,2.137
0.850320000955,2.137
0.850330000955,2.10575
0.850340000955,2.137
0.850350000955,2.10575
0.850360000955,2.10575
0.850370000955,2.137
0.850380000955,2.137
0.850390000955,2.10575
0.850400000955,2.10575
0.850410000955,2.137
0.850420000955,2.10575
0.850430000955,2.137
0.850440000955,2.137
0.850450000955,2.10575
0.850460000955,2.10575
0.850470000955,2.10575
0.850480000955,2.137
0.850490000955,2.137
0.850500000955,2.10575
0.850510000955,2.137
0.850520000955,2.137
0.850530000955,2.10575
0.850540000955,2.137
0.850550000955,2.10575
0.850560000955,2.10575
0.850570000955,2.137
0.850580000955,2.10575
0.850590000955,2.10575
0.850600000955,2.137
0.850610000955,2.10575
0.850620000955,2.137
0.850630000955,2.16825
0.850640000955,2.10575
0.850650000955,2.137
0.850660000955,2.10575
0.850670000955,2.10575
0.850680000955,2.137
0.850690000955,2.137
0.850700000955,2.16825
0.850710000955,2.10575
0.850720000955,2.10575
0.850730000955,2.10575
0.850740000955,2.10575
0.850750000955,2.137
0.850760000955,2.137
0.850770000955,2.137
0.850780000955,2.10575
0.850790000955,2.137
0.850800000955,2.137
0.850810000955,2.137
0.850820000955,2.137
0.850830000955,2.137
0.850840000955,2.137
0.850850000955,2.10575
0.850860000955,2.10575
0.850870000955,2.10575
0.850880000955,2.10575
0.850890000955,2.137
0.850900000955,2.137
0.850910000955,2.16825
0.850920000955,2.10575
0.850930000955,2.10575
0.850940000955,2.10575
0.850950000955,2.10575
0.850960000955,2.10575
0.850970000955,2.10575
0.850980000955,2.10575
0.850990000955,2.10575
0.851000000955,2.16825
0.851010000955,2.137
0.851020000955,2.10575
0.851030000955,2.16825
0.851040000955,2.10575
0.851050000955,2.137
0.851060000955,2.10575
0.851070000955,2.137
0.851080000955,2.10575
0.851090000955,2.10575
0.851100000955,2.10575
0.851110000955,2.137
0.851120000955,2.10575
0.851130000955,2.137
0.851140000955,2.137
0.851150000955,2.137
0.851160000955,2.10575
0.851170000955,2.0745
0.851180000955,2.137
0.851190000955,2.137
0.851200000955,2.137
0.851210000955,2.10575
0.851220000955,2.10575
0.851230000955,2.137
0.851240000955,2.137
0.851250000955,2.10575
0.851260000955,2.10575
0.851270000955,2.137
0.851280000955,2.10575
0.851290000955,2.137
0.851300000955,2.10575
0.851310000955,2.10575
0.851320000955,2.137
0.851330000955,2.137
0.851340000955,2.16825
0.851350000955,2.137
0.851360000955,2.10575
0.851370000955,2.137
0.851380000955,2.137
0.851390000955,2.10575
0.851400000955,2.137
0.851410000955,2.137
0.851420000955,2.10575
0.851430000955,2.137
0.851440000955,2.10575
0.851450000955,2.137
0.851460000955,2.137
0.851470000955,2.137
0.851480000955,2.137
0.851490000955,2.10575
0.851500000955,2.10575
0.851510000955,2.137
0.851520000955,2.10575
0.851530000955,2.137
0.851540000955,2.137
0.851550000955,2.10575
0.851560000955,2.10575
0.851570000955,2.137
0.851580000955,2.10575
0.851590000955,2.137
0.851600000955,2.137
0.851610000955,2.137
0.851620000955,2.137
0.851630000955,2.10575
0.851640000955,2.137
0.851650000955,2.137
0.851660000955,2.10575
0.851670000955,2.10575
0.851680000955,2.137
0.851690000955,2.137
0.851700000955,2.10575
0.851710000955,2.10575
0.851720000955,2.10575
0.851730000955,2.137
0.851740000955,2.10575
0.851750000955,2.16825
0.851760000955,2.10575
0.851770000955,2.10575
0.851780000955,2.16825
0.851790000955,2.10575
0.851800000955,2.137
0.851810000955,2.10575
0.851820000955,2.10575
0.851830000955,2.137
0.851840000955,2.0745
0.851850000955,2.137
0.851860000955,2.137
0.851870000955,2.10575
0.851880000955,2.10575
0.851890000955,2.137
0.851900000955,2.10575
0.851910000955,2.137
0.851920000955,2.10575
0.851930000955,2.137
0.851940000955,2.10575
0.851950000955,2.137
0.851960000955,2.10575
0.851970000955,2.137
0.851980000955,2.137
0.851990000955,2.10575
0.852000000955,2.137
0.852010000955,2.137
0.852020000955,2.137
0.852030000955,2.16825
0.852040000955,2.10575
0.852050000955,2.10575
0.852060000955,2.10575
0.852070000955,2.137
0.852080000955,2.137
0.852090000955,2.16825
0.852100000955,2.137
0.852110000955,2.10575
0.852120000955,2.10575
0.852130000955,2.137
0.852140000955,2.137
0.852150000955,2.10575
0.852160000955,2.137
0.852170000955,2.0745
0.852180000955,2.137
0.852190000955,2.10575
0.852200000955,2.16825
0.852210000955,2.137
0.852220000955,2.137
0.852230000955,2.10575
0.852240000955,2.137
0.852250000955,2.137
0.852260000955,2.137
0.852270000955,2.137
0.852280000955,2.137
0.852290000955,2.137
0.852300000955,2.137
0.852310000955,2.137
0.852320000955,2.137
0.852330000955,2.137
0.852340000955,2.137
0.852350000955,2.137
0.852360000955,2.137
0.852370000955,2.137
0.852380000955,2.137
0.852390000955,2.10575
0.852400000955,2.137
0.852410000955,2.10575
0.852420000955,2.0745
0.852430000955,2.10575
0.852440000955,2.137
0.852450000955,2.0745
0.852460000955,2.10575
0.852470000955,2.10575
0.852480000955,2.10575
0.852490000955,2.137
0.852500000955,2.10575
0.852510000955,2.10575
0.852520000955,2.137
0.852530000955,2.10575
0.852540000955,2.137
0.852550000955,2.10575
0.852560000955,2.10575
0.852570000955,2.10575
0.852580000955,2.137
0.852590000955,2.10575
0.852600000955,2.137
0.852610000955,2.10575
0.852620000955,2.137
0.852630000955,2.10575
0.852640000955,2.10575
0.852650000955,2.137
0.852660000955,2.137
0.852670000955,2.137
0.852680000955,2.137
0.852690000955,2.10575
0.852700000955,2.10575
0.852710000955,2.10575
0.852720000955,2.10575
0.852730000955,2.0745
0.852740000955,2.137
0.852750000955,2.10575
0.852760000955,2.10575
0.852770000955,2.137
0.852780000955,2.137
0.852790000955,2.10575
0.852800000955,2.137
0.852810000955,2.10575
0.852820000955,2.10575
0.852830000955,2.137
0.852840000955,2.137
0.852850000955,2.137
0.852860000955,2.10575
0.852870000955,2.137
0.852880000955,2.137
0.852890000955,2.10575
0.852900000955,2.10575
0.852910000955,2.16825
0.852920000955,2.10575
0.852930000955,2.10575
0.852940000955,2.10575
0.852950000955,2.137
0.852960000955,2.137
0.852970000955,2.137
0.852980000955,2.137
0.852990000955,2.10575
0.853000000955,2.137
0.853010000955,2.137
0.853020000955,2.137
0.853030000955,2.10575
0.853040000955,2.0745
0.853050000955,2.10575
0.853060000955,2.10575
0.853070000955,2.137
0.853080000955,2.10575
0.853090000955,2.10575
0.853100000955,2.10575
0.853110000955,2.137
0.853120000955,2.10575
0.853130000955,2.16825
0.853140000955,2.10575
0.853150000955,2.137
0.853160000955,2.10575
0.853170000955,2.137
0.853180000955,2.137
0.853190000955,2.10575
0.853200000955,2.137
0.853210000955,2.16825
0.853220000955,2.10575
0.853230000955,2.10575
0.853240000955,2.10575
0.853250000955,2.10575
0.853260000955,2.10575
0.853270000955,2.137
0.853280000955,2.137
0.853290000955,2.137
0.853300000955,2.137
0.853310000955,2.137
0.853320000955,2.10575
0.853330000955,2.10575
0.853340000955,2.10575
0.853350000955,2.137
0.853360000955,2.10575
0.853370000955,2.10575
0.853380000955,2.0745
0.853390000955,2.16825
0.853400000955,2.137
0.853410000955,2.137
0.853420000955,2.10575
0.853430000955,2.10575
0.853440000955,2.137
0.853450000955,2.10575
0.853460000955,2.137
0.853470000955,2.137
0.853480000955,2.0745
0.853490000955,2.16825
0.853500000955,2.10575
0.853510000955,2.137
0.853520000955,2.10575
0.853530000955,2.10575
0.853540000955,2.137
0.853550000955,2.0745
0.853560000955,2.137
0.853570000955,2.10575
0.853580000955,2.10575
0.853590000955,2.137
0.853600000955,2.10575
0.853610000955,2.137
0.853620000955,2.10575
0.853630000955,2.10575
0.853640000955,2.10575
0.853650000955,2.10575
0.853660000955,2.137
0.853670000955,2.137
0.853680000955,2.10575
0.853690000955,2.137
0.853700000955,2.10575
0.853710000955,2.10575
0.853720000955,2.10575
0.853730000955,2.137
0.853740000955,2.137
0.853750000955,2.10575
0.853760000955,2.137
0.853770000955,2.137
0.853780000955,2.0745
0.853790000955,2.10575
0.853800000955,2.137
0.853810000955,2.137
0.853820000955,2.137
0.853830000955,2.10575
0.853840000955,2.10575
0.853850000955,2.137
0.853860000955,2.10575
0.853870000955,2.10575
0.853880000955,2.10575
0.853890000955,2.10575
0.853900000955,2.137
0.853910000955,2.10575
0.853920000955,2.137
0.853930000955,2.137
0.853940000955,2.137
0.853950000955,2.137
0.853960000955,2.137
0.853970000955,2.10575
0.853980000955,2.10575
0.853990000955,2.137
0.854000000955,2.10575
0.854010000955,2.10575
0.854020000955,2.137
0.854030000955,2.10575
0.854040000955,2.137
0.854050000955,2.137
0.854060000955,2.10575
0.854070000955,2.10575
0.854080000955,2.137
0.854090000955,2.10575
0.854100000955,2.137
0.854110000955,2.137
0.854120000955,2.137
0.854130000955,2.137
0.854140000955,2.16825
0.854150000955,2.10575
0.854160000955,2.137
0.854170000955,2.137
0.854180000955,2.10575
0.854190000955,2.0745
0.854200000955,2.137
0.854210000955,2.137
0.854220000955,2.137
0.854230000955,2.10575
0.854240000955,2.10575
0.854250000955,2.137
0.854260000955,2.10575
0.854270000955,2.137
0.854280000955,2.10575
0.854290000955,2.137
0.854300000955,2.137
0.854310000955,2.10575
0.854320000955,2.137
0.854330000955,2.10575
0.854340000955,2.137
0.854350000955,2.137
0.854360000955,2.137
0.854370000955,2.10575
0.854380000955,2.0745
0.854390000955,2.137
0.854400000955,2.10575
0.854410000955,2.137
0.854420000955,2.10575
0.854430000955,2.10575
0.854440000955,2.10575
0.854450000955,2.137
0.854460000955,2.137
0.854470000955,2.10575
0.854480000955,2.16825
0.854490000955,2.10575
0.854500000955,2.10575
0.854510000955,2.0745
0.854520000955,2.137
0.854530000955,2.10575
0.854540000955,2.10575
0.854550000955,2.10575
0.854560000955,2.137
0.854570000955,2.16825
0.854580000955,2.10575
0.854590000955,2.10575
0.854600000955,2.10575
0.854610000955,2.10575
0.854620000955,2.137
0.854630000955,2.137
0.854640000955,2.10575
0.854650000955,2.137
0.854660000955,2.137
0.854670000955,2.10575
0.854680000955,2.10575
0.854690000955,2.10575
0.854700000955,2.10575
0.854710000955,2.137
0.854720000955,2.137
0.854730000955,2.137
0.854740000955,2.10575
0.854750000955,2.137
0.854760000955,2.10575
0.854770000955,2.10575
0.854780000955,2.10575
0.854790000955,2.16825
0.854800000955,2.16825
0.854810000955,2.10575
0.854820000955,2.10575
0.854830000955,2.0745
0.854840000955,2.137
0.854850000955,2.137
0.854860000955,2.10575
0.854870000955,2.137
0.854880000955,2.10575
0.854890000955,2.10575
0.854900000955,2.137
0.854910000955,2.10575
0.854920000955,2.137
0.854930000955,2.10575
0.854940000955,2.10575
0.854950000955,2.137
0.854960000955,2.10575
0.854970000955,2.137
0.854980000955,2.10575
0.854990000955,2.137
0.855000000955,2.137
0.855010000955,2.10575
0.855020000955,2.10575
0.855030000955,2.10575
0.855040000955,2.137
0.855050000955,2.137
0.855060000955,2.137
0.855070000955,2.0745
0.855080000955,2.10575
0.855090000955,2.16825
0.855100000955,2.10575
0.855110000955,2.10575
0.855120000955,2.137
0.855130000955,2.137
0.855140000955,2.16825
0.855150000955,2.137
0.855160000955,2.10575
0.855170000955,2.137
0.855180000955,2.10575
0.855190000955,2.137
0.855200000955,2.0745
0.855210000955,2.137
0.855220000955,2.10575
0.855230000955,2.10575
0.855240000955,2.137
0.855250000955,2.10575
0.855260000955,2.10575
0.855270000955,2.137
0.855280000955,2.137
0.855290000955,2.137
0.855300000955,2.10575
0.855310000955,2.137
0.855320000955,2.10575
0.855330000955,2.10575
0.855340000955,2.10575
0.855350000955,2.10575
0.855360000955,2.10575
0.855370000955,2.137
0.855380000955,2.137
0.855390000955,2.0745
0.855400000955,2.137
0.855410000955,2.10575
0.855420000955,2.137
0.855430000955,2.10575
0.855440000955,2.10575
0.855450000955,2.137
0.855460000955,2.10575
0.855470000955,2.137
0.855480000955,2.10575
0.855490000955,2.0745
0.855500000955,2.10575
0.855510000955,2.137
0.855520000955,2.137
0.855530000955,2.10575
0.855540000955,2.16825
0.855550000955,2.137
0.855560000955,2.137
0.855570000955,2.10575
0.855580000955,2.10575
0.855590000955,2.10575
0.855600000955,2.137
0.855610000955,2.10575
0.855620000955,2.10575
0.855630000955,2.137
0.855640000955,2.10575
0.855650000955,2.137
0.855660000955,2.137
0.855670000955,2.137
0.855680000955,2.10575
0.855690000955,2.137
0.855700000955,2.137
0.855710000955,2.10575
0.855720000955,2.137
0.855730000955,2.137
0.855740000955,2.137
0.855750000955,2.10575
0.855760000955,2.10575
0.855770000955,2.10575
0.855780000955,2.137
0.855790000955,2.137
0.855800000955,2.137
0.855810000955,2.10575
0.855820000955,2.137
0.855830000955,2.10575
0.855840000955,2.137
0.855850000955,2.10575
0.855860000955,2.137
0.855870000955,2.137
0.855880000955,2.137
0.855890000955,2.10575
0.855900000955,2.10575
0.855910000955,2.10575
0.855920000955,2.137
0.855930000955,2.10575
0.855940000955,2.0745
0.855950000955,2.137
0.855960000955,2.0745
0.855970000955,2.10575
0.855980000955,2.137
0.855990000955,2.137
0.856000000955,2.0745
0.856010000955,2.10575
0.856020000955,2.10575
0.856030000955,2.10575
0.856040000955,2.137
0.856050000955,2.10575
0.856060000955,2.137
0.856070000955,2.10575
0.856080000955,2.10575
0.856090000955,2.10575
0.856100000955,2.137
0.856110000955,2.10575
0.856120000955,2.137
0.856130000955,2.137
0.856140000955,2.10575
0.856150000955,2.137
0.856160000955,2.10575
0.856170000955,2.137
0.856180000955,2.137
0.856190000955,2.137
0.856200000955,2.137
0.856210000955,2.10575
0.856220000955,2.10575
0.856230000955,2.137
0.856240000955,2.137
0.856250000955,2.137
0.856260000955,2.137
0.856270000955,2.10575
0.856280000955,2.10575
0.856290000955,2.137
0.856300000955,2.10575
0.856310000955,2.137
0.856320000955,2.10575
0.856330000955,2.137
0.856340000955,2.10575
0.856350000955,2.16825
0.856360000955,2.10575
0.856370000955,2.10575
0.856380000955,2.10575
0.856390000955,2.10575
0.856400000955,2.10575
0.856410000955,2.137
0.856420000955,2.137
0.856430000955,2.137
0.856440000955,2.10575
0.856450000955,2.137
0.856460000955,2.0745
0.856470000955,2.137
0.856480000955,2.137
0.856490000955,2.137
0.856500000955,2.10575
0.856510000955,2.10575
0.856520000955,2.10575
0.856530000955,2.137
0.856540000955,2.137
0.856550000955,2.10575
0.856560000955,2.10575
0.856570000955,2.137
0.856580000955,2.10575
0.856590000955,2.10575
0.856600000955,2.137
0.856610000955,2.10575
0.856620000955,2.137
0.856630000955,2.10575
0.856640000955,2.10575
0.856650000955,2.10575
0.856660000955,2.137
0.856670000955,2.10575
0.856680000955,2.137
0.856690000955,2.10575
0.856700000955,2.137
0.856710000955,2.137
0.856720000955,2.10575
0.856730000955,2.137
0.856740000955,2.137
0.856750000955,2.10575
0.856760000955,2.137
0.856770000955,2.10575
0.856780000955,2.10575
0.856790000955,2.137
0.856800000955,2.10575
0.856810000955,2.137
0.856820000955,2.137
0.856830000955,2.10575
0.856840000955,2.137
0.856850000955,2.137
0.856860000955,2.10575
0.856870000955,2.137
0.856880000955,2.10575
0.856890000955,2.10575
0.856900000955,2.10575
0.856910000955,2.10575
0.856920000955,2.10575
0.856930000955,2.10575
0.856940000955,2.10575
0.856950000955,2.137
0.856960000955,2.137
0.856970000955,2.10575
0.856980000955,2.10575
0.856990000955,2.10575
0.857000000955,2.10575
0.857010000955,2.137
0.857020000955,2.10575
0.857030000955,2.137
0.857040000955,2.10575
0.857050000955,2.0745
0.857060000955,2.10575
0.857070000955,2.10575
0.857080000955,2.10575
0.857090000955,2.0745
0.857100000955,2.10575
0.857110000955,2.137
0.857120000955,2.10575
0.857130000955,2.137
0.857140000955,2.10575
0.857150000955,2.10575
0.857160000955,2.137
0.857170000955,2.10575
0.857180000955,2.10575
0.857190000955,2.137
0.857200000955,2.10575
0.857210000955,2.0745
0.857220000955,2.10575
0.857230000955,2.10575
0.857240000955,2.10575
0.857250000955,2.137
0.857260000955,2.10575
0.857270000955,2.0745
0.857280000955,2.10575
0.857290000955,2.10575
0.857300000955,2.0745
0.857310000955,2.137
0.857320000955,2.10575
0.857330000955,2.0745
0.857340000955,2.10575
0.857350000955,2.0745
0.857360000955,2.10575
0.857370000955,2.10575
0.857380000955,2.10575
0.857390000955,2.10575
0.857400000955,2.137
0.857410000955,2.10575
0.857420000955,2.0745
0.857430000955,2.137
0.857440000955,2.10575
0.857450000955,2.10575
0.857460000955,2.137
0.857470000955,2.137
0.857480000955,2.0745
0.857490000955,2.137
0.857500000955,2.10575
0.857510000955,2.10575
0.857520000955,2.10575
0.857530000955,2.10575
0.857540000955,2.137
0.857550000955,2.10575
0.857560000955,2.10575
0.857570000955,2.10575
0.857580000955,2.10575
0.857590000955,2.137
0.857600000955,2.0745
0.857610000955,2.10575
0.857620000955,2.137
0.857630000955,2.10575
0.857640000955,2.137
0.857650000955,2.10575
0.857660000955,2.137
0.857670000955,2.10575
0.857680000955,2.0745
0.857690000955,2.10575
0.857700000955,2.10575
0.857710000955,2.10575
0.857720000955,2.10575
0.857730000955,2.10575
0.857740000955,2.137
0.857750000955,2.10575
0.857760000955,2.0745
0.857770000955,2.10575
0.857780000955,2.10575
0.857790000955,2.137
0.857800000955,2.137
0.857810000955,2.137
0.857820000955,2.10575
0.857830000955,2.0745
0.857840000955,2.10575
0.857850000955,2.137
0.857860000955,2.137
0.857870000955,2.0745
0.857880000955,2.0745
0.857890000955,2.0745
0.857900000955,2.10575
0.857910000955,2.10575
0.857920000955,2.10575
0.857930000955,2.10575
0.857940000955,2.137
0.857950000955,2.137
0.857960000955,2.0745
0.857970000955,2.10575
0.857980000955,2.137
0.857990000955,2.10575
0.858000000955,2.10575
0.858010000955,2.0745
0.858020000955,2.0745
0.858030000955,2.10575
0.858040000955,2.0745
0.858050000955,2.10575
0.858060000955,2.10575
0.858070000955,2.0745
0.858080000955,2.0745
0.858090000955,2.137
0.858100000955,2.10575
0.858110000955,2.137
0.858120000955,2.0745
0.858130000955,2.0745
0.858140000955,2.137
0.858150000955,2.137
0.858160000955,2.10575
0.858170000955,2.10575
0.858180000955,2.137
0.858190000955,2.10575
0.858200000955,2.10575
0.858210000955,2.10575
0.858220000955,2.10575
0.858230000955,2.0745
0.858240000955,2.10575
0.858250000955,2.10575
0.858260000955,2.10575
0.858270000955,2.10575
0.858280000955,2.10575
0.858290000955,2.10575
0.858300000955,2.10575
0.858310000955,2.137
0.858320000955,2.137
0.858330000955,2.10575
0.858340000955,2.137
0.858350000955,2.10575
0.858360000955,2.137
0.858370000955,2.10575
0.858380000955,2.0745
0.858390000955,2.10575
0.858400000955,2.10575
0.858410000955,2.10575
0.858420000955,2.0745
0.858430000955,2.10575
0.858440000955,2.137
0.858450000955,2.10575
0.858460000955,2.10575
0.858470000955,2.10575
0.858480000955,2.137
0.858490000955,2.10575
0.858500000955,2.10575
0.858510000955,2.10575
0.858520000955,2.10575
0.858530000955,2.10575
0.858540000955,2.0745
0.858550000955,2.0745
0.858560000955,2.10575
0.858570000955,2.10575
0.858580000955,2.0745
0.858590000955,2.0745
0.858600000955,2.10575
0.858610000955,2.10575
0.858620000955,2.137
0.858630000955,2.10575
0.858640000955,2.10575
0.858650000955,2.10575
0.858660000955,2.04325
0.858670000955,2.10575
0.858680000955,2.10575
0.858690000955,2.0745
0.858700000955,2.137
0.858710000955,2.0745
0.858720000955,2.10575
0.858730000955,2.10575
0.858740000955,2.137
0.858750000955,2.10575
0.858760000955,2.10575
0.858770000955,2.10575
0.858780000955,2.10575
0.858790000955,2.10575
0.858800000955,2.10575
0.858810000955,2.0745
0.858820000955,2.0745
0.858830000955,2.0745
0.858840000955,2.0745
0.858850000955,2.10575
0.858860000955,2.10575
0.858870000955,2.10575
0.858880000955,2.10575
0.858890000955,2.10575
0.858900000955,2.10575
0.858910000955,2.0745
0.858920000955,2.10575
0.858930000955,2.10575
0.858940000955,2.10575
0.858950000955,2.10575
0.858960000955,2.10575
0.858970000955,2.10575
0.858980000955,2.10575
0.858990000955,2.0745
0.859000000955,2.10575
0.859010000955,2.10575
0.859020000955,2.10575
0.859030000955,2.10575
0.859040000955,2.0745
0.859050000955,2.10575
0.859060000955,2.0745
0.859070000955,2.137
0.859080000955,2.137
0.859090000955,2.10575
0.859100000955,2.10575
0.859110000955,2.10575
0.859120000955,2.0745
0.859130000955,2.0745
0.859140000955,2.10575
0.859150000955,2.10575
0.859160000955,2.137
0.859170000955,2.10575
0.859180000955,2.0745
0.859190000955,2.10575
0.859200000955,2.137
0.859210000955,2.0745
0.859220000955,2.0745
0.859230000955,2.137
0.859240000955,2.10575
0.859250000955,2.137
0.859260000955,2.0745
0.859270000955,2.10575
0.859280000955,2.10575
0.859290000955,2.10575
0.859300000955,2.10575
0.859310000955,2.0745
0.859320000955,2.10575
0.859330000955,2.10575
0.859340000955,2.0745
0.859350000955,2.10575
0.859360000955,2.137
0.859370000955,2.0745
0.859380000955,2.10575
0.859390000955,2.137
0.859400000955,2.10575
0.859410000955,2.04325
0.859420000955,2.10575
0.859430000955,2.10575
0.859440000955,2.0745
0.859450000955,2.0745
0.859460000955,2.0745
0.859470000955,2.04325
0.859480000955,2.0745
0.859490000955,2.0745
0.859500000955,2.10575
0.859510000955,2.10575
0.859520000955,2.0745
0.859530000955,2.0745
0.859540000955,2.04325
0.859550000955,2.10575
0.859560000955,2.10575
0.859570000955,2.10575
0.859580000955,2.10575
0.859590000955,2.10575
0.859600000955,2.0745
0.859610000955,2.0745
0.859620000955,2.0745
0.859630000955,2.10575
0.859640000955,2.10575
0.859650000955,2.0745
0.859660000955,2.10575
0.859670000955,2.0745
0.859680000955,2.10575
0.859690000955,2.10575
0.859700000955,2.10575
0.859710000955,2.0745
0.859720000955,2.10575
0.859730000955,2.10575
0.859740000955,2.0745
0.859750000955,2.10575
0.859760000955,2.10575
0.859770000955,2.0745
0.859780000955,2.10575
0.859790000955,2.0745
0.859800000955,2.10575
0.859810000955,2.0745
0.859820000955,2.10575
0.859830000955,2.10575
0.859840000955,2.10575
0.859850000955,2.0745
0.859860000955,2.0745
0.859870000955,2.04325
0.859880000955,2.137
0.859890000955,2.10575
0.859900000955,2.10575
0.859910000955,2.10575
0.859920000955,2.137
0.859930000955,2.10575
0.859940000955,2.10575
0.859950000955,2.10575
0.859960000955,2.10575
0.859970000955,2.0745
0.859980000955,2.0745
0.859990000955,2.10575
0.860000000955,2.0745
0.860010000955,2.0745
0.860020000955,2.0745
0.860030000955,2.10575
0.860040000955,2.0745
0.860050000955,2.0745
0.860060000955,2.0745
0.860070000955,2.10575
0.860080000955,2.10575
0.860090000955,2.0745
0.860100000955,2.10575
0.860110000955,2.0745
0.860120000955,2.10575
0.860130000955,2.10575
0.860140000955,2.10575
0.860150000955,2.10575
0.860160000955,2.137
0.860170000955,2.0745
0.860180000955,2.0745
0.860190000955,2.10575
0.860200000955,2.0745
0.860210000955,2.10575
0.860220000955,2.0745
0.860230000955,2.10575
0.860240000955,2.10575
0.860250000955,2.0745
0.860260000955,2.10575
0.860270000955,2.10575
0.860280000955,2.10575
0.860290000955,2.10575
0.860300000955,2.10575
0.860310000955,2.137
0.860320000955,2.10575
0.860330000955,2.10575
0.860340000955,2.10575
0.860350000955,2.0745
0.860360000955,2.10575
0.860370000955,2.10575
0.860380000955,2.10575
0.860390000955,2.10575
0.860400000955,2.137
0.860410000955,2.10575
0.860420000955,2.0745
0.860430000955,2.10575
0.860440000955,2.04325
0.860450000955,2.0745
0.860460000955,2.0745
0.860470000955,2.0745
0.860480000955,2.10575
0.860490000955,2.137
0.860500000955,2.10575
0.860510000955,2.10575
0.860520000955,2.10575
0.860530000955,2.10575
0.860540000955,2.137
0.860550000955,2.10575
0.860560000955,2.10575
0.860570000955,2.137
0.860580000955,2.10575
0.860590000955,2.0745
0.860600000955,2.137
0.860610000955,2.10575
0.860620000955,2.10575
0.860630000955,2.10575
0.860640000955,2.0745
0.860650000955,2.10575
0.860660000955,2.10575
0.860670000955,2.137
0.860680000955,2.0745
0.860690000955,2.0745
0.860700000955,2.10575
0.860710000955,2.0745
0.860720000955,2.04325
0.860730000955,2.0745
0.860740000955,2.0745
0.860750000955,2.10575
0.860760000955,2.0745
0.860770000955,2.10575
0.860780000955,2.10575
0.860790000955,2.10575
0.860800000955,2.10575
0.860810000955,2.10575
0.860820000955,2.10575
0.860830000955,2.10575
0.860840000955,2.10575
0.860850000955,2.10575
0.860860000955,2.10575
0.860870000955,2.10575
0.860880000955,2.10575
0.860890000955,2.04325
0.860900000955,2.0745
0.860910000955,2.10575
0.860920000955,2.137
0.860930000955,2.10575
0.860940000955,2.10575
0.860950000955,2.10575
0.860960000955,2.10575
0.860970000955,2.10575
0.860980000955,2.10575
0.860990000955,2.137
0.861000000955,2.137
0.861010000955,2.10575
0.861020000955,2.137
0.861030000955,2.137
0.861040000955,2.10575
0.861050000955,2.0745
0.861060000955,2.0745
0.861070000955,2.10575
0.861080000955,2.0745
0.861090000955,2.0745
0.861100000955,2.0745
0.861110000955,2.0745
0.861120000955,2.0745
0.861130000955,2.10575
0.861140000955,2.10575
0.861150000955,2.10575
0.861160000955,2.10575
0.861170000955,2.10575
0.861180000955,2.0745
0.861190000955,2.10575
0.861200000955,2.10575
0.861210000955,2.10575
0.861220000955,2.10575
0.861230000955,2.10575
0.861240000955,2.0745
0.861250000955,2.10575
0.861260000955,2.10575
0.861270000955,2.10575
0.861280000955,2.0745
0.861290000955,2.10575
0.861300000955,2.10575
0.861310000955,2.10575
0.861320000955,2.10575
0.861330000955,2.10575
0.861340000955,2.137
0.861350000955,2.0745
0.861360000955,2.10575
0.861370000955,2.137
0.861380000955,2.137
0.861390000955,2.0745
0.861400000955,2.0745
0.861410000955,2.10575
0.861420000955,2.10575
0.861430000955,2.10575
0.861440000955,2.10575
0.861450000955,2.10575
0.861460000955,2.10575
0.861470000955,2.137
0.861480000955,2.04325
0.861490000955,2.10575
0.861500000955,2.0745
0.861510000955,2.10575
0.861520000955,2.10575
0.861530000955,2.10575
0.861540000955,2.10575
0.861550000955,2.0745
0.861560000955,2.10575
0.861570000955,2.10575
0.861580000955,2.0745
0.861590000955,2.0745
0.861600000955,2.0745
0.861610000955,2.0745
0.861620000955,2.137
0.861630000955,2.10575
0.861640000955,2.0745
0.861650000955,2.10575
0.861660000955,2.0745
0.861670000955,2.0745
0.861680000955,2.10575
0.861690000955,2.10575
0.861700000955,2.0745
0.861710000955,2.0745
0.861720000955,2.10575
0.861730000955,2.10575
0.861740000955,2.10575
0.861750000955,2.0745
0.861760000955,2.10575
0.861770000955,2.10575
0.861780000955,2.10575
0.861790000955,2.137
0.861800000955,2.10575
0.861810000955,2.0745
0.861820000955,2.0745
0.861830000955,2.0745
0.861840000955,2.10575
0.861850000955,2.10575
0.861860000955,2.10575
0.861870000955,2.0745
0.861880000955,2.10575
0.861890000955,2.10575
0.861900000955,2.0745
0.861910000955,2.10575
0.861920000955,2.10575
0.861930000955,2.0745
0.861940000955,2.0745
0.861950000955,2.10575
0.861960000955,2.10575
0.861970000955,2.10575
0.861980000955,2.0745
0.861990000955,2.0745
0.862000000955,2.0745
0.862010000955,2.10575
0.862020000955,2.10575
0.862030000955,2.0745
0.862040000955,2.0745
0.862050000955,2.10575
0.862060000955,2.10575
0.862070000955,2.10575
0.862080000955,2.10575
0.862090000955,2.10575
0.862100000955,2.10575
0.862110000955,2.10575
0.862120000955,2.137
0.862130000955,2.10575
0.862140000955,2.0745
0.862150000955,2.0745
0.862160000955,2.10575
0.862170000955,2.10575
0.862180000955,2.137
0.862190000955,2.10575
0.862200000955,2.10575
0.862210000955,2.10575
0.862220000955,2.10575
0.862230000955,2.10575
0.862240000955,2.137
0.862250000955,2.0745
0.862260000955,2.0745
0.862270000955,2.10575
0.862280000955,2.10575
0.862290000955,2.0745
0.862300000955,2.10575
0.862310000955,2.10575
0.862320000955,2.0745
0.862330000955,2.10575
0.862340000955,2.10575
0.862350000955,2.0745
0.862360000955,2.10575
0.862370000955,2.10575
0.862380000955,2.10575
0.862390000955,2.0745
0.862400000955,2.10575
0.862410000955,2.10575
0.862420000955,2.10575
0.862430000955,2.0745
0.862440000955,2.10575
0.862450000955,2.10575
0.862460000955,2.137
0.862470000955,2.10575
0.862480000955,2.0745
0.862490000955,2.0745
0.862500000955,2.10575
0.862510000955,2.10575
0.862520000955,2.137
0.862530000955,2.10575
0.862540000955,2.0745
0.862550000955,2.137
0.862560000955,2.0745
0.862570000955,2.10575
0.862580000955,2.0745
0.862590000955,2.137
0.862600000955,2.10575
0.862610000955,2.04325
0.862620000955,2.0745
0.862630000955,2.10575
0.862640000955,2.137
0.862650000955,2.0745
0.862660000955,2.0745
0.862670000955,2.0745
0.862680000955,2.10575
0.862690000955,2.0745
0.862700000955,2.10575
0.862710000955,2.0745
0.862720000955,2.0745
0.862730000955,2.16825
0.862740000955,2.0745
0.862750000955,2.10575
0.862760000955,2.0745
0.862770000955,2.0745
0.862780000955,2.0745
0.862790000955,2.0745
0.862800000955,2.0745
0.862810000955,2.10575
0.862820000955,2.0745
0.862830000955,2.0745
0.862840000955,2.10575
0.862850000955,2.0745
0.862860000955,2.137
0.862870000955,2.10575
0.862880000955,2.10575
0.862890000955,2.137
0.862900000955,2.10575
0.862910000955,2.0745
0.862920000955,2.10575
0.862930000955,2.04325
0.862940000955,2.10575
0.862950000955,2.0745
0.862960000955,2.10575
0.862970000955,2.10575
0.862980000955,2.10575
0.862990000955,2.0745
0.863000000955,2.10575
0.863010000955,2.10575
0.863020000955,2.10575
0.863030000955,2.04325
0.863040000955,2.10575
0.863050000955,2.10575
0.863060000955,2.0745
0.863070000955,2.10575
0.863080000955,2.10575
0.863090000955,2.0745
0.863100000955,2.0745
0.863110000955,2.137
0.863120000955,2.10575
0.863130000955,2.137
0.863140000955,2.10575
0.863150000955,2.10575
0.863160000955,2.10575
0.863170000955,2.137
0.863180000955,2.0745
0.863190000955,2.10575
0.863200000955,2.0745
0.863210000955,2.0745
0.863220000955,2.04325
0.863230000955,2.10575
0.863240000955,2.10575
0.863250000955,2.10575
0.863260000955,2.0745
0.863270000955,2.137
0.863280000955,2.10575
0.863290000955,2.10575
0.863300000955,2.10575
0.863310000955,2.10575
0.863320000955,2.10575
0.863330000955,2.0745
0.863340000955,2.10575
0.863350000955,2.10575
0.863360000955,2.137
0.863370000955,2.10575
0.863380000955,2.10575
0.863390000955,2.10575
0.863400000955,2.0745
0.863410000955,2.10575
0.863420000955,2.10575
0.863430000955,2.0745
0.863440000955,2.137
0.863450000955,2.137
0.863460000955,2.10575
0.863470000955,2.10575
0.863480000955,2.0745
0.863490000955,2.10575
0.863500000955,2.10575
0.863510000955,2.137
0.863520000955,2.10575
0.863530000955,2.0745
0.863540000955,2.10575
0.863550000955,2.10575
0.863560000955,2.10575
0.863570000955,2.0745
0.863580000955,2.0745
0.863590000955,2.0745
0.863600000955,2.10575
0.863610000955,2.0745
0.863620000955,2.0745
0.863630000955,2.137
0.863640000955,2.10575
0.863650000955,2.10575
0.863660000955,2.0745
0.863670000955,2.137
0.863680000955,2.10575
0.863690000955,2.0745
0.863700000955,2.10575
0.863710000955,2.10575
0.863720000955,2.0745
0.863730000955,2.10575
0.863740000955,2.0745
0.863750000955,2.10575
0.863760000955,2.0745
0.863770000955,2.10575
0.863780000955,2.10575
0.863790000955,2.0745
0.863800000955,2.10575
0.863810000955,2.0745
0.863820000955,2.0745
0.863830000955,2.0745
0.863840000955,2.10575
0.863850000955,2.0745
0.863860000955,2.10575
0.863870000955,2.137
0.863880000955,2.10575
0.863890000955,2.10575
0.863900000955,2.10575
0.863910000955,2.10575
0.863920000955,2.10575
0.863930000955,2.10575
0.863940000955,2.10575
0.863950000955,2.10575
0.863960000955,2.10575
0.863970000955,2.10575
0.863980000955,2.0745
0.863990000955,2.10575
0.864000000955,2.10575
0.864010000955,2.10575
0.864020000955,2.0745
0.864030000955,2.10575
0.864040000955,2.137
0.864050000955,2.10575
0.864060000955,2.10575
0.864070000955,2.10575
0.864080000955,2.10575
0.864090000955,2.0745
0.864100000955,2.10575
0.864110000955,2.0745
0.864120000955,2.10575
0.864130000955,2.137
0.864140000955,2.10575
0.864150000955,2.0745
0.864160000955,2.10575
0.864170000955,2.10575
0.864180000955,2.137
0.864190000955,2.10575
0.864200000955,2.0745
0.864210000955,2.10575
0.864220000955,2.137
0.864230000955,2.10575
0.864240000955,2.10575
0.864250000955,2.10575
0.864260000955,2.10575
0.864270000955,2.10575
0.864280000955,2.0745
0.864290000955,2.10575
0.864300000955,2.10575
0.864310000955,2.0745
0.864320000955,2.0745
0.864330000955,2.10575
0.864340000955,2.10575
0.864350000955,2.10575
0.864360000955,2.10575
0.864370000955,2.10575
0.864380000955,2.137
0.864390000955,2.10575
0.864400000955,2.0745
0.864410000955,2.0745
0.864420000955,2.137
0.864430000955,2.10575
0.864440000955,2.10575
0.864450000955,2.137
0.864460000955,2.0745
0.864470000955,2.10575
0.864480000955,2.0745
0.864490000955,2.10575
0.864500000955,2.137
0.864510000955,2.10575
0.864520000955,2.0745
0.864530000955,2.0745
0.864540000955,2.137
0.864550000955,2.10575
0.864560000955,2.0745
0.864570000955,2.10575
0.864580000955,2.137
0.864590000955,2.10575
0.864600000955,2.10575
0.864610000955,2.0745
0.864620000955,2.10575
0.864630000955,2.10575
0.864640000955,2.10575
0.864650000955,2.10575
0.864660000955,2.10575
0.864670000955,2.0745
0.864680000955,2.0745
0.864690000955,2.10575
0.864700000955,2.10575
0.864710000955,2.0745
0.864720000955,2.10575
0.864730000955,2.0745
0.864740000955,2.0745
0.864750000955,2.10575
0.864760000955,2.137
0.864770000955,2.10575
0.864780000955,2.10575
0.864790000955,2.10575
0.864800000955,2.137
0.864810000955,2.0745
0.864820000955,2.0745
0.864830000955,2.10575
0.864840000955,2.0745
0.864850000955,2.10575
0.864860000955,2.0745
0.864870000955,2.10575
0.864880000955,2.10575
0.864890000955,2.10575
0.864900000955,2.10575
0.864910000955,2.10575
0.864920000955,2.10575
0.864930000955,2.0745
0.864940000955,2.10575
0.864950000955,2.137
0.864960000955,2.10575
0.864970000955,2.0745
0.864980000955,2.10575
0.864990000955,2.137
0.865000000955,2.0745
0.865010000955,2.10575
0.865020000955,2.10575
0.865030000955,2.10575
0.865040000955,2.137
0.865050000955,2.10575
0.865060000955,2.10575
0.865070000955,2.10575
0.865080000955,2.137
0.865090000955,2.10575
0.865100000955,2.10575
0.865110000955,2.10575
0.865120000955,2.0745
0.865130000955,2.137
0.865140000955,2.10575
0.865150000955,2.10575
0.865160000955,2.0745
0.865170000955,2.137
0.865180000955,2.10575
0.865190000955,2.10575
0.865200000955,2.10575
0.865210000955,2.10575
0.865220000955,2.10575
0.865230000955,2.0745
0.865240000955,2.0745
0.865250000955,2.137
0.865260000955,2.10575
0.865270000955,2.0745
0.865280000955,2.10575
0.865290000955,2.0745
0.865300000955,2.0745
0.865310000955,2.10575
0.865320000955,2.137
0.865330000955,2.10575
0.865340000955,2.10575
0.865350000955,2.10575
0.865360000955,2.10575
0.865370000955,2.10575
0.865380000955,2.0745
0.865390000955,2.10575
0.865400000955,2.137
0.865410000955,2.0745
0.865420000955,2.10575
0.865430000955,2.10575
0.865440000955,2.137
0.865450000955,2.10575
0.865460000955,2.10575
0.865470000955,2.0745
0.865480000955,2.10575
0.865490000955,2.0745
0.865500000955,2.10575
0.865510000955,2.10575
0.865520000955,2.0745
0.865530000955,2.10575
0.865540000955,2.137
0.865550000955,2.10575
0.865560000955,2.10575
0.865570000955,2.10575
0.865580000955,2.0745
0.865590000955,2.137
0.865600000955,2.10575
0.865610000955,2.0745
0.865620000955,2.137
0.865630000955,2.10575
0.865640000955,2.10575
0.865650000955,2.137
0.865660000955,2.0745
0.865670000955,2.10575
0.865680000955,2.10575
0.865690000955,2.10575
0.865700000955,2.10575
0.865710000955,2.0745
0.865720000955,2.10575
0.865730000955,2.0745
0.865740000955,2.10575
0.865750000955,2.0745
0.865760000955,2.10575
0.865770000955,2.0745
0.865780000955,2.10575
0.865790000955,2.10575
0.865800000955,2.137
0.865810000955,2.0745
0.865820000955,2.0745
0.865830000955,2.10575
0.865840000955,2.10575
0.865850000955,2.10575
0.865860000955,2.10575
0.865870000955,2.10575
0.865880000955,2.10575
0.865890000955,2.0745
0.865900000955,2.0745
0.865910000955,2.0745
0.865920000955,2.10575
0.865930000955,2.0745
0.865940000955,2.0745
0.865950000955,2.10575
0.865960000955,2.10575
0.865970000955,2.10575
0.865980000955,2.0745
0.865990000955,2.0745
0.866000000955,2.0745
0.866010000955,2.137
0.866020000955,2.10575
0.866030000955,2.0745
0.866040000955,2.137
0.866050000955,2.10575
0.866060000955,2.16825
0.866070000955,2.10575
0.866080000955,2.10575
0.866090000955,2.10575
0.866100000955,2.10575
0.866110000955,2.10575
0.866120000955,2.10575
0.866130000955,2.10575
0.866140000955,2.10575
0.866150000955,2.0745
0.866160000955,2.137
0.866170000955,2.137
0.866180000955,2.10575
0.866190000955,2.0745
0.866200000955,2.10575
0.866210000955,2.0745
0.866220000955,2.10575
0.866230000955,2.10575
0.866240000955,2.10575
0.866250000955,2.10575
0.866260000955,2.0745
0.866270000955,2.0745
0.866280000955,2.137
0.866290000955,2.10575
0.866300000955,2.10575
0.866310000955,2.0745
0.866320000955,2.137
0.866330000955,2.10575
0.866340000955,2.10575
0.866350000955,2.10575
0.866360000955,2.16825
0.866370000955,2.10575
0.866380000955,2.137
0.866390000955,2.10575
0.866400000955,2.10575
0.866410000955,2.137
0.866420000955,2.10575
0.866430000955,2.0745
0.866440000955,2.10575
0.866450000955,2.137
0.866460000955,2.10575
0.866470000955,2.0745
0.866480000955,2.10575
0.866490000955,2.10575
0.866500000955,2.0745
0.866510000955,2.10575
0.866520000955,2.10575
0.866530000955,2.0745
0.866540000955,2.10575
0.866550000955,2.137
0.866560000955,2.10575
0.866570000955,2.10575
0.866580000955,2.10575
0.866590000955,2.10575
0.866600000955,2.0745
0.866610000955,2.137
0.866620000955,2.10575
0.866630000955,2.10575
0.866640000955,2.10575
0.866650000955,2.10575
0.866660000955,2.10575
0.866670000955,2.10575
0.866680000955,2.10575
0.866690000955,2.10575
0.866700000955,2.0745
0.866710000955,2.137
0.866720000955,2.10575
0.866730000955,2.10575
0.866740000955,2.10575
0.866750000955,2.10575
0.866760000955,2.10575
0.866770000955,2.10575
0.866780000955,2.10575
0.866790000955,2.10575
0.866800000955,2.137
0.866810000955,2.10575
0.866820000955,2.0745
0.866830000955,2.137
0.866840000955,2.10575
0.866850000955,2.10575
0.866860000955,2.0745
0.866870000955,2.10575
0.866880000955,2.137
0.866890000955,2.10575
0.866900000955,2.10575
0.866910000955,2.10575
0.866920000955,2.0745
0.866930000955,2.137
0.866940000955,2.0745
0.866950000955,2.10575
0.866960000955,2.10575
0.866970000955,2.0745
0.866980000955,2.10575
0.866990000955,2.10575
0.867000000955,2.10575
0.867010000955,2.10575
0.867020000955,2.10575
0.867030000955,2.10575
0.867040000955,2.10575
0.867050000955,2.137
0.867060000955,2.10575
0.867070000955,2.137
0.867080000955,2.10575
0.867090000955,2.0745
0.867100000955,2.10575
0.867110000955,2.10575
0.867120000955,2.0745
0.867130000955,2.137
0.867140000955,2.137
0.867150000955,2.0745
0.867160000955,2.10575
0.867170000955,2.10575
0.867180000955,2.137
0.867190000955,2.10575
0.867200000955,2.10575
0.867210000955,2.10575
0.867220000955,2.0745
0.867230000955,2.10575
0.867240000955,2.137
0.867250000955,2.10575
0.867260000955,2.10575
0.867270000955,2.10575
0.867280000955,2.137
0.867290000955,2.10575
0.867300000955,2.0745
0.867310000955,2.137
0.867320000955,2.0745
0.867330000955,2.10575
0.867340000955,2.10575
0.867350000955,2.10575
0.867360000955,2.10575
0.867370000955,2.16825
0.867380000955,2.10575
0.867390000955,2.10575
0.867400000955,2.0745
0.867410000955,2.0745
0.867420000955,2.137
0.867430000955,2.10575
0.867440000955,2.16825
0.867450000955,2.137
0.867460000955,2.0745
0.867470000955,2.10575
0.867480000955,2.10575
0.867490000955,2.10575
0.867500000955,2.10575
0.867510000955,2.10575
0.867520000955,2.137
0.867530000955,2.10575
0.867540000955,2.137
0.867550000955,2.10575
0.867560000955,2.10575
0.867570000955,2.10575
0.867580000955,2.10575
0.867590000955,2.10575
0.867600000955,2.0745
0.867610000955,2.10575
0.867620000955,2.137
0.867630000955,2.137
0.867640000955,2.137
0.867650000955,2.0745
0.867660000955,2.10575
0.867670000955,2.10575
0.867680000955,2.04325
0.867690000955,2.137
0.867700000955,2.0745
0.867710000955,2.137
0.867720000955,2.10575
0.867730000955,2.137
0.867740000955,2.10575
0.867750000955,2.10575
0.867760000955,2.10575
0.867770000955,2.137
0.867780000955,2.10575
0.867790000955,2.137
0.867800000955,2.0745
0.867810000955,2.0745
0.867820000955,2.0745
0.867830000955,2.137
0.867840000955,2.10575
0.867850000955,2.10575
0.867860000955,2.10575
0.867870000955,2.10575
0.867880000955,2.10575
0.867890000955,2.0745
0.867900000955,2.10575
0.867910000955,2.0745
0.867920000955,2.10575
0.867930000955,2.137
0.867940000955,2.137
0.867950000955,2.10575
0.867960000955,2.10575
0.867970000955,2.10575
0.867980000955,2.10575
0.867990000955,2.10575
0.868000000955,2.10575
0.868010000955,2.0745
0.868020000955,2.137
0.868030000955,2.10575
0.868040000955,2.137
0.868050000955,2.10575
0.868060000955,2.10575
0.868070000955,2.137
0.868080000955,2.10575
0.868090000955,2.137
0.868100000955,2.10575
0.868110000955,2.10575
0.868120000955,2.10575
0.868130000955,2.10575
0.868140000955,2.0745
0.868150000955,2.10575
0.868160000955,2.10575
0.868170000955,2.0745
0.868180000955,2.10575
0.868190000955,2.10575
0.868200000955,2.10575
0.868210000955,2.10575
0.868220000955,2.0745
0.868230000955,2.10575
0.868240000955,2.10575
0.868250000955,2.137
0.868260000955,2.0745
0.868270000955,2.0745
0.868280000955,2.10575
0.868290000955,2.10575
0.868300000955,2.10575
0.868310000955,2.10575
0.868320000955,2.10575
0.868330000955,2.10575
0.868340000955,2.10575
0.868350000955,2.137
0.868360000955,2.10575
0.868370000955,2.10575
0.868380000955,2.10575
0.868390000955,2.137
0.868400000955,2.10575
0.868410000955,2.10575
0.868420000955,2.0745
0.868430000955,2.10575
0.868440000955,2.10575
0.868450000955,2.10575
0.868460000955,2.10575
0.868470000955,2.10575
0.868480000955,2.16825
0.868490000955,2.137
0.868500000955,2.10575
0.868510000955,2.10575
0.868520000955,2.10575
0.868530000955,2.137
0.868540000955,2.0745
0.868550000955,2.10575
0.868560000955,2.10575
0.868570000955,2.10575
0.868580000955,2.0745
0.868590000955,2.137
0.868600000955,2.10575
0.868610000955,2.10575
0.868620000955,2.10575
0.868630000955,2.10575
0.868640000955,2.137
0.868650000955,2.0745
0.868660000955,2.10575
0.868670000955,2.0745
0.868680000955,2.10575
0.868690000955,2.10575
0.868700000955,2.10575
0.868710000955,2.0745
0.868720000955,2.10575
0.868730000955,2.0745
0.868740000955,2.04325
0.868750000955,2.10575
0.868760000955,2.10575
0.868770000955,2.10575
0.868780000955,2.10575
0.868790000955,2.10575
0.868800000955,2.10575
0.868810000955,2.10575
0.868820000955,2.10575
0.868830000955,2.137
0.868840000955,2.0745
0.868850000955,2.10575
0.868860000955,2.137
0.868870000955,2.10575
0.868880000955,2.10575
0.868890000955,2.10575
0.868900000955,2.10575
0.868910000955,2.0745
0.868920000955,2.10575
0.868930000955,2.137
0.868940000955,2.10575
0.868950000955,2.10575
0.868960000955,2.137
0.868970000955,2.10575
0.868980000955,2.0745
0.868990000955,2.137
0.869000000955,2.0745
0.869010000955,2.10575
0.869020000955,2.0745
0.869030000955,2.10575
0.869040000955,2.137
0.869050000955,2.0745
0.869060000955,2.10575
0.869070000955,2.10575
0.869080000955,2.10575
0.869090000955,2.10575
0.869100000955,2.10575
0.869110000955,2.137
0.869120000955,2.10575
0.869130000955,2.137
0.869140000955,2.10575
0.869150000955,2.10575
0.869160000955,2.10575
0.869170000955,2.137
0.869180000955,2.10575
0.869190000955,2.0745
0.869200000955,2.10575
0.869210000955,2.10575
0.869220000955,2.137
0.869230000955,2.0745
0.869240000955,2.10575
0.869250000955,2.0745
0.869260000955,2.137
0.869270000955,2.10575
0.869280000955,2.10575
0.869290000955,2.10575
0.869300000955,2.0745
0.869310000955,2.10575
0.869320000955,2.10575
0.869330000955,2.10575
0.869340000955,2.10575
0.869350000955,2.10575
0.869360000955,2.137
0.869370000955,2.10575
0.869380000955,2.10575
0.869390000955,2.10575
0.869400000955,2.10575
0.869410000955,2.0745
0.869420000955,2.137
0.869430000955,2.137
0.869440000955,2.10575
0.869450000955,2.137
0.869460000955,2.0745
0.869470000955,2.10575
0.869480000955,2.10575
0.869490000955,2.10575
0.869500000955,2.10575
0.869510000955,2.10575
0.869520000955,2.0745
0.869530000955,2.10575
0.869540000955,2.137
0.869550000955,2.0745
0.869560000955,2.10575
0.869570000955,2.10575
0.869580000955,2.10575
0.869590000955,2.10575
0.869600000955,2.10575
0.869610000955,2.10575
0.869620000955,2.10575
0.869630000955,2.137
0.869640000955,2.137
0.869650000955,2.0745
0.869660000955,2.10575
0.869670000955,2.10575
0.869680000955,2.10575
0.869690000955,2.10575
0.869700000955,2.0745
0.869710000955,2.10575
0.869720000955,2.0745
0.869730000955,2.10575
0.869740000955,2.10575
0.869750000955,2.0745
0.869760000955,2.137
0.869770000955,2.137
0.869780000955,2.10575
0.869790000955,2.137
0.869800000955,2.0745
0.869810000955,2.10575
0.869820000955,2.10575
0.869830000955,2.137
0.869840000955,2.10575
0.869850000955,2.10575
0.869860000955,2.10575
0.869870000955,2.10575
0.869880000955,2.137
0.869890000955,2.0745
0.869900000955,2.10575
0.869910000955,2.137
0.869920000955,2.10575
0.869930000955,2.137
0.869940000955,2.0745
0.869950000955,2.137
0.869960000955,2.137
0.869970000955,2.10575
0.869980000955,2.10575
0.869990000955,2.137
0.870000000955,2.10575
0.870010000955,2.137
0.870020000955,2.0745
0.870030000955,2.10575
0.870040000955,2.10575
0.870050000955,2.0745
0.870060000955,2.137
0.870070000955,2.10575
0.870080000955,2.10575
0.870090000955,2.137
0.870100000955,2.0745
0.870110000955,2.10575
0.870120000955,2.10575
0.870130000955,2.10575
0.870140000955,2.0745
0.870150000955,2.137
0.870160000955,2.10575
0.870170000955,2.0745
0.870180000955,2.137
0.870190000955,2.137
0.870200000955,2.0745
0.870210000955,2.137
0.870220000955,2.137
0.870230000955,2.16825
0.870240000955,2.10575
0.870250000955,2.10575
0.870260000955,2.10575
0.870270000955,2.0745
0.870280000955,2.137
0.870290000955,2.10575
0.870300000955,2.10575
0.870310000955,2.10575
0.870320000955,2.10575
0.870330000955,2.0745
0.870340000955,2.10575
0.870350000955,2.10575
0.870360000955,2.0745
0.870370000955,2.10575
0.870380000955,2.10575
0.870390000955,2.0745
0.870400000955,2.137
0.870410000955,2.137
0.870420000955,2.10575
0.870430000955,2.10575
0.870440000955,2.10575
0.870450000955,2.10575
0.870460000955,2.10575
0.870470000955,2.10575
0.870480000955,2.10575
0.870490000955,2.10575
0.870500000955,2.10575
0.870510000955,2.0745
0.870520000955,2.10575
0.870530000955,2.10575
0.870540000955,2.0745
0.870550000955,2.137
0.870560000955,2.137
0.870570000955,2.10575
0.870580000955,2.10575
0.870590000955,2.10575
0.870600000955,2.10575
0.870610000955,2.10575
0.870620000955,2.10575
0.870630000955,2.10575
0.870640000955,2.137
0.870650000955,2.0745
0.870660000955,2.10575
0.870670000955,2.0745
0.870680000955,2.0745
0.870690000955,2.10575
0.870700000955,2.0745
0.870710000955,2.0745
0.870720000955,2.10575
0.870730000955,2.10575
0.870740000955,2.10575
0.870750000955,2.0745
0.870760000955,2.10575
0.870770000955,2.137
0.870780000955,2.10575
0.870790000955,2.10575
0.870800000955,2.10575
0.870810000955,2.10575
0.870820000955,2.137
0.870830000955,2.10575
0.870840000955,2.137
0.870850000955,2.10575
0.870860000955,2.0745
0.870870000955,2.137
0.870880000955,2.10575
0.870890000955,2.10575
0.870900000955,2.0745
0.870910000955,2.10575
0.870920000955,2.10575
0.870930000955,2.137
0.870940000955,2.10575
0.870950000955,2.10575
0.870960000955,2.10575
0.870970000955,2.10575
0.870980000955,2.10575
0.870990000955,2.10575
0.871000000955,2.10575
0.871010000955,2.10575
0.871020000955,2.10575
0.871030000955,2.10575
0.871040000955,2.0745
0.871050000955,2.0745
0.871060000955,2.10575
0.871070000955,2.0745
0.871080000955,2.137
0.871090000955,2.10575
0.871100000955,2.10575
0.871110000955,2.10575
0.871120000955,2.10575
0.871130000955,2.10575
0.871140000955,2.10575
0.871150000955,2.137
0.871160000955,2.137
0.871170000955,2.10575
0.871180000955,2.137
0.871190000955,2.0745
0.871200000955,2.10575
0.871210000955,2.16825
0.871220000955,2.10575
0.871230000955,2.10575
0.871240000955,2.10575
0.871250000955,2.137
0.871260000955,2.10575
0.871270000955,2.10575
0.871280000955,2.10575
0.871290000955,2.10575
0.871300000955,2.10575
0.871310000955,2.10575
0.871320000955,2.0745
0.871330000955,2.10575
0.871340000955,2.137
0.871350000955,2.0745
0.871360000955,2.10575
0.871370000955,2.0745
0.871380000955,2.10575
0.871390000955,2.10575
0.871400000955,2.137
0.871410000955,2.137
0.871420000955,2.10575
0.871430000955,2.0745
0.871440000955,2.10575
0.871450000955,2.10575
0.871460000955,2.137
0.871470000955,2.10575
0.871480000955,2.10575
0.871490000955,2.10575
0.871500000955,2.10575
0.871510000955,2.10575
0.871520000955,2.10575
0.871530000955,2.10575
0.871540000955,2.10575
0.871550000955,2.10575
0.871560000955,2.10575
0.871570000955,2.137
0.871580000955,2.137
0.871590000955,2.10575
0.871600000955,2.137
0.871610000955,2.10575
0.871620000955,2.0745
0.871630000955,2.10575
0.871640000955,2.10575
0.871650000955,2.10575
0.871660000955,2.10575
0.871670000955,2.10575
0.871680000955,2.10575
0.871690000955,2.10575
0.871700000955,2.0745
0.871710000955,2.137
0.871720000955,2.137
0.871730000955,2.10575
0.871740000955,2.0745
0.871750000955,2.10575
0.871760000955,2.0745
0.871770000955,2.10575
0.871780000955,2.10575
0.871790000955,2.10575
0.871800000955,2.10575
0.871810000955,2.10575
0.871820000955,2.10575
0.871830000955,2.10575
0.871840000955,2.10575
0.871850000955,2.137
0.871860000955,2.10575
0.871870000955,2.10575
0.871880000955,2.10575
0.871890000955,2.137
0.871900000955,2.10575
0.871910000955,2.0745
0.871920000955,2.10575
0.871930000955,2.0745
0.871940000955,2.137
0.871950000955,2.10575
0.871960000955,2.0745
0.871970000955,2.10575
0.871980000955,2.10575
0.871990000955,2.0745
0.872000000955,2.0745
0.872010000955,2.10575
0.872020000955,2.0745
0.872030000955,2.137
0.872040000955,2.10575
0.872050000955,2.10575
0.872060000955,2.137
0.872070000955,2.137
0.872080000955,2.10575
0.872090000955,2.10575
0.872100000955,2.137
0.872110000955,2.10575
0.872120000955,2.10575
0.872130000955,2.0745
0.872140000955,2.137
0.872150000955,2.10575
0.872160000955,2.10575
0.872170000955,2.137
0.872180000955,2.10575
0.872190000955,2.10575
0.872200000955,2.137
0.872210000955,2.137
0.872220000955,2.10575
0.872230000955,2.10575
0.872240000955,2.137
0.872250000955,2.10575
0.872260000955,2.16825
0.872270000955,2.10575
0.872280000955,2.10575
0.872290000955,2.10575
0.872300000955,2.0745
0.872310000955,2.10575
0.872320000955,2.10575
0.872330000955,2.10575
0.872340000955,2.10575
0.872350000955,2.10575
0.872360000955,2.10575
0.872370000955,2.10575
0.872380000955,2.137
0.872390000955,2.10575
0.872400000955,2.10575
0.872410000955,2.137
0.872420000955,2.137
0.872430000955,2.137
0.872440000955,2.10575
0.872450000955,2.10575
0.872460000955,2.0745
0.872470000955,2.10575
0.872480000955,2.137
0.872490000955,2.10575
0.872500000955,2.10575
0.872510000955,2.10575
0.872520000955,2.10575
0.872530000955,2.10575
0.872540000955,2.137
0.872550000955,2.137
0.872560000955,2.10575
0.872570000955,2.10575
0.872580000955,2.10575
0.872590000955,2.137
0.872600000955,2.10575
0.872610000955,2.137
0.872620000955,2.04325
0.872630000955,2.0745
0.872640000955,2.10575
0.872650000955,2.16825
0.872660000955,2.10575
0.872670000955,2.137
0.872680000955,2.10575
0.872690000955,2.10575
0.872700000955,2.10575
0.872710000955,2.137
0.872720000955,2.0745
0.872730000955,2.10575
0.872740000955,2.137
0.872750000955,2.10575
0.872760000955,2.137
0.872770000955,2.10575
0.872780000955,2.10575
0.872790000955,2.10575
0.872800000955,2.10575
0.872810000955,2.10575
0.872820000955,2.10575
0.872830000955,2.10575
0.872840000955,2.10575
0.872850000955,2.10575
0.872860000955,2.10575
0.872870000955,2.10575
0.872880000955,2.0745
0.872890000955,2.0745
0.872900000955,2.10575
0.872910000955,2.0745
0.872920000955,2.04325
0.872930000955,2.137
0.872940000955,2.137
0.872950000955,2.137
0.872960000955,2.10575
0.872970000955,2.10575
0.872980000955,2.10575
0.872990000955,2.10575
0.873000000955,2.10575
0.873010000955,2.137
0.873020000955,2.10575
0.873030000955,2.137
0.873040000955,2.137
0.873050000955,2.10575
0.873060000955,2.137
0.873070000955,2.10575
0.873080000955,2.10575
0.873090000955,2.137
0.873100000955,2.10575
0.873110000955,2.10575
0.873120000955,2.10575
0.873130000955,2.10575
0.873140000955,2.10575
0.873150000955,2.10575
0.873160000955,2.10575
0.873170000955,2.0745
0.873180000955,2.0745
0.873190000955,2.10575
0.873200000955,2.137
0.873210000955,2.10575
0.873220000955,2.10575
0.873230000955,2.137
0.873240000955,2.10575
0.873250000955,2.137
0.873260000955,2.10575
0.873270000955,2.10575
0.873280000955,2.10575
0.873290000955,2.10575
0.873300000955,2.10575
0.873310000955,2.10575
0.873320000955,2.137
0.873330000955,2.10575
0.873340000955,2.10575
0.873350000955,2.10575
0.873360000955,2.137
0.873370000955,2.10575
0.873380000955,2.10575
0.873390000955,2.10575
0.873400000955,2.10575
0.873410000955,2.0745
0.873420000955,2.137
0.873430000955,2.0745
0.873440000955,2.0745
0.873450000955,2.10575
0.873460000955,2.10575
0.873470000955,2.10575
0.873480000955,2.137
0.873490000955,2.137
0.873500000955,2.10575
0.873510000955,2.0745
0.873520000955,2.0745
0.873530000955,2.10575
0.873540000955,2.10575
0.873550000955,2.137
0.873560000955,2.10575
0.873570000955,2.137
0.873580000955,2.0745
0.873590000955,2.137
0.873600000955,2.16825
0.873610000955,2.10575
0.873620000955,2.137
0.873630000955,2.10575
0.873640000955,2.137
0.873650000955,2.137
0.873660000955,2.137
0.873670000955,2.10575
0.873680000955,2.10575
0.873690000955,2.10575
0.873700000955,2.137
0.873710000955,2.0745
0.873720000955,2.0745
0.873730000955,2.10575
0.873740000955,2.10575
0.873750000955,2.0745
0.873760000955,2.10575
0.873770000955,2.10575
0.873780000955,2.137
0.873790000955,2.0745
0.873800000955,2.10575
0.873810000955,2.10575
0.873820000955,2.10575
0.873830000955,2.137
0.873840000955,2.137
0.873850000955,2.10575
0.873860000955,2.10575
0.873870000955,2.10575
0.873880000955,2.137
0.873890000955,2.10575
0.873900000955,2.10575
0.873910000955,2.10575
0.873920000955,2.137
0.873930000955,2.10575
0.873940000955,2.137
0.873950000955,2.0745
0.873960000955,2.10575
0.873970000955,2.10575
0.873980000955,2.10575
0.873990000955,2.137
0.874000000955,2.10575
0.874010000955,2.10575
0.874020000955,2.137
0.874030000955,2.137
0.874040000955,2.137
0.874050000955,2.10575
0.874060000955,2.0745
0.874070000955,2.137
0.874080000955,2.10575
0.874090000955,2.10575
0.874100000955,2.10575
0.874110000955,2.10575
0.874120000955,2.137
0.874130000955,2.10575
0.874140000955,2.10575
0.874150000955,2.10575
0.874160000955,2.0745
0.874170000955,2.10575
0.874180000955,2.10575
0.874190000955,2.10575
0.874200000955,2.10575
0.874210000955,2.10575
0.874220000955,2.10575
0.874230000955,2.137
0.874240000955,2.10575
0.874250000955,2.0745
0.874260000955,2.10575
0.874270000955,2.10575
0.874280000955,2.137
0.874290000955,2.10575
0.874300000955,2.0745
0.874310000955,2.10575
0.874320000955,2.137
0.874330000955,2.10575
0.874340000955,2.10575
0.874350000955,2.10575
0.874360000955,2.10575
0.874370000955,2.10575
0.874380000955,2.137
0.874390000955,2.10575
0.874400000955,2.0745
0.874410000955,2.0745
0.874420000955,2.10575
0.874430000955,2.10575
0.874440000955,2.10575
0.874450000955,2.10575
0.874460000955,2.0745
0.874470000955,2.10575
0.874480000955,2.0745
0.874490000955,2.137
0.874500000955,2.10575
0.874510000955,2.10575
0.874520000955,2.10575
0.874530000955,2.137
0.874540000955,2.10575
0.874550000955,2.10575
0.874560000955,2.10575
0.874570000955,2.137
0.874580000955,2.16825
0.874590000955,2.10575
0.874600000955,2.10575
0.874610000955,2.10575
0.874620000955,2.0745
0.874630000955,2.0745
0.874640000955,2.0745
0.874650000955,2.10575
0.874660000955,2.10575
0.874670000955,2.10575
0.874680000955,2.10575
0.874690000955,2.10575
0.874700000955,2.10575
0.874710000955,2.10575
0.874720000955,2.10575
0.874730000955,2.137
0.874740000955,2.10575
0.874750000955,2.137
0.874760000955,2.10575
0.874770000955,2.10575
0.874780000955,2.137
0.874790000955,2.10575
0.874800000955,2.10575
0.874810000955,2.10575
0.874820000955,2.0745
0.874830000955,2.10575
0.874840000955,2.137
0.874850000955,2.10575
0.874860000955,2.10575
0.874870000955,2.137
0.874880000955,2.137
0.874890000955,2.137
0.874900000955,2.137
0.874910000955,2.10575
0.874920000955,2.10575
0.874930000955,2.10575
0.874940000955,2.10575
0.874950000955,2.137
0.874960000955,2.0745
0.874970000955,2.137
0.874980000955,2.10575
0.874990000955,2.137
0.875000000955,2.0745
0.875010000955,2.10575
0.875020000955,2.0745
0.875030000955,2.10575
0.875040000955,2.0745
0.875050000955,2.0745
0.875060000955,2.137
0.875070000955,2.137
0.875080000955,2.10575
0.875090000955,2.137
0.875100000955,2.10575
0.875110000955,2.10575
0.875120000955,2.137
0.875130000955,2.10575
0.875140000955,2.0745
0.875150000955,2.137
0.875160000955,2.10575
0.875170000955,2.10575
0.875180000955,2.10575
0.875190000955,2.137
0.875200000955,2.10575
0.875210000955,2.137
0.875220000955,2.10575
0.875230000955,2.10575
0.875240000955,2.0745
0.875250000955,2.10575
0.875260000955,2.137
0.875270000955,2.10575
0.875280000955,2.10575
0.875290000955,2.16825
0.875300000955,2.137
0.875310000955,2.137
0.875320000955,2.10575
0.875330000955,2.10575
0.875340000955,2.10575
0.875350000955,2.10575
0.875360000955,2.10575
0.875370000955,2.137
0.875380000955,2.10575
0.875390000955,2.10575
0.875400000955,2.10575
0.875410000955,2.137
0.875420000955,2.10575
0.875430000955,2.137
0.875440000955,2.137
0.875450000955,2.0745
0.875460000955,2.10575
0.875470000955,2.10575
0.875480000955,2.0745
0.875490000955,2.137
0.875500000955,2.137
0.875510000955,2.137
0.875520000955,2.10575
0.875530000955,2.137
0.875540000955,2.10575
0.875550000955,2.10575
0.875560000955,2.10575
0.875570000955,2.10575
0.875580000955,2.10575
0.875590000955,2.137
0.875600000955,2.137
0.875610000955,2.10575
0.875620000955,2.10575
0.875630000955,2.10575
0.875640000955,2.0745
0.875650000955,2.10575
0.875660000955,2.10575
0.875670000955,2.10575
0.875680000955,2.10575
0.875690000955,2.10575
0.875700000955,2.10575
0.875710000955,2.10575
0.875720000955,2.10575
0.875730000955,2.137
0.875740000955,2.137
0.875750000955,2.10575
0.875760000955,2.10575
0.875770000955,2.10575
0.875780000955,2.10575
0.875790000955,2.0745
0.875800000955,2.10575
0.875810000955,2.137
0.875820000955,2.10575
0.875830000955,2.137
0.875840000955,2.137
0.875850000955,2.0745
0.875860000955,2.10575
0.875870000955,2.137
0.875880000955,2.10575
0.875890000955,2.10575
0.875900000955,2.10575
0.875910000955,2.10575
0.875920000955,2.04325
0.875930000955,2.137
0.875940000955,2.10575
0.875950000955,2.137
0.875960000955,2.137
0.875970000955,2.10575
0.875980000955,2.137
0.875990000955,2.10575
0.876000000955,2.10575
0.876010000955,2.0745
0.876020000955,2.137
0.876030000955,2.10575
0.876040000955,2.10575
0.876050000955,2.10575
0.876060000955,2.137
0.876070000955,2.10575
0.876080000955,2.10575
0.876090000955,2.10575
0.876100000955,2.10575
0.876110000955,2.10575
0.876120000955,2.10575
0.876130000955,2.10575
0.876140000955,2.10575
0.876150000955,2.137
0.876160000955,2.10575
0.876170000955,2.137
0.876180000955,2.137
0.876190000955,2.10575
0.876200000955,2.137
0.876210000955,2.0745
0.876220000955,2.10575
0.876230000955,2.10575
0.876240000955,2.137
0.876250000955,2.137
0.876260000955,2.10575
0.876270000955,2.137
0.876280000955,2.10575
0.876290000955,2.137
0.876300000955,2.10575
0.876310000955,2.137
0.876320000955,2.137
0.876330000955,2.10575
0.876340000955,2.10575
0.876350000955,2.137
0.876360000955,2.10575
0.876370000955,2.16825
0.876380000955,2.10575
0.876390000955,2.10575
0.876400000955,2.10575
0.876410000955,2.04325
0.876420000955,2.10575
0.876430000955,2.0745
0.876440000955,2.10575
0.876450000955,2.137
0.876460000955,2.10575
0.876470000955,2.10575
0.876480000955,2.0745
0.876490000955,2.10575
0.876500000955,2.137
0.876510000955,2.10575
0.876520000955,2.10575
0.876530000955,2.10575
0.876540000955,2.137
0.876550000955,2.137
0.876560000955,2.137
0.876570000955,2.10575
0.876580000955,2.10575
0.876590000955,2.137
0.876600000955,2.10575
0.876610000955,2.10575
0.876620000955,2.10575
0.876630000955,2.10575
0.876640000955,2.10575
0.876650000955,2.137
0.876660000955,2.10575
0.876670000955,2.10575
0.876680000955,2.10575
0.876690000955,2.10575
0.876700000955,2.10575
0.876710000955,2.10575
0.876720000955,2.10575
0.876730000955,2.10575
0.876740000955,2.10575
0.876750000955,2.137
0.876760000955,2.10575
0.876770000955,2.10575
0.876780000955,2.10575
0.876790000955,2.10575
0.876800000955,2.10575
0.876810000955,2.10575
0.876820000955,2.137
0.876830000955,2.10575
0.876840000955,2.10575
0.876850000955,2.10575
0.876860000955,2.10575
0.876870000955,2.137
0.876880000955,2.10575
0.876890000955,2.137
0.876900000955,2.10575
0.876910000955,2.137
0.876920000955,2.10575
0.876930000955,2.10575
0.876940000955,2.10575
0.876950000955,2.0745
0.876960000955,2.0745
0.876970000955,2.10575
0.876980000955,2.137
0.876990000955,2.10575
0.877000000955,2.10575
0.877010000955,2.10575
0.877020000955,2.10575
0.877030000955,2.10575
0.877040000955,2.10575
0.877050000955,2.10575
0.877060000955,2.10575
0.877070000955,2.10575
0.877080000955,2.10575
0.877090000955,2.137
0.877100000955,2.137
0.877110000955,2.10575
0.877120000955,2.10575
0.877130000955,2.10575
0.877140000955,2.10575
0.877150000955,2.10575
0.877160000955,2.10575
0.877170000955,2.10575
0.877180000955,2.10575
0.877190000955,2.137
0.877200000955,2.10575
0.877210000955,2.10575
0.877220000955,2.10575
0.877230000955,2.137
0.877240000955,2.10575
0.877250000955,2.10575
0.877260000955,2.10575
0.877270000955,2.0745
0.877280000955,2.10575
0.877290000955,2.137
0.877300000955,2.16825
0.877310000955,2.137
0.877320000955,2.137
0.877330000955,2.10575
0.877340000955,2.10575
0.877350000955,2.10575
0.877360000955,2.10575
0.877370000955,2.137
0.877380000955,2.137
0.877390000955,2.137
0.877400000955,2.137
0.877410000955,2.10575
0.877420000955,2.10575
0.877430000955,2.137
0.877440000955,2.10575
0.877450000955,2.137
0.877460000955,2.10575
0.877470000955,2.10575
0.877480000955,2.0745
0.877490000955,2.10575
0.877500000955,2.0745
0.877510000955,2.0745
0.877520000955,2.10575
0.877530000955,2.10575
0.877540000955,2.10575
0.877550000955,2.10575
0.877560000955,2.10575
0.877570000955,2.10575
0.877580000955,2.10575
0.877590000955,2.137
0.877600000955,2.137
0.877610000955,2.137
0.877620000955,2.10575
0.877630000955,2.10575
0.877640000955,2.10575
0.877650000955,2.10575
0.877660000955,2.0745
0.877670000955,2.10575
0.877680000955,2.10575
0.877690000955,2.10575
0.877700000955,2.10575
0.877710000955,2.10575
0.877720000955,2.137
0.877730000955,2.10575
0.877740000955,2.137
0.877750000955,2.0745
0.877760000955,2.10575
0.877770000955,2.137
0.877780000955,2.10575
0.877790000955,2.137
0.877800000955,2.10575
0.877810000955,2.10575
0.877820000955,2.0745
0.877830000955,2.137
0.877840000955,2.16825
0.877850000955,2.137
0.877860000955,2.137
0.877870000955,2.10575
0.877880000955,2.10575
0.877890000955,2.10575
0.877900000955,2.10575
0.877910000955,2.16825
0.877920000955,2.137
0.877930000955,2.137
0.877940000955,2.137
0.877950000955,2.10575
0.877960000955,2.10575
0.877970000955,2.137
0.877980000955,2.0745
0.877990000955,2.10575
0.878000000955,2.10575
0.878010000955,2.137
0.878020000955,2.10575
0.878030000955,2.10575
0.878040000955,2.137
0.878050000955,2.137
0.878060000955,2.137
0.878070000955,2.10575
0.878080000955,2.10575
0.878090000955,2.10575
0.878100000955,2.137
0.878110000955,2.10575
0.878120000955,2.0745
0.878130000955,2.137
0.878140000955,2.10575
0.878150000955,2.10575
0.878160000955,2.10575
0.878170000955,2.10575
0.878180000955,2.137
0.878190000955,2.10575
0.878200000955,2.0745
0.878210000955,2.10575
0.878220000955,2.137
0.878230000955,2.10575
0.878240000955,2.10575
0.878250000955,2.137
0.878260000955,2.137
0.878270000955,2.10575
0.878280000955,2.10575
0.878290000955,2.10575
0.878300000955,2.10575
0.878310000955,2.10575
0.878320000955,2.137
0.878330000955,2.10575
0.878340000955,2.137
0.878350000955,2.137
0.878360000955,2.10575
0.878370000955,2.10575
0.878380000955,2.10575
0.878390000955,2.0745
0.878400000955,2.137
0.878410000955,2.10575
0.878420000955,2.10575
0.878430000955,2.137
0.878440000955,2.137
0.878450000955,2.10575
0.878460000955,2.137
0.878470000955,2.10575
0.878480000955,2.10575
0.878490000955,2.137
0.878500000955,2.137
0.878510000955,2.137
0.878520000955,2.10575
0.878530000955,2.10575
0.878540000955,2.10575
0.878550000955,2.10575
0.878560000955,2.137
0.878570000955,2.10575
0.878580000955,2.137
0.878590000955,2.10575
0.878600000955,2.10575
0.878610000955,2.10575
0.878620000955,2.0745
0.878630000955,2.137
0.878640000955,2.10575
0.878650000955,2.10575
0.878660000955,2.10575
0.878670000955,2.10575
0.878680000955,2.10575
0.878690000955,2.0745
0.878700000955,2.0745
0.878710000955,2.137
0.878720000955,2.10575
0.878730000955,2.137
0.878740000955,2.137
0.878750000955,2.10575
0.878760000955,2.137
0.878770000955,2.10575
0.878780000955,2.10575
0.878790000955,2.10575
0.878800000955,2.10575
0.878810000955,2.10575
0.878820000955,2.10575
0.878830000955,2.137
0.878840000955,2.10575
0.878850000955,2.10575
0.878860000955,2.137
0.878870000955,2.10575
0.878880000955,2.16825
0.878890000955,2.0745
0.878900000955,2.10575
0.878910000955,2.10575
0.878920000955,2.0745
0.878930000955,2.10575
0.878940000955,2.10575
0.878950000955,2.0745
0.878960000955,2.10575
0.878970000955,2.137
0.878980000955,2.137
0.878990000955,2.137
0.879000000955,2.10575
0.879010000955,2.10575
0.879020000955,2.10575
0.879030000955,2.137
0.879040000955,2.137
0.879050000955,2.10575
0.879060000955,2.0745
0.879070000955,2.10575
0.879080000955,2.10575
0.879090000955,2.10575
0.879100000955,2.10575
0.879110000955,2.10575
0.879120000955,2.10575
0.879130000955,2.10575
0.879140000955,2.137
0.879150000955,2.137
0.879160000955,2.10575
0.879170000955,2.0745
0.879180000955,2.137
0.879190000955,2.10575
0.879200000955,2.10575
0.879210000955,2.0745
0.879220000955,2.10575
0.879230000955,2.137
0.879240000955,2.10575
0.879250000955,2.10575
0.879260000955,2.0745
0.879270000955,2.10575
0.879280000955,2.137
0.879290000955,2.0745
0.879300000955,2.137
0.879310000955,2.10575
0.879320000955,2.0745
0.879330000955,2.137
0.879340000955,2.04325
0.879350000955,2.0745
0.879360000955,2.137
0.879370000955,2.10575
0.879380000955,2.10575
0.879390000955,2.10575
0.879400000955,2.10575
0.879410000955,2.10575
0.879420000955,2.10575
0.879430000955,2.10575
0.879440000955,2.137
0.879450000955,2.10575
0.879460000955,2.0745
0.879470000955,2.0745
0.879480000955,2.10575
0.879490000955,2.10575
0.879500000955,2.0745
0.879510000955,2.137
0.879520000955,2.10575
0.879530000955,2.137
0.879540000955,2.10575
0.879550000955,2.10575
0.879560000955,2.0745
0.879570000955,2.0745
0.879580000955,2.0745
0.879590000955,2.10575
0.879600000955,2.0745
0.879610000955,2.10575
0.879620000955,2.10575
0.879630000955,2.10575
0.879640000955,2.10575
0.879650000955,2.10575
0.879660000955,2.04325
0.879670000955,2.10575
0.879680000955,2.10575
0.879690000955,2.10575
0.879700000955,2.137
0.879710000955,2.10575
0.879720000955,2.0745
0.879730000955,2.0745
0.879740000955,2.0745
0.879750000955,2.10575
0.879760000955,2.10575
0.879770000955,2.137
0.879780000955,2.10575
0.879790000955,2.10575
0.879800000955,2.10575
0.879810000955,2.0745
0.879820000955,2.0745
0.879830000955,2.0745
0.879840000955,2.10575
0.879850000955,2.137
0.879860000955,2.10575
0.879870000955,2.10575
0.879880000955,2.0745
0.879890000955,2.10575
0.879900000955,2.10575
0.879910000955,2.10575
0.879920000955,2.0745
0.879930000955,2.137
0.879940000955,2.137
0.879950000955,2.10575
0.879960000955,2.137
0.879970000955,2.10575
0.879980000955,2.10575
0.879990000955,2.10575
0.880000000955,2.10575
0.880010000955,2.10575
0.880020000955,2.0745
0.880030000955,2.10575
0.880040000955,2.10575
0.880050000955,2.0745
0.880060000955,2.0745
0.880070000955,2.10575
0.880080000955,2.10575
0.880090000955,2.137
0.880100000955,2.10575
0.880110000955,2.137
0.880120000955,2.10575
0.880130000955,2.0745
0.880140000955,2.10575
0.880150000955,2.137
0.880160000955,2.10575
0.880170000955,2.10575
0.880180000955,2.0745
0.880190000955,2.10575
0.880200000955,2.10575
0.880210000955,2.10575
0.880220000955,2.10575
0.880230000955,2.137
0.880240000955,2.10575
0.880250000955,2.10575
0.880260000955,2.0745
0.880270000955,2.0745
0.880280000955,2.10575
0.880290000955,2.0745
0.880300000955,2.137
0.880310000955,2.10575
0.880320000955,2.137
0.880330000955,2.10575
0.880340000955,2.10575
0.880350000955,2.0745
0.880360000955,2.10575
0.880370000955,2.10575
0.880380000955,2.0745
0.880390000955,2.04325
0.880400000955,2.10575
0.880410000955,2.137
0.880420000955,2.10575
0.880430000955,2.10575
0.880440000955,2.0745
0.880450000955,2.137
0.880460000955,2.10575
0.880470000955,2.04325
0.880480000955,2.0745
0.880490000955,2.10575
0.880500000955,2.10575
0.880510000955,2.10575
0.880520000955,2.0745
0.880530000955,2.10575
0.880540000955,2.10575
0.880550000955,2.137
0.880560000955,2.0745
0.880570000955,2.0745
0.880580000955,2.0745
0.880590000955,2.0745
0.880600000955,2.10575
0.880610000955,2.10575
0.880620000955,2.10575
0.880630000955,2.10575
0.880640000955,2.137
0.880650000955,2.10575
0.880660000955,2.10575
0.880670000955,2.10575
0.880680000955,2.10575
0.880690000955,2.10575
0.880700000955,2.0745
0.880710000955,2.0745
0.880720000955,2.0745
0.880730000955,2.10575
0.880740000955,2.0745
0.880750000955,2.10575
0.880760000955,2.0745
0.880770000955,2.0745
0.880780000955,2.10575
0.880790000955,2.10575
0.880800000955,2.10575
0.880810000955,2.10575
0.880820000955,2.10575
0.880830000955,2.137
0.880840000955,2.10575
0.880850000955,2.0745
0.880860000955,2.10575
0.880870000955,2.10575
0.880880000955,2.10575
0.880890000955,2.137
0.880900000955,2.137
0.880910000955,2.0745
0.880920000955,2.10575
0.880930000955,2.10575
0.880940000955,2.10575
0.880950000955,2.04325
0.880960000955,2.10575
0.880970000955,2.10575
0.880980000955,2.10575
0.880990000955,2.0745
0.881000000955,2.10575
0.881010000955,2.10575
0.881020000955,2.10575
0.881030000955,2.0745
0.881040000955,2.10575
0.881050000955,2.137
0.881060000955,2.0745
0.881070000955,2.0745
0.881080000955,2.10575
0.881090000955,2.0745
0.881100000955,2.10575
0.881110000955,2.0745
0.881120000955,2.137
0.881130000955,2.0745
0.881140000955,2.10575
0.881150000955,2.10575
0.881160000955,2.10575
0.881170000955,2.0745
0.881180000955,2.10575
0.881190000955,2.0745
0.881200000955,2.0745
0.881210000955,2.10575
0.881220000955,2.137
0.881230000955,2.0745
0.881240000955,2.0745
0.881250000955,2.10575
0.881260000955,2.10575
0.881270000955,2.10575
0.881280000955,2.10575
0.881290000955,2.0745
0.881300000955,2.0745
0.881310000955,2.10575
0.881320000955,2.0745
0.881330000955,2.10575
0.881340000955,2.04325
0.881350000955,2.10575
0.881360000955,2.0745
0.881370000955,2.10575
0.881380000955,2.0745
0.881390000955,2.10575
0.881400000955,2.137
0.881410000955,2.0745
0.881420000955,2.10575
0.881430000955,2.10575
0.881440000955,2.10575
0.881450000955,2.10575
0.881460000955,2.10575
0.881470000955,2.10575
0.881480000955,2.10575
0.881490000955,2.10575
0.881500000955,2.0745
0.881510000955,2.10575
0.881520000955,2.0745
0.881530000955,2.0745
0.881540000955,2.10575
0.881550000955,2.0745
0.881560000955,2.10575
0.881570000955,2.04325
0.881580000955,2.10575
0.881590000955,2.04325
0.881600000955,2.10575
0.881610000955,2.0745
0.881620000955,2.10575
0.881630000955,2.10575
0.881640000955,2.10575
0.881650000955,2.10575
0.881660000955,2.0745
0.881670000955,2.10575
0.881680000955,2.0745
0.881690000955,2.10575
0.881700000955,2.10575
0.881710000955,2.137
0.881720000955,2.0745
0.881730000955,2.10575
0.881740000955,2.137
0.881750000955,2.10575
0.881760000955,2.04325
0.881770000955,2.10575
0.881780000955,2.0745
0.881790000955,2.0745
0.881800000955,2.137
0.881810000955,2.137
0.881820000955,2.0745
0.881830000955,2.10575
0.881840000955,2.0745
0.881850000955,2.137
0.881860000955,2.10575
0.881870000955,2.137
0.881880000955,2.10575
0.881890000955,2.0745
0.881900000955,2.137
0.881910000955,2.10575
0.881920000955,2.10575
0.881930000955,2.10575
0.881940000955,2.0745
0.881950000955,2.10575
0.881960000955,2.0745
0.881970000955,2.04325
0.881980000955,2.10575
0.881990000955,2.10575
0.882000000955,2.10575
0.882010000955,2.0745
0.882020000955,2.10575
0.882030000955,2.0745
0.882040000955,2.10575
0.882050000955,2.0745
0.882060000955,2.0745
0.882070000955,2.0745
0.882080000955,2.0745
0.882090000955,2.0745
0.882100000955,2.10575
0.882110000955,2.10575
0.882120000955,2.0745
0.882130000955,2.137
0.882140000955,2.0745
0.882150000955,2.10575
0.882160000955,2.10575
0.882170000955,2.10575
0.882180000955,2.0745
0.882190000955,2.0745
0.882200000955,2.10575
0.882210000955,2.0745
0.882220000955,2.0745
0.882230000955,2.0745
0.882240000955,2.0745
0.882250000955,2.10575
0.882260000955,2.04325
0.882270000955,2.0745
0.882280000955,2.10575
0.882290000955,2.10575
0.882300000955,2.0745
0.882310000955,2.10575
0.882320000955,2.10575
0.882330000955,2.0745
0.882340000955,2.10575
0.882350000955,2.10575
0.882360000955,2.137
0.882370000955,2.10575
0.882380000955,2.04325
0.882390000955,2.0745
0.882400000955,2.0745
0.882410000955,2.0745
0.882420000955,2.0745
0.882430000955,2.10575
0.882440000955,2.0745
0.882450000955,2.137
0.882460000955,2.0745
0.882470000955,2.0745
0.882480000955,2.04325
0.882490000955,2.0745
0.882500000955,2.10575
0.882510000955,2.10575
0.882520000955,2.10575
0.882530000955,2.10575
0.882540000955,2.137
0.882550000955,2.10575
0.882560000955,2.10575
0.882570000955,2.10575
0.882580000955,2.10575
0.882590000955,2.10575
0.882600000955,2.0745
0.882610000955,2.10575
0.882620000955,2.0745
0.882630000955,2.0745
0.882640000955,2.10575
0.882650000955,2.0745
0.882660000955,2.0745
0.882670000955,2.10575
0.882680000955,2.10575
0.882690000955,2.0745
0.882700000955,2.10575
0.882710000955,2.0745
0.882720000955,2.0745
0.882730000955,2.137
0.882740000955,2.0745
0.882750000955,2.0745
0.882760000955,2.10575
0.882770000955,2.0745
0.882780000955,2.0745
0.882790000955,2.10575
0.882800000955,2.0745
0.882810000955,2.10575
0.882820000955,2.0745
0.882830000955,2.04325
0.882840000955,2.10575
0.882850000955,2.10575
0.882860000955,2.0745
0.882870000955,2.10575
0.882880000955,2.10575
0.882890000955,2.10575
0.882900000955,2.0745
0.882910000955,2.0745
0.882920000955,2.0745
0.882930000955,2.0745
0.882940000955,2.10575
0.882950000955,2.0745
0.882960000955,2.0745
0.882970000955,2.10575
0.882980000955,2.0745
0.882990000955,2.0745
0.883000000955,2.0745
0.883010000955,2.10575
0.883020000955,2.10575
0.883030000955,2.10575
0.883040000955,2.10575
0.883050000955,2.10575
0.883060000955,2.0745
0.883070000955,2.0745
0.883080000955,2.10575
0.883090000955,2.10575
0.883100000955,2.10575
0.883110000955,2.10575
0.883120000955,2.0745
0.883130000955,2.10575
0.883140000955,2.10575
0.883150000955,2.0745
0.883160000955,2.10575
0.883170000955,2.10575
0.883180000955,2.0745
0.883190000955,2.10575
0.883200000955,2.10575
0.883210000955,2.10575
0.883220000955,2.10575
0.883230000955,2.10575
0.883240000955,2.0745
0.883250000955,2.10575
0.883260000955,2.10575
0.883270000955,2.0745
0.883280000955,2.0745
0.883290000955,2.0745
0.883300000955,2.10575
0.883310000955,2.10575
0.883320000955,2.0745
0.883330000955,2.10575
0.883340000955,2.0745
0.883350000955,2.10575
0.883360000955,2.0745
0.883370000955,2.0745
0.883380000955,2.10575
0.883390000955,2.0745
0.883400000955,2.0745
0.883410000955,2.0745
0.883420000955,2.0745
0.883430000955,2.0745
0.883440000955,2.10575
0.883450000955,2.0745
0.883460000955,2.0745
0.883470000955,2.10575
0.883480000955,2.10575
0.883490000955,2.0745
0.883500000955,2.10575
0.883510000955,2.0745
0.883520000955,2.10575
0.883530000955,2.10575
0.883540000955,2.04325
0.883550000955,2.0745
0.883560000955,2.10575
0.883570000955,2.10575
0.883580000955,2.16825
0.883590000955,2.0745
0.883600000955,2.10575
0.883610000955,2.0745
0.883620000955,2.0745
0.883630000955,2.10575
0.883640000955,2.10575
0.883650000955,2.0745
0.883660000955,2.10575
0.883670000955,2.0745
0.883680000955,2.0745
0.883690000955,2.10575
0.883700000955,2.10575
0.883710000955,2.10575
0.883720000955,2.0745
0.883730000955,2.0745
0.883740000955,2.10575
0.883750000955,2.0745
0.883760000955,2.10575
0.883770000955,2.0745
0.883780000955,2.137
0.883790000955,2.10575
0.883800000955,2.137
0.883810000955,2.04325
0.883820000955,2.0745
0.883830000955,2.0745
0.883840000955,2.0745
0.883850000955,2.04325
0.883860000955,2.10575
0.883870000955,2.10575
0.883880000955,2.0745
0.883890000955,2.0745
0.883900000955,2.0745
0.883910000955,2.0745
0.883920000955,2.0745
0.883930000955,2.137
0.883940000955,2.0745
0.883950000955,2.10575
0.883960000955,2.10575
0.883970000955,2.0745
0.883980000955,2.10575
0.883990000955,2.0745
0.884000000955,2.10575
0.884010000955,2.10575
0.884020000955,2.10575
0.884030000955,2.10575
0.884040000955,2.0745
0.884050000955,2.10575
0.884060000955,2.0745
0.884070000955,2.0745
0.884080000955,2.137
0.884090000955,2.10575
0.884100000955,2.10575
0.884110000955,2.04325
0.884120000955,2.10575
0.884130000955,2.10575
0.884140000955,2.0745
0.884150000955,2.10575
0.884160000955,2.10575
0.884170000955,2.10575
0.884180000955,2.10575
0.884190000955,2.0745
0.884200000955,2.10575
0.884210000955,2.0745
0.884220000955,2.0745
0.884230000955,2.137
0.884240000955,2.10575
0.884250000955,2.10575
0.884260000955,2.10575
0.884270000955,2.0745
0.884280000955,2.10575
0.884290000955,2.10575
0.884300000955,2.10575
0.884310000955,2.10575
0.884320000955,2.10575
0.884330000955,2.0745
0.884340000955,2.10575
0.884350000955,2.10575
0.884360000955,2.0745
0.884370000955,2.0745
0.884380000955,2.10575
0.884390000955,2.0745
0.884400000955,2.0745
0.884410000955,2.0745
0.884420000955,2.10575
0.884430000955,2.10575
0.884440000955,2.0745
0.884450000955,2.0745
0.884460000955,2.10575
0.884470000955,2.137
0.884480000955,2.10575
0.884490000955,2.10575
0.884500000955,2.10575
0.884510000955,2.0745
0.884520000955,2.0745
0.884530000955,2.10575
0.884540000955,2.0745
0.884550000955,2.10575
0.884560000955,2.0745
0.884570000955,2.10575
0.884580000955,2.0745
0.884590000955,2.0745
0.884600000955,2.137
0.884610000955,2.10575
0.884620000955,2.10575
0.884630000955,2.10575
0.884640000955,2.0745
0.884650000955,2.137
0.884660000955,2.04325
0.884670000955,2.0745
0.884680000955,2.10575
0.884690000955,2.0745
0.884700000955,2.0745
0.884710000955,2.137
0.884720000955,2.04325
0.884730000955,2.0745
0.884740000955,2.10575
0.884750000955,2.10575
0.884760000955,2.0745
0.884770000955,2.10575
0.884780000955,2.10575
0.884790000955,2.10575
0.884800000955,2.10575
0.884810000955,2.0745
0.884820000955,2.10575
0.884830000955,2.0745
0.884840000955,2.10575
0.884850000955,2.0745
0.884860000955,2.0745
0.884870000955,2.0745
0.884880000955,2.10575
0.884890000955,2.10575
0.884900000955,2.137
0.884910000955,2.0745
0.884920000955,2.0745
0.884930000955,2.10575
0.884940000955,2.0745
0.884950000955,2.10575
0.884960000955,2.10575
0.884970000955,2.10575
0.884980000955,2.0745
0.884990000955,2.10575
0.885000000955,2.0745
0.885010000955,2.0745
0.885020000955,2.10575
0.885030000955,2.04325
0.885040000955,2.0745
0.885050000955,2.10575
0.885060000955,2.0745
0.885070000955,2.0745
0.885080000955,2.10575
0.885090000955,2.10575
0.885100000955,2.10575
0.885110000955,2.0745
0.885120000955,2.10575
0.885130000955,2.10575
0.885140000955,2.0745
0.885150000955,2.10575
0.885160000955,2.137
0.885170000955,2.0745
0.885180000955,2.0745
0.885190000955,2.137
0.885200000955,2.0745
0.885210000955,2.137
0.885220000955,2.10575
0.885230000955,2.10575
0.885240000955,2.10575
0.885250000955,2.0745
0.885260000955,2.10575
0.885270000955,2.10575
0.885280000955,2.10575
0.885290000955,2.0745
0.885300000955,2.10575
0.885310000955,2.0745
0.885320000955,2.10575
0.885330000955,2.10575
0.885340000955,2.10575
0.885350000955,2.10575
0.885360000955,2.10575
0.885370000955,2.10575
0.885380000955,2.10575
0.885390000955,2.10575
0.885400000955,2.0745
0.885410000955,2.10575
0.885420000955,2.10575
0.885430000955,2.10575
0.885440000955,2.0745
0.885450000955,2.137
0.885460000955,2.0745
0.885470000955,2.10575
0.885480000955,2.0745
0.885490000955,2.10575
0.885500000955,2.0745
0.885510000955,2.10575
0.885520000955,2.0745
0.885530000955,2.10575
0.885540000955,2.0745
0.885550000955,2.0745
0.885560000955,2.0745
0.885570000955,2.0745
0.885580000955,2.10575
0.885590000955,2.10575
0.885600000955,2.10575
0.885610000955,2.04325
0.885620000955,2.10575
0.885630000955,2.0745
0.885640000955,2.10575
0.885650000955,2.10575
0.885660000955,2.0745
0.885670000955,2.0745
0.885680000955,2.0745
0.885690000955,2.137
0.885700000955,2.0745
0.885710000955,2.10575
0.885720000955,2.10575
0.885730000955,2.10575
0.885740000955,2.0745
0.885750000955,2.10575
0.885760000955,2.10575
0.885770000955,2.10575
0.885780000955,2.10575
0.885790000955,2.0745
0.885800000955,2.10575
0.885810000955,2.0745
0.885820000955,2.10575
0.885830000955,2.10575
0.885840000955,2.10575
0.885850000955,2.10575
0.885860000955,2.0745
0.885870000955,2.137
0.885880000955,2.0745
0.885890000955,2.0745
0.885900000955,2.10575
0.885910000955,2.0745
0.885920000955,2.137
0.885930000955,2.0745
0.885940000955,2.10575
0.885950000955,2.0745
0.885960000955,2.10575
0.885970000955,2.0745
0.885980000955,2.0745
0.885990000955,2.0745
0.886000000955,2.04325
0.886010000955,2.10575
0.886020000955,2.0745
0.886030000955,2.04325
0.886040000955,2.0745
0.886050000955,2.10575
0.886060000955,2.137
0.886070000955,2.10575
0.886080000955,2.10575
0.886090000955,2.10575
0.886100000955,2.10575
0.886110000955,2.0745
0.886120000955,2.10575
0.886130000955,2.10575
0.886140000955,2.10575
0.886150000955,2.0745
0.886160000955,2.10575
0.886170000955,2.0745
0.886180000955,2.04325
0.886190000955,2.10575
0.886200000955,2.0745
0.886210000955,2.10575
0.886220000955,2.10575
0.886230000955,2.10575
0.886240000955,2.10575
0.886250000955,2.10575
0.886260000955,2.0745
0.886270000955,2.10575
0.886280000955,2.0745
0.886290000955,2.10575
0.886300000955,2.10575
0.886310000955,2.10575
0.886320000955,2.0745
0.886330000955,2.10575
0.886340000955,2.10575
0.886350000955,2.137
0.886360000955,2.0745
0.886370000955,2.10575
0.886380000955,2.10575
0.886390000955,2.10575
0.886400000955,2.0745
0.886410000955,2.10575
0.886420000955,2.0745
0.886430000955,2.10575
0.886440000955,2.10575
0.886450000955,2.10575
0.886460000955,2.10575
0.886470000955,2.10575
0.886480000955,2.0745
0.886490000955,2.10575
0.886500000955,2.10575
0.886510000955,2.10575
0.886520000955,2.0745
0.886530000955,2.10575
0.886540000955,2.10575
0.886550000955,2.10575
0.886560000955,2.10575
0.886570000955,2.0745
0.886580000955,2.10575
0.886590000955,2.0745
0.886600000955,2.137
0.886610000955,2.0745
0.886620000955,2.10575
0.886630000955,2.10575
0.886640000955,2.0745
0.886650000955,2.04325
0.886660000955,2.10575
0.886670000955,2.10575
0.886680000955,2.10575
0.886690000955,2.0745
0.886700000955,2.0745
0.886710000955,2.10575
0.886720000955,2.137
0.886730000955,2.10575
0.886740000955,2.10575
0.886750000955,2.10575
0.886760000955,2.10575
0.886770000955,2.10575
0.886780000955,2.10575
0.886790000955,2.0745
0.886800000955,2.10575
0.886810000955,2.10575
0.886820000955,2.0745
0.886830000955,2.10575
0.886840000955,2.10575
0.886850000955,2.0745
0.886860000955,2.0745
0.886870000955,2.0745
0.886880000955,2.10575
0.886890000955,2.10575
0.886900000955,2.10575
0.886910000955,2.137
0.886920000955,2.137
0.886930000955,2.137
0.886940000955,2.137
0.886950000955,2.10575
0.886960000955,2.137
0.886970000955,2.0745
0.886980000955,2.0745
0.886990000955,2.0745
0.887000000955,2.10575
0.887010000955,2.10575
0.887020000955,2.10575
0.887030000955,2.10575
0.887040000955,2.10575
0.887050000955,2.04325
0.887060000955,2.10575
0.887070000955,2.10575
0.887080000955,2.10575
0.887090000955,2.0745
0.887100000955,2.0745
0.887110000955,2.0745
0.887120000955,2.0745
0.887130000955,2.10575
0.887140000955,2.0745
0.887150000955,2.10575
0.887160000955,2.10575
0.887170000955,2.0745
0.887180000955,2.10575
0.887190000955,2.10575
0.887200000955,2.10575
0.887210000955,2.137
0.887220000955,2.10575
0.887230000955,2.0745
0.887240000955,2.0745
0.887250000955,2.137
0.887260000955,2.04325
0.887270000955,2.0745
0.887280000955,2.0745
0.887290000955,2.0745
0.887300000955,2.0745
0.887310000955,2.0745
0.887320000955,2.10575
0.887330000955,2.10575
0.887340000955,2.10575
0.887350000955,2.0745
0.887360000955,2.10575
0.887370000955,2.10575
0.887380000955,2.0745
0.887390000955,2.10575
0.887400000955,2.137
0.887410000955,2.10575
0.887420000955,2.10575
0.887430000955,2.10575
0.887440000955,2.10575
0.887450000955,2.137
0.887460000955,2.0745
0.887470000955,2.10575
0.887480000955,2.10575
0.887490000955,2.0745
0.887500000955,2.137
0.887510000955,2.0745
0.887520000955,2.0745
0.887530000955,2.10575
0.887540000955,2.10575
0.887550000955,2.0745
0.887560000955,2.10575
0.887570000955,2.10575
0.887580000955,2.0745
0.887590000955,2.10575
0.887600000955,2.10575
0.887610000955,2.10575
0.887620000955,2.137
0.887630000955,2.10575
0.887640000955,2.0745
0.887650000955,2.10575
0.887660000955,2.0745
0.887670000955,2.10575
0.887680000955,2.0745
0.887690000955,2.10575
0.887700000955,2.0745
0.887710000955,2.0745
0.887720000955,2.10575
0.887730000955,2.10575
0.887740000955,2.137
0.887750000955,2.0745
0.887760000955,2.137
0.887770000955,2.10575
0.887780000955,2.10575
0.887790000955,2.10575
0.887800000955,2.0745
0.887810000955,2.0745
0.887820000955,2.0745
0.887830000955,2.10575
0.887840000955,2.0745
0.887850000955,2.0745
0.887860000955,2.10575
0.887870000955,2.10575
0.887880000955,2.10575
0.887890000955,2.10575
0.887900000955,2.137
0.887910000955,2.10575
0.887920000955,2.10575
0.887930000955,2.0745
0.887940000955,2.10575
0.887950000955,2.0745
0.887960000955,2.10575
0.887970000955,2.10575
0.887980000955,2.10575
0.887990000955,2.10575
0.888000000955,2.137
0.888010000955,2.10575
0.888020000955,2.0745
0.888030000955,2.137
0.888040000955,2.0745
0.888050000955,2.0745
0.888060000955,2.137
0.888070000955,2.137
0.888080000955,2.137
0.888090000955,2.10575
0.888100000955,2.137
0.888110000955,2.10575
0.888120000955,2.10575
0.888130000955,2.137
0.888140000955,2.10575
0.888150000955,2.10575
0.888160000955,2.0745
0.888170000955,2.137
0.888180000955,2.0745
0.888190000955,2.10575
0.888200000955,2.10575
0.888210000955,2.10575
0.888220000955,2.10575
0.888230000955,2.0745
0.888240000955,2.10575
0.888250000955,2.0745
0.888260000955,2.10575
0.888270000955,2.0745
0.888280000955,2.0745
0.888290000955,2.10575
0.888300000955,2.0745
0.888310000955,2.0745
0.888320000955,2.10575
0.888330000955,2.0745
0.888340000955,2.10575
0.888350000955,2.0745
0.888360000955,2.10575
0.888370000955,2.137
0.888380000955,2.137
0.888390000955,2.10575
0.888400000955,2.10575
0.888410000955,2.10575
0.888420000955,2.0745
0.888430000955,2.10575
0.888440000955,2.10575
0.888450000955,2.0745
0.888460000955,2.0745
0.888470000955,2.10575
0.888480000955,2.10575
0.888490000955,2.10575
0.888500000955,2.10575
0.888510000955,2.04325
0.888520000955,2.137
0.888530000955,2.10575
0.888540000955,2.10575
0.888550000955,2.10575
0.888560000955,2.10575
0.888570000955,2.0745
0.888580000955,2.0745
0.888590000955,2.10575
0.888600000955,2.10575
0.888610000955,2.137
0.888620000955,2.10575
0.888630000955,2.10575
0.888640000955,2.10575
0.888650000955,2.10575
0.888660000955,2.10575
0.888670000955,2.10575
0.888680000955,2.10575
0.888690000955,2.10575
0.888700000955,2.10575
0.888710000955,2.10575
0.888720000955,2.10575
0.888730000955,2.10575
0.888740000955,2.137
0.888750000955,2.0745
0.888760000955,2.0745
0.888770000955,2.0745
0.888780000955,2.04325
0.888790000955,2.10575
0.888800000955,2.10575
0.888810000955,2.0745
0.888820000955,2.137
0.888830000955,2.10575
0.888840000955,2.0745
0.888850000955,2.10575
0.888860000955,2.04325
0.888870000955,2.137
0.888880000955,2.0745
0.888890000955,2.0745
0.888900000955,2.10575
0.888910000955,2.0745
0.888920000955,2.137
0.888930000955,2.0745
0.888940000955,2.10575
0.888950000955,2.0745
0.888960000955,2.10575
0.888970000955,2.0745
0.888980000955,2.10575
0.888990000955,2.10575
0.889000000955,2.0745
0.889010000955,2.10575
0.889020000955,2.10575
0.889030000955,2.0745
0.889040000955,2.10575
0.889050000955,2.0745
0.889060000955,2.0745
0.889070000955,2.10575
0.889080000955,2.0745
0.889090000955,2.137
0.889100000955,2.10575
0.889110000955,2.10575
0.889120000955,2.04325
0.889130000955,2.10575
0.889140000955,2.0745
0.889150000955,2.10575
0.889160000955,2.0745
0.889170000955,2.0745
0.889180000955,2.10575
0.889190000955,2.0745
0.889200000955,2.10575
0.889210000955,2.10575
0.889220000955,2.0745
0.889230000955,2.0745
0.889240000955,2.10575
0.889250000955,2.10575
0.889260000955,2.0745
0.889270000955,2.0745
0.889280000955,2.137
0.889290000955,2.0745
0.889300000955,2.0745
0.889310000955,2.0745
0.889320000955,2.10575
0.889330000955,2.10575
0.889340000955,2.0745
0.889350000955,2.10575
0.889360000955,2.10575
0.889370000955,2.10575
0.889380000955,2.0745
0.889390000955,2.0745
0.889400000955,2.0745
0.889410000955,2.10575
0.889420000955,2.0745
0.889430000955,2.0745
0.889440000955,2.04325
0.889450000955,2.137
0.889460000955,2.10575
0.889470000955,2.0745
0.889480000955,2.10575
0.889490000955,2.10575
0.889500000955,2.10575
0.889510000955,2.10575
0.889520000955,2.137
0.889530000955,2.10575
0.889540000955,2.10575
0.889550000955,2.10575
0.889560000955,2.0745
0.889570000955,2.10575
0.889580000955,2.0745
0.889590000955,2.10575
0.889600000955,2.0745
0.889610000955,2.10575
0.889620000955,2.137
0.889630000955,2.0745
0.889640000955,2.0745
0.889650000955,2.10575
0.889660000955,2.10575
0.889670000955,2.10575
0.889680000955,2.137
0.889690000955,2.0745
0.889700000955,2.10575
0.889710000955,2.10575
0.889720000955,2.10575
0.889730000955,2.10575
0.889740000955,2.10575
0.889750000955,2.0745
0.889760000955,2.0745
0.889770000955,2.10575
0.889780000955,2.0745
0.889790000955,2.0745
0.889800000955,2.0745
0.889810000955,2.0745
0.889820000955,2.0745
0.889830000955,2.0745
0.889840000955,2.0745
0.889850000955,2.10575
0.889860000955,2.10575
0.889870000955,2.10575
0.889880000955,2.10575
0.889890000955,2.0745
0.889900000955,2.10575
0.889910000955,2.10575
0.889920000955,2.0745
0.889930000955,2.10575
0.889940000955,2.10575
0.889950000955,2.0745
0.889960000955,2.0745
0.889970000955,2.10575
0.889980000955,2.10575
0.889990000955,2.0745
0.890000000955,2.137
0.890010000955,2.10575
0.890020000955,2.10575
0.890030000955,2.0745
0.890040000955,2.10575
0.890050000955,2.0745
0.890060000955,2.10575
0.890070000955,2.10575
0.890080000955,2.137
0.890090000955,2.10575
0.890100000955,2.10575
0.890110000955,2.0745
0.890120000955,2.10575
0.890130000955,2.10575
0.890140000955,2.10575
0.890150000955,2.0745
0.890160000955,2.137
0.890170000955,2.10575
0.890180000955,2.10575
0.890190000955,2.0745
0.890200000955,2.10575
0.890210000955,2.10575
0.890220000955,2.10575
0.890230000955,2.0745
0.890240000955,2.10575
0.890250000955,2.10575
0.890260000955,2.0745
0.890270000955,2.10575
0.890280000955,2.10575
0.890290000955,2.10575
0.890300000955,2.10575
0.890310000955,2.10575
0.890320000955,2.10575
0.890330000955,2.10575
0.890340000955,2.0745
0.890350000955,2.137
0.890360000955,2.10575
0.890370000955,2.137
0.890380000955,2.0745
0.890390000955,2.16825
0.890400000955,2.10575
0.890410000955,2.0745
0.890420000955,2.0745
0.890430000955,2.0745
0.890440000955,2.0745
0.890450000955,2.0745
0.890460000955,2.10575
0.890470000955,2.10575
0.890480000955,2.10575
0.890490000955,2.0745
0.890500000955,2.10575
0.890510000955,2.0745
0.890520000955,2.0745
0.890530000955,2.10575
0.890540000955,2.10575
0.890550000955,2.10575
0.890560000955,2.0745
0.890570000955,2.10575
0.890580000955,2.10575
0.890590000955,2.0745
0.890600000955,2.0745
0.890610000955,2.10575
0.890620000955,2.10575
0.890630000955,2.10575
0.890640000955,2.10575
0.890650000955,2.10575
0.890660000955,2.0745
0.890670000955,2.10575
0.890680000955,2.0745
0.890690000955,2.10575
0.890700000955,2.10575
0.890710000955,2.0745
0.890720000955,2.10575
0.890730000955,2.10575
0.890740000955,2.10575
0.890750000955,2.0745
0.890760000955,2.10575
0.890770000955,2.04325
0.890780000955,2.137
0.890790000955,2.10575
0.890800000955,2.137
0.890810000955,2.137
0.890820000955,2.0745
0.890830000955,2.137
0.890840000955,2.10575
0.890850000955,2.10575
0.890860000955,2.0745
0.890870000955,2.10575
0.890880000955,2.137
0.890890000955,2.137
0.890900000955,2.0745
0.890910000955,2.10575
0.890920000955,2.137
0.890930000955,2.10575
0.890940000955,2.0745
0.890950000955,2.10575
0.890960000955,2.10575
0.890970000955,2.0745
0.890980000955,2.0745
0.890990000955,2.0745
0.891000000955,2.10575
0.891010000955,2.10575
0.891020000955,2.10575
0.891030000955,2.0745
0.891040000955,2.10575
0.891050000955,2.137
0.891060000955,2.0745
0.891070000955,2.0745
0.891080000955,2.137
0.891090000955,2.10575
0.891100000955,2.10575
0.891110000955,2.137
0.891120000955,2.0745
0.891130000955,2.10575
0.891140000955,2.10575
0.891150000955,2.0745
0.891160000955,2.10575
0.891170000955,2.0745
0.891180000955,2.0745
0.891190000955,2.10575
0.891200000955,2.10575
0.891210000955,2.0745
0.891220000955,2.10575
0.891230000955,2.0745
0.891240000955,2.10575
0.891250000955,2.10575
0.891260000955,2.137
0.891270000955,2.10575
0.891280000955,2.10575
0.891290000955,2.0745
0.891300000955,2.0745
0.891310000955,2.10575
0.891320000955,2.10575
0.891330000955,2.0745
0.891340000955,2.0745
0.891350000955,2.10575
0.891360000955,2.0745
0.891370000955,2.10575
0.891380000955,2.10575
0.891390000955,2.0745
0.891400000955,2.137
0.891410000955,2.10575
0.891420000955,2.0745
0.891430000955,2.10575
0.891440000955,2.0745
0.891450000955,2.0745
0.891460000955,2.10575
0.891470000955,2.04325
0.891480000955,2.10575
0.891490000955,2.10575
0.891500000955,2.0745
0.891510000955,2.10575
0.891520000955,2.0745
0.891530000955,2.10575
0.891540000955,2.0745
0.891550000955,2.137
0.891560000955,2.10575
0.891570000955,2.10575
0.891580000955,2.10575
0.891590000955,2.10575
0.891600000955,2.10575
0.891610000955,2.0745
0.891620000955,2.0745
0.891630000955,2.137
0.891640000955,2.0745
0.891650000955,2.10575
0.891660000955,2.10575
0.891670000955,2.137
0.891680000955,2.10575
0.891690000955,2.10575
0.891700000955,2.10575
0.891710000955,2.0745
0.891720000955,2.10575
0.891730000955,2.10575
0.891740000955,2.137
0.891750000955,2.10575
0.891760000955,2.137
0.891770000955,2.0745
0.891780000955,2.10575
0.891790000955,2.10575
0.891800000955,2.10575
0.891810000955,2.10575
0.891820000955,2.0745
0.891830000955,2.10575
0.891840000955,2.10575
0.891850000955,2.10575
0.891860000955,2.10575
0.891870000955,2.10575
0.891880000955,2.10575
0.891890000955,2.0745
0.891900000955,2.0745
0.891910000955,2.10575
0.891920000955,2.10575
0.891930000955,2.137
0.891940000955,2.10575
0.891950000955,2.10575
0.891960000955,2.137
0.891970000955,2.10575
0.891980000955,2.04325
0.891990000955,2.137
0.892000000955,2.0745
0.892010000955,2.10575
0.892020000955,2.0745
0.892030000955,2.137
0.892040000955,2.10575
0.892050000955,2.0745
0.892060000955,2.137
0.892070000955,2.10575
0.892080000955,2.10575
0.892090000955,2.10575
0.892100000955,2.137
0.892110000955,2.10575
0.892120000955,2.10575
0.892130000955,2.10575
0.892140000955,2.10575
0.892150000955,2.0745
0.892160000955,2.10575
0.892170000955,2.10575
0.892180000955,2.10575
0.892190000955,2.10575
0.892200000955,2.10575
0.892210000955,2.10575
0.892220000955,2.137
0.892230000955,2.0745
0.892240000955,2.137
0.892250000955,2.10575
0.892260000955,2.10575
0.892270000955,2.10575
0.892280000955,2.10575
0.892290000955,2.10575
0.892300000955,2.0745
0.892310000955,2.137
0.892320000955,2.10575
0.892330000955,2.10575
0.892340000955,2.0745
0.892350000955,2.10575
0.892360000955,2.0745
0.892370000955,2.10575
0.892380000955,2.10575
0.892390000955,2.10575
0.892400000955,2.10575
0.892410000955,2.137
0.892420000955,2.10575
0.892430000955,2.0745
0.892440000955,2.0745
0.892450000955,2.0745
0.892460000955,2.10575
0.892470000955,2.0745
0.892480000955,2.10575
0.892490000955,2.10575
0.892500000955,2.10575
0.892510000955,2.0745
0.892520000955,2.10575
0.892530000955,2.0745
0.892540000955,2.10575
0.892550000955,2.137
0.892560000955,2.10575
0.892570000955,2.0745
0.892580000955,2.137
0.892590000955,2.137
0.892600000955,2.137
0.892610000955,2.10575
0.892620000955,2.10575
0.892630000955,2.10575
0.892640000955,2.10575
0.892650000955,2.0745
0.892660000955,2.0745
0.892670000955,2.10575
0.892680000955,2.10575
0.892690000955,2.0745
0.892700000955,2.10575
0.892710000955,2.04325
0.892720000955,2.10575
0.892730000955,2.10575
0.892740000955,2.10575
0.892750000955,2.0745
0.892760000955,2.10575
0.892770000955,2.10575
0.892780000955,2.10575
0.892790000955,2.0745
0.892800000955,2.10575
0.892810000955,2.10575
0.892820000955,2.137
0.892830000955,2.137
0.892840000955,2.10575
0.892850000955,2.10575
0.892860000955,2.0745
0.892870000955,2.10575
0.892880000955,2.10575
0.892890000955,2.10575
0.892900000955,2.10575
0.892910000955,2.10575
0.892920000955,2.10575
0.892930000955,2.10575
0.892940000955,2.10575
0.892950000955,2.10575
0.892960000955,2.10575
0.892970000955,2.10575
0.892980000955,2.10575
0.892990000955,2.137
0.893000000955,2.0745
0.893010000955,2.0745
0.893020000955,2.10575
0.893030000955,2.10575
0.893040000955,2.10575
0.893050000955,2.10575
0.893060000955,2.0745
0.893070000955,2.10575
0.893080000955,2.0745
0.893090000955,2.137
0.893100000955,2.10575
0.893110000955,2.10575
0.893120000955,2.10575
0.893130000955,2.10575
0.893140000955,2.137
0.893150000955,2.10575
0.893160000955,2.137
0.893170000955,2.137
0.893180000955,2.0745
0.893190000955,2.10575
0.893200000955,2.137
0.893210000955,2.10575
0.893220000955,2.137
0.893230000955,2.10575
0.893240000955,2.10575
0.893250000955,2.0745
0.893260000955,2.137
0.893270000955,2.10575
0.893280000955,2.137
0.893290000955,2.0745
0.893300000955,2.10575
0.893310000955,2.0745
0.893320000955,2.10575
0.893330000955,2.10575
0.893340000955,2.0745
0.893350000955,2.10575
0.893360000955,2.10575
0.893370000955,2.10575
0.893380000955,2.10575
0.893390000955,2.10575
0.893400000955,2.10575
0.893410000955,2.10575
0.893420000955,2.10575
0.893430000955,2.10575
0.893440000955,2.0745
0.893450000955,2.10575
0.893460000955,2.10575
0.893470000955,2.10575
0.893480000955,2.137
0.893490000955,2.10575
0.893500000955,2.10575
0.893510000955,2.10575
0.893520000955,2.10575
0.893530000955,2.137
0.893540000955,2.10575
0.893550000955,2.10575
0.893560000955,2.10575
0.893570000955,2.10575
0.893580000955,2.137
0.893590000955,2.0745
0.893600000955,2.0745
0.893610000955,2.0745
0.893620000955,2.10575
0.893630000955,2.137
0.893640000955,2.137
0.893650000955,2.137
0.893660000955,2.0745
0.893670000955,2.0745
0.893680000955,2.10575
0.893690000955,2.137
0.893700000955,2.137
0.893710000955,2.10575
0.893720000955,2.10575
0.893730000955,2.10575
0.893740000955,2.0745
0.893750000955,2.10575
0.893760000955,2.137
0.893770000955,2.137
0.893780000955,2.10575
0.893790000955,2.137
0.893800000955,2.10575
0.893810000955,2.0745
0.893820000955,2.10575
0.893830000955,2.10575
0.893840000955,2.10575
0.893850000955,2.0745
0.893860000955,2.10575
0.893870000955,2.10575
0.893880000955,2.0745
0.893890000955,2.0745
0.893900000955,2.10575
0.893910000955,2.137
0.893920000955,2.0745
0.893930000955,2.10575
0.893940000955,2.10575
0.893950000955,2.10575
0.893960000955,2.0745
0.893970000955,2.137
0.893980000955,2.10575
0.893990000955,2.10575
0.894000000955,2.10575
0.894010000955,2.10575
0.894020000955,2.0745
0.894030000955,2.10575
0.894040000955,2.10575
0.894050000955,2.0745
0.894060000955,2.10575
0.894070000955,2.0745
0.894080000955,2.10575
0.894090000955,2.10575
0.894100000955,2.10575
0.894110000955,2.0745
0.894120000955,2.137
0.894130000955,2.10575
0.894140000955,2.10575
0.894150000955,2.10575
0.894160000955,2.10575
0.894170000955,2.10575
0.894180000955,2.10575
0.894190000955,2.0745
0.894200000955,2.10575
0.894210000955,2.0745
0.894220000955,2.0745
0.894230000955,2.10575
0.894240000955,2.10575
0.894250000955,2.137
0.894260000955,2.137
0.894270000955,2.137
0.894280000955,2.10575
0.894290000955,2.137
0.894300000955,2.137
0.894310000955,2.0745
0.894320000955,2.10575
0.894330000955,2.10575
0.894340000955,2.0745
0.894350000955,2.10575
0.894360000955,2.137
0.894370000955,2.137
0.894380000955,2.10575
0.894390000955,2.10575
0.894400000955,2.0745
0.894410000955,2.0745
0.894420000955,2.137
0.894430000955,2.10575
0.894440000955,2.10575
0.894450000955,2.0745
0.894460000955,2.10575
0.894470000955,2.0745
0.894480000955,2.10575
0.894490000955,2.137
0.894500000955,2.10575
0.894510000955,2.10575
0.894520000955,2.10575
0.894530000955,2.10575
0.894540000955,2.0745
0.894550000955,2.0745
0.894560000955,2.10575
0.894570000955,2.10575
0.894580000955,2.10575
0.894590000955,2.137
0.894600000955,2.10575
0.894610000955,2.10575
0.894620000955,2.10575
0.894630000955,2.10575
0.894640000955,2.137
0.894650000955,2.0745
0.894660000955,2.10575
0.894670000955,2.10575
0.894680000955,2.0745
0.894690000955,2.137
0.894700000955,2.10575
0.894710000955,2.10575
0.894720000955,2.10575
0.894730000955,2.10575
0.894740000955,2.10575
0.894750000955,2.10575
0.894760000955,2.137
0.894770000955,2.10575
0.894780000955,2.137
0.894790000955,2.10575
0.894800000955,2.10575
0.894810000955,2.0745
0.894820000955,2.10575
0.894830000955,2.10575
0.894840000955,2.0745
0.894850000955,2.10575
0.894860000955,2.137
0.894870000955,2.10575
0.894880000955,2.0745
0.894890000955,2.10575
0.894900000955,2.137
0.894910000955,2.137
0.894920000955,2.10575
0.894930000955,2.137
0.894940000955,2.10575
0.894950000955,2.0745
0.894960000955,2.10575
0.894970000955,2.0745
0.894980000955,2.0745
0.894990000955,2.10575
0.895000000955,2.10575
0.895010000955,2.0745
0.895020000955,2.137
0.895030000955,2.10575
0.895040000955,2.10575
0.895050000955,2.10575
0.895060000955,2.10575
0.895070000955,2.0745
0.895080000955,2.10575
0.895090000955,2.137
0.895100000955,2.0745
0.895110000955,2.10575
0.895120000955,2.10575
0.895130000955,2.10575
0.895140000955,2.0745
0.895150000955,2.10575
0.895160000955,2.0745
0.895170000955,2.0745
0.895180000955,2.10575
0.895190000955,2.137
0.895200000955,2.137
0.895210000955,2.10575
0.895220000955,2.10575
0.895230000955,2.10575
0.895240000955,2.137
0.895250000955,2.10575
0.895260000955,2.10575
0.895270000955,2.137
0.895280000955,2.10575
0.895290000955,2.137
0.895300000955,2.10575
0.895310000955,2.10575
0.895320000955,2.10575
0.895330000955,2.0745
0.895340000955,2.10575
0.895350000955,2.10575
0.895360000955,2.10575
0.895370000955,2.0745
0.895380000955,2.137
0.895390000955,2.10575
0.895400000955,2.10575
0.895410000955,2.10575
0.895420000955,2.10575
0.895430000955,2.10575
0.895440000955,2.137
0.895450000955,2.10575
0.895460000955,2.10575
0.895470000955,2.137
0.895480000955,2.10575
0.895490000955,2.10575
0.895500000955,2.10575
0.895510000955,2.10575
0.895520000955,2.10575
0.895530000955,2.10575
0.895540000955,2.10575
0.895550000955,2.10575
0.895560000955,2.10575
0.895570000955,2.10575
0.895580000955,2.10575
0.895590000955,2.10575
0.895600000955,2.10575
0.895610000955,2.137
0.895620000955,2.10575
0.895630000955,2.10575
0.895640000955,2.10575
0.895650000955,2.10575
0.895660000955,2.10575
0.895670000955,2.0745
0.895680000955,2.10575
0.895690000955,2.10575
0.895700000955,2.10575
0.895710000955,2.0745
0.895720000955,2.137
0.895730000955,2.10575
0.895740000955,2.10575
0.895750000955,2.137
0.895760000955,2.0745
0.895770000955,2.0745
0.895780000955,2.0745
0.895790000955,2.10575
0.895800000955,2.10575
0.895810000955,2.0745
0.895820000955,2.10575
0.895830000955,2.10575
0.895840000955,2.137
0.895850000955,2.10575
0.895860000955,2.10575
0.895870000955,2.10575
0.895880000955,2.10575
0.895890000955,2.10575
0.895900000955,2.137
0.895910000955,2.10575
0.895920000955,2.0745
0.895930000955,2.10575
0.895940000955,2.10575
0.895950000955,2.10575
0.895960000955,2.10575
0.895970000955,2.10575
0.895980000955,2.0745
0.895990000955,2.10575
0.896000000955,2.10575
0.896010000955,2.10575
0.896020000955,2.0745
0.896030000955,2.10575
0.896040000955,2.10575
0.896050000955,2.10575
0.896060000955,2.137
0.896070000955,2.10575
0.896080000955,2.137
0.896090000955,2.10575
0.896100000955,2.10575
0.896110000955,2.0745
0.896120000955,2.10575
0.896130000955,2.10575
0.896140000955,2.0745
0.896150000955,2.10575
0.896160000955,2.10575
0.896170000955,2.0745
0.896180000955,2.0745
0.896190000955,2.10575
0.896200000955,2.10575
0.896210000955,2.10575
0.896220000955,2.10575
0.896230000955,2.137
0.896240000955,2.10575
0.896250000955,2.10575
0.896260000955,2.10575
0.896270000955,2.10575
0.896280000955,2.0745
0.896290000955,2.0745
0.896300000955,2.10575
0.896310000955,2.0745
0.896320000955,2.10575
0.896330000955,2.10575
0.896340000955,2.10575
0.896350000955,2.16825
0.896360000955,2.10575
0.896370000955,2.0745
0.896380000955,2.10575
0.896390000955,2.10575
0.896400000955,2.10575
0.896410000955,2.10575
0.896420000955,2.10575
0.896430000955,2.10575
0.896440000955,2.0745
0.896450000955,2.10575
0.896460000955,2.10575
0.896470000955,2.10575
0.896480000955,2.137
0.896490000955,2.10575
0.896500000955,2.10575
0.896510000955,2.10575
0.896520000955,2.10575
0.896530000955,2.10575
0.896540000955,2.10575
0.896550000955,2.10575
0.896560000955,2.0745
0.896570000955,2.10575
0.896580000955,2.10575
0.896590000955,2.10575
0.896600000955,2.137
0.896610000955,2.10575
0.896620000955,2.0745
0.896630000955,2.10575
0.896640000955,2.10575
0.896650000955,2.10575
0.896660000955,2.0745
0.896670000955,2.10575
0.896680000955,2.10575
0.896690000955,2.0745
0.896700000955,2.10575
0.896710000955,2.10575
0.896720000955,2.0745
0.896730000955,2.0745
0.896740000955,2.0745
0.896750000955,2.10575
0.896760000955,2.10575
0.896770000955,2.10575
0.896780000955,2.137
0.896790000955,2.10575
0.896800000955,2.137
0.896810000955,2.137
0.896820000955,2.10575
0.896830000955,2.137
0.896840000955,2.10575
0.896850000955,2.0745
0.896860000955,2.10575
0.896870000955,2.137
0.896880000955,2.10575
0.896890000955,2.137
0.896900000955,2.10575
0.896910000955,2.10575
0.896920000955,2.10575
0.896930000955,2.10575
0.896940000955,2.10575
0.896950000955,2.10575
0.896960000955,2.10575
0.896970000955,2.10575
0.896980000955,2.10575
0.896990000955,2.10575
0.897000000955,2.10575
0.897010000955,2.137
0.897020000955,2.137
0.897030000955,2.0745
0.897040000955,2.10575
0.897050000955,2.137
0.897060000955,2.10575
0.897070000955,2.10575
0.897080000955,2.0745
0.897090000955,2.0745
0.897100000955,2.10575
0.897110000955,2.137
0.897120000955,2.10575
0.897130000955,2.10575
0.897140000955,2.10575
0.897150000955,2.137
0.897160000955,2.137
0.897170000955,2.137
0.897180000955,2.10575
0.897190000955,2.137
0.897200000955,2.10575
0.897210000955,2.0745
0.897220000955,2.0745
0.897230000955,2.10575
0.897240000955,2.10575
0.897250000955,2.10575
0.897260000955,2.137
0.897270000955,2.10575
0.897280000955,2.137
0.897290000955,2.10575
0.897300000955,2.10575
0.897310000955,2.10575
0.897320000955,2.137
0.897330000955,2.10575
0.897340000955,2.10575
0.897350000955,2.10575
0.897360000955,2.10575
0.897370000955,2.10575
0.897380000955,2.10575
0.897390000955,2.10575
0.897400000955,2.0745
0.897410000955,2.10575
0.897420000955,2.10575
0.897430000955,2.10575
0.897440000955,2.137
0.897450000955,2.10575
0.897460000955,2.10575
0.897470000955,2.10575
0.897480000955,2.137
0.897490000955,2.0745
0.897500000955,2.0745
0.897510000955,2.10575
0.897520000955,2.10575
0.897530000955,2.10575
0.897540000955,2.10575
0.897550000955,2.137
0.897560000955,2.0745
0.897570000955,2.10575
0.897580000955,2.0745
0.897590000955,2.0745
0.897600000955,2.10575
0.897610000955,2.0745
0.897620000955,2.10575
0.897630000955,2.0745
0.897640000955,2.137
0.897650000955,2.0745
0.897660000955,2.10575
0.897670000955,2.10575
0.897680000955,2.0745
0.897690000955,2.0745
0.897700000955,2.10575
0.897710000955,2.0745
0.897720000955,2.10575
0.897730000955,2.10575
0.897740000955,2.10575
0.897750000955,2.0745
0.897760000955,2.10575
0.897770000955,2.0745
0.897780000955,2.10575
0.897790000955,2.137
0.897800000955,2.10575
0.897810000955,2.10575
0.897820000955,2.10575
0.897830000955,2.0745
0.897840000955,2.10575
0.897850000955,2.0745
0.897860000955,2.10575
0.897870000955,2.10575
0.897880000955,2.10575
0.897890000955,2.10575
0.897900000955,2.10575
0.897910000955,2.137
0.897920000955,2.10575
0.897930000955,2.0745
0.897940000955,2.0745
0.897950000955,2.10575
0.897960000955,2.10575
0.897970000955,2.10575
0.897980000955,2.137
0.897990000955,2.10575
0.898000000955,2.137
0.898010000955,2.137
0.898020000955,2.10575
0.898030000955,2.10575
0.898040000955,2.10575
0.898050000955,2.137
0.898060000955,2.10575
0.898070000955,2.137
0.898080000955,2.10575
0.898090000955,2.10575
0.898100000955,2.10575
0.898110000955,2.10575
0.898120000955,2.137
0.898130000955,2.10575
0.898140000955,2.0745
0.898150000955,2.10575
0.898160000955,2.10575
0.898170000955,2.0745
0.898180000955,2.10575
0.898190000955,2.10575
0.898200000955,2.10575
0.898210000955,2.137
0.898220000955,2.10575
0.898230000955,2.137
0.898240000955,2.10575
0.898250000955,2.0745
0.898260000955,2.10575
0.898270000955,2.10575
0.898280000955,2.0745
0.898290000955,2.137
0.898300000955,2.0745
0.898310000955,2.10575
0.898320000955,2.137
0.898330000955,2.137
0.898340000955,2.0745
0.898350000955,2.10575
0.898360000955,2.10575
0.898370000955,2.0745
0.898380000955,2.10575
0.898390000955,2.137
0.898400000955,2.137
0.898410000955,2.10575
0.898420000955,2.137
0.898430000955,2.10575
0.898440000955,2.10575
0.898450000955,2.10575
0.898460000955,2.10575
0.898470000955,2.10575
0.898480000955,2.137
0.898490000955,2.10575
0.898500000955,2.137
0.898510000955,2.0745
0.898520000955,2.10575
0.898530000955,2.10575
0.898540000955,2.0745
0.898550000955,2.0745
0.898560000955,2.10575
0.898570000955,2.10575
0.898580000955,2.137
0.898590000955,2.0745
0.898600000955,2.10575
0.898610000955,2.10575
0.898620000955,2.10575
0.898630000955,2.10575
0.898640000955,2.10575
0.898650000955,2.10575
0.898660000955,2.0745
0.898670000955,2.10575
0.898680000955,2.0745
0.898690000955,2.10575
0.898700000955,2.137
0.898710000955,2.0745
0.898720000955,2.0745
0.898730000955,2.10575
0.898740000955,2.10575
0.898750000955,2.10575
0.898760000955,2.137
0.898770000955,2.0745
0.898780000955,2.137
0.898790000955,2.10575
0.898800000955,2.10575
0.898810000955,2.10575
0.898820000955,2.0745
0.898830000955,2.137
0.898840000955,2.10575
0.898850000955,2.137
0.898860000955,2.10575
0.898870000955,2.10575
0.898880000955,2.10575
0.898890000955,2.10575
0.898900000955,2.137
0.898910000955,2.10575
0.898920000955,2.10575
0.898930000955,2.10575
0.898940000955,2.0745
0.898950000955,2.10575
0.898960000955,2.10575
0.898970000955,2.10575
0.898980000955,2.0745
0.898990000955,2.0745
0.899000000955,2.10575
0.899010000955,2.10575
0.899020000955,2.137
0.899030000955,2.0745
0.899040000955,2.10575
0.899050000955,2.0745
0.899060000955,2.137
0.899070000955,2.0745
0.899080000955,2.10575
0.899090000955,2.10575
0.899100000955,2.137
0.899110000955,2.10575
0.899120000955,2.0745
0.899130000955,2.137
0.899140000955,2.10575
0.899150000955,2.10575
0.899160000955,2.0745
0.899170000955,2.10575
0.899180000955,2.10575
0.899190000955,2.0745
0.899200000955,2.0745
0.899210000955,2.10575
0.899220000955,2.10575
0.899230000955,2.137
0.899240000955,2.10575
0.899250000955,2.10575
0.899260000955,2.10575
0.899270000955,2.0745
0.899280000955,2.10575
0.899290000955,2.10575
0.899300000955,2.10575
0.899310000955,2.10575
0.899320000955,2.10575
0.899330000955,2.10575
0.899340000955,2.0745
0.899350000955,2.10575
0.899360000955,2.137
0.899370000955,2.10575
0.899380000955,2.10575
0.899390000955,2.137
0.899400000955,2.10575
0.899410000955,2.10575
0.899420000955,2.10575
0.899430000955,2.10575
0.899440000955,2.10575
0.899450000955,2.10575
0.899460000955,2.10575
0.899470000955,2.137
0.899480000955,2.137
0.899490000955,2.0745
0.899500000955,2.137
0.899510000955,2.137
0.899520000955,2.137
0.899530000955,2.10575
0.899540000955,2.16825
0.899550000955,2.10575
0.899560000955,2.04325
0.899570000955,2.10575
0.899580000955,2.10575
0.899590000955,2.10575
0.899600000955,2.0745
0.899610000955,2.10575
0.899620000955,2.137
0.899630000955,2.0745
0.899640000955,2.137
0.899650000955,2.10575
0.899660000955,2.10575
0.899670000955,2.137
0.899680000955,2.0745
0.899690000955,2.137
0.899700000955,2.10575
0.899710000955,2.10575
0.899720000955,2.0745
0.899730000955,2.137
0.899740000955,2.0745
0.899750000955,2.10575
0.899760000955,2.137
0.899770000955,2.10575
0.899780000955,2.10575
0.899790000955,2.10575
0.899800000955,2.10575
0.899810000955,2.10575
0.899820000955,2.137
0.899830000955,2.10575
0.899840000955,2.0745
0.899850000955,2.137
0.899860000955,2.10575
0.899870000955,2.137
0.899880000955,2.137
0.899890000955,2.10575
0.899900000955,2.10575
0.899910000955,2.10575
0.899920000955,2.137
0.899930000955,2.137
0.899940000955,2.10575
0.899950000955,2.137
0.899960000955,2.10575
0.899970000955,2.137
0.899980000955,2.137
0.899990000955,2.10575
0.900000000955,2.0745
0.900010000955,2.10575
0.900020000955,2.137
0.900030000955,2.0745
0.900040000955,2.10575
0.900050000955,2.137
0.900060000955,2.10575
0.900070000955,2.137
0.900080000955,2.10575
0.900090000955,2.10575
0.900100000955,2.10575
0.900110000955,2.137
0.900120000955,2.137
0.900130000955,2.10575
0.900140000955,2.137
0.900150000955,2.0745
0.900160000955,2.137
0.900170000955,2.10575
0.900180000955,2.10575
0.900190000955,2.10575
0.900200000955,2.10575
0.900210000955,2.10575
0.900220000955,2.0745
0.900230000955,2.10575
0.900240000955,2.10575
0.900250000955,2.10575
0.900260000955,2.137
0.900270000955,2.0745
0.900280000955,2.137
0.900290000955,2.0745
0.900300000955,2.10575
0.900310000955,2.10575
0.900320000955,2.10575
0.900330000955,2.137
0.900340000955,2.10575
0.900350000955,2.10575
0.900360000955,2.137
0.900370000955,2.137
0.900380000955,2.10575
0.900390000955,2.137
0.900400000955,2.10575
0.900410000955,2.137
0.900420000955,2.10575
0.900430000955,2.10575
0.900440000955,2.10575
0.900450000955,2.137
0.900460000955,2.10575
0.900470000955,2.10575
0.900480000955,2.137
0.900490000955,2.10575
0.900500000955,2.10575
0.900510000955,2.10575
0.900520000955,2.10575
0.900530000955,2.137
0.900540000955,2.10575
0.900550000955,2.10575
0.900560000955,2.10575
0.900570000955,2.10575
0.900580000955,2.10575
0.900590000955,2.137
0.900600000955,2.10575
0.900610000955,2.137
0.900620000955,2.10575
0.900630000955,2.10575
0.900640000955,2.10575
0.900650000955,2.137
0.900660000955,2.10575
0.900670000955,2.10575
0.900680000955,2.0745
0.900690000955,2.0745
0.900700000955,2.10575
0.900710000955,2.10575
0.900720000955,2.137
0.900730000955,2.0745
0.900740000955,2.10575
0.900750000955,2.137
0.900760000955,2.137
0.900770000955,2.10575
0.900780000955,2.137
0.900790000955,2.10575
0.900800000955,2.137
0.900810000955,2.10575
0.900820000955,2.10575
0.900830000955,2.137
0.900840000955,2.137
0.900850000955,2.10575
0.900860000955,2.10575
0.900870000955,2.137
0.900880000955,2.10575
0.900890000955,2.0745
0.900900000955,2.10575
0.900910000955,2.137
0.900920000955,2.10575
0.900930000955,2.137
0.900940000955,2.0745
0.900950000955,2.10575
0.900960000955,2.10575
0.900970000955,2.137
0.900980000955,2.10575
0.900990000955,2.10575
0.901000000955,2.10575
0.901010000955,2.10575
0.901020000955,2.10575
0.901030000955,2.10575
0.901040000955,2.137
0.901050000955,2.137
0.901060000955,2.10575
0.901070000955,2.10575
0.901080000955,2.10575
0.901090000955,2.10575
0.901100000955,2.0745
0.901110000955,2.137
0.901120000955,2.10575
0.901130000955,2.10575
0.901140000955,2.137
0.901150000955,2.10575
0.901160000955,2.10575
0.901170000955,2.137
0.901180000955,2.10575
0.901190000955,2.10575
0.901200000955,2.10575
0.901210000955,2.137
0.901220000955,2.10575
0.901230000955,2.10575
0.901240000955,2.0745
0.901250000955,2.10575
0.901260000955,2.10575
0.901270000955,2.137
0.901280000955,2.10575
0.901290000955,2.10575
0.901300000955,2.137
0.901310000955,2.137
0.901320000955,2.10575
0.901330000955,2.10575
0.901340000955,2.0745
0.901350000955,2.10575
0.901360000955,2.10575
0.901370000955,2.10575
0.901380000955,2.137
0.901390000955,2.10575
0.901400000955,2.137
0.901410000955,2.10575
0.901420000955,2.137
0.901430000955,2.0745
0.901440000955,2.10575
0.901450000955,2.0745
0.901460000955,2.137
0.901470000955,2.10575
0.901480000955,2.10575
0.901490000955,2.10575
0.901500000955,2.10575
0.901510000955,2.10575
0.901520000955,2.10575
0.901530000955,2.10575
0.901540000955,2.137
0.901550000955,2.10575
0.901560000955,2.137
0.901570000955,2.137
0.901580000955,2.10575
0.901590000955,2.10575
0.901600000955,2.137
0.901610000955,2.10575
0.901620000955,2.10575
0.901630000955,2.16825
0.901640000955,2.10575
0.901650000955,2.10575
0.901660000955,2.137
0.901670000955,2.16825
0.901680000955,2.10575
0.901690000955,2.10575
0.901700000955,2.0745
0.901710000955,2.137
0.901720000955,2.10575
0.901730000955,2.137
0.901740000955,2.137
0.901750000955,2.10575
0.901760000955,2.10575
0.901770000955,2.10575
0.901780000955,2.137
0.901790000955,2.0745
0.901800000955,2.137
0.901810000955,2.137
0.901820000955,2.10575
0.901830000955,2.10575
0.901840000955,2.137
0.901850000955,2.10575
0.901860000955,2.10575
0.901870000955,2.137
0.901880000955,2.10575
0.901890000955,2.10575
0.901900000955,2.10575
0.901910000955,2.10575
0.901920000955,2.137
0.901930000955,2.10575
0.901940000955,2.10575
0.901950000955,2.0745
0.901960000955,2.137
0.901970000955,2.137
0.901980000955,2.10575
0.901990000955,2.10575
0.902000000955,2.10575
0.902010000955,2.0745
0.902020000955,2.10575
0.902030000955,2.10575
0.902040000955,2.10575
0.902050000955,2.0745
0.902060000955,2.10575
0.902070000955,2.10575
0.902080000955,2.0745
0.902090000955,2.0745
0.902100000955,2.0745
0.902110000955,2.137
0.902120000955,2.10575
0.902130000955,2.137
0.902140000955,2.137
0.902150000955,2.10575
0.902160000955,2.137
0.902170000955,2.10575
0.902180000955,2.137
0.902190000955,2.10575
0.902200000955,2.10575
0.902210000955,2.10575
0.902220000955,2.0745
0.902230000955,2.10575
0.902240000955,2.137
0.902250000955,2.137
0.902260000955,2.137
0.902270000955,2.10575
0.902280000955,2.137
0.902290000955,2.10575
0.902300000955,2.0745
0.902310000955,2.137
0.902320000955,2.10575
0.902330000955,2.10575
0.902340000955,2.10575
0.902350000955,2.137
0.902360000955,2.10575
0.902370000955,2.137
0.902380000955,2.137
0.902390000955,2.10575
0.902400000955,2.10575
0.902410000955,2.10575
0.902420000955,2.10575
0.902430000955,2.10575
0.902440000955,2.137
0.902450000955,2.0745
0.902460000955,2.10575
0.902470000955,2.10575
0.902480000955,2.10575
0.902490000955,2.137
0.902500000955,2.137
0.902510000955,2.10575
0.902520000955,2.10575
0.902530000955,2.137
0.902540000955,2.0745
0.902550000955,2.137
0.902560000955,2.10575
0.902570000955,2.10575
0.902580000955,2.10575
0.902590000955,2.10575
0.902600000955,2.04325
0.902610000955,2.137
0.902620000955,2.10575
0.902630000955,2.10575
0.902640000955,2.10575
0.902650000955,2.137
0.902660000955,2.10575
0.902670000955,2.10575
0.902680000955,2.10575
0.902690000955,2.10575
0.902700000955,2.10575
0.902710000955,2.10575
0.902720000955,2.10575
0.902730000955,2.10575
0.902740000955,2.10575
0.902750000955,2.10575
0.902760000955,2.10575
0.902770000955,2.137
0.902780000955,2.137
0.902790000955,2.10575
0.902800000955,2.137
0.902810000955,2.0745
0.902820000955,2.10575
0.902830000955,2.10575
0.902840000955,2.10575
0.902850000955,2.10575
0.902860000955,2.137
0.902870000955,2.0745
0.902880000955,2.10575
0.902890000955,2.0745
0.902900000955,2.137
0.902910000955,2.10575
0.902920000955,2.10575
0.902930000955,2.10575
0.902940000955,2.10575
0.902950000955,2.10575
0.902960000955,2.10575
0.902970000955,2.137
0.902980000955,2.10575
0.902990000955,2.0745
0.903000000955,2.10575
0.903010000955,2.10575
0.903020000955,2.10575
0.903030000955,2.10575
0.903040000955,2.10575
0.903050000955,2.137
0.903060000955,2.137
0.903070000955,2.0745
0.903080000955,2.137
0.903090000955,2.10575
0.903100000955,2.10575
0.903110000955,2.10575
0.903120000955,2.137
0.903130000955,2.10575
0.903140000955,2.137
0.903150000955,2.137
0.903160000955,2.137
0.903170000955,2.137
0.903180000955,2.137
0.903190000955,2.137
0.903200000955,2.10575
0.903210000955,2.10575
0.903220000955,2.10575
0.903230000955,2.137
0.903240000955,2.137
0.903250000955,2.10575
0.903260000955,2.10575
0.903270000955,2.137
0.903280000955,2.137
0.903290000955,2.10575
0.903300000955,2.10575
0.903310000955,2.137
0.903320000955,2.137
0.903330000955,2.10575
0.903340000955,2.10575
0.903350000955,2.137
0.903360000955,2.0745
0.903370000955,2.10575
0.903380000955,2.137
0.903390000955,2.137
0.903400000955,2.137
0.903410000955,2.137
0.903420000955,2.10575
0.903430000955,2.0745
0.903440000955,2.137
0.903450000955,2.0745
0.903460000955,2.10575
0.903470000955,2.10575
0.903480000955,2.10575
0.903490000955,2.10575
0.903500000955,2.10575
0.903510000955,2.16825
0.903520000955,2.137
0.903530000955,2.10575
0.903540000955,2.10575
0.903550000955,2.137
0.903560000955,2.137
0.903570000955,2.10575
0.903580000955,2.137
0.903590000955,2.137
0.903600000955,2.10575
0.903610000955,2.10575
0.903620000955,2.137
0.903630000955,2.10575
0.903640000955,2.10575
0.903650000955,2.137
0.903660000955,2.10575
0.903670000955,2.10575
0.903680000955,2.10575
0.903690000955,2.10575
0.903700000955,2.10575
0.903710000955,2.137
0.903720000955,2.137
0.903730000955,2.137
0.903740000955,2.10575
0.903750000955,2.10575
0.903760000955,2.10575
0.903770000955,2.10575
0.903780000955,2.10575
0.903790000955,2.137
0.903800000955,2.10575
0.903810000955,2.0745
0.903820000955,2.16825
0.903830000955,2.137
0.903840000955,2.10575
0.903850000955,2.10575
0.903860000955,2.10575
0.903870000955,2.10575
0.903880000955,2.137
0.903890000955,2.10575
0.903900000955,2.137
0.903910000955,2.137
0.903920000955,2.10575
0.903930000955,2.0745
0.903940000955,2.0745
0.903950000955,2.0745
0.903960000955,2.10575
0.903970000955,2.10575
0.903980000955,2.0745
0.903990000955,2.10575
0.904000000955,2.10575
0.904010000955,2.10575
0.904020000955,2.137
0.904030000955,2.16825
0.904040000955,2.16825
0.904050000955,2.137
0.904060000955,2.10575
0.904070000955,2.10575
0.904080000955,2.10575
0.904090000955,2.10575
0.904100000955,2.137
0.904110000955,2.10575
0.904120000955,2.10575
0.904130000955,2.10575
0.904140000955,2.10575
0.904150000955,2.16825
0.904160000955,2.137
0.904170000955,2.10575
0.904180000955,2.0745
0.904190000955,2.0745
0.904200000955,2.16825
0.904210000955,2.0745
0.904220000955,2.137
0.904230000955,2.10575
0.904240000955,2.10575
0.904250000955,2.137
0.904260000955,2.0745
0.904270000955,2.137
0.904280000955,2.0745
0.904290000955,2.137
0.904300000955,2.10575
0.904310000955,2.10575
0.904320000955,2.10575
0.904330000955,2.10575
0.904340000955,2.10575
0.904350000955,2.10575
0.904360000955,2.10575
0.904370000955,2.137
0.904380000955,2.10575
0.904390000955,2.137
0.904400000955,2.0745
0.904410000955,2.137
0.904420000955,2.10575
0.904430000955,2.137
0.904440000955,2.10575
0.904450000955,2.10575
0.904460000955,2.10575
0.904470000955,2.10575
0.904480000955,2.10575
0.904490000955,2.10575
0.904500000955,2.0745
0.904510000955,2.10575
0.904520000955,2.10575
0.904530000955,2.10575
0.904540000955,2.10575
0.904550000955,2.0745
0.904560000955,2.137
0.904570000955,2.10575
0.904580000955,2.137
0.904590000955,2.137
0.904600000955,2.10575
0.904610000955,2.0745
0.904620000955,2.137
0.904630000955,2.137
0.904640000955,2.10575
0.904650000955,2.137
0.904660000955,2.10575
0.904670000955,2.0745
0.904680000955,2.10575
0.904690000955,2.10575
0.904700000955,2.10575
0.904710000955,2.16825
0.904720000955,2.10575
0.904730000955,2.10575
0.904740000955,2.10575
0.904750000955,2.10575
0.904760000955,2.137
0.904770000955,2.10575
0.904780000955,2.137
0.904790000955,2.137
0.904800000955,2.0745
0.904810000955,2.10575
0.904820000955,2.137
0.904830000955,2.137
0.904840000955,2.10575
0.904850000955,2.10575
0.904860000955,2.10575
0.904870000955,2.10575
0.904880000955,2.137
0.904890000955,2.137
0.904900000955,2.16825
0.904910000955,2.16825
0.904920000955,2.10575
0.904930000955,2.10575
0.904940000955,2.137
0.904950000955,2.10575
0.904960000955,2.10575
0.904970000955,2.10575
0.904980000955,2.10575
0.904990000955,2.137
0.905000000955,2.10575
0.905010000955,2.10575
0.905020000955,2.137
0.905030000955,2.10575
0.905040000955,2.16825
0.905050000955,2.137
0.905060000955,2.137
0.905070000955,2.0745
0.905080000955,2.10575
0.905090000955,2.137
0.905100000955,2.10575
0.905110000955,2.10575
0.905120000955,2.10575
0.905130000955,2.10575
0.905140000955,2.137
0.905150000955,2.137
0.905160000955,2.0745
0.905170000955,2.10575
0.905180000955,2.0745
0.905190000955,2.10575
0.905200000955,2.137
0.905210000955,2.10575
0.905220000955,2.137
0.905230000955,2.10575
0.905240000955,2.10575
0.905250000955,2.137
0.905260000955,2.137
0.905270000955,2.10575
0.905280000955,2.137
0.905290000955,2.10575
0.905300000955,2.137
0.905310000955,2.10575
0.905320000955,2.10575
0.905330000955,2.137
0.905340000955,2.137
0.905350000955,2.137
0.905360000955,2.10575
0.905370000955,2.16825
0.905380000955,2.137
0.905390000955,2.137
0.905400000955,2.10575
0.905410000955,2.0745
0.905420000955,2.10575
0.905430000955,2.10575
0.905440000955,2.10575
0.905450000955,2.0745
0.905460000955,2.0745
0.905470000955,2.0745
0.905480000955,2.10575
0.905490000955,2.10575
0.905500000955,2.10575
0.905510000955,2.10575
0.905520000955,2.0745
0.905530000955,2.10575
0.905540000955,2.10575
0.905550000955,2.10575
0.905560000955,2.137
0.905570000955,2.10575
0.905580000955,2.137
0.905590000955,2.10575
0.905600000955,2.137
0.905610000955,2.137
0.905620000955,2.10575
0.905630000955,2.10575
0.905640000955,2.137
0.905650000955,2.137
0.905660000955,2.10575
0.905670000955,2.10575
0.905680000955,2.10575
0.905690000955,2.10575
0.905700000955,2.10575
0.905710000955,2.137
0.905720000955,2.10575
0.905730000955,2.10575
0.905740000955,2.10575
0.905750000955,2.10575
0.905760000955,2.0745
0.905770000955,2.137
0.905780000955,2.10575
0.905790000955,2.10575
0.905800000955,2.137
0.905810000955,2.10575
0.905820000955,2.137
0.905830000955,2.10575
0.905840000955,2.10575
0.905850000955,2.137
0.905860000955,2.10575
0.905870000955,2.10575
0.905880000955,2.10575
0.905890000955,2.137
0.905900000955,2.10575
0.905910000955,2.10575
0.905920000955,2.10575
0.905930000955,2.10575
0.905940000955,2.137
0.905950000955,2.137
0.905960000955,2.137
0.905970000955,2.10575
0.905980000955,2.0745
0.905990000955,2.10575
0.906000000955,2.10575
0.906010000955,2.10575
0.906020000955,2.16825
0.906030000955,2.137
0.906040000955,2.10575
0.906050000955,2.0745
0.906060000955,2.10575
0.906070000955,2.10575
0.906080000955,2.0745
0.906090000955,2.10575
0.906100000955,2.10575
0.906110000955,2.10575
0.906120000955,2.10575
0.906130000955,2.10575
0.906140000955,2.10575
0.906150000955,2.137
0.906160000955,2.10575
0.906170000955,2.137
0.906180000955,2.10575
0.906190000955,2.137
0.906200000955,2.10575
0.906210000955,2.137
0.906220000955,2.0745
0.906230000955,2.10575
0.906240000955,2.137
0.906250000955,2.10575
0.906260000955,2.137
0.906270000955,2.10575
0.906280000955,2.10575
0.906290000955,2.10575
0.906300000955,2.137
0.906310000955,2.137
0.906320000955,2.10575
0.906330000955,2.10575
0.906340000955,2.10575
0.906350000955,2.137
0.906360000955,2.10575
0.906370000955,2.0745
0.906380000955,2.10575
0.906390000955,2.10575
0.906400000955,2.137
0.906410000955,2.10575
0.906420000955,2.0745
0.906430000955,2.10575
0.906440000955,2.10575
0.906450000955,2.10575
0.906460000955,2.10575
0.906470000955,2.137
0.906480000955,2.0745
0.906490000955,2.10575
0.906500000955,2.10575
0.906510000955,2.137
0.906520000955,2.137
0.906530000955,2.137
0.906540000955,2.0745
0.906550000955,2.10575
0.906560000955,2.137
0.906570000955,2.0745
0.906580000955,2.137
0.906590000955,2.137
0.906600000955,2.10575
0.906610000955,2.137
0.906620000955,2.10575
0.906630000955,2.10575
0.906640000955,2.0745
0.906650000955,2.10575
0.906660000955,2.0745
0.906670000955,2.137
0.906680000955,2.10575
0.906690000955,2.0745
0.906700000955,2.0745
0.906710000955,2.10575
0.906720000955,2.10575
0.906730000955,2.10575
0.906740000955,2.10575
0.906750000955,2.10575
0.906760000955,2.10575
0.906770000955,2.137
0.906780000955,2.137
0.906790000955,2.10575
0.906800000955,2.10575
0.906810000955,2.10575
0.906820000955,2.10575
0.906830000955,2.10575
0.906840000955,2.10575
0.906850000955,2.137
0.906860000955,2.137
0.906870000955,2.137
0.906880000955,2.137
0.906890000955,2.10575
0.906900000955,2.10575
0.906910000955,2.10575
0.906920000955,2.10575
0.906930000955,2.10575
0.906940000955,2.10575
0.906950000955,2.10575
0.906960000955,2.10575
0.906970000955,2.137
0.906980000955,2.0745
0.906990000955,2.10575
0.907000000955,2.10575
0.907010000955,2.0745
0.907020000955,2.137
0.907030000955,2.0745
0.907040000955,2.0745
0.907050000955,2.10575
0.907060000955,2.137
0.907070000955,2.10575
0.907080000955,2.10575
0.907090000955,2.10575
0.907100000955,2.10575
0.907110000955,2.10575
0.907120000955,2.137
0.907130000955,2.16825
0.907140000955,2.0745
0.907150000955,2.10575
0.907160000955,2.10575
0.907170000955,2.137
0.907180000955,2.137
0.907190000955,2.10575
0.907200000955,2.137
0.907210000955,2.137
0.907220000955,2.137
0.907230000955,2.10575
0.907240000955,2.0745
0.907250000955,2.10575
0.907260000955,2.0745
0.907270000955,2.10575
0.907280000955,2.137
0.907290000955,2.10575
0.907300000955,2.137
0.907310000955,2.10575
0.907320000955,2.137
0.907330000955,2.10575
0.907340000955,2.10575
0.907350000955,2.137
0.907360000955,2.137
0.907370000955,2.10575
0.907380000955,2.137
0.907390000955,2.137
0.907400000955,2.10575
0.907410000955,2.137
0.907420000955,2.137
0.907430000955,2.137
0.907440000955,2.0745
0.907450000955,2.10575
0.907460000955,2.137
0.907470000955,2.137
0.907480000955,2.10575
0.907490000955,2.10575
0.907500000955,2.10575
0.907510000955,2.10575
0.907520000955,2.10575
0.907530000955,2.10575
0.907540000955,2.137
0.907550000955,2.10575
0.907560000955,2.10575
0.907570000955,2.10575
0.907580000955,2.10575
0.907590000955,2.10575
0.907600000955,2.10575
0.907610000955,2.137
0.907620000955,2.137
0.907630000955,2.137
0.907640000955,2.10575
0.907650000955,2.137
0.907660000955,2.10575
0.907670000955,2.137
0.907680000955,2.10575
0.907690000955,2.137
0.907700000955,2.0745
0.907710000955,2.0745
0.907720000955,2.137
0.907730000955,2.10575
0.907740000955,2.10575
0.907750000955,2.10575
0.907760000955,2.137
0.907770000955,2.10575
0.907780000955,2.10575
0.907790000955,2.137
0.907800000955,2.137
0.907810000955,2.10575
0.907820000955,2.10575
0.907830000955,2.10575
0.907840000955,2.10575
0.907850000955,2.10575
0.907860000955,2.137
0.907870000955,2.0745
0.907880000955,2.10575
0.907890000955,2.10575
0.907900000955,2.137
0.907910000955,2.10575
0.907920000955,2.10575
0.907930000955,2.137
0.907940000955,2.10575
0.907950000955,2.0745
0.907960000955,2.10575
0.907970000955,2.137
0.907980000955,2.137
0.907990000955,2.10575
0.908000000955,2.10575
0.908010000955,2.10575
0.908020000955,2.137
0.908030000955,2.137
0.908040000955,2.10575
0.908050000955,2.10575
0.908060000955,2.137
0.908070000955,2.10575
0.908080000955,2.10575
0.908090000955,2.137
0.908100000955,2.10575
0.908110000955,2.10575
0.908120000955,2.10575
0.908130000955,2.137
0.908140000955,2.10575
0.908150000955,2.10575
0.908160000955,2.10575
0.908170000955,2.10575
0.908180000955,2.10575
0.908190000955,2.10575
0.908200000955,2.10575
0.908210000955,2.0745
0.908220000955,2.137
0.908230000955,2.137
0.908240000955,2.10575
0.908250000955,2.10575
0.908260000955,2.137
0.908270000955,2.137
0.908280000955,2.10575
0.908290000955,2.137
0.908300000955,2.10575
0.908310000955,2.10575
0.908320000955,2.10575
0.908330000955,2.10575
0.908340000955,2.10575
0.908350000955,2.10575
0.908360000955,2.137
0.908370000955,2.137
0.908380000955,2.10575
0.908390000955,2.10575
0.908400000955,2.10575
0.908410000955,2.137
0.908420000955,2.137
0.908430000955,2.10575
0.908440000955,2.10575
0.908450000955,2.10575
0.908460000955,2.137
0.908470000955,2.10575
0.908480000955,2.10575
0.908490000955,2.137
0.908500000955,2.137
0.908510000955,2.10575
0.908520000955,2.137
0.908530000955,2.10575
0.908540000955,2.10575
0.908550000955,2.10575
0.908560000955,2.137
0.908570000955,2.10575
0.908580000955,2.10575
0.908590000955,2.10575
0.908600000955,2.137
0.908610000955,2.10575
0.908620000955,2.10575
0.908630000955,2.10575
0.908640000955,2.10575
0.908650000955,2.10575
0.908660000955,2.10575
0.908670000955,2.10575
0.908680000955,2.10575
0.908690000955,2.137
0.908700000955,2.137
0.908710000955,2.0745
0.908720000955,2.137
0.908730000955,2.10575
0.908740000955,2.10575
0.908750000955,2.137
0.908760000955,2.137
0.908770000955,2.10575
0.908780000955,2.137
0.908790000955,2.10575
0.908800000955,2.10575
0.908810000955,2.10575
0.908820000955,2.10575
0.908830000955,2.137
0.908840000955,2.137
0.908850000955,2.137
0.908860000955,2.137
0.908870000955,2.137
0.908880000955,2.10575
0.908890000955,2.10575
0.908900000955,2.137
0.908910000955,2.137
0.908920000955,2.10575
0.908930000955,2.137
0.908940000955,2.137
0.908950000955,2.10575
0.908960000955,2.137
0.908970000955,2.137
0.908980000955,2.137
0.908990000955,2.137
0.909000000955,2.137
0.909010000955,2.10575
0.909020000955,2.0745
0.909030000955,2.137
0.909040000955,2.10575
0.909050000955,2.137
0.909060000955,2.0745
0.909070000955,2.137
0.909080000955,2.10575
0.909090000955,2.10575
0.909100000955,2.137
0.909110000955,2.137
0.909120000955,2.10575
0.909130000955,2.10575
0.909140000955,2.137
0.909150000955,2.10575
0.909160000955,2.10575
0.909170000955,2.10575
0.909180000955,2.10575
0.909190000955,2.137
0.909200000955,2.10575
0.909210000955,2.10575
0.909220000955,2.10575
0.909230000955,2.137
0.909240000955,2.10575
0.909250000955,2.137
0.909260000955,2.10575
0.909270000955,2.10575
0.909280000955,2.137
0.909290000955,2.0745
0.909300000955,2.10575
0.909310000955,2.137
0.909320000955,2.137
0.909330000955,2.137
0.909340000955,2.10575
0.909350000955,2.10575
0.909360000955,2.10575
0.909370000955,2.137
0.909380000955,2.137
0.909390000955,2.137
0.909400000955,2.16825
0.909410000955,2.10575
0.909420000955,2.137
0.909430000955,2.0745
0.909440000955,2.137
0.909450000955,2.10575
0.909460000955,2.137
0.909470000955,2.10575
0.909480000955,2.0745
0.909490000955,2.10575
0.909500000955,2.137
0.909510000955,2.10575
0.909520000955,2.137
0.909530000955,2.137
0.909540000955,2.0745
0.909550000955,2.10575
0.909560000955,2.10575
0.909570000955,2.137
0.909580000955,2.137
0.909590000955,2.10575
0.909600000955,2.10575
0.909610000955,2.137
0.909620000955,2.16825
0.909630000955,2.10575
0.909640000955,2.10575
0.909650000955,2.10575
0.909660000955,2.10575
0.909670000955,2.10575
0.909680000955,2.137
0.909690000955,2.10575
0.909700000955,2.10575
0.909710000955,2.10575
0.909720000955,2.10575
0.909730000955,2.10575
0.909740000955,2.137
0.909750000955,2.10575
0.909760000955,2.137
0.909770000955,2.10575
0.909780000955,2.10575
0.909790000955,2.137
0.909800000955,2.137
0.909810000955,2.137
0.909820000955,2.10575
0.909830000955,2.0745
0.909840000955,2.137
0.909850000955,2.10575
0.909860000955,2.10575
0.909870000955,2.10575
0.909880000955,2.10575
0.909890000955,2.10575
0.909900000955,2.137
0.909910000955,2.0745
0.909920000955,2.137
0.909930000955,2.10575
0.909940000955,2.10575
0.909950000955,2.10575
0.909960000955,2.10575
0.909970000955,2.10575
0.909980000955,2.10575
0.909990000955,2.10575
0.910000000955,2.137
0.910010000955,2.137
0.910020000955,2.137
0.910030000955,2.10575
0.910040000955,2.10575
0.910050000955,2.10575
0.910060000955,2.137
0.910070000955,2.10575
0.910080000955,2.137
0.910090000955,2.10575
0.910100000955,2.10575
0.910110000955,2.137
0.910120000955,2.10575
0.910130000955,2.10575
0.910140000955,2.10575
0.910150000955,2.10575
0.910160000955,2.10575
0.910170000955,2.10575
0.910180000955,2.137
0.910190000955,2.0745
0.910200000955,2.137
0.910210000955,2.137
0.910220000955,2.137
0.910230000955,2.10575
0.910240000955,2.10575
0.910250000955,2.10575
0.910260000955,2.10575
0.910270000955,2.137
0.910280000955,2.137
0.910290000955,2.137
0.910300000955,2.137
0.910310000955,2.137
0.910320000955,2.10575
0.910330000955,2.137
0.910340000955,2.10575
0.910350000955,2.137
0.910360000955,2.10575
0.910370000955,2.10575
0.910380000955,2.137
0.910390000955,2.10575
0.910400000955,2.10575
0.910410000955,2.137
0.910420000955,2.10575
0.910430000955,2.137
0.910440000955,2.10575
0.910450000955,2.10575
0.910460000955,2.10575
0.910470000955,2.16825
0.910480000955,2.137
0.910490000955,2.10575
0.910500000955,2.10575
0.910510000955,2.137
0.910520000955,2.137
0.910530000955,2.16825
0.910540000955,2.10575
0.910550000955,2.10575
0.910560000955,2.10575
0.910570000955,2.10575
0.910580000955,2.10575
0.910590000955,2.10575
0.910600000955,2.137
0.910610000955,2.137
0.910620000955,2.10575
0.910630000955,2.0745
0.910640000955,2.10575
0.910650000955,2.10575
0.910660000955,2.137
0.910670000955,2.10575
0.910680000955,2.10575
0.910690000955,2.10575
0.910700000955,2.137
0.910710000955,2.137
0.910720000955,2.0745
0.910730000955,2.0745
0.910740000955,2.137
0.910750000955,2.0745
0.910760000955,2.10575
0.910770000955,2.137
0.910780000955,2.16825
0.910790000955,2.16825
0.910800000955,2.10575
0.910810000955,2.137
0.910820000955,2.10575
0.910830000955,2.137
0.910840000955,2.137
0.910850000955,2.137
0.910860000955,2.10575
0.910870000955,2.137
0.910880000955,2.0745
0.910890000955,2.10575
0.910900000955,2.137
0.910910000955,2.10575
0.910920000955,2.137
0.910930000955,2.10575
0.910940000955,2.137
0.910950000955,2.137
0.910960000955,2.10575
0.910970000955,2.10575
0.910980000955,2.137
0.910990000955,2.10575
0.911000000955,2.137
0.911010000955,2.0745
0.911020000955,2.10575
0.911030000955,2.10575
0.911040000955,2.10575
0.911050000955,2.137
0.911060000955,2.137
0.911070000955,2.137
0.911080000955,2.137
0.911090000955,2.10575
0.911100000955,2.10575
0.911110000955,2.10575
0.911120000955,2.10575
0.911130000955,2.137
0.911140000955,2.10575
0.911150000955,2.137
0.911160000955,2.137
0.911170000955,2.137
0.911180000955,2.10575
0.911190000955,2.10575
0.911200000955,2.10575
0.911210000955,2.137
0.911220000955,2.10575
0.911230000955,2.137
0.911240000955,2.10575
0.911250000955,2.10575
0.911260000955,2.10575
0.911270000955,2.137
0.911280000955,2.10575
0.911290000955,2.137
0.911300000955,2.137
0.911310000955,2.10575
0.911320000955,2.137
0.911330000955,2.10575
0.911340000955,2.137
0.911350000955,2.10575
0.911360000955,2.137
0.911370000955,2.137
0.911380000955,2.10575
0.911390000955,2.10575
0.911400000955,2.10575
0.911410000955,2.10575
0.911420000955,2.137
0.911430000955,2.137
0.911440000955,2.137
0.911450000955,2.137
0.911460000955,2.10575
0.911470000955,2.10575
0.911480000955,2.137
0.911490000955,2.137
0.911500000955,2.137
0.911510000955,2.10575
0.911520000955,2.10575
0.911530000955,2.10575
0.911540000955,2.0745
0.911550000955,2.10575
0.911560000955,2.137
0.911570000955,2.0745
0.911580000955,2.137
0.911590000955,2.10575
0.911600000955,2.10575
0.911610000955,2.10575
0.911620000955,2.137
0.911630000955,2.10575
0.911640000955,2.10575
0.911650000955,2.10575
0.911660000955,2.137
0.911670000955,2.10575
0.911680000955,2.10575
0.911690000955,2.10575
0.911700000955,2.137
0.911710000955,2.10575
0.911720000955,2.137
0.911730000955,2.0745
0.911740000955,2.10575
0.911750000955,2.137
0.911760000955,2.137
0.911770000955,2.137
0.911780000955,2.137
0.911790000955,2.10575
0.911800000955,2.137
0.911810000955,2.137
0.911820000955,2.10575
0.911830000955,2.137
0.911840000955,2.10575
0.911850000955,2.10575
0.911860000955,2.137
0.911870000955,2.10575
0.911880000955,2.137
0.911890000955,2.10575
0.911900000955,2.10575
0.911910000955,2.137
0.911920000955,2.137
0.911930000955,2.10575
0.911940000955,2.137
0.911950000955,2.137
0.911960000955,2.10575
0.911970000955,2.0745
0.911980000955,2.10575
0.911990000955,2.137
0.912000000955,2.0745
0.912010000955,2.10575
0.912020000955,2.137
0.912030000955,2.137
0.912040000955,2.137
0.912050000955,2.137
0.912060000955,2.10575
0.912070000955,2.10575
0.912080000955,2.10575
0.912090000955,2.10575
0.912100000955,2.10575
0.912110000955,2.10575
0.912120000955,2.10575
0.912130000955,2.137
0.912140000955,2.10575
0.912150000955,2.137
0.912160000955,2.10575
0.912170000955,2.137
0.912180000955,2.137
0.912190000955,2.137
0.912200000955,2.10575
0.912210000955,2.0745
0.912220000955,2.137
0.912230000955,2.10575
0.912240000955,2.10575
0.912250000955,2.137
0.912260000955,2.0745
0.912270000955,2.137
0.912280000955,2.137
0.912290000955,2.10575
0.912300000955,2.137
0.912310000955,2.10575
0.912320000955,2.0745
0.912330000955,2.137
0.912340000955,2.10575
0.912350000955,2.10575
0.912360000955,2.137
0.912370000955,2.137
0.912380000955,2.137
0.912390000955,2.137
0.912400000955,2.137
0.912410000955,2.0745
0.912420000955,2.10575
0.912430000955,2.16825
0.912440000955,2.137
0.912450000955,2.10575
0.912460000955,2.10575
0.912470000955,2.10575
0.912480000955,2.137
0.912490000955,2.10575
0.912500000955,2.137
0.912510000955,2.10575
0.912520000955,2.10575
0.912530000955,2.10575
0.912540000955,2.137
0.912550000955,2.137
0.912560000955,2.0745
0.912570000955,2.0745
0.912580000955,2.10575
0.912590000955,2.0745
0.912600000955,2.137
0.912610000955,2.137
0.912620000955,2.137
0.912630000955,2.0745
0.912640000955,2.137
0.912650000955,2.0745
0.912660000955,2.10575
0.912670000955,2.137
0.912680000955,2.137
0.912690000955,2.10575
0.912700000955,2.16825
0.912710000955,2.10575
0.912720000955,2.10575
0.912730000955,2.10575
0.912740000955,2.137
0.912750000955,2.10575
0.912760000955,2.10575
0.912770000955,2.10575
0.912780000955,2.137
0.912790000955,2.10575
0.912800000955,2.16825
0.912810000955,2.137
0.912820000955,2.10575
0.912830000955,2.137
0.912840000955,2.10575
0.912850000955,2.137
0.912860000955,2.16825
0.912870000955,2.10575
0.912880000955,2.137
0.912890000955,2.10575
0.912900000955,2.137
0.912910000955,2.137
0.912920000955,2.10575
0.912930000955,2.10575
0.912940000955,2.0745
0.912950000955,2.137
0.912960000955,2.137
0.912970000955,2.137
0.912980000955,2.10575
0.912990000955,2.10575
0.913000000955,2.16825
0.913010000955,2.137
0.913020000955,2.10575
0.913030000955,2.137
0.913040000955,2.137
0.913050000955,2.10575
0.913060000955,2.10575
0.913070000955,2.10575
0.913080000955,2.10575
0.913090000955,2.0745
0.913100000955,2.10575
0.913110000955,2.137
0.913120000955,2.10575
0.913130000955,2.10575
0.913140000955,2.10575
0.913150000955,2.137
0.913160000955,2.10575
0.913170000955,2.137
0.913180000955,2.10575
0.913190000955,2.0745
0.913200000955,2.137
0.913210000955,2.137
0.913220000955,2.10575
0.913230000955,2.137
0.913240000955,2.10575
0.913250000955,2.137
0.913260000955,2.10575
0.913270000955,2.137
0.913280000955,2.0745
0.913290000955,2.10575
0.913300000955,2.10575
0.913310000955,2.10575
0.913320000955,2.137
0.913330000955,2.10575
0.913340000955,2.10575
0.913350000955,2.10575
0.913360000955,2.137
0.913370000955,2.137
0.913380000955,2.137
0.913390000955,2.137
0.913400000955,2.137
0.913410000955,2.137
0.913420000955,2.137
0.913430000955,2.137
0.913440000955,2.0745
0.913450000955,2.10575
0.913460000955,2.137
0.913470000955,2.10575
0.913480000955,2.0745
0.913490000955,2.0745
0.913500000955,2.10575
0.913510000955,2.10575
0.913520000955,2.137
0.913530000955,2.137
0.913540000955,2.0745
0.913550000955,2.0745
0.913560000955,2.137
0.913570000955,2.137
0.913580000955,2.10575
0.913590000955,2.0745
0.913600000955,2.10575
0.913610000955,2.137
0.913620000955,2.10575
0.913630000955,2.137
0.913640000955,2.10575
0.913650000955,2.137
0.913660000955,2.10575
0.913670000955,2.10575
0.913680000955,2.137
0.913690000955,2.10575
0.913700000955,2.10575
0.913710000955,2.10575
0.913720000955,2.137
0.913730000955,2.137
0.913740000955,2.10575
0.913750000955,2.137
0.913760000955,2.137
0.913770000955,2.0745
0.913780000955,2.10575
0.913790000955,2.10575
0.913800000955,2.10575
0.913810000955,2.16825
0.913820000955,2.137
0.913830000955,2.10575
0.913840000955,2.10575
0.913850000955,2.137
0.913860000955,2.137
0.913870000955,2.10575
0.913880000955,2.10575
0.913890000955,2.137
0.913900000955,2.10575
0.913910000955,2.10575
0.913920000955,2.137
0.913930000955,2.10575
0.913940000955,2.10575
0.913950000955,2.137
0.913960000955,2.10575
0.913970000955,2.10575
0.913980000955,2.137
0.913990000955,2.137
0.914000000955,2.10575
0.914010000955,2.137
0.914020000955,2.0745
0.914030000955,2.10575
0.914040000955,2.10575
0.914050000955,2.10575
0.914060000955,2.10575
0.914070000955,2.137
0.914080000955,2.137
0.914090000955,2.10575
0.914100000955,2.10575
0.914110000955,2.0745
0.914120000955,2.0745
0.914130000955,2.0745
0.914140000955,2.137
0.914150000955,2.137
0.914160000955,2.10575
0.914170000955,2.137
0.914180000955,2.137
0.914190000955,2.10575
0.914200000955,2.10575
0.914210000955,2.10575
0.914220000955,2.137
0.914230000955,2.10575
0.914240000955,2.137
0.914250000955,2.10575
0.914260000955,2.10575
0.914270000955,2.137
0.914280000955,2.10575
0.914290000955,2.137
0.914300000955,2.10575
0.914310000955,2.10575
0.914320000955,2.137
0.914330000955,2.137
0.914340000955,2.137
0.914350000955,2.0745
0.914360000955,2.10575
0.914370000955,2.0745
0.914380000955,2.137
0.914390000955,2.137
0.914400000955,2.137
0.914410000955,2.137
0.914420000955,2.137
0.914430000955,2.16825
0.914440000955,2.10575
0.914450000955,2.10575
0.914460000955,2.137
0.914470000955,2.10575
0.914480000955,2.10575
0.914490000955,2.0745
0.914500000955,2.0745
0.914510000955,2.137
0.914520000955,2.10575
0.914530000955,2.137
0.914540000955,2.137
0.914550000955,2.10575
0.914560000955,2.16825
0.914570000955,2.0745
0.914580000955,2.10575
0.914590000955,2.10575
0.914600000955,2.137
0.914610000955,2.137
0.914620000955,2.137
0.914630000955,2.137
0.914640000955,2.10575
0.914650000955,2.137
0.914660000955,2.137
0.914670000955,2.137
0.914680000955,2.10575
0.914690000955,2.10575
0.914700000955,2.16825
0.914710000955,2.137
0.914720000955,2.10575
0.914730000955,2.10575
0.914740000955,2.10575
0.914750000955,2.10575
0.914760000955,2.0745
0.914770000955,2.10575
0.914780000955,2.137
0.914790000955,2.137
0.914800000955,2.10575
0.914810000955,2.10575
0.914820000955,2.10575
0.914830000955,2.10575
0.914840000955,2.10575
0.914850000955,2.10575
0.914860000955,2.10575
0.914870000955,2.10575
0.914880000955,2.10575
0.914890000955,2.10575
0.914900000955,2.10575
0.914910000955,2.137
0.914920000955,2.137
0.914930000955,2.10575
0.914940000955,2.137
0.914950000955,2.10575
0.914960000955,2.137
0.914970000955,2.10575
0.914980000955,2.10575
0.914990000955,2.137
0.915000000955,2.137
0.915010000955,2.16825
0.915020000955,2.10575
0.915030000955,2.10575
0.915040000955,2.10575
0.915050000955,2.10575
0.915060000955,2.10575
0.915070000955,2.10575
0.915080000955,2.137
0.915090000955,2.10575
0.915100000955,2.137
0.915110000955,2.10575
0.915120000955,2.10575
0.915130000955,2.10575
0.915140000955,2.10575
0.915150000955,2.10575
0.915160000955,2.0745
0.915170000955,2.137
0.915180000955,2.0745
0.915190000955,2.10575
0.915200000955,2.10575
0.915210000955,2.137
0.915220000955,2.137
0.915230000955,2.10575
0.915240000955,2.137
0.915250000955,2.137
0.915260000955,2.10575
0.915270000955,2.10575
0.915280000955,2.10575
0.915290000955,2.10575
0.915300000955,2.137
0.915310000955,2.10575
0.915320000955,2.137
0.915330000955,2.10575
0.915340000955,2.10575
0.915350000955,2.10575
0.915360000955,2.137
0.915370000955,2.10575
0.915380000955,2.137
0.915390000955,2.137
0.915400000955,2.137
0.915410000955,2.137
0.915420000955,2.10575
0.915430000955,2.137
0.915440000955,2.10575
0.915450000955,2.137
0.915460000955,2.10575
0.915470000955,2.137
0.915480000955,2.137
0.915490000955,2.137
0.915500000955,2.10575
0.915510000955,2.10575
0.915520000955,2.10575
0.915530000955,2.137
0.915540000955,2.137
0.915550000955,2.10575
0.915560000955,2.10575
0.915570000955,2.10575
0.915580000955,2.137
0.915590000955,2.137
0.915600000955,2.10575
0.915610000955,2.10575
0.915620000955,2.10575
0.915630000955,2.137
0.915640000955,2.10575
0.915650000955,2.137
0.915660000955,2.10575
0.915670000955,2.10575
0.915680000955,2.10575
0.915690000955,2.10575
0.915700000955,2.10575
0.915710000955,2.137
0.915720000955,2.10575
0.915730000955,2.10575
0.915740000955,2.10575
0.915750000955,2.137
0.915760000955,2.10575
0.915770000955,2.10575
0.915780000955,2.10575
0.915790000955,2.10575
0.915800000955,2.137
0.915810000955,2.10575
0.915820000955,2.0745
0.915830000955,2.137
0.915840000955,2.0745
0.915850000955,2.10575
0.915860000955,2.137
0.915870000955,2.137
0.915880000955,2.10575
0.915890000955,2.137
0.915900000955,2.137
0.915910000955,2.137
0.915920000955,2.137
0.915930000955,2.10575
0.915940000955,2.10575
0.915950000955,2.137
0.915960000955,2.10575
0.915970000955,2.10575
0.915980000955,2.10575
0.915990000955,2.10575
0.916000000955,2.10575
0.916010000955,2.10575
0.916020000955,2.10575
0.916030000955,2.10575
0.916040000955,2.137
0.916050000955,2.10575
0.916060000955,2.10575
0.916070000955,2.137
0.916080000955,2.137
0.916090000955,2.0745
0.916100000955,2.137
0.916110000955,2.137
0.916120000955,2.137
0.916130000955,2.137
0.916140000955,2.10575
0.916150000955,2.10575
0.916160000955,2.137
0.916170000955,2.137
0.916180000955,2.137
0.916190000955,2.10575
0.916200000955,2.137
0.916210000955,2.10575
0.916220000955,2.10575
0.916230000955,2.10575
0.916240000955,2.10575
0.916250000955,2.137
0.916260000955,2.10575
0.916270000955,2.10575
0.916280000955,2.10575
0.916290000955,2.137
0.916300000955,2.16825
0.916310000955,2.137
0.916320000955,2.10575
0.916330000955,2.10575
0.916340000955,2.137
0.916350000955,2.137
0.916360000955,2.16825
0.916370000955,2.137
0.916380000955,2.10575
0.916390000955,2.137
0.916400000955,2.137
0.916410000955,2.10575
0.916420000955,2.137
0.916430000955,2.10575
0.916440000955,2.137
0.916450000955,2.10575
0.916460000955,2.10575
0.916470000955,2.0745
0.916480000955,2.10575
0.916490000955,2.10575
0.916500000955,2.137
0.916510000955,2.10575
0.916520000955,2.137
0.916530000955,2.137
0.916540000955,2.137
0.916550000955,2.10575
0.916560000955,2.10575
0.916570000955,2.10575
0.916580000955,2.0745
0.916590000955,2.16825
0.916600000955,2.137
0.916610000955,2.10575
0.916620000955,2.16825
0.916630000955,2.16825
0.916640000955,2.137
0.916650000955,2.137
0.916660000955,2.137
0.916670000955,2.10575
0.916680000955,2.137
0.916690000955,2.10575
0.916700000955,2.137
0.916710000955,2.16825
0.916720000955,2.10575
0.916730000955,2.10575
0.916740000955,2.0745
0.916750000955,2.137
0.916760000955,2.137
0.916770000955,2.10575
0.916780000955,2.137
0.916790000955,2.10575
0.916800000955,2.10575
0.916810000955,2.10575
0.916820000955,2.137
0.916830000955,2.10575
0.916840000955,2.0745
0.916850000955,2.10575
0.916860000955,2.10575
0.916870000955,2.137
0.916880000955,2.10575
0.916890000955,2.137
0.916900000955,2.137
0.916910000955,2.10575
0.916920000955,2.10575
0.916930000955,2.10575
0.916940000955,2.137
0.916950000955,2.137
0.916960000955,2.16825
0.916970000955,2.10575
0.916980000955,2.137
0.916990000955,2.137
0.917000000955,2.137
0.917010000955,2.10575
0.917020000955,2.10575
0.917030000955,2.0745
0.917040000955,2.137
0.917050000955,2.137
0.917060000955,2.10575
0.917070000955,2.137
0.917080000955,2.10575
0.917090000955,2.10575
0.917100000955,2.16825
0.917110000955,2.16825
0.917120000955,2.137
0.917130000955,2.137
0.917140000955,2.10575
0.917150000955,2.137
0.917160000955,2.137
0.917170000955,2.137
0.917180000955,2.10575
0.917190000955,2.0745
0.917200000955,2.10575
0.917210000955,2.137
0.917220000955,2.10575
0.917230000955,2.16825
0.917240000955,2.10575
0.917250000955,2.10575
0.917260000955,2.137
0.917270000955,2.137
0.917280000955,2.10575
0.917290000955,2.137
0.917300000955,2.10575
0.917310000955,2.137
0.917320000955,2.10575
0.917330000955,2.10575
0.917340000955,2.137
0.917350000955,2.10575
0.917360000955,2.10575
0.917370000955,2.10575
0.917380000955,2.10575
0.917390000955,2.10575
0.917400000955,2.137
0.917410000955,2.10575
0.917420000955,2.10575
0.917430000955,2.137
0.917440000955,2.10575
0.917450000955,2.137
0.917460000955,2.0745
0.917470000955,2.10575
0.917480000955,2.10575
0.917490000955,2.10575
0.917500000955,2.0745
0.917510000955,2.137
0.917520000955,2.10575
0.917530000955,2.10575
0.917540000955,2.137
0.917550000955,2.10575
0.917560000955,2.10575
0.917570000955,2.10575
0.917580000955,2.137
0.917590000955,2.137
0.917600000955,2.10575
0.917610000955,2.16825
0.917620000955,2.10575
0.917630000955,2.137
0.917640000955,2.10575
0.917650000955,2.10575
0.917660000955,2.137
0.917670000955,2.10575
0.917680000955,2.10575
0.917690000955,2.137
0.917700000955,2.137
0.917710000955,2.137
0.917720000955,2.137
0.917730000955,2.10575
0.917740000955,2.137
0.917750000955,2.137
0.917760000955,2.10575
0.917770000955,2.137
0.917780000955,2.137
0.917790000955,2.10575
0.917800000955,2.10575
0.917810000955,2.10575
0.917820000955,2.10575
0.917830000955,2.10575
0.917840000955,2.137
0.917850000955,2.137
0.917860000955,2.10575
0.917870000955,2.0745
0.917880000955,2.137
0.917890000955,2.137
0.917900000955,2.10575
0.917910000955,2.10575
0.917920000955,2.10575
0.917930000955,2.137
0.917940000955,2.137
0.917950000955,2.10575
0.917960000955,2.137
0.917970000955,2.10575
0.917980000955,2.137
0.917990000955,2.10575
0.918000000955,2.137
0.918010000955,2.10575
0.918020000955,2.10575
0.918030000955,2.10575
0.918040000955,2.137
0.918050000955,2.137
0.918060000955,2.137
0.918070000955,2.137
0.918080000955,2.10575
0.918090000955,2.137
0.918100000955,2.10575
0.918110000955,2.10575
0.918120000955,2.16825
0.918130000955,2.137
0.918140000955,2.10575
0.918150000955,2.137
0.918160000955,2.0745
0.918170000955,2.10575
0.918180000955,2.137
0.918190000955,2.10575
0.918200000955,2.16825
0.918210000955,2.137
0.918220000955,2.10575
0.918230000955,2.10575
0.918240000955,2.10575
0.918250000955,2.137
0.918260000955,2.137
0.918270000955,2.137
0.918280000955,2.0745
0.918290000955,2.10575
0.918300000955,2.10575
0.918310000955,2.10575
0.918320000955,2.10575
0.918330000955,2.137
0.918340000955,2.137
0.918350000955,2.10575
0.918360000955,2.10575
0.918370000955,2.137
0.918380000955,2.10575
0.918390000955,2.137
0.918400000955,2.10575
0.918410000955,2.137
0.918420000955,2.10575
0.918430000955,2.10575
0.918440000955,2.137
0.918450000955,2.10575
0.918460000955,2.137
0.918470000955,2.10575
0.918480000955,2.0745
0.918490000955,2.0745
0.918500000955,2.10575
0.918510000955,2.0745
0.918520000955,2.10575
0.918530000955,2.137
0.918540000955,2.10575
0.918550000955,2.137
0.918560000955,2.0745
0.918570000955,2.137
0.918580000955,2.0745
0.918590000955,2.16825
0.918600000955,2.10575
0.918610000955,2.10575
0.918620000955,2.10575
0.918630000955,2.137
0.918640000955,2.10575
0.918650000955,2.137
0.918660000955,2.10575
0.918670000955,2.10575
0.918680000955,2.10575
0.918690000955,2.10575
0.918700000955,2.10575
0.918710000955,2.137
0.918720000955,2.137
0.918730000955,2.137
0.918740000955,2.137
0.918750000955,2.137
0.918760000955,2.10575
0.918770000955,2.10575
0.918780000955,2.10575
0.918790000955,2.10575
0.918800000955,2.137
0.918810000955,2.137
0.918820000955,2.0745
0.918830000955,2.10575
0.918840000955,2.137
0.918850000955,2.0745
0.918860000955,2.137
0.918870000955,2.137
0.918880000955,2.10575
0.918890000955,2.10575
0.918900000955,2.10575
0.918910000955,2.10575
0.918920000955,2.10575
0.918930000955,2.10575
0.918940000955,2.137
0.918950000955,2.137
0.918960000955,2.137
0.918970000955,2.10575
0.918980000955,2.137
0.918990000955,2.137
0.919000000955,2.137
0.919010000955,2.10575
0.919020000955,2.137
0.919030000955,2.10575
0.919040000955,2.137
0.919050000955,2.10575
0.919060000955,2.137
0.919070000955,2.137
0.919080000955,2.137
0.919090000955,2.10575
0.919100000955,2.137
0.919110000955,2.137
0.919120000955,2.10575
0.919130000955,2.10575
0.919140000955,2.10575
0.919150000955,2.10575
0.919160000955,2.137
0.919170000955,2.10575
0.919180000955,2.10575
0.919190000955,2.0745
0.919200000955,2.137
0.919210000955,2.10575
0.919220000955,2.137
0.919230000955,2.10575
0.919240000955,2.137
0.919250000955,2.137
0.919260000955,2.10575
0.919270000955,2.10575
0.919280000955,2.137
0.919290000955,2.10575
0.919300000955,2.137
0.919310000955,2.137
0.919320000955,2.10575
0.919330000955,2.137
0.919340000955,2.10575
0.919350000955,2.10575
0.919360000955,2.10575
0.919370000955,2.137
0.919380000955,2.137
0.919390000955,2.10575
0.919400000955,2.10575
0.919410000955,2.10575
0.919420000955,2.137
0.919430000955,2.137
0.919440000955,2.137
0.919450000955,2.137
0.919460000955,2.10575
0.919470000955,2.10575
0.919480000955,2.10575
0.919490000955,2.10575
0.919500000955,2.137
0.919510000955,2.10575
0.919520000955,2.137
0.919530000955,2.10575
0.919540000955,2.10575
0.919550000955,2.10575
0.919560000955,2.137
0.919570000955,2.137
0.919580000955,2.0745
0.919590000955,2.137
0.919600000955,2.0745
0.919610000955,2.10575
0.919620000955,2.137
0.919630000955,2.10575
0.919640000955,2.10575
0.919650000955,2.137
0.919660000955,2.137
0.919670000955,2.137
0.919680000955,2.137
0.919690000955,2.137
0.919700000955,2.137
0.919710000955,2.137
0.919720000955,2.10575
0.919730000955,2.137
0.919740000955,2.137
0.919750000955,2.16825
0.919760000955,2.10575
0.919770000955,2.10575
0.919780000955,2.10575
0.919790000955,2.10575
0.919800000955,2.0745
0.919810000955,2.10575
0.919820000955,2.10575
0.919830000955,2.10575
0.919840000955,2.10575
0.919850000955,2.137
0.919860000955,2.10575
0.919870000955,2.10575
0.919880000955,2.10575
0.919890000955,2.10575
0.919900000955,2.137
0.919910000955,2.10575
0.919920000955,2.137
0.919930000955,2.10575
0.919940000955,2.10575
0.919950000955,2.10575
0.919960000955,2.137
0.919970000955,2.10575
0.919980000955,2.137
0.919990000955,2.10575
0.920000000955,2.10575
0.920010000955,2.137
0.920020000955,2.137
0.920030000955,2.137
0.920040000955,2.10575
0.920050000955,2.10575
0.920060000955,2.137
0.920070000955,2.10575
0.920080000955,2.137
0.920090000955,2.137
0.920100000955,2.10575
0.920110000955,2.10575
0.920120000955,2.10575
0.920130000955,2.0745
0.920140000955,2.10575
0.920150000955,2.10575
0.920160000955,2.137
0.920170000955,2.10575
0.920180000955,2.137
0.920190000955,2.10575
0.920200000955,2.10575
0.920210000955,2.137
0.920220000955,2.10575
0.920230000955,2.10575
0.920240000955,2.10575
0.920250000955,2.10575
0.920260000955,2.0745
0.920270000955,2.10575
0.920280000955,2.10575
0.920290000955,2.10575
0.920300000955,2.10575
0.920310000955,2.10575
0.920320000955,2.137
0.920330000955,2.10575
0.920340000955,2.10575
0.920350000955,2.10575
0.920360000955,2.0745
0.920370000955,2.137
0.920380000955,2.10575
0.920390000955,2.10575
0.920400000955,2.10575
0.920410000955,2.10575
0.920420000955,2.10575
0.920430000955,2.10575
0.920440000955,2.10575
0.920450000955,2.10575
0.920460000955,2.137
0.920470000955,2.10575
0.920480000955,2.0745
0.920490000955,2.10575
0.920500000955,2.10575
0.920510000955,2.10575
0.920520000955,2.10575
0.920530000955,2.137
0.920540000955,2.10575
0.920550000955,2.137
0.920560000955,2.137
0.920570000955,2.137
0.920580000955,2.137
0.920590000955,2.10575
0.920600000955,2.10575
0.920610000955,2.10575
0.920620000955,2.0745
0.920630000955,2.10575
0.920640000955,2.137
0.920650000955,2.10575
0.920660000955,2.0745
0.920670000955,2.10575
0.920680000955,2.137
0.920690000955,2.10575
0.920700000955,2.137
0.920710000955,2.137
0.920720000955,2.10575
0.920730000955,2.10575
0.920740000955,2.137
0.920750000955,2.137
0.920760000955,2.10575
0.920770000955,2.10575
0.920780000955,2.10575
0.920790000955,2.10575
0.920800000955,2.0745
0.920810000955,2.04325
0.920820000955,2.10575
0.920830000955,2.10575
0.920840000955,2.0745
0.920850000955,2.137
0.920860000955,2.10575
0.920870000955,2.0745
0.920880000955,2.10575
0.920890000955,2.137
0.920900000955,2.10575
0.920910000955,2.137
0.920920000955,2.137
0.920930000955,2.137
0.920940000955,2.10575
0.920950000955,2.10575
0.920960000955,2.10575
0.920970000955,2.10575
0.920980000955,2.137
0.920990000955,2.0745
0.921000000955,2.10575
0.921010000955,2.10575
0.921020000955,2.137
0.921030000955,2.137
0.921040000955,2.10575
0.921050000955,2.137
0.921060000955,2.10575
0.921070000955,2.137
0.921080000955,2.137
0.921090000955,2.10575
0.921100000955,2.10575
0.921110000955,2.10575
0.921120000955,2.10575
0.921130000955,2.10575
0.921140000955,2.10575
0.921150000955,2.10575
0.921160000955,2.10575
0.921170000955,2.10575
0.921180000955,2.0745
0.921190000955,2.10575
0.921200000955,2.137
0.921210000955,2.0745
0.921220000955,2.10575
0.921230000955,2.10575
0.921240000955,2.10575
0.921250000955,2.10575
0.921260000955,2.137
0.921270000955,2.10575
0.921280000955,2.10575
0.921290000955,2.0745
0.921300000955,2.10575
0.921310000955,2.10575
0.921320000955,2.10575
0.921330000955,2.10575
0.921340000955,2.0745
0.921350000955,2.137
0.921360000955,2.10575
0.921370000955,2.10575
0.921380000955,2.0745
0.921390000955,2.10575
0.921400000955,2.10575
0.921410000955,2.137
0.921420000955,2.04325
0.921430000955,2.10575
0.921440000955,2.10575
0.921450000955,2.137
0.921460000955,2.10575
0.921470000955,2.10575
0.921480000955,2.10575
0.921490000955,2.10575
0.921500000955,2.10575
0.921510000955,2.10575
0.921520000955,2.137
0.921530000955,2.0745
0.921540000955,2.10575
0.921550000955,2.10575
0.921560000955,2.10575
0.921570000955,2.10575
0.921580000955,2.0745
0.921590000955,2.0745
0.921600000955,2.10575
0.921610000955,2.10575
0.921620000955,2.10575
0.921630000955,2.137
0.921640000955,2.10575
0.921650000955,2.10575
0.921660000955,2.137
0.921670000955,2.10575
0.921680000955,2.10575
0.921690000955,2.0745
0.921700000955,2.0745
0.921710000955,2.10575
0.921720000955,2.0745
0.921730000955,2.10575
0.921740000955,2.10575
0.921750000955,2.0745
0.921760000955,2.137
0.921770000955,2.10575
0.921780000955,2.0745
0.921790000955,2.10575
0.921800000955,2.0745
0.921810000955,2.0745
0.921820000955,2.10575
0.921830000955,2.10575
0.921840000955,2.10575
0.921850000955,2.10575
0.921860000955,2.137
0.921870000955,2.137
0.921880000955,2.10575
0.921890000955,2.10575
0.921900000955,2.0745
0.921910000955,2.10575
0.921920000955,2.10575
0.921930000955,2.10575
0.921940000955,2.0745
0.921950000955,2.10575
0.921960000955,2.137
0.921970000955,2.0745
0.921980000955,2.0745
0.921990000955,2.0745
0.922000000955,2.10575
0.922010000955,2.137
0.922020000955,2.10575
0.922030000955,2.0745
0.922040000955,2.10575
0.922050000955,2.10575
0.922060000955,2.10575
0.922070000955,2.10575
0.922080000955,2.10575
0.922090000955,2.10575
0.922100000955,2.0745
0.922110000955,2.10575
0.922120000955,2.10575
0.922130000955,2.137
0.922140000955,2.137
0.922150000955,2.10575
0.922160000955,2.10575
0.922170000955,2.10575
0.922180000955,2.10575
0.922190000955,2.10575
0.922200000955,2.10575
0.922210000955,2.10575
0.922220000955,2.137
0.922230000955,2.10575
0.922240000955,2.0745
0.922250000955,2.10575
0.922260000955,2.10575
0.922270000955,2.10575
0.922280000955,2.10575
0.922290000955,2.137
0.922300000955,2.10575
0.922310000955,2.0745
0.922320000955,2.10575
0.922330000955,2.10575
0.922340000955,2.10575
0.922350000955,2.0745
0.922360000955,2.10575
0.922370000955,2.137
0.922380000955,2.0745
0.922390000955,2.10575
0.922400000955,2.10575
0.922410000955,2.10575
0.922420000955,2.0745
0.922430000955,2.10575
0.922440000955,2.10575
0.922450000955,2.10575
0.922460000955,2.10575
0.922470000955,2.0745
0.922480000955,2.0745
0.922490000955,2.137
0.922500000955,2.10575
0.922510000955,2.10575
0.922520000955,2.10575
0.922530000955,2.0745
0.922540000955,2.0745
0.922550000955,2.10575
0.922560000955,2.0745
0.922570000955,2.10575
0.922580000955,2.137
0.922590000955,2.10575
0.922600000955,2.10575
0.922610000955,2.10575
0.922620000955,2.0745
0.922630000955,2.10575
0.922640000955,2.10575
0.922650000955,2.10575
0.922660000955,2.0745
0.922670000955,2.04325
0.922680000955,2.10575
0.922690000955,2.10575
0.922700000955,2.10575
0.922710000955,2.10575
0.922720000955,2.10575
0.922730000955,2.137
0.922740000955,2.10575
0.922750000955,2.10575
0.922760000955,2.10575
0.922770000955,2.10575
0.922780000955,2.0745
0.922790000955,2.10575
0.922800000955,2.10575
0.922810000955,2.0745
0.922820000955,2.0745
0.922830000955,2.137
0.922840000955,2.0745
0.922850000955,2.0745
0.922860000955,2.10575
0.922870000955,2.0745
0.922880000955,2.0745
0.922890000955,2.0745
0.922900000955,2.0745
0.922910000955,2.137
0.922920000955,2.10575
0.922930000955,2.10575
0.922940000955,2.10575
0.922950000955,2.10575
0.922960000955,2.10575
0.922970000955,2.137
0.922980000955,2.10575
0.922990000955,2.10575
0.923000000955,2.10575
0.923010000955,2.137
0.923020000955,2.0745
0.923030000955,2.10575
0.923040000955,2.0745
0.923050000955,2.0745
0.923060000955,2.10575
0.923070000955,2.10575
0.923080000955,2.10575
0.923090000955,2.0745
0.923100000955,2.0745
0.923110000955,2.10575
0.923120000955,2.10575
0.923130000955,2.10575
0.923140000955,2.0745
0.923150000955,2.137
0.923160000955,2.137
0.923170000955,2.10575
0.923180000955,2.10575
0.923190000955,2.0745
0.923200000955,2.0745
0.923210000955,2.0745
0.923220000955,2.0745
0.923230000955,2.137
0.923240000955,2.137
0.923250000955,2.10575
0.923260000955,2.0745
0.923270000955,2.0745
0.923280000955,2.04325
0.923290000955,2.10575
0.923300000955,2.10575
0.923310000955,2.10575
0.923320000955,2.0745
0.923330000955,2.10575
0.923340000955,2.10575
0.923350000955,2.0745
0.923360000955,2.0745
0.923370000955,2.10575
0.923380000955,2.10575
0.923390000955,2.10575
0.923400000955,2.10575
0.923410000955,2.10575
0.923420000955,2.0745
0.923430000955,2.0745
0.923440000955,2.0745
0.923450000955,2.0745
0.923460000955,2.0745
0.923470000955,2.04325
0.923480000955,2.0745
0.923490000955,2.10575
0.923500000955,2.0745
0.923510000955,2.10575
0.923520000955,2.0745
0.923530000955,2.0745
0.923540000955,2.0745
0.923550000955,2.0745
0.923560000955,2.137
0.923570000955,2.0745
0.923580000955,2.0745
0.923590000955,2.0745
0.923600000955,2.0745
0.923610000955,2.0745
0.923620000955,2.0745
0.923630000955,2.10575
0.923640000955,2.0745
0.923650000955,2.10575
0.923660000955,2.0745
0.923670000955,2.10575
0.923680000955,2.0745
0.923690000955,2.10575
0.923700000955,2.10575
0.923710000955,2.0745
0.923720000955,2.0745
0.923730000955,2.0745
0.923740000955,2.10575
0.923750000955,2.10575
0.923760000955,2.10575
0.923770000955,2.10575
0.923780000955,2.10575
0.923790000955,2.10575
0.923800000955,2.0745
0.923810000955,2.10575
0.923820000955,2.10575
0.923830000955,2.10575
0.923840000955,2.0745
0.923850000955,2.10575
0.923860000955,2.04325
0.923870000955,2.0745
0.923880000955,2.10575
0.923890000955,2.0745
0.923900000955,2.10575
0.923910000955,2.0745
0.923920000955,2.0745
0.923930000955,2.10575
0.923940000955,2.0745
0.923950000955,2.0745
0.923960000955,2.0745
0.923970000955,2.0745
0.923980000955,2.10575
0.923990000955,2.137
0.924000000955,2.0745
0.924010000955,2.10575
0.924020000955,2.0745
0.924030000955,2.0745
0.924040000955,2.0745
0.924050000955,2.10575
0.924060000955,2.10575
0.924070000955,2.0745
0.924080000955,2.0745
0.924090000955,2.0745
0.924100000955,2.10575
0.924110000955,2.10575
0.924120000955,2.0745
0.924130000955,2.0745
0.924140000955,2.0745
0.924150000955,2.0745
0.924160000955,2.0745
0.924170000955,2.10575
0.924180000955,2.10575
0.924190000955,2.0745
0.924200000955,2.10575
0.924210000955,2.0745
0.924220000955,2.0745
0.924230000955,2.0745
0.924240000955,2.137
0.924250000955,2.0745
0.924260000955,2.10575
0.924270000955,2.04325
0.924280000955,2.0745
0.924290000955,2.10575
0.924300000955,2.10575
0.924310000955,2.137
0.924320000955,2.10575
0.924330000955,2.0745
0.924340000955,2.10575
0.924350000955,2.10575
0.924360000955,2.10575
0.924370000955,2.10575
0.924380000955,2.10575
0.924390000955,2.0745
0.924400000955,2.0745
0.924410000955,2.0745
0.924420000955,2.0745
0.924430000955,2.137
0.924440000955,2.0745
0.924450000955,2.0745
0.924460000955,2.10575
0.924470000955,2.0745
0.924480000955,2.10575
0.924490000955,2.10575
0.924500000955,2.10575
0.924510000955,2.10575
0.924520000955,2.10575
0.924530000955,2.10575
0.924540000955,2.0745
0.924550000955,2.10575
0.924560000955,2.10575
0.924570000955,2.10575
0.924580000955,2.137
0.924590000955,2.10575
0.924600000955,2.10575
0.924610000955,2.0745
0.924620000955,2.137
0.924630000955,2.0745
0.924640000955,2.10575
0.924650000955,2.0745
0.924660000955,2.0745
0.924670000955,2.0745
0.924680000955,2.10575
0.924690000955,2.0745
0.924700000955,2.0745
0.924710000955,2.10575
0.924720000955,2.10575
0.924730000955,2.10575
0.924740000955,2.0745
0.924750000955,2.10575
0.924760000955,2.10575
0.924770000955,2.10575
0.924780000955,2.10575
0.924790000955,2.0745
0.924800000955,2.10575
0.924810000955,2.0745
0.924820000955,2.0745
0.924830000955,2.10575
0.924840000955,2.10575
0.924850000955,2.10575
0.924860000955,2.10575
0.924870000955,2.137
0.924880000955,2.0745
0.924890000955,2.10575
0.924900000955,2.10575
0.924910000955,2.0745
0.924920000955,2.10575
0.924930000955,2.10575
0.924940000955,2.10575
0.924950000955,2.10575
0.924960000955,2.0745
0.924970000955,2.10575
0.924980000955,2.10575
0.924990000955,2.10575
0.925000000955,2.10575
0.925010000955,2.10575
0.925020000955,2.0745
0.925030000955,2.0745
0.925040000955,2.0745
0.925050000955,2.0745
0.925060000955,2.0745
0.925070000955,2.10575
0.925080000955,2.0745
0.925090000955,2.10575
0.925100000955,2.04325
0.925110000955,2.10575
0.925120000955,2.10575
0.925130000955,2.0745
0.925140000955,2.10575
0.925150000955,2.10575
0.925160000955,2.10575
0.925170000955,2.137
0.925180000955,2.0745
0.925190000955,2.10575
0.925200000955,2.0745
0.925210000955,2.10575
0.925220000955,2.137
0.925230000955,2.10575
0.925240000955,2.10575
0.925250000955,2.0745
0.925260000955,2.10575
0.925270000955,2.0745
0.925280000955,2.0745
0.925290000955,2.10575
0.925300000955,2.0745
0.925310000955,2.0745
0.925320000955,2.10575
0.925330000955,2.10575
0.925340000955,2.0745
0.925350000955,2.10575
0.925360000955,2.10575
0.925370000955,2.0745
0.925380000955,2.0745
0.925390000955,2.10575
0.925400000955,2.10575
0.925410000955,2.0745
0.925420000955,2.10575
0.925430000955,2.10575
0.925440000955,2.0745
0.925450000955,2.137
0.925460000955,2.0745
0.925470000955,2.137
0.925480000955,2.0745
0.925490000955,2.10575
0.925500000955,2.0745
0.925510000955,2.10575
0.925520000955,2.10575
0.925530000955,2.0745
0.925540000955,2.10575
0.925550000955,2.0745
0.925560000955,2.0745
0.925570000955,2.10575
0.925580000955,2.137
0.925590000955,2.137
0.925600000955,2.0745
0.925610000955,2.10575
0.925620000955,2.10575
0.925630000955,2.0745
0.925640000955,2.10575
0.925650000955,2.10575
0.925660000955,2.0745
0.925670000955,2.10575
0.925680000955,2.04325
0.925690000955,2.10575
0.925700000955,2.0745
0.925710000955,2.0745
0.925720000955,2.0745
0.925730000955,2.0745
0.925740000955,2.137
0.925750000955,2.10575
0.925760000955,2.04325
0.925770000955,2.10575
0.925780000955,2.10575
0.925790000955,2.137
0.925800000955,2.0745
0.925810000955,2.10575
0.925820000955,2.10575
0.925830000955,2.10575
0.925840000955,2.0745
0.925850000955,2.10575
0.925860000955,2.137
0.925870000955,2.10575
0.925880000955,2.10575
0.925890000955,2.10575
0.925900000955,2.10575
0.925910000955,2.04325
0.925920000955,2.0745
0.925930000955,2.10575
0.925940000955,2.10575
0.925950000955,2.10575
0.925960000955,2.0745
0.925970000955,2.0745
0.925980000955,2.0745
0.925990000955,2.0745
0.926000000955,2.10575
0.926010000955,2.10575
0.926020000955,2.10575
0.926030000955,2.0745
0.926040000955,2.10575
0.926050000955,2.10575
0.926060000955,2.137
0.926070000955,2.0745
0.926080000955,2.10575
0.926090000955,2.0745
0.926100000955,2.10575
0.926110000955,2.0745
0.926120000955,2.10575
0.926130000955,2.10575
0.926140000955,2.10575
0.926150000955,2.0745
0.926160000955,2.10575
0.926170000955,2.10575
0.926180000955,2.0745
0.926190000955,2.10575
0.926200000955,2.0745
0.926210000955,2.10575
0.926220000955,2.10575
0.926230000955,2.10575
0.926240000955,2.10575
0.926250000955,2.10575
0.926260000955,2.10575
0.926270000955,2.0745
0.926280000955,2.0745
0.926290000955,2.10575
0.926300000955,2.10575
0.926310000955,2.0745
0.926320000955,2.10575
0.926330000955,2.10575
0.926340000955,2.137
0.926350000955,2.0745
0.926360000955,2.0745
0.926370000955,2.0745
0.926380000955,2.0745
0.926390000955,2.10575
0.926400000955,2.137
0.926410000955,2.10575
0.926420000955,2.0745
0.926430000955,2.0745
0.926440000955,2.10575
0.926450000955,2.137
0.926460000955,2.0745
0.926470000955,2.0745
0.926480000955,2.10575
0.926490000955,2.137
0.926500000955,2.10575
0.926510000955,2.0745
0.926520000955,2.10575
0.926530000955,2.10575
0.926540000955,2.10575
0.926550000955,2.10575
0.926560000955,2.0745
0.926570000955,2.10575
0.926580000955,2.0745
0.926590000955,2.0745
0.926600000955,2.0745
0.926610000955,2.0745
0.926620000955,2.0745
0.926630000955,2.0745
0.926640000955,2.0745
0.926650000955,2.10575
0.926660000955,2.0745
0.926670000955,2.10575
0.926680000955,2.10575
0.926690000955,2.10575
0.926700000955,2.10575
0.926710000955,2.10575
0.926720000955,2.10575
0.926730000955,2.10575
0.926740000955,2.10575
0.926750000955,2.0745
0.926760000955,2.0745
0.926770000955,2.10575
0.926780000955,2.10575
0.926790000955,2.10575
0.926800000955,2.10575
0.926810000955,2.0745
0.926820000955,2.0745
0.926830000955,2.0745
0.926840000955,2.10575
0.926850000955,2.10575
0.926860000955,2.10575
0.926870000955,2.0745
0.926880000955,2.0745
0.926890000955,2.137
0.926900000955,2.10575
0.926910000955,2.137
0.926920000955,2.0745
0.926930000955,2.137
0.926940000955,2.10575
0.926950000955,2.0745
0.926960000955,2.0745
0.926970000955,2.0745
0.926980000955,2.10575
0.926990000955,2.0745
0.927000000955,2.10575
0.927010000955,2.0745
0.927020000955,2.10575
0.927030000955,2.10575
0.927040000955,2.0745
0.927050000955,2.10575
0.927060000955,2.10575
0.927070000955,2.137
0.927080000955,2.0745
0.927090000955,2.10575
0.927100000955,2.10575
0.927110000955,2.137
0.927120000955,2.04325
0.927130000955,2.10575
0.927140000955,2.10575
0.927150000955,2.10575
0.927160000955,2.0745
0.927170000955,2.10575
0.927180000955,2.137
0.927190000955,2.10575
0.927200000955,2.10575
0.927210000955,2.0745
0.927220000955,2.10575
0.927230000955,2.10575
0.927240000955,2.10575
0.927250000955,2.0745
0.927260000955,2.0745
0.927270000955,2.10575
0.927280000955,2.10575
0.927290000955,2.10575
0.927300000955,2.0745
0.927310000955,2.04325
0.927320000955,2.0745
0.927330000955,2.10575
0.927340000955,2.10575
0.927350000955,2.10575
0.927360000955,2.0745
0.927370000955,2.10575
0.927380000955,2.10575
0.927390000955,2.0745
0.927400000955,2.10575
0.927410000955,2.10575
0.927420000955,2.10575
0.927430000955,2.10575
0.927440000955,2.10575
0.927450000955,2.10575
0.927460000955,2.10575
0.927470000955,2.0745
0.927480000955,2.10575
0.927490000955,2.0745
0.927500000955,2.10575
0.927510000955,2.10575
0.927520000955,2.10575
0.927530000955,2.10575
0.927540000955,2.10575
0.927550000955,2.10575
0.927560000955,2.10575
0.927570000955,2.0745
0.927580000955,2.10575
0.927590000955,2.10575
0.927600000955,2.10575
0.927610000955,2.10575
0.927620000955,2.0745
0.927630000955,2.10575
0.927640000955,2.10575
0.927650000955,2.137
0.927660000955,2.0745
0.927670000955,2.0745
0.927680000955,2.10575
0.927690000955,2.10575
0.927700000955,2.0745
0.927710000955,2.10575
0.927720000955,2.137
0.927730000955,2.10575
0.927740000955,2.10575
0.927750000955,2.10575
0.927760000955,2.10575
0.927770000955,2.10575
0.927780000955,2.10575
0.927790000955,2.10575
0.927800000955,2.10575
0.927810000955,2.0745
0.927820000955,2.0745
0.927830000955,2.10575
0.927840000955,2.10575
0.927850000955,2.0745
0.927860000955,2.10575
0.927870000955,2.0745
0.927880000955,2.137
0.927890000955,2.0745
0.927900000955,2.10575
0.927910000955,2.10575
0.927920000955,2.10575
0.927930000955,2.10575
0.927940000955,2.10575
0.927950000955,2.10575
0.927960000955,2.137
0.927970000955,2.0745
0.927980000955,2.0745
0.927990000955,2.137
0.928000000955,2.10575
0.928010000955,2.10575
0.928020000955,2.137
0.928030000955,2.0745
0.928040000955,2.0745
0.928050000955,2.0745
0.928060000955,2.10575
0.928070000955,2.0745
0.928080000955,2.10575
0.928090000955,2.0745
0.928100000955,2.0745
0.928110000955,2.0745
0.928120000955,2.137
0.928130000955,2.0745
0.928140000955,2.10575
0.928150000955,2.10575
0.928160000955,2.10575
0.928170000955,2.10575
0.928180000955,2.10575
0.928190000955,2.10575
0.928200000955,2.10575
0.928210000955,2.0745
0.928220000955,2.10575
0.928230000955,2.0745
0.928240000955,2.10575
0.928250000955,2.0745
0.928260000955,2.10575
0.928270000955,2.10575
0.928280000955,2.0745
0.928290000955,2.0745
0.928300000955,2.0745
0.928310000955,2.10575
0.928320000955,2.0745
0.928330000955,2.0745
0.928340000955,2.10575
0.928350000955,2.10575
0.928360000955,2.0745
0.928370000955,2.10575
0.928380000955,2.0745
0.928390000955,2.10575
0.928400000955,2.10575
0.928410000955,2.10575
0.928420000955,2.0745
0.928430000955,2.10575
0.928440000955,2.0745
0.928450000955,2.0745
0.928460000955,2.0745
0.928470000955,2.10575
0.928480000955,2.137
0.928490000955,2.0745
0.928500000955,2.0745
0.928510000955,2.10575
0.928520000955,2.10575
0.928530000955,2.10575
0.928540000955,2.0745
0.928550000955,2.0745
0.928560000955,2.0745
0.928570000955,2.10575
0.928580000955,2.10575
0.928590000955,2.0745
0.928600000955,2.10575
0.928610000955,2.10575
0.928620000955,2.10575
0.928630000955,2.10575
0.928640000955,2.10575
0.928650000955,2.10575
0.928660000955,2.137
0.928670000955,2.10575
0.928680000955,2.0745
0.928690000955,2.0745
0.928700000955,2.0745
0.928710000955,2.10575
0.928720000955,2.0745
0.928730000955,2.10575
0.928740000955,2.10575
0.928750000955,2.10575
0.928760000955,2.137
0.928770000955,2.04325
0.928780000955,2.0745
0.928790000955,2.137
0.928800000955,2.10575
0.928810000955,2.10575
0.928820000955,2.10575
0.928830000955,2.10575
0.928840000955,2.137
0.928850000955,2.0745
0.928860000955,2.0745
0.928870000955,2.10575
0.928880000955,2.10575
0.928890000955,2.0745
0.928900000955,2.137
0.928910000955,2.10575
0.928920000955,2.10575
0.928930000955,2.10575
0.928940000955,2.10575
0.928950000955,2.0745
0.928960000955,2.10575
0.928970000955,2.0745
0.928980000955,2.10575
0.928990000955,2.0745
0.929000000955,2.0745
0.929010000955,2.10575
0.929020000955,2.10575
0.929030000955,2.0745
0.929040000955,2.10575
0.929050000955,2.10575
0.929060000955,2.10575
0.929070000955,2.10575
0.929080000955,2.137
0.929090000955,2.0745
0.929100000955,2.137
0.929110000955,2.10575
0.929120000955,2.0745
0.929130000955,2.10575
0.929140000955,2.10575
0.929150000955,2.137
0.929160000955,2.10575
0.929170000955,2.10575
0.929180000955,2.10575
0.929190000955,2.10575
0.929200000955,2.10575
0.929210000955,2.10575
0.929220000955,2.10575
0.929230000955,2.0745
0.929240000955,2.0745
0.929250000955,2.0745
0.929260000955,2.137
0.929270000955,2.10575
0.929280000955,2.137
0.929290000955,2.0745
0.929300000955,2.10575
0.929310000955,2.10575
0.929320000955,2.10575
0.929330000955,2.10575
0.929340000955,2.10575
0.929350000955,2.10575
0.929360000955,2.10575
0.929370000955,2.10575
0.929380000955,2.10575
0.929390000955,2.10575
0.929400000955,2.10575
0.929410000955,2.10575
0.929420000955,2.10575
0.929430000955,2.10575
0.929440000955,2.137
0.929450000955,2.10575
0.929460000955,2.10575
0.929470000955,2.10575
0.929480000955,2.10575
0.929490000955,2.0745
0.929500000955,2.0745
0.929510000955,2.0745
0.929520000955,2.10575
0.929530000955,2.10575
0.929540000955,2.10575
0.929550000955,2.10575
0.929560000955,2.137
0.929570000955,2.10575
0.929580000955,2.10575
0.929590000955,2.0745
0.929600000955,2.10575
0.929610000955,2.0745
0.929620000955,2.10575
0.929630000955,2.10575
0.929640000955,2.04325
0.929650000955,2.10575
0.929660000955,2.0745
0.929670000955,2.10575
0.929680000955,2.0745
0.929690000955,2.10575
0.929700000955,2.10575
0.929710000955,2.137
0.929720000955,2.10575
0.929730000955,2.137
0.929740000955,2.0745
0.929750000955,2.137
0.929760000955,2.0745
0.929770000955,2.10575
0.929780000955,2.0745
0.929790000955,2.10575
0.929800000955,2.10575
0.929810000955,2.0745
0.929820000955,2.10575
0.929830000955,2.10575
0.929840000955,2.137
0.929850000955,2.137
0.929860000955,2.0745
0.929870000955,2.10575
0.929880000955,2.10575
0.929890000955,2.10575
0.929900000955,2.10575
0.929910000955,2.0745
0.929920000955,2.10575
0.929930000955,2.10575
0.929940000955,2.0745
0.929950000955,2.10575
0.929960000955,2.10575
0.929970000955,2.10575
0.929980000955,2.10575
0.929990000955,2.137
0.930000000955,2.10575
0.930010000955,2.10575
0.930020000955,2.10575
0.930030000955,2.10575
0.930040000955,2.10575
0.930050000955,2.10575
0.930060000955,2.10575
0.930070000955,2.10575
0.930080000955,2.10575
0.930090000955,2.10575
0.930100000955,2.137
0.930110000955,2.0745
0.930120000955,2.10575
0.930130000955,2.10575
0.930140000955,2.0745
0.930150000955,2.10575
0.930160000955,2.0745
0.930170000955,2.10575
0.930180000955,2.10575
0.930190000955,2.10575
0.930200000955,2.10575
0.930210000955,2.10575
0.930220000955,2.10575
0.930230000955,2.10575
0.930240000955,2.137
0.930250000955,2.10575
0.930260000955,2.0745
0.930270000955,2.10575
0.930280000955,2.137
0.930290000955,2.10575
0.930300000955,2.10575
0.930310000955,2.10575
0.930320000955,2.10575
0.930330000955,2.10575
0.930340000955,2.10575
0.930350000955,2.10575
0.930360000955,2.10575
0.930370000955,2.0745
0.930380000955,2.0745
0.930390000955,2.10575
0.930400000955,2.10575
0.930410000955,2.0745
0.930420000955,2.137
0.930430000955,2.10575
0.930440000955,2.10575
0.930450000955,2.10575
0.930460000955,2.10575
0.930470000955,2.0745
0.930480000955,2.04325
0.930490000955,2.0745
0.930500000955,2.10575
0.930510000955,2.10575
0.930520000955,2.10575
0.930530000955,2.0745
0.930540000955,2.0745
0.930550000955,2.10575
0.930560000955,2.0745
0.930570000955,2.10575
0.930580000955,2.10575
0.930590000955,2.10575
0.930600000955,2.0745
0.930610000955,2.0745
0.930620000955,2.0745
0.930630000955,2.0745
0.930640000955,2.10575
0.930650000955,2.0745
0.930660000955,2.10575
0.930670000955,2.0745
0.930680000955,2.0745
0.930690000955,2.0745
0.930700000955,2.0745
0.930710000955,2.10575
0.930720000955,2.10575
0.930730000955,2.10575
0.930740000955,2.10575
0.930750000955,2.10575
0.930760000955,2.10575
0.930770000955,2.10575
0.930780000955,2.10575
0.930790000955,2.137
0.930800000955,2.10575
0.930810000955,2.10575
0.930820000955,2.0745
0.930830000955,2.10575
0.930840000955,2.10575
0.930850000955,2.137
0.930860000955,2.10575
0.930870000955,2.10575
0.930880000955,2.137
0.930890000955,2.10575
0.930900000955,2.10575
0.930910000955,2.10575
0.930920000955,2.10575
0.930930000955,2.0745
0.930940000955,2.10575
0.930950000955,2.0745
0.930960000955,2.137
0.930970000955,2.10575
0.930980000955,2.10575
0.930990000955,2.10575
0.931000000955,2.0745
0.931010000955,2.10575
0.931020000955,2.0745
0.931030000955,2.0745
0.931040000955,2.10575
0.931050000955,2.10575
0.931060000955,2.10575
0.931070000955,2.0745
0.931080000955,2.0745
0.931090000955,2.0745
0.931100000955,2.10575
0.931110000955,2.10575
0.931120000955,2.04325
0.931130000955,2.0745
0.931140000955,2.10575
0.931150000955,2.10575
0.931160000955,2.10575
0.931170000955,2.0745
0.931180000955,2.0745
0.931190000955,2.10575
0.931200000955,2.0745
0.931210000955,2.10575
0.931220000955,2.0745
0.931230000955,2.0745
0.931240000955,2.10575
0.931250000955,2.0745
0.931260000955,2.137
0.931270000955,2.10575
0.931280000955,2.10575
0.931290000955,2.10575
0.931300000955,2.10575
0.931310000955,2.10575
0.931320000955,2.10575
0.931330000955,2.10575
0.931340000955,2.10575
0.931350000955,2.137
0.931360000955,2.10575
0.931370000955,2.10575
0.931380000955,2.137
0.931390000955,2.10575
0.931400000955,2.10575
0.931410000955,2.137
0.931420000955,2.10575
0.931430000955,2.10575
0.931440000955,2.10575
0.931450000955,2.10575
0.931460000955,2.10575
0.931470000955,2.10575
0.931480000955,2.0745
0.931490000955,2.10575
0.931500000955,2.0745
0.931510000955,2.0745
0.931520000955,2.0745
0.931530000955,2.10575
0.931540000955,2.137
0.931550000955,2.10575
0.931560000955,2.10575
0.931570000955,2.137
0.931580000955,2.0745
0.931590000955,2.137
0.931600000955,2.10575
0.931610000955,2.137
0.931620000955,2.10575
0.931630000955,2.10575
0.931640000955,2.0745
0.931650000955,2.10575
0.931660000955,2.10575
0.931670000955,2.0745
0.931680000955,2.10575
0.931690000955,2.10575
0.931700000955,2.0745
0.931710000955,2.0745
0.931720000955,2.10575
0.931730000955,2.10575
0.931740000955,2.0745
0.931750000955,2.0745
0.931760000955,2.0745
0.931770000955,2.0745
0.931780000955,2.10575
0.931790000955,2.10575
0.931800000955,2.10575
0.931810000955,2.10575
0.931820000955,2.10575
0.931830000955,2.10575
0.931840000955,2.0745
0.931850000955,2.10575
0.931860000955,2.10575
0.931870000955,2.10575
0.931880000955,2.137
0.931890000955,2.137
0.931900000955,2.0745
0.931910000955,2.10575
0.931920000955,2.10575
0.931930000955,2.0745
0.931940000955,2.10575
0.931950000955,2.0745
0.931960000955,2.0745
0.931970000955,2.0745
0.931980000955,2.0745
0.931990000955,2.0745
0.932000000955,2.10575
0.932010000955,2.137
0.932020000955,2.137
0.932030000955,2.0745
0.932040000955,2.10575
0.932050000955,2.10575
0.932060000955,2.10575
0.932070000955,2.10575
0.932080000955,2.10575
0.932090000955,2.10575
0.932100000955,2.10575
0.932110000955,2.0745
0.932120000955,2.0745
0.932130000955,2.10575
0.932140000955,2.0745
0.932150000955,2.0745
0.932160000955,2.10575
0.932170000955,2.10575
0.932180000955,2.10575
0.932190000955,2.10575
0.932200000955,2.10575
0.932210000955,2.10575
0.932220000955,2.10575
0.932230000955,2.10575
0.932240000955,2.10575
0.932250000955,2.10575
0.932260000955,2.0745
0.932270000955,2.0745
0.932280000955,2.0745
0.932290000955,2.10575
0.932300000955,2.04325
0.932310000955,2.137
0.932320000955,2.10575
0.932330000955,2.137
0.932340000955,2.10575
0.932350000955,2.0745
0.932360000955,2.10575
0.932370000955,2.10575
0.932380000955,2.0745
0.932390000955,2.0745
0.932400000955,2.10575
0.932410000955,2.137
0.932420000955,2.10575
0.932430000955,2.10575
0.932440000955,2.10575
0.932450000955,2.10575
0.932460000955,2.0745
0.932470000955,2.10575
0.932480000955,2.10575
0.932490000955,2.10575
0.932500000955,2.137
0.932510000955,2.10575
0.932520000955,2.0745
0.932530000955,2.10575
0.932540000955,2.10575
0.932550000955,2.0745
0.932560000955,2.137
0.932570000955,2.10575
0.932580000955,2.10575
0.932590000955,2.10575
0.932600000955,2.10575
0.932610000955,2.10575
0.932620000955,2.137
0.932630000955,2.10575
0.932640000955,2.0745
0.932650000955,2.0745
0.932660000955,2.137
0.932670000955,2.0745
0.932680000955,2.10575
0.932690000955,2.10575
0.932700000955,2.137
0.932710000955,2.10575
0.932720000955,2.10575
0.932730000955,2.10575
0.932740000955,2.137
0.932750000955,2.0745
0.932760000955,2.0745
0.932770000955,2.10575
0.932780000955,2.137
0.932790000955,2.10575
0.932800000955,2.10575
0.932810000955,2.0745
0.932820000955,2.0745
0.932830000955,2.137
0.932840000955,2.0745
0.932850000955,2.10575
0.932860000955,2.10575
0.932870000955,2.10575
0.932880000955,2.0745
0.932890000955,2.0745
0.932900000955,2.137
0.932910000955,2.10575
0.932920000955,2.0745
0.932930000955,2.0745
0.932940000955,2.137
0.932950000955,2.137
0.932960000955,2.10575
0.932970000955,2.10575
0.932980000955,2.10575
0.932990000955,2.10575
0.933000000955,2.10575
0.933010000955,2.10575
0.933020000955,2.10575
0.933030000955,2.10575
0.933040000955,2.10575
0.933050000955,2.10575
0.933060000955,2.0745
0.933070000955,2.0745
0.933080000955,2.10575
0.933090000955,2.10575
0.933100000955,2.0745
0.933110000955,2.10575
0.933120000955,2.137
0.933130000955,2.10575
0.933140000955,2.10575
0.933150000955,2.137
0.933160000955,2.10575
0.933170000955,2.10575
0.933180000955,2.137
0.933190000955,2.10575
0.933200000955,2.10575
0.933210000955,2.0745
0.933220000955,2.137
0.933230000955,2.10575
0.933240000955,2.137
0.933250000955,2.10575
0.933260000955,2.0745
0.933270000955,2.10575
0.933280000955,2.0745
0.933290000955,2.10575
0.933300000955,2.0745
0.933310000955,2.10575
0.933320000955,2.10575
0.933330000955,2.137
0.933340000955,2.10575
0.933350000955,2.10575
0.933360000955,2.10575
0.933370000955,2.0745
0.933380000955,2.10575
0.933390000955,2.10575
0.933400000955,2.10575
0.933410000955,2.10575
0.933420000955,2.10575
0.933430000955,2.10575
0.933440000955,2.10575
0.933450000955,2.10575
0.933460000955,2.10575
0.933470000955,2.10575
0.933480000955,2.0745
0.933490000955,2.0745
0.933500000955,2.10575
0.933510000955,2.137
0.933520000955,2.10575
0.933530000955,2.10575
0.933540000955,2.10575
0.933550000955,2.10575
0.933560000955,2.10575
0.933570000955,2.10575
0.933580000955,2.10575
0.933590000955,2.137
0.933600000955,2.10575
0.933610000955,2.10575
0.933620000955,2.10575
0.933630000955,2.10575
0.933640000955,2.10575
0.933650000955,2.0745
0.933660000955,2.10575
0.933670000955,2.10575
0.933680000955,2.10575
0.933690000955,2.137
0.933700000955,2.10575
0.933710000955,2.137
0.933720000955,2.10575
0.933730000955,2.0745
0.933740000955,2.137
0.933750000955,2.10575
0.933760000955,2.16825
0.933770000955,2.0745
0.933780000955,2.10575
0.933790000955,2.10575
0.933800000955,2.0745
0.933810000955,2.10575
0.933820000955,2.10575
0.933830000955,2.10575
0.933840000955,2.10575
0.933850000955,2.137
0.933860000955,2.0745
0.933870000955,2.10575
0.933880000955,2.04325
0.933890000955,2.10575
0.933900000955,2.137
0.933910000955,2.10575
0.933920000955,2.10575
0.933930000955,2.10575
0.933940000955,2.137
0.933950000955,2.137
0.933960000955,2.137
0.933970000955,2.10575
0.933980000955,2.10575
0.933990000955,2.10575
0.934000000955,2.10575
0.934010000955,2.0745
0.934020000955,2.10575
0.934030000955,2.137
0.934040000955,2.10575
0.934050000955,2.10575
0.934060000955,2.10575
0.934070000955,2.16825
0.934080000955,2.10575
0.934090000955,2.10575
0.934100000955,2.10575
0.934110000955,2.10575
0.934120000955,2.0745
0.934130000955,2.137
0.934140000955,2.10575
0.934150000955,2.0745
0.934160000955,2.10575
0.934170000955,2.10575
0.934180000955,2.10575
0.934190000955,2.0745
0.934200000955,2.10575
0.934210000955,2.10575
0.934220000955,2.10575
0.934230000955,2.10575
0.934240000955,2.10575
0.934250000955,2.10575
0.934260000955,2.137
0.934270000955,2.10575
0.934280000955,2.0745
0.934290000955,2.0745
0.934300000955,2.10575
0.934310000955,2.0745
0.934320000955,2.0745
0.934330000955,2.137
0.934340000955,2.10575
0.934350000955,2.10575
0.934360000955,2.10575
0.934370000955,2.10575
0.934380000955,2.0745
0.934390000955,2.10575
0.934400000955,2.10575
0.934410000955,2.10575
0.934420000955,2.0745
0.934430000955,2.10575
0.934440000955,2.10575
0.934450000955,2.10575
0.934460000955,2.0745
0.934470000955,2.137
0.934480000955,2.0745
0.934490000955,2.10575
0.934500000955,2.10575
0.934510000955,2.10575
0.934520000955,2.10575
0.934530000955,2.10575
0.934540000955,2.10575
0.934550000955,2.10575
0.934560000955,2.10575
0.934570000955,2.0745
0.934580000955,2.10575
0.934590000955,2.137
0.934600000955,2.137
0.934610000955,2.137
0.934620000955,2.137
0.934630000955,2.10575
0.934640000955,2.10575
0.934650000955,2.0745
0.934660000955,2.10575
0.934670000955,2.0745
0.934680000955,2.10575
0.934690000955,2.04325
0.934700000955,2.0745
0.934710000955,2.0745
0.934720000955,2.0745
0.934730000955,2.0745
0.934740000955,2.10575
0.934750000955,2.10575
0.934760000955,2.10575
0.934770000955,2.10575
0.934780000955,2.0745
0.934790000955,2.10575
0.934800000955,2.0745
0.934810000955,2.10575
0.934820000955,2.0745
0.934830000955,2.10575
0.934840000955,2.04325
0.934850000955,2.0745
0.934860000955,2.10575
0.934870000955,2.10575
0.934880000955,2.10575
0.934890000955,2.0745
0.934900000955,2.137
0.934910000955,2.0745
0.934920000955,2.10575
0.934930000955,2.10575
0.934940000955,2.137
0.934950000955,2.137
0.934960000955,2.10575
0.934970000955,2.10575
0.934980000955,2.137
0.934990000955,2.0745
0.935000000955,2.10575
0.935010000955,2.0745
0.935020000955,2.10575
0.935030000955,2.10575
0.935040000955,2.10575
0.935050000955,2.10575
0.935060000955,2.0745
0.935070000955,2.10575
0.935080000955,2.10575
0.935090000955,2.0745
0.935100000955,2.10575
0.935110000955,2.10575
0.935120000955,2.10575
0.935130000955,2.10575
0.935140000955,2.0745
0.935150000955,2.137
0.935160000955,2.10575
0.935170000955,2.10575
0.935180000955,2.10575
0.935190000955,2.10575
0.935200000955,2.10575
0.935210000955,2.10575
0.935220000955,2.10575
0.935230000955,2.137
0.935240000955,2.137
0.935250000955,2.10575
0.935260000955,2.0745
0.935270000955,2.137
0.935280000955,2.137
0.935290000955,2.10575
0.935300000955,2.10575
0.935310000955,2.10575
0.935320000955,2.10575
0.935330000955,2.10575
0.935340000955,2.10575
0.935350000955,2.10575
0.935360000955,2.0745
0.935370000955,2.10575
0.935380000955,2.10575
0.935390000955,2.0745
0.935400000955,2.10575
0.935410000955,2.10575
0.935420000955,2.0745
0.935430000955,2.10575
0.935440000955,2.10575
0.935450000955,2.0745
0.935460000955,2.0745
0.935470000955,2.0745
0.935480000955,2.0745
0.935490000955,2.0745
0.935500000955,2.10575
0.935510000955,2.10575
0.935520000955,2.10575
0.935530000955,2.10575
0.935540000955,2.0745
0.935550000955,2.10575
0.935560000955,2.0745
0.935570000955,2.10575
0.935580000955,2.10575
0.935590000955,2.10575
0.935600000955,2.10575
0.935610000955,2.10575
0.935620000955,2.10575
0.935630000955,2.10575
0.935640000955,2.10575
0.935650000955,2.10575
0.935660000955,2.137
0.935670000955,2.137
0.935680000955,2.10575
0.935690000955,2.10575
0.935700000955,2.137
0.935710000955,2.10575
0.935720000955,2.10575
0.935730000955,2.137
0.935740000955,2.0745
0.935750000955,2.10575
0.935760000955,2.0745
0.935770000955,2.137
0.935780000955,2.10575
0.935790000955,2.0745
0.935800000955,2.0745
0.935810000955,2.10575
0.935820000955,2.10575
0.935830000955,2.10575
0.935840000955,2.10575
0.935850000955,2.10575
0.935860000955,2.10575
0.935870000955,2.10575
0.935880000955,2.137
0.935890000955,2.10575
0.935900000955,2.10575
0.935910000955,2.10575
0.935920000955,2.10575
0.935930000955,2.0745
0.935940000955,2.0745
0.935950000955,2.137
0.935960000955,2.10575
0.935970000955,2.10575
0.935980000955,2.0745
0.935990000955,2.0745
0.936000000955,2.10575
0.936010000955,2.0745
0.936020000955,2.137
0.936030000955,2.10575
0.936040000955,2.10575
0.936050000955,2.10575
0.936060000955,2.0745
0.936070000955,2.10575
0.936080000955,2.137
0.936090000955,2.0745
0.936100000955,2.10575
0.936110000955,2.10575
0.936120000955,2.10575
0.936130000955,2.137
0.936140000955,2.137
0.936150000955,2.10575
0.936160000955,2.137
0.936170000955,2.10575
0.936180000955,2.0745
0.936190000955,2.10575
0.936200000955,2.137
0.936210000955,2.0745
0.936220000955,2.137
0.936230000955,2.10575
0.936240000955,2.0745
0.936250000955,2.10575
0.936260000955,2.0745
0.936270000955,2.10575
0.936280000955,2.10575
0.936290000955,2.137
0.936300000955,2.10575
0.936310000955,2.10575
0.936320000955,2.137
0.936330000955,2.10575
0.936340000955,2.10575
0.936350000955,2.10575
0.936360000955,2.10575
0.936370000955,2.10575
0.936380000955,2.10575
0.936390000955,2.137
0.936400000955,2.10575
0.936410000955,2.137
0.936420000955,2.10575
0.936430000955,2.10575
0.936440000955,2.10575
0.936450000955,2.137
0.936460000955,2.10575
0.936470000955,2.137
0.936480000955,2.10575
0.936490000955,2.137
0.936500000955,2.10575
0.936510000955,2.10575
0.936520000955,2.10575
0.936530000955,2.10575
0.936540000955,2.10575
0.936550000955,2.10575
0.936560000955,2.10575
0.936570000955,2.0745
0.936580000955,2.0745
0.936590000955,2.137
0.936600000955,2.0745
0.936610000955,2.10575
0.936620000955,2.10575
0.936630000955,2.10575
0.936640000955,2.10575
0.936650000955,2.0745
0.936660000955,2.10575
0.936670000955,2.10575
0.936680000955,2.0745
0.936690000955,2.137
0.936700000955,2.10575
0.936710000955,2.137
0.936720000955,2.10575
0.936730000955,2.0745
0.936740000955,2.10575
0.936750000955,2.0745
0.936760000955,2.10575
0.936770000955,2.10575
0.936780000955,2.10575
0.936790000955,2.0745
0.936800000955,2.0745
0.936810000955,2.10575
0.936820000955,2.0745
0.936830000955,2.137
0.936840000955,2.10575
0.936850000955,2.10575
0.936860000955,2.10575
0.936870000955,2.10575
0.936880000955,2.10575
0.936890000955,2.10575
0.936900000955,2.0745
0.936910000955,2.0745
0.936920000955,2.0745
0.936930000955,2.137
0.936940000955,2.0745
0.936950000955,2.137
0.936960000955,2.137
0.936970000955,2.10575
0.936980000955,2.10575
0.936990000955,2.10575
0.937000000955,2.0745
0.937010000955,2.10575
0.937020000955,2.137
0.937030000955,2.10575
0.937040000955,2.0745
0.937050000955,2.10575
0.937060000955,2.137
0.937070000955,2.10575
0.937080000955,2.137
0.937090000955,2.10575
0.937100000955,2.10575
0.937110000955,2.10575
0.937120000955,2.137
0.937130000955,2.137
0.937140000955,2.137
0.937150000955,2.10575
0.937160000955,2.10575
0.937170000955,2.0745
0.937180000955,2.0745
0.937190000955,2.0745
0.937200000955,2.10575
0.937210000955,2.0745
0.937220000955,2.137
0.937230000955,2.137
0.937240000955,2.10575
0.937250000955,2.04325
0.937260000955,2.0745
0.937270000955,2.10575
0.937280000955,2.0745
0.937290000955,2.10575
0.937300000955,2.10575
0.937310000955,2.137
0.937320000955,2.137
0.937330000955,2.10575
0.937340000955,2.137
0.937350000955,2.137
0.937360000955,2.0745
0.937370000955,2.10575
0.937380000955,2.10575
0.937390000955,2.10575
0.937400000955,2.10575
0.937410000955,2.10575
0.937420000955,2.137
0.937430000955,2.10575
0.937440000955,2.0745
0.937450000955,2.137
0.937460000955,2.10575
0.937470000955,2.0745
0.937480000955,2.137
0.937490000955,2.10575
0.937500000955,2.137
0.937510000955,2.10575
0.937520000955,2.10575
0.937530000955,2.10575
0.937540000955,2.10575
0.937550000955,2.10575
0.937560000955,2.137
0.937570000955,2.0745
0.937580000955,2.10575
0.937590000955,2.10575
0.937600000955,2.10575
0.937610000955,2.10575
0.937620000955,2.137
0.937630000955,2.137
0.937640000955,2.10575
0.937650000955,2.10575
0.937660000955,2.10575
0.937670000955,2.137
0.937680000955,2.10575
0.937690000955,2.137
0.937700000955,2.10575
0.937710000955,2.137
0.937720000955,2.10575
0.937730000955,2.0745
0.937740000955,2.16825
0.937750000955,2.10575
0.937760000955,2.10575
0.937770000955,2.10575
0.937780000955,2.10575
0.937790000955,2.10575
0.937800000955,2.0745
0.937810000955,2.0745
0.937820000955,2.137
0.937830000955,2.10575
0.937840000955,2.137
0.937850000955,2.137
0.937860000955,2.10575
0.937870000955,2.10575
0.937880000955,2.137
0.937890000955,2.137
0.937900000955,2.10575
0.937910000955,2.10575
0.937920000955,2.10575
0.937930000955,2.10575
0.937940000955,2.10575
0.937950000955,2.10575
0.937960000955,2.10575
0.937970000955,2.10575
0.937980000955,2.10575
0.937990000955,2.0745
0.938000000955,2.10575
0.938010000955,2.0745
0.938020000955,2.10575
0.938030000955,2.10575
0.938040000955,2.10575
0.938050000955,2.10575
0.938060000955,2.10575
0.938070000955,2.10575
0.938080000955,2.10575
0.938090000955,2.10575
0.938100000955,2.10575
0.938110000955,2.0745
0.938120000955,2.10575
0.938130000955,2.10575
0.938140000955,2.10575
0.938150000955,2.10575
0.938160000955,2.137
0.938170000955,2.10575
0.938180000955,2.137
0.938190000955,2.10575
0.938200000955,2.10575
0.938210000955,2.10575
0.938220000955,2.137
0.938230000955,2.10575
0.938240000955,2.10575
0.938250000955,2.137
0.938260000955,2.10575
0.938270000955,2.10575
0.938280000955,2.10575
0.938290000955,2.10575
0.938300000955,2.10575
0.938310000955,2.0745
0.938320000955,2.10575
0.938330000955,2.10575
0.938340000955,2.137
0.938350000955,2.10575
0.938360000955,2.137
0.938370000955,2.10575
0.938380000955,2.10575
0.938390000955,2.137
0.938400000955,2.0745
0.938410000955,2.10575
0.938420000955,2.10575
0.938430000955,2.10575
0.938440000955,2.10575
0.938450000955,2.0745
0.938460000955,2.10575
0.938470000955,2.0745
0.938480000955,2.137
0.938490000955,2.0745
0.938500000955,2.137
0.938510000955,2.10575
0.938520000955,2.10575
0.938530000955,2.10575
0.938540000955,2.10575
0.938550000955,2.0745
0.938560000955,2.10575
0.938570000955,2.10575
0.938580000955,2.10575
0.938590000955,2.10575
0.938600000955,2.10575
0.938610000955,2.10575
0.938620000955,2.0745
0.938630000955,2.137
0.938640000955,2.10575
0.938650000955,2.0745
0.938660000955,2.137
0.938670000955,2.10575
0.938680000955,2.10575
0.938690000955,2.10575
0.938700000955,2.10575
0.938710000955,2.137
0.938720000955,2.0745
0.938730000955,2.10575
0.938740000955,2.137
0.938750000955,2.10575
0.938760000955,2.10575
0.938770000955,2.10575
0.938780000955,2.0745
0.938790000955,2.10575
0.938800000955,2.137
0.938810000955,2.137
0.938820000955,2.0745
0.938830000955,2.10575
0.938840000955,2.137
0.938850000955,2.137
0.938860000955,2.10575
0.938870000955,2.0745
0.938880000955,2.0745
0.938890000955,2.10575
0.938900000955,2.10575
0.938910000955,2.10575
0.938920000955,2.137
0.938930000955,2.10575
0.938940000955,2.137
0.938950000955,2.10575
0.938960000955,2.10575
0.938970000955,2.137
0.938980000955,2.0745
0.938990000955,2.0745
0.939000000955,2.10575
0.939010000955,2.137
0.939020000955,2.0745
0.939030000955,2.137
0.939040000955,2.10575
0.939050000955,2.10575
0.939060000955,2.10575
0.939070000955,2.10575
0.939080000955,2.137
0.939090000955,2.10575
0.939100000955,2.137
0.939110000955,2.10575
0.939120000955,2.10575
0.939130000955,2.0745
0.939140000955,2.137
0.939150000955,2.0745
0.939160000955,2.10575
0.939170000955,2.10575
0.939180000955,2.10575
0.939190000955,2.10575
0.939200000955,2.137
0.939210000955,2.10575
0.939220000955,2.137
0.939230000955,2.10575
0.939240000955,2.10575
0.939250000955,2.0745
0.939260000955,2.10575
0.939270000955,2.10575
0.939280000955,2.10575
0.939290000955,2.10575
0.939300000955,2.137
0.939310000955,2.0745
0.939320000955,2.04325
0.939330000955,2.10575
0.939340000955,2.0745
0.939350000955,2.0745
0.939360000955,2.10575
0.939370000955,2.0745
0.939380000955,2.0745
0.939390000955,2.10575
0.939400000955,2.10575
0.939410000955,2.10575
0.939420000955,2.10575
0.939430000955,2.10575
0.939440000955,2.10575
0.939450000955,2.10575
0.939460000955,2.10575
0.939470000955,2.10575
0.939480000955,2.10575
0.939490000955,2.0745
0.939500000955,2.0745
0.939510000955,2.137
0.939520000955,2.0745
0.939530000955,2.10575
0.939540000955,2.0745
0.939550000955,2.0745
0.939560000955,2.0745
0.939570000955,2.10575
0.939580000955,2.10575
0.939590000955,2.137
0.939600000955,2.137
0.939610000955,2.10575
0.939620000955,2.10575
0.939630000955,2.10575
0.939640000955,2.10575
0.939650000955,2.137
0.939660000955,2.10575
0.939670000955,2.10575
0.939680000955,2.10575
0.939690000955,2.137
0.939700000955,2.10575
0.939710000955,2.10575
0.939720000955,2.10575
0.939730000955,2.10575
0.939740000955,2.10575
0.939750000955,2.10575
0.939760000955,2.0745
0.939770000955,2.10575
0.939780000955,2.10575
0.939790000955,2.10575
0.939800000955,2.10575
0.939810000955,2.0745
0.939820000955,2.0745
0.939830000955,2.10575
0.939840000955,2.0745
0.939850000955,2.0745
0.939860000955,2.10575
0.939870000955,2.10575
0.939880000955,2.10575
0.939890000955,2.0745
0.939900000955,2.10575
0.939910000955,2.137
0.939920000955,2.10575
0.939930000955,2.10575
0.939940000955,2.137
0.939950000955,2.10575
0.939960000955,2.137
0.939970000955,2.10575
0.939980000955,2.10575
0.939990000955,2.137
0.940000000955,2.10575
0.940010000955,2.10575
0.940020000955,2.0745
0.940030000955,2.10575
0.940040000955,2.10575
0.940050000955,2.137
0.940060000955,2.10575
0.940070000955,2.10575
0.940080000955,2.0745
0.940090000955,2.0745
0.940100000955,2.10575
0.940110000955,2.10575
0.940120000955,2.10575
0.940130000955,2.10575
0.940140000955,2.137
0.940150000955,2.0745
0.940160000955,2.10575
0.940170000955,2.10575
0.940180000955,2.10575
0.940190000955,2.10575
0.940200000955,2.10575
0.940210000955,2.10575
0.940220000955,2.10575
0.940230000955,2.10575
0.940240000955,2.10575
0.940250000955,2.0745
0.940260000955,2.10575
0.940270000955,2.137
0.940280000955,2.137
0.940290000955,2.10575
0.940300000955,2.0745
0.940310000955,2.10575
0.940320000955,2.0745
0.940330000955,2.0745
0.940340000955,2.10575
0.940350000955,2.10575
0.940360000955,2.10575
0.940370000955,2.10575
0.940380000955,2.16825
0.940390000955,2.137
0.940400000955,2.10575
0.940410000955,2.0745
0.940420000955,2.10575
0.940430000955,2.10575
0.940440000955,2.0745
0.940450000955,2.0745
0.940460000955,2.10575
0.940470000955,2.10575
0.940480000955,2.10575
0.940490000955,2.10575
0.940500000955,2.10575
0.940510000955,2.10575
0.940520000955,2.137
0.940530000955,2.137
0.940540000955,2.10575
0.940550000955,2.10575
0.940560000955,2.137
0.940570000955,2.0745
0.940580000955,2.16825
0.940590000955,2.10575
0.940600000955,2.0745
0.940610000955,2.137
0.940620000955,2.10575
0.940630000955,2.10575
0.940640000955,2.137
0.940650000955,2.0745
0.940660000955,2.10575
0.940670000955,2.137
0.940680000955,2.137
0.940690000955,2.10575
0.940700000955,2.10575
0.940710000955,2.0745
0.940720000955,2.10575
0.940730000955,2.10575
0.940740000955,2.0745
0.940750000955,2.10575
0.940760000955,2.137
0.940770000955,2.10575
0.940780000955,2.10575
0.940790000955,2.10575
0.940800000955,2.10575
0.940810000955,2.0745
0.940820000955,2.137
0.940830000955,2.137
0.940840000955,2.10575
0.940850000955,2.10575
0.940860000955,2.137
0.940870000955,2.10575
0.940880000955,2.10575
0.940890000955,2.10575
0.940900000955,2.10575
0.940910000955,2.10575
0.940920000955,2.10575
0.940930000955,2.10575
0.940940000955,2.10575
0.940950000955,2.16825
0.940960000955,2.10575
0.940970000955,2.10575
0.940980000955,2.10575
0.940990000955,2.10575
0.941000000955,2.0745
0.941010000955,2.10575
0.941020000955,2.10575
0.941030000955,2.10575
0.941040000955,2.137
0.941050000955,2.137
0.941060000955,2.137
0.941070000955,2.10575
0.941080000955,2.10575
0.941090000955,2.0745
0.941100000955,2.10575
0.941110000955,2.0745
0.941120000955,2.0745
0.941130000955,2.137
0.941140000955,2.0745
0.941150000955,2.10575
0.941160000955,2.0745
0.941170000955,2.10575
0.941180000955,2.10575
0.941190000955,2.0745
0.941200000955,2.10575
0.941210000955,2.137
0.941220000955,2.10575
0.941230000955,2.10575
0.941240000955,2.10575
0.941250000955,2.10575
0.941260000955,2.10575
0.941270000955,2.0745
0.941280000955,2.10575
0.941290000955,2.137
0.941300000955,2.10575
0.941310000955,2.137
0.941320000955,2.10575
0.941330000955,2.10575
0.941340000955,2.10575
0.941350000955,2.137
0.941360000955,2.137
0.941370000955,2.137
0.941380000955,2.137
0.941390000955,2.10575
0.941400000955,2.10575
0.941410000955,2.10575
0.941420000955,2.137
0.941430000955,2.10575
0.941440000955,2.137
0.941450000955,2.137
0.941460000955,2.0745
0.941470000955,2.10575
0.941480000955,2.137
0.941490000955,2.10575
0.941500000955,2.137
0.941510000955,2.10575
0.941520000955,2.10575
0.941530000955,2.10575
0.941540000955,2.10575
0.941550000955,2.137
0.941560000955,2.137
0.941570000955,2.0745
0.941580000955,2.0745
0.941590000955,2.10575
0.941600000955,2.16825
0.941610000955,2.10575
0.941620000955,2.10575
0.941630000955,2.10575
0.941640000955,2.10575
0.941650000955,2.10575
0.941660000955,2.0745
0.941670000955,2.0745
0.941680000955,2.10575
0.941690000955,2.10575
0.941700000955,2.0745
0.941710000955,2.10575
0.941720000955,2.10575
0.941730000955,2.10575
0.941740000955,2.137
0.941750000955,2.137
0.941760000955,2.0745
0.941770000955,2.10575
0.941780000955,2.10575
0.941790000955,2.10575
0.941800000955,2.137
0.941810000955,2.137
0.941820000955,2.0745
0.941830000955,2.10575
0.941840000955,2.137
0.941850000955,2.10575
0.941860000955,2.10575
0.941870000955,2.10575
0.941880000955,2.10575
0.941890000955,2.10575
0.941900000955,2.10575
0.941910000955,2.10575
0.941920000955,2.0745
0.941930000955,2.137
0.941940000955,2.10575
0.941950000955,2.10575
0.941960000955,2.10575
0.941970000955,2.10575
0.941980000955,2.0745
0.941990000955,2.10575
0.942000000955,2.10575
0.942010000955,2.10575
0.942020000955,2.10575
0.942030000955,2.10575
0.942040000955,2.137
0.942050000955,2.10575
0.942060000955,2.10575
0.942070000955,2.0745
0.942080000955,2.0745
0.942090000955,2.10575
0.942100000955,2.137
0.942110000955,2.137
0.942120000955,2.0745
0.942130000955,2.137
0.942140000955,2.16825
0.942150000955,2.10575
0.942160000955,2.137
0.942170000955,2.137
0.942180000955,2.0745
0.942190000955,2.137
0.942200000955,2.10575
0.942210000955,2.10575
0.942220000955,2.10575
0.942230000955,2.10575
0.942240000955,2.10575
0.942250000955,2.137
0.942260000955,2.137
0.942270000955,2.16825
0.942280000955,2.10575
0.942290000955,2.10575
0.942300000955,2.10575
0.942310000955,2.10575
0.942320000955,2.0745
0.942330000955,2.10575
0.942340000955,2.10575
0.942350000955,2.10575
0.942360000955,2.0745
0.942370000955,2.10575
0.942380000955,2.10575
0.942390000955,2.137
0.942400000955,2.137
0.942410000955,2.10575
0.942420000955,2.10575
0.942430000955,2.10575
0.942440000955,2.10575
0.942450000955,2.137
0.942460000955,2.10575
0.942470000955,2.10575
0.942480000955,2.10575
0.942490000955,2.10575
0.942500000955,2.0745
0.942510000955,2.10575
0.942520000955,2.0745
0.942530000955,2.0745
0.942540000955,2.0745
0.942550000955,2.10575
0.942560000955,2.10575
0.942570000955,2.10575
0.942580000955,2.10575
0.942590000955,2.10575
0.942600000955,2.10575
0.942610000955,2.10575
0.942620000955,2.10575
0.942630000955,2.10575
0.942640000955,2.10575
0.942650000955,2.10575
0.942660000955,2.10575
0.942670000955,2.137
0.942680000955,2.10575
0.942690000955,2.0745
0.942700000955,2.10575
0.942710000955,2.0745
0.942720000955,2.0745
0.942730000955,2.10575
0.942740000955,2.137
0.942750000955,2.0745
0.942760000955,2.10575
0.942770000955,2.10575
0.942780000955,2.137
0.942790000955,2.0745
0.942800000955,2.10575
0.942810000955,2.10575
0.942820000955,2.10575
0.942830000955,2.10575
0.942840000955,2.10575
0.942850000955,2.0745
0.942860000955,2.10575
0.942870000955,2.10575
0.942880000955,2.10575
0.942890000955,2.10575
0.942900000955,2.137
0.942910000955,2.10575
0.942920000955,2.10575
0.942930000955,2.10575
0.942940000955,2.0745
0.942950000955,2.10575
0.942960000955,2.0745
0.942970000955,2.10575
0.942980000955,2.10575
0.942990000955,2.10575
0.943000000955,2.10575
0.943010000955,2.10575
0.943020000955,2.10575
0.943030000955,2.10575
0.943040000955,2.137
0.943050000955,2.0745
0.943060000955,2.10575
0.943070000955,2.137
0.943080000955,2.10575
0.943090000955,2.0745
0.943100000955,2.10575
0.943110000955,2.10575
0.943120000955,2.0745
0.943130000955,2.137
0.943140000955,2.0745
0.943150000955,2.10575
0.943160000955,2.0745
0.943170000955,2.10575
0.943180000955,2.10575
0.943190000955,2.10575
0.943200000955,2.0745
0.943210000955,2.10575
0.943220000955,2.10575
0.943230000955,2.0745
0.943240000955,2.0745
0.943250000955,2.10575
0.943260000955,2.0745
0.943270000955,2.0745
0.943280000955,2.10575
0.943290000955,2.10575
0.943300000955,2.0745
0.943310000955,2.0745
0.943320000955,2.10575
0.943330000955,2.137
0.943340000955,2.10575
0.943350000955,2.10575
0.943360000955,2.10575
0.943370000955,2.0745
0.943380000955,2.137
0.943390000955,2.0745
0.943400000955,2.10575
0.943410000955,2.0745
0.943420000955,2.10575
0.943430000955,2.10575
0.943440000955,2.10575
0.943450000955,2.10575
0.943460000955,2.10575
0.943470000955,2.0745
0.943480000955,2.10575
0.943490000955,2.10575
0.943500000955,2.10575
0.943510000955,2.0745
0.943520000955,2.10575
0.943530000955,2.10575
0.943540000955,2.10575
0.943550000955,2.0745
0.943560000955,2.10575
0.943570000955,2.10575
0.943580000955,2.10575
0.943590000955,2.10575
0.943600000955,2.10575
0.943610000955,2.10575
0.943620000955,2.0745
0.943630000955,2.10575
0.943640000955,2.10575
0.943650000955,2.10575
0.943660000955,2.10575
0.943670000955,2.0745
0.943680000955,2.10575
0.943690000955,2.10575
0.943700000955,2.10575
0.943710000955,2.10575
0.943720000955,2.0745
0.943730000955,2.137
0.943740000955,2.10575
0.943750000955,2.10575
0.943760000955,2.0745
0.943770000955,2.10575
0.943780000955,2.137
0.943790000955,2.10575
0.943800000955,2.10575
0.943810000955,2.10575
0.943820000955,2.10575
0.943830000955,2.10575
0.943840000955,2.0745
0.943850000955,2.0745
0.943860000955,2.10575
0.943870000955,2.10575
0.943880000955,2.0745
0.943890000955,2.10575
0.943900000955,2.10575
0.943910000955,2.10575
0.943920000955,2.137
0.943930000955,2.0745
0.943940000955,2.0745
0.943950000955,2.137
0.943960000955,2.10575
0.943970000955,2.10575
0.943980000955,2.0745
0.943990000955,2.10575
0.944000000955,2.10575
0.944010000955,2.10575
0.944020000955,2.137
0.944030000955,2.04325
0.944040000955,2.0745
0.944050000955,2.10575
0.944060000955,2.0745
0.944070000955,2.10575
0.944080000955,2.10575
0.944090000955,2.10575
0.944100000955,2.0745
0.944110000955,2.10575
0.944120000955,2.10575
0.944130000955,2.10575
0.944140000955,2.0745
0.944150000955,2.0745
0.944160000955,2.10575
0.944170000955,2.10575
0.944180000955,2.0745
0.944190000955,2.0745
0.944200000955,2.10575
0.944210000955,2.0745
0.944220000955,2.10575
0.944230000955,2.0745
0.944240000955,2.10575
0.944250000955,2.0745
0.944260000955,2.10575
0.944270000955,2.0745
0.944280000955,2.0745
0.944290000955,2.0745
0.944300000955,2.137
0.944310000955,2.10575
0.944320000955,2.10575
0.944330000955,2.0745
0.944340000955,2.10575
0.944350000955,2.0745
0.944360000955,2.10575
0.944370000955,2.10575
0.944380000955,2.0745
0.944390000955,2.0745
0.944400000955,2.0745
0.944410000955,2.0745
0.944420000955,2.10575
0.944430000955,2.10575
0.944440000955,2.0745
0.944450000955,2.0745
0.944460000955,2.0745
0.944470000955,2.0745
0.944480000955,2.0745
0.944490000955,2.0745
0.944500000955,2.10575
0.944510000955,2.0745
0.944520000955,2.0745
0.944530000955,2.10575
0.944540000955,2.10575
0.944550000955,2.10575
0.944560000955,2.0745
0.944570000955,2.0745
0.944580000955,2.10575
0.944590000955,2.0745
0.944600000955,2.137
0.944610000955,2.0745
0.944620000955,2.10575
0.944630000955,2.10575
0.944640000955,2.10575
0.944650000955,2.10575
0.944660000955,2.04325
0.944670000955,2.10575
0.944680000955,2.0745
0.944690000955,2.10575
0.944700000955,2.0745
0.944710000955,2.10575
0.944720000955,2.10575
0.944730000955,2.137
0.944740000955,2.0745
0.944750000955,2.0745
0.944760000955,2.0745
0.944770000955,2.0745
0.944780000955,2.10575
0.944790000955,2.0745
0.944800000955,2.0745
0.944810000955,2.0745
0.944820000955,2.0745
0.944830000955,2.10575
0.944840000955,2.10575
0.944850000955,2.0745
0.944860000955,2.10575
0.944870000955,2.10575
0.944880000955,2.10575
0.944890000955,2.10575
0.944900000955,2.137
0.944910000955,2.0745
0.944920000955,2.0745
0.944930000955,2.0745
0.944940000955,2.0745
0.944950000955,2.0745
0.944960000955,2.0745
0.944970000955,2.10575
0.944980000955,2.0745
0.944990000955,2.0745
0.945000000955,2.10575
0.945010000955,2.0745
0.945020000955,2.10575
0.945030000955,2.0745
0.945040000955,2.0745
0.945050000955,2.0745
0.945060000955,2.10575
0.945070000955,2.0745
0.945080000955,2.0745
0.945090000955,2.10575
0.945100000955,2.0745
0.945110000955,2.10575
0.945120000955,2.0745
0.945130000955,2.10575
0.945140000955,2.0745
0.945150000955,2.10575
0.945160000955,2.10575
0.945170000955,2.0745
0.945180000955,2.0745
0.945190000955,2.10575
0.945200000955,2.10575
0.945210000955,2.0745
0.945220000955,2.04325
0.945230000955,2.10575
0.945240000955,2.10575
0.945250000955,2.04325
0.945260000955,2.10575
0.945270000955,2.10575
0.945280000955,2.0745
0.945290000955,2.10575
0.945300000955,2.0745
0.945310000955,2.137
0.945320000955,2.0745
0.945330000955,2.0745
0.945340000955,2.0745
0.945350000955,2.0745
0.945360000955,2.10575
0.945370000955,2.0745
0.945380000955,2.04325
0.945390000955,2.10575
0.945400000955,2.0745
0.945410000955,2.10575
0.945420000955,2.10575
0.945430000955,2.10575
0.945440000955,2.0745
0.945450000955,2.04325
0.945460000955,2.10575
0.945470000955,2.0745
0.945480000955,2.0745
0.945490000955,2.10575
0.945500000955,2.0745
0.945510000955,2.0745
0.945520000955,2.0745
0.945530000955,2.0745
0.945540000955,2.0745
0.945550000955,2.04325
0.945560000955,2.04325
0.945570000955,2.0745
0.945580000955,2.10575
0.945590000955,2.10575
0.945600000955,2.0745
0.945610000955,2.10575
0.945620000955,2.0745
0.945630000955,2.10575
0.945640000955,2.0745
0.945650000955,2.0745
0.945660000955,2.10575
0.945670000955,2.0745
0.945680000955,2.0745
0.945690000955,2.04325
0.945700000955,2.10575
0.945710000955,2.10575
0.945720000955,2.0745
0.945730000955,2.10575
0.945740000955,2.10575
0.945750000955,2.0745
0.945760000955,2.0745
0.945770000955,2.0745
0.945780000955,2.0745
0.945790000955,2.04325
0.945800000955,2.0745
0.945810000955,2.10575
0.945820000955,2.10575
0.945830000955,2.0745
0.945840000955,2.0745
0.945850000955,2.10575
0.945860000955,2.10575
0.945870000955,2.10575
0.945880000955,2.10575
0.945890000955,2.04325
0.945900000955,2.137
0.945910000955,2.10575
0.945920000955,2.0745
0.945930000955,2.0745
0.945940000955,2.10575
0.945950000955,2.04325
0.945960000955,2.10575
0.945970000955,2.04325
0.945980000955,2.04325
0.945990000955,2.0745
0.946000000955,2.0745
0.946010000955,2.0745
0.946020000955,2.10575
0.946030000955,2.0745
0.946040000955,2.0745
0.946050000955,2.0745
0.946060000955,2.0745
0.946070000955,2.0745
0.946080000955,2.0745
0.946090000955,2.0745
0.946100000955,2.10575
0.946110000955,2.10575
0.946120000955,2.0745
0.946130000955,2.0745
0.946140000955,2.10575
0.946150000955,2.10575
0.946160000955,2.0745
0.946170000955,2.0745
0.946180000955,2.10575
0.946190000955,2.0745
0.946200000955,2.0745
0.946210000955,2.04325
0.946220000955,2.0745
0.946230000955,2.10575
0.946240000955,2.0745
0.946250000955,2.10575
0.946260000955,2.10575
0.946270000955,2.0745
0.946280000955,2.0745
0.946290000955,2.0745
0.946300000955,2.10575
0.946310000955,2.10575
0.946320000955,2.10575
0.946330000955,2.0745
0.946340000955,2.0745
0.946350000955,2.0745
0.946360000955,2.0745
0.946370000955,2.0745
0.946380000955,2.0745
0.946390000955,2.10575
0.946400000955,2.0745
0.946410000955,2.10575
0.946420000955,2.0745
0.946430000955,2.10575
0.946440000955,2.10575
0.946450000955,2.0745
0.946460000955,2.10575
0.946470000955,2.10575
0.946480000955,2.10575
0.946490000955,2.0745
0.946500000955,2.0745
0.946510000955,2.0745
0.946520000955,2.0745
0.946530000955,2.10575
0.946540000955,2.10575
0.946550000955,2.0745
0.946560000955,2.0745
0.946570000955,2.0745
0.946580000955,2.04325
0.946590000955,2.04325
0.946600000955,2.0745
0.946610000955,2.10575
0.946620000955,2.0745
0.946630000955,2.0745
0.946640000955,2.0745
0.946650000955,2.0745
0.946660000955,2.10575
0.946670000955,2.10575
0.946680000955,2.10575
0.946690000955,2.0745
0.946700000955,2.0745
0.946710000955,2.0745
0.946720000955,2.04325
0.946730000955,2.10575
0.946740000955,2.10575
0.946750000955,2.10575
0.946760000955,2.0745
0.946770000955,2.0745
0.946780000955,2.0745
0.946790000955,2.10575
0.946800000955,2.0745
0.946810000955,2.0745
0.946820000955,2.10575
0.946830000955,2.10575
0.946840000955,2.0745
0.946850000955,2.0745
0.946860000955,2.0745
0.946870000955,2.0745
0.946880000955,2.10575
0.946890000955,2.0745
0.946900000955,2.0745
0.946910000955,2.0745
0.946920000955,2.04325
0.946930000955,2.04325
0.946940000955,2.04325
0.946950000955,2.0745
0.946960000955,2.10575
0.946970000955,2.0745
0.946980000955,2.0745
0.946990000955,2.0745
0.947000000955,2.0745
0.947010000955,2.0745
0.947020000955,2.0745
0.947030000955,2.10575
0.947040000955,2.10575
0.947050000955,2.0745
0.947060000955,2.0745
0.947070000955,2.10575
0.947080000955,2.10575
0.947090000955,2.10575
0.947100000955,2.0745
0.947110000955,2.10575
0.947120000955,2.04325
0.947130000955,2.0745
0.947140000955,2.0745
0.947150000955,2.0745
0.947160000955,2.0745
0.947170000955,2.0745
0.947180000955,2.0745
0.947190000955,2.10575
0.947200000955,2.10575
0.947210000955,2.10575
0.947220000955,2.10575
0.947230000955,2.10575
0.947240000955,2.10575
0.947250000955,2.10575
0.947260000955,2.10575
0.947270000955,2.04325
0.947280000955,2.10575
0.947290000955,2.0745
0.947300000955,2.0745
0.947310000955,2.0745
0.947320000955,2.10575
0.947330000955,2.04325
0.947340000955,2.0745
0.947350000955,2.10575
0.947360000955,2.0745
0.947370000955,2.0745
0.947380000955,2.0745
0.947390000955,2.0745
0.947400000955,2.0745
0.947410000955,2.10575
0.947420000955,2.137
0.947430000955,2.0745
0.947440000955,2.10575
0.947450000955,2.10575
0.947460000955,2.0745
0.947470000955,2.04325
0.947480000955,2.0745
0.947490000955,2.0745
0.947500000955,2.04325
0.947510000955,2.10575
0.947520000955,2.0745
0.947530000955,2.0745
0.947540000955,2.10575
0.947550000955,2.10575
0.947560000955,2.0745
0.947570000955,2.04325
0.947580000955,2.0745
0.947590000955,2.10575
0.947600000955,2.04325
0.947610000955,2.0745
0.947620000955,2.0745
0.947630000955,2.0745
0.947640000955,2.10575
0.947650000955,2.0745
0.947660000955,2.10575
0.947670000955,2.10575
0.947680000955,2.0745
0.947690000955,2.0745
0.947700000955,2.0745
0.947710000955,2.10575
0.947720000955,2.10575
0.947730000955,2.04325
0.947740000955,2.10575
0.947750000955,2.10575
0.947760000955,2.0745
0.947770000955,2.0745
0.947780000955,2.0745
0.947790000955,2.0745
0.947800000955,2.04325
0.947810000955,2.0745
0.947820000955,2.10575
0.947830000955,2.04325
0.947840000955,2.10575
0.947850000955,2.04325
0.947860000955,2.0745
0.947870000955,2.04325
0.947880000955,2.0745
0.947890000955,2.10575
0.947900000955,2.0745
0.947910000955,2.10575
0.947920000955,2.10575
0.947930000955,2.10575
0.947940000955,2.0745
0.947950000955,2.10575
0.947960000955,2.10575
0.947970000955,2.0745
0.947980000955,2.10575
0.947990000955,2.0745
0.948000000955,2.0745
0.948010000955,2.0745
0.948020000955,2.0745
0.948030000955,2.10575
0.948040000955,2.04325
0.948050000955,2.0745
0.948060000955,2.137
0.948070000955,2.04325
0.948080000955,2.10575
0.948090000955,2.0745
0.948100000955,2.10575
0.948110000955,2.0745
0.948120000955,2.10575
0.948130000955,2.0745
0.948140000955,2.0745
0.948150000955,2.0745
0.948160000955,2.10575
0.948170000955,2.10575
0.948180000955,2.0745
0.948190000955,2.0745
0.948200000955,2.10575
0.948210000955,2.0745
0.948220000955,2.10575
0.948230000955,2.10575
0.948240000955,2.137
0.948250000955,2.0745
0.948260000955,2.10575
0.948270000955,2.137
0.948280000955,2.0745
0.948290000955,2.0745
0.948300000955,2.10575
0.948310000955,2.10575
0.948320000955,2.0745
0.948330000955,2.10575
0.948340000955,2.0745
0.948350000955,2.0745
0.948360000955,2.0745
0.948370000955,2.0745
0.948380000955,2.10575
0.948390000955,2.0745
0.948400000955,2.10575
0.948410000955,2.0745
0.948420000955,2.10575
0.948430000955,2.10575
0.948440000955,2.0745
0.948450000955,2.10575
0.948460000955,2.10575
0.948470000955,2.0745
0.948480000955,2.04325
0.948490000955,2.0745
0.948500000955,2.10575
0.948510000955,2.10575
0.948520000955,2.0745
0.948530000955,2.10575
0.948540000955,2.0745
0.948550000955,2.10575
0.948560000955,2.0745
0.948570000955,2.0745
0.948580000955,2.10575
0.948590000955,2.0745
0.948600000955,2.0745
0.948610000955,2.0745
0.948620000955,2.0745
0.948630000955,2.137
0.948640000955,2.10575
0.948650000955,2.10575
0.948660000955,2.10575
0.948670000955,2.0745
0.948680000955,2.0745
0.948690000955,2.04325
0.948700000955,2.10575
0.948710000955,2.10575
0.948720000955,2.0745
0.948730000955,2.10575
0.948740000955,2.0745
0.948750000955,2.10575
0.948760000955,2.10575
0.948770000955,2.0745
0.948780000955,2.0745
0.948790000955,2.0745
0.948800000955,2.137
0.948810000955,2.10575
0.948820000955,2.10575
0.948830000955,2.0745
0.948840000955,2.10575
0.948850000955,2.10575
0.948860000955,2.0745
0.948870000955,2.0745
0.948880000955,2.0745
0.948890000955,2.0745
0.948900000955,2.10575
0.948910000955,2.10575
0.948920000955,2.0745
0.948930000955,2.10575
0.948940000955,2.10575
0.948950000955,2.0745
0.948960000955,2.0745
0.948970000955,2.0745
0.948980000955,2.137
0.948990000955,2.0745
0.949000000955,2.04325
0.949010000955,2.0745
0.949020000955,2.0745
0.949030000955,2.137
0.949040000955,2.0745
0.949050000955,2.10575
0.949060000955,2.0745
0.949070000955,2.04325
0.949080000955,2.0745
0.949090000955,2.10575
0.949100000955,2.0745
0.949110000955,2.0745
0.949120000955,2.0745
0.949130000955,2.04325
0.949140000955,2.0745
0.949150000955,2.137
0.949160000955,2.0745
0.949170000955,2.10575
0.949180000955,2.0745
0.949190000955,2.10575
0.949200000955,2.0745
0.949210000955,2.10575
0.949220000955,2.0745
0.949230000955,2.0745
0.949240000955,2.10575
0.949250000955,2.10575
0.949260000955,2.0745
0.949270000955,2.137
0.949280000955,2.10575
0.949290000955,2.0745
0.949300000955,2.0745
0.949310000955,2.0745
0.949320000955,2.10575
0.949330000955,2.137
0.949340000955,2.0745
0.949350000955,2.10575
0.949360000955,2.04325
0.949370000955,2.0745
0.949380000955,2.0745
0.949390000955,2.04325
0.949400000955,2.0745
0.949410000955,2.10575
0.949420000955,2.0745
0.949430000955,2.0745
0.949440000955,2.10575
0.949450000955,2.04325
0.949460000955,2.10575
0.949470000955,2.0745
0.949480000955,2.10575
0.949490000955,2.0745
0.949500000955,2.04325
0.949510000955,2.0745
0.949520000955,2.0745
0.949530000955,2.10575
0.949540000955,2.0745
0.949550000955,2.10575
0.949560000955,2.10575
0.949570000955,2.10575
0.949580000955,2.10575
0.949590000955,2.10575
0.949600000955,2.10575
0.949610000955,2.10575
0.949620000955,2.10575
0.949630000955,2.10575
0.949640000955,2.137
0.949650000955,2.0745
0.949660000955,2.10575
0.949670000955,2.10575
0.949680000955,2.0745
0.949690000955,2.10575
0.949700000955,2.10575
0.949710000955,2.10575
0.949720000955,2.0745
0.949730000955,2.04325
0.949740000955,2.0745
0.949750000955,2.10575
0.949760000955,2.04325
0.949770000955,2.10575
0.949780000955,2.10575
0.949790000955,2.10575
0.949800000955,2.0745
0.949810000955,2.10575
0.949820000955,2.137
0.949830000955,2.0745
0.949840000955,2.0745
0.949850000955,2.0745
0.949860000955,2.10575
0.949870000955,2.10575
0.949880000955,2.0745
0.949890000955,2.10575
0.949900000955,2.0745
0.949910000955,2.10575
0.949920000955,2.10575
0.949930000955,2.0745
0.949940000955,2.10575
0.949950000955,2.10575
0.949960000955,2.10575
0.949970000955,2.10575
0.949980000955,2.10575
0.949990000955,2.0745
0.950000000955,2.0745
0.950010000955,2.0745
0.950020000955,2.0745
0.950030000955,2.0745
0.950040000955,2.0745
0.950050000955,2.0745
0.950060000955,2.10575
0.950070000955,2.137
0.950080000955,2.04325
0.950090000955,2.10575
0.950100000955,2.10575
0.950110000955,2.0745
0.950120000955,2.10575
0.950130000955,2.0745
0.950140000955,2.10575
0.950150000955,2.137
0.950160000955,2.10575
0.950170000955,2.10575
0.950180000955,2.10575
0.950190000955,2.10575
0.950200000955,2.0745
0.950210000955,2.10575
0.950220000955,2.0745
0.950230000955,2.04325
0.950240000955,2.10575
0.950250000955,2.10575
0.950260000955,2.0745
0.950270000955,2.10575
0.950280000955,2.10575
0.950290000955,2.0745
0.950300000955,2.10575
0.950310000955,2.10575
0.950320000955,2.0745
0.950330000955,2.0745
0.950340000955,2.0745
0.950350000955,2.10575
0.950360000955,2.0745
0.950370000955,2.137
0.950380000955,2.0745
0.950390000955,2.0745
0.950400000955,2.0745
0.950410000955,2.0745
0.950420000955,2.0745
0.950430000955,2.10575
0.950440000955,2.10575
0.950450000955,2.10575
0.950460000955,2.0745
0.950470000955,2.0745
0.950480000955,2.0745
0.950490000955,2.0745
0.950500000955,2.10575
0.950510000955,2.10575
0.950520000955,2.0745
0.950530000955,2.10575
0.950540000955,2.10575
0.950550000955,2.0745
0.950560000955,2.0745
0.950570000955,2.0745
0.950580000955,2.0745
0.950590000955,2.10575
0.950600000955,2.10575
0.950610000955,2.10575
0.950620000955,2.0745
0.950630000955,2.0745
0.950640000955,2.137
0.950650000955,2.0745
0.950660000955,2.10575
0.950670000955,2.0745
0.950680000955,2.10575
0.950690000955,2.10575
0.950700000955,2.0745
0.950710000955,2.10575
0.950720000955,2.10575
0.950730000955,2.10575
0.950740000955,2.10575
0.950750000955,2.0745
0.950760000955,2.04325
0.950770000955,2.10575
0.950780000955,2.10575
0.950790000955,2.10575
0.950800000955,2.10575
0.950810000955,2.0745
0.950820000955,2.10575
0.950830000955,2.0745
0.950840000955,2.10575
0.950850000955,2.10575
0.950860000955,2.0745
0.950870000955,2.10575
0.950880000955,2.0745
0.950890000955,2.10575
0.950900000955,2.04325
0.950910000955,2.0745
0.950920000955,2.10575
0.950930000955,2.10575
0.950940000955,2.0745
0.950950000955,2.10575
0.950960000955,2.0745
0.950970000955,2.10575
0.950980000955,2.0745
0.950990000955,2.0745
0.951000000955,2.0745
0.951010000955,2.0745
0.951020000955,2.10575
0.951030000955,2.137
0.951040000955,2.0745
0.951050000955,2.10575
0.951060000955,2.10575
0.951070000955,2.10575
0.951080000955,2.0745
0.951090000955,2.0745
0.951100000955,2.0745
0.951110000955,2.10575
0.951120000955,2.10575
0.951130000955,2.04325
0.951140000955,2.10575
0.951150000955,2.0745
0.951160000955,2.0745
0.951170000955,2.10575
0.951180000955,2.0745
0.951190000955,2.0745
0.951200000955,2.10575
0.951210000955,2.0745
0.951220000955,2.10575
0.951230000955,2.10575
0.951240000955,2.0745
0.951250000955,2.0745
0.951260000955,2.10575
0.951270000955,2.10575
0.951280000955,2.0745
0.951290000955,2.0745
0.951300000955,2.10575
0.951310000955,2.10575
0.951320000955,2.10575
0.951330000955,2.10575
0.951340000955,2.0745
0.951350000955,2.0745
0.951360000955,2.10575
0.951370000955,2.0745
0.951380000955,2.10575
0.951390000955,2.10575
0.951400000955,2.10575
0.951410000955,2.0745
0.951420000955,2.0745
0.951430000955,2.0745
0.951440000955,2.0745
0.951450000955,2.10575
0.951460000955,2.0745
0.951470000955,2.10575
0.951480000955,2.0745
0.951490000955,2.0745
0.951500000955,2.04325
0.951510000955,2.10575
0.951520000955,2.10575
0.951530000955,2.10575
0.951540000955,2.0745
0.951550000955,2.0745
0.951560000955,2.10575
0.951570000955,2.10575
0.951580000955,2.0745
0.951590000955,2.10575
0.951600000955,2.0745
0.951610000955,2.137
0.951620000955,2.0745
0.951630000955,2.0745
0.951640000955,2.10575
0.951650000955,2.0745
0.951660000955,2.10575
0.951670000955,2.10575
0.951680000955,2.0745
0.951690000955,2.10575
0.951700000955,2.0745
0.951710000955,2.0745
0.951720000955,2.0745
0.951730000955,2.10575
0.951740000955,2.10575
0.951750000955,2.0745
0.951760000955,2.10575
0.951770000955,2.10575
0.951780000955,2.10575
0.951790000955,2.10575
0.951800000955,2.10575
0.951810000955,2.10575
0.951820000955,2.10575
0.951830000955,2.0745
0.951840000955,2.0745
0.951850000955,2.10575
0.951860000955,2.0745
0.951870000955,2.0745
0.951880000955,2.0745
0.951890000955,2.04325
0.951900000955,2.0745
0.951910000955,2.0745
0.951920000955,2.0745
0.951930000955,2.10575
0.951940000955,2.10575
0.951950000955,2.04325
0.951960000955,2.0745
0.951970000955,2.10575
0.951980000955,2.10575
0.951990000955,2.0745
0.952000000955,2.10575
0.952010000955,2.10575
0.952020000955,2.0745
0.952030000955,2.0745
0.952040000955,2.0745
0.952050000955,2.0745
0.952060000955,2.0745
0.952070000955,2.10575
0.952080000955,2.0745
0.952090000955,2.0745
0.952100000955,2.10575
0.952110000955,2.10575
0.952120000955,2.10575
0.952130000955,2.10575
0.952140000955,2.10575
0.952150000955,2.0745
0.952160000955,2.10575
0.952170000955,2.10575
0.952180000955,2.137
0.952190000955,2.0745
0.952200000955,2.0745
0.952210000955,2.0745
0.952220000955,2.10575
0.952230000955,2.0745
0.952240000955,2.10575
0.952250000955,2.137
0.952260000955,2.0745
0.952270000955,2.0745
0.952280000955,2.10575
0.952290000955,2.0745
0.952300000955,2.10575
0.952310000955,2.10575
0.952320000955,2.0745
0.952330000955,2.10575
0.952340000955,2.0745
0.952350000955,2.10575
0.952360000955,2.10575
0.952370000955,2.10575
0.952380000955,2.10575
0.952390000955,2.0745
0.952400000955,2.10575
0.952410000955,2.0745
0.952420000955,2.10575
0.952430000955,2.0745
0.952440000955,2.0745
0.952450000955,2.0745
0.952460000955,2.10575
0.952470000955,2.0745
0.952480000955,2.0745
0.952490000955,2.137
0.952500000955,2.0745
0.952510000955,2.10575
0.952520000955,2.10575
0.952530000955,2.137
0.952540000955,2.10575
0.952550000955,2.0745
0.952560000955,2.10575
0.952570000955,2.10575
0.952580000955,2.10575
0.952590000955,2.10575
0.952600000955,2.04325
0.952610000955,2.0745
0.952620000955,2.10575
0.952630000955,2.04325
0.952640000955,2.0745
0.952650000955,2.0745
0.952660000955,2.10575
0.952670000955,2.0745
0.952680000955,2.10575
0.952690000955,2.137
0.952700000955,2.0745
0.952710000955,2.10575
0.952720000955,2.10575
0.952730000955,2.0745
0.952740000955,2.10575
0.952750000955,2.10575
0.952760000955,2.0745
0.952770000955,2.0745
0.952780000955,2.10575
0.952790000955,2.10575
0.952800000955,2.10575
0.952810000955,2.10575
0.952820000955,2.0745
0.952830000955,2.10575
0.952840000955,2.10575
0.952850000955,2.0745
0.952860000955,2.10575
0.952870000955,2.0745
0.952880000955,2.137
0.952890000955,2.0745
0.952900000955,2.0745
0.952910000955,2.10575
0.952920000955,2.0745
0.952930000955,2.0745
0.952940000955,2.10575
0.952950000955,2.10575
0.952960000955,2.10575
0.952970000955,2.10575
0.952980000955,2.10575
0.952990000955,2.0745
0.953000000955,2.10575
0.953010000955,2.10575
0.953020000955,2.10575
0.953030000955,2.10575
0.953040000955,2.137
0.953050000955,2.0745
0.953060000955,2.0745
0.953070000955,2.10575
0.953080000955,2.04325
0.953090000955,2.0745
0.953100000955,2.10575
0.953110000955,2.0745
0.953120000955,2.0745
0.953130000955,2.0745
0.953140000955,2.10575
0.953150000955,2.10575
0.953160000955,2.10575
0.953170000955,2.10575
0.953180000955,2.10575
0.953190000955,2.10575
0.953200000955,2.10575
0.953210000955,2.10575
0.953220000955,2.10575
0.953230000955,2.0745
0.953240000955,2.0745
0.953250000955,2.0745
0.953260000955,2.0745
0.953270000955,2.16825
0.953280000955,2.10575
0.953290000955,2.10575
0.953300000955,2.10575
0.953310000955,2.10575
0.953320000955,2.10575
0.953330000955,2.10575
0.953340000955,2.10575
0.953350000955,2.0745
0.953360000955,2.0745
0.953370000955,2.0745
0.953380000955,2.10575
0.953390000955,2.0745
0.953400000955,2.0745
0.953410000955,2.0745
0.953420000955,2.0745
0.953430000955,2.0745
0.953440000955,2.0745
0.953450000955,2.10575
0.953460000955,2.0745
0.953470000955,2.0745
0.953480000955,2.0745
0.953490000955,2.10575
0.953500000955,2.0745
0.953510000955,2.10575
0.953520000955,2.0745
0.953530000955,2.0745
0.953540000955,2.10575
0.953550000955,2.04325
0.953560000955,2.0745
0.953570000955,2.10575
0.953580000955,2.10575
0.953590000955,2.10575
0.953600000955,2.10575
0.953610000955,2.10575
0.953620000955,2.0745
0.953630000955,2.0745
0.953640000955,2.10575
0.953650000955,2.10575
0.953660000955,2.10575
0.953670000955,2.10575
0.953680000955,2.10575
0.953690000955,2.0745
0.953700000955,2.0745
0.953710000955,2.10575
0.953720000955,2.10575
0.953730000955,2.10575
0.953740000955,2.10575
0.953750000955,2.0745
0.953760000955,2.137
0.953770000955,2.10575
0.953780000955,2.10575
0.953790000955,2.10575
0.953800000955,2.10575
0.953810000955,2.0745
0.953820000955,2.10575
0.953830000955,2.10575
0.953840000955,2.137
0.953850000955,2.10575
0.953860000955,2.10575
0.953870000955,2.137
0.953880000955,2.137
0.953890000955,2.10575
0.953900000955,2.137
0.953910000955,2.137
0.953920000955,2.10575
0.953930000955,2.0745
0.953940000955,2.10575
0.953950000955,2.16825
0.953960000955,2.0745
0.953970000955,2.10575
0.953980000955,2.10575
0.953990000955,2.10575
0.954000000955,2.10575
0.954010000955,2.0745
0.954020000955,2.10575
0.954030000955,2.10575
0.954040000955,2.137
0.954050000955,2.10575
0.954060000955,2.0745
0.954070000955,2.0745
0.954080000955,2.137
0.954090000955,2.0745
0.954100000955,2.10575
0.954110000955,2.137
0.954120000955,2.137
0.954130000955,2.0745
0.954140000955,2.0745
0.954150000955,2.10575
0.954160000955,2.0745
0.954170000955,2.0745
0.954180000955,2.137
0.954190000955,2.0745
0.954200000955,2.10575
0.954210000955,2.0745
0.954220000955,2.137
0.954230000955,2.0745
0.954240000955,2.10575
0.954250000955,2.04325
0.954260000955,2.10575
0.954270000955,2.10575
0.954280000955,2.0745
0.954290000955,2.137
0.954300000955,2.10575
0.954310000955,2.10575
0.954320000955,2.10575
0.954330000955,2.10575
0.954340000955,2.0745
0.954350000955,2.0745
0.954360000955,2.10575
0.954370000955,2.0745
0.954380000955,2.10575
0.954390000955,2.0745
0.954400000955,2.10575
0.954410000955,2.10575
0.954420000955,2.137
0.954430000955,2.0745
0.954440000955,2.137
0.954450000955,2.137
0.954460000955,2.137
0.954470000955,2.10575
0.954480000955,2.10575
0.954490000955,2.0745
0.954500000955,2.10575
0.954510000955,2.10575
0.954520000955,2.0745
0.954530000955,2.0745
0.954540000955,2.0745
0.954550000955,2.10575
0.954560000955,2.10575
0.954570000955,2.10575
0.954580000955,2.0745
0.954590000955,2.137
0.954600000955,2.10575
0.954610000955,2.10575
0.954620000955,2.137
0.954630000955,2.10575
0.954640000955,2.10575
0.954650000955,2.137
0.954660000955,2.137
0.954670000955,2.0745
0.954680000955,2.10575
0.954690000955,2.0745
0.954700000955,2.10575
0.954710000955,2.10575
0.954720000955,2.137
0.954730000955,2.10575
0.954740000955,2.0745
0.954750000955,2.0745
0.954760000955,2.137
0.954770000955,2.0745
0.954780000955,2.10575
0.954790000955,2.0745
0.954800000955,2.0745
0.954810000955,2.137
0.954820000955,2.10575
0.954830000955,2.10575
0.954840000955,2.137
0.954850000955,2.137
0.954860000955,2.137
0.954870000955,2.0745
0.954880000955,2.0745
0.954890000955,2.10575
0.954900000955,2.0745
0.954910000955,2.10575
0.954920000955,2.137
0.954930000955,2.10575
0.954940000955,2.0745
0.954950000955,2.10575
0.954960000955,2.0745
0.954970000955,2.0745
0.954980000955,2.10575
0.954990000955,2.10575
0.955000000955,2.0745
0.955010000955,2.0745
0.955020000955,2.10575
0.955030000955,2.10575
0.955040000955,2.10575
0.955050000955,2.0745
0.955060000955,2.10575
0.955070000955,2.10575
0.955080000955,2.10575
0.955090000955,2.0745
0.955100000955,2.10575
0.955110000955,2.10575
0.955120000955,2.10575
0.955130000955,2.10575
0.955140000955,2.10575
0.955150000955,2.0745
0.955160000955,2.10575
0.955170000955,2.10575
0.955180000955,2.0745
0.955190000955,2.10575
0.955200000955,2.10575
0.955210000955,2.10575
0.955220000955,2.10575
0.955230000955,2.04325
0.955240000955,2.137
0.955250000955,2.10575
0.955260000955,2.10575
0.955270000955,2.10575
0.955280000955,2.0745
0.955290000955,2.0745
0.955300000955,2.0745
0.955310000955,2.10575
0.955320000955,2.0745
0.955330000955,2.0745
0.955340000955,2.10575
0.955350000955,2.10575
0.955360000955,2.0745
0.955370000955,2.0745
0.955380000955,2.137
0.955390000955,2.10575
0.955400000955,2.10575
0.955410000955,2.10575
0.955420000955,2.10575
0.955430000955,2.0745
0.955440000955,2.10575
0.955450000955,2.10575
0.955460000955,2.10575
0.955470000955,2.10575
0.955480000955,2.10575
0.955490000955,2.0745
0.955500000955,2.0745
0.955510000955,2.10575
0.955520000955,2.10575
0.955530000955,2.0745
0.955540000955,2.137
0.955550000955,2.10575
0.955560000955,2.10575
0.955570000955,2.0745
0.955580000955,2.10575
0.955590000955,2.0745
0.955600000955,2.10575
0.955610000955,2.0745
0.955620000955,2.0745
0.955630000955,2.0745
0.955640000955,2.0745
0.955650000955,2.10575
0.955660000955,2.0745
0.955670000955,2.10575
0.955680000955,2.10575
0.955690000955,2.0745
0.955700000955,2.10575
0.955710000955,2.10575
0.955720000955,2.0745
0.955730000955,2.10575
0.955740000955,2.10575
0.955750000955,2.10575
0.955760000955,2.10575
0.955770000955,2.10575
0.955780000955,2.137
0.955790000955,2.137
0.955800000955,2.10575
0.955810000955,2.10575
0.955820000955,2.10575
0.955830000955,2.0745
0.955840000955,2.137
0.955850000955,2.0745
0.955860000955,2.10575
0.955870000955,2.0745
0.955880000955,2.10575
0.955890000955,2.0745
0.955900000955,2.0745
0.955910000955,2.0745
0.955920000955,2.10575
0.955930000955,2.10575
0.955940000955,2.137
0.955950000955,2.10575
0.955960000955,2.0745
0.955970000955,2.0745
0.955980000955,2.0745
0.955990000955,2.10575
0.956000000955,2.0745
0.956010000955,2.10575
0.956020000955,2.10575
0.956030000955,2.10575
0.956040000955,2.10575
0.956050000955,2.0745
0.956060000955,2.10575
0.956070000955,2.0745
0.956080000955,2.137
0.956090000955,2.0745
0.956100000955,2.0745
0.956110000955,2.0745
0.956120000955,2.10575
0.956130000955,2.10575
0.956140000955,2.10575
0.956150000955,2.10575
0.956160000955,2.0745
0.956170000955,2.0745
0.956180000955,2.10575
0.956190000955,2.10575
0.956200000955,2.10575
0.956210000955,2.10575
0.956220000955,2.10575
0.956230000955,2.10575
0.956240000955,2.10575
0.956250000955,2.0745
0.956260000955,2.10575
0.956270000955,2.0745
0.956280000955,2.10575
0.956290000955,2.0745
0.956300000955,2.10575
0.956310000955,2.10575
0.956320000955,2.0745
0.956330000955,2.0745
0.956340000955,2.10575
0.956350000955,2.0745
0.956360000955,2.0745
0.956370000955,2.10575
0.956380000955,2.10575
0.956390000955,2.10575
0.956400000955,2.10575
0.956410000955,2.0745
0.956420000955,2.0745
0.956430000955,2.0745
0.956440000955,2.0745
0.956450000955,2.0745
0.956460000955,2.10575
0.956470000955,2.10575
0.956480000955,2.0745
0.956490000955,2.0745
0.956500000955,2.10575
0.956510000955,2.10575
0.956520000955,2.10575
0.956530000955,2.10575
0.956540000955,2.10575
0.956550000955,2.10575
0.956560000955,2.0745
0.956570000955,2.137
0.956580000955,2.137
0.956590000955,2.10575
0.956600000955,2.0745
0.956610000955,2.10575
0.956620000955,2.0745
0.956630000955,2.10575
0.956640000955,2.137
0.956650000955,2.10575
0.956660000955,2.0745
0.956670000955,2.10575
0.956680000955,2.10575
0.956690000955,2.10575
0.956700000955,2.10575
0.956710000955,2.0745
0.956720000955,2.137
0.956730000955,2.10575
0.956740000955,2.0745
0.956750000955,2.10575
0.956760000955,2.0745
0.956770000955,2.0745
0.956780000955,2.137
0.956790000955,2.10575
0.956800000955,2.10575
0.956810000955,2.10575
0.956820000955,2.137
0.956830000955,2.10575
0.956840000955,2.10575
0.956850000955,2.0745
0.956860000955,2.10575
0.956870000955,2.137
0.956880000955,2.10575
0.956890000955,2.0745
0.956900000955,2.137
0.956910000955,2.0745
0.956920000955,2.137
0.956930000955,2.10575
0.956940000955,2.0745
0.956950000955,2.10575
0.956960000955,2.0745
0.956970000955,2.10575
0.956980000955,2.10575
0.956990000955,2.10575
0.957000000955,2.10575
0.957010000955,2.0745
0.957020000955,2.10575
0.957030000955,2.10575
0.957040000955,2.0745
0.957050000955,2.137
0.957060000955,2.0745
0.957070000955,2.10575
0.957080000955,2.10575
0.957090000955,2.10575
0.957100000955,2.137
0.957110000955,2.10575
0.957120000955,2.10575
0.957130000955,2.0745
0.957140000955,2.0745
0.957150000955,2.0745
0.957160000955,2.10575
0.957170000955,2.10575
0.957180000955,2.10575
0.957190000955,2.10575
0.957200000955,2.0745
0.957210000955,2.10575
0.957220000955,2.10575
0.957230000955,2.10575
0.957240000955,2.10575
0.957250000955,2.0745
0.957260000955,2.10575
0.957270000955,2.0745
0.957280000955,2.10575
0.957290000955,2.0745
0.957300000955,2.04325
0.957310000955,2.0745
0.957320000955,2.10575
0.957330000955,2.0745
0.957340000955,2.10575
0.957350000955,2.10575
0.957360000955,2.0745
0.957370000955,2.10575
0.957380000955,2.0745
0.957390000955,2.10575
0.957400000955,2.10575
0.957410000955,2.0745
0.957420000955,2.0745
0.957430000955,2.0745
0.957440000955,2.10575
0.957450000955,2.10575
0.957460000955,2.0745
0.957470000955,2.10575
0.957480000955,2.10575
0.957490000955,2.10575
0.957500000955,2.0745
0.957510000955,2.10575
0.957520000955,2.0745
0.957530000955,2.10575
0.957540000955,2.0745
0.957550000955,2.10575
0.957560000955,2.0745
0.957570000955,2.10575
0.957580000955,2.10575
0.957590000955,2.10575
0.957600000955,2.10575
0.957610000955,2.10575
0.957620000955,2.137
0.957630000955,2.10575
0.957640000955,2.137
0.957650000955,2.0745
0.957660000955,2.137
0.957670000955,2.10575
0.957680000955,2.0745
0.957690000955,2.10575
0.957700000955,2.10575
0.957710000955,2.10575
0.957720000955,2.10575
0.957730000955,2.0745
0.957740000955,2.0745
0.957750000955,2.10575
0.957760000955,2.137
0.957770000955,2.10575
0.957780000955,2.137
0.957790000955,2.0745
0.957800000955,2.137
0.957810000955,2.10575
0.957820000955,2.0745
0.957830000955,2.0745
0.957840000955,2.0745
0.957850000955,2.10575
0.957860000955,2.10575
0.957870000955,2.10575
0.957880000955,2.10575
0.957890000955,2.0745
0.957900000955,2.10575
0.957910000955,2.137
0.957920000955,2.137
0.957930000955,2.10575
0.957940000955,2.137
0.957950000955,2.04325
0.957960000955,2.0745
0.957970000955,2.0745
0.957980000955,2.0745
0.957990000955,2.0745
0.958000000955,2.0745
0.958010000955,2.10575
0.958020000955,2.0745
0.958030000955,2.10575
0.958040000955,2.10575
0.958050000955,2.10575
0.958060000955,2.0745
0.958070000955,2.10575
0.958080000955,2.10575
0.958090000955,2.10575
0.958100000955,2.0745
0.958110000955,2.10575
0.958120000955,2.137
0.958130000955,2.137
0.958140000955,2.0745
0.958150000955,2.10575
0.958160000955,2.10575
0.958170000955,2.10575
0.958180000955,2.0745
0.958190000955,2.0745
0.958200000955,2.0745
0.958210000955,2.137
0.958220000955,2.0745
0.958230000955,2.10575
0.958240000955,2.10575
0.958250000955,2.10575
0.958260000955,2.0745
0.958270000955,2.10575
0.958280000955,2.10575
0.958290000955,2.10575
0.958300000955,2.0745
0.958310000955,2.0745
0.958320000955,2.04325
0.958330000955,2.0745
0.958340000955,2.10575
0.958350000955,2.0745
0.958360000955,2.10575
0.958370000955,2.137
0.958380000955,2.10575
0.958390000955,2.0745
0.958400000955,2.0745
0.958410000955,2.0745
0.958420000955,2.04325
0.958430000955,2.10575
0.958440000955,2.10575
0.958450000955,2.0745
0.958460000955,2.10575
0.958470000955,2.0745
0.958480000955,2.137
0.958490000955,2.10575
0.958500000955,2.10575
0.958510000955,2.0745
0.958520000955,2.0745
0.958530000955,2.10575
0.958540000955,2.0745
0.958550000955,2.04325
0.958560000955,2.10575
0.958570000955,2.04325
0.958580000955,2.10575
0.958590000955,2.0745
0.958600000955,2.0745
0.958610000955,2.0745
0.958620000955,2.10575
0.958630000955,2.0745
0.958640000955,2.10575
0.958650000955,2.0745
0.958660000955,2.0745
0.958670000955,2.0745
0.958680000955,2.0745
0.958690000955,2.04325
0.958700000955,2.0745
0.958710000955,2.0745
0.958720000955,2.0745
0.958730000955,2.10575
0.958740000955,2.0745
0.958750000955,2.04325
0.958760000955,2.04325
0.958770000955,2.10575
0.958780000955,2.0745
0.958790000955,2.0745
0.958800000955,2.10575
0.958810000955,2.10575
0.958820000955,2.0745
0.958830000955,2.10575
0.958840000955,2.0745
0.958850000955,2.0745
0.958860000955,2.0745
0.958870000955,2.0745
0.958880000955,2.0745
0.958890000955,2.04325
0.958900000955,2.10575
0.958910000955,2.0745
0.958920000955,2.0745
0.958930000955,2.0745
0.958940000955,2.0745
0.958950000955,2.0745
0.958960000955,2.0745
0.958970000955,2.0745
0.958980000955,2.04325
0.958990000955,2.0745
0.959000000955,2.04325
0.959010000955,2.0745
0.959020000955,2.04325
0.959030000955,2.0745
0.959040000955,2.0745
0.959050000955,2.10575
0.959060000955,2.0745
0.959070000955,2.0745
0.959080000955,2.0745
0.959090000955,2.0745
0.959100000955,2.04325
0.959110000955,2.10575
0.959120000955,2.0745
0.959130000955,2.10575
0.959140000955,2.0745
0.959150000955,2.04325
0.959160000955,2.0745
0.959170000955,2.04325
0.959180000955,2.0745
0.959190000955,2.0745
0.959200000955,2.0745
0.959210000955,2.0745
0.959220000955,2.0745
0.959230000955,2.10575
0.959240000955,2.0745
0.959250000955,2.10575
0.959260000955,2.0745
0.959270000955,2.0745
0.959280000955,2.0745
0.959290000955,2.0745
0.959300000955,2.04325
0.959310000955,2.0745
0.959320000955,2.10575
0.959330000955,2.0745
0.959340000955,2.012
0.959350000955,2.04325
0.959360000955,2.10575
0.959370000955,2.10575
0.959380000955,2.0745
0.959390000955,2.10575
0.959400000955,2.04325
0.959410000955,2.0745
0.959420000955,2.0745
0.959430000955,2.10575
0.959440000955,2.0745
0.959450000955,2.0745
0.959460000955,2.10575
0.959470000955,2.0745
0.959480000955,2.04325
0.959490000955,2.0745
0.959500000955,2.0745
0.959510000955,2.04325
0.959520000955,2.0745
0.959530000955,2.0745
0.959540000955,2.04325
0.959550000955,2.04325
0.959560000955,2.0745
0.959570000955,2.04325
0.959580000955,2.04325
0.959590000955,2.0745
0.959600000955,2.0745
0.959610000955,2.012
0.959620000955,2.04325
0.959630000955,2.0745
0.959640000955,2.0745
0.959650000955,2.0745
0.959660000955,2.04325
0.959670000955,2.04325
0.959680000955,2.0745
0.959690000955,2.0745
0.959700000955,2.04325
0.959710000955,2.04325
0.959720000955,2.04325
0.959730000955,2.0745
0.959740000955,2.0745
0.959750000955,2.0745
0.959760000955,2.04325
0.959770000955,2.0745
0.959780000955,2.0745
0.959790000955,2.04325
0.959800000955,2.04325
0.959810000955,2.0745
0.959820000955,2.04325
0.959830000955,2.04325
0.959840000955,2.0745
0.959850000955,2.0745
0.959860000955,2.0745
0.959870000955,2.04325
0.959880000955,2.0745
0.959890000955,2.0745
0.959900000955,2.0745
0.959910000955,2.04325
0.959920000955,2.0745
0.959930000955,2.0745
0.959940000955,2.0745
0.959950000955,2.0745
0.959960000955,2.04325
0.959970000955,2.0745
0.959980000955,2.0745
0.959990000955,2.0745
0.960000000955,2.04325
0.960010000955,2.04325
0.960020000955,2.04325
0.960030000955,2.0745
0.960040000955,2.04325
0.960050000955,2.04325
0.960060000955,2.04325
0.960070000955,2.0745
0.960080000955,2.04325
0.960090000955,2.04325
0.960100000955,2.04325
0.960110000955,2.0745
0.960120000955,2.10575
0.960130000955,2.04325
0.960140000955,2.0745
0.960150000955,2.0745
0.960160000955,2.04325
0.960170000955,2.04325
0.960180000955,2.04325
0.960190000955,2.04325
0.960200000955,2.04325
0.960210000955,2.04325
0.960220000955,2.0745
0.960230000955,2.04325
0.960240000955,2.04325
0.960250000955,2.04325
0.960260000955,2.04325
0.960270000955,2.04325
0.960280000955,2.04325
0.960290000955,2.04325
0.960300000955,2.04325
0.960310000955,2.04325
0.960320000955,2.012
0.960330000955,2.04325
0.960340000955,2.10575
0.960350000955,2.04325
0.960360000955,2.04325
0.960370000955,2.04325
0.960380000955,2.0745
0.960390000955,2.0745
0.960400000955,2.04325
0.960410000955,2.04325
0.960420000955,2.04325
0.960430000955,2.0745
0.960440000955,2.04325
0.960450000955,2.04325
0.960460000955,2.04325
0.960470000955,2.0745
0.960480000955,2.0745
0.960490000955,2.0745
0.960500000955,2.04325
0.960510000955,2.0745
0.960520000955,2.0745
0.960530000955,2.0745
0.960540000955,2.04325
0.960550000955,2.04325
0.960560000955,2.04325
0.960570000955,2.04325
0.960580000955,2.10575
0.960590000955,2.0745
0.960600000955,2.04325
0.960610000955,2.04325
0.960620000955,2.04325
0.960630000955,2.04325
0.960640000955,2.04325
0.960650000955,2.0745
0.960660000955,2.04325
0.960670000955,2.04325
0.960680000955,2.04325
0.960690000955,2.0745
0.960700000955,2.0745
0.960710000955,2.0745
0.960720000955,2.04325
0.960730000955,2.04325
0.960740000955,2.04325
0.960750000955,2.0745
0.960760000955,2.0745
0.960770000955,2.04325
0.960780000955,2.0745
0.960790000955,2.0745
0.960800000955,2.0745
0.960810000955,2.0745
0.960820000955,2.04325
0.960830000955,2.04325
0.960840000955,2.0745
0.960850000955,2.04325
0.960860000955,2.04325
0.960870000955,2.04325
0.960880000955,2.04325
0.960890000955,2.04325
0.960900000955,2.012
0.960910000955,2.04325
0.960920000955,2.0745
0.960930000955,2.04325
0.960940000955,2.0745
0.960950000955,2.04325
0.960960000955,2.04325
0.960970000955,2.10575
0.960980000955,2.0745
0.960990000955,2.0745
0.961000000955,2.04325
0.961010000955,2.04325
0.961020000955,2.04325
0.961030000955,2.0745
0.961040000955,2.012
0.961050000955,2.04325
0.961060000955,2.04325
0.961070000955,2.04325
0.961080000955,2.012
0.961090000955,2.0745
0.961100000955,2.04325
0.961110000955,2.012
0.961120000955,2.0745
0.961130000955,2.04325
0.961140000955,2.0745
0.961150000955,2.0745
0.961160000955,2.04325
0.961170000955,2.0745
0.961180000955,2.04325
0.961190000955,2.0745
0.961200000955,2.04325
0.961210000955,2.0745
0.961220000955,2.012
0.961230000955,2.04325
0.961240000955,2.04325
0.961250000955,2.04325
0.961260000955,2.04325
0.961270000955,2.04325
0.961280000955,2.04325
0.961290000955,2.04325
0.961300000955,2.0745
0.961310000955,2.04325
0.961320000955,2.04325
0.961330000955,2.0745
0.961340000955,2.04325
0.961350000955,2.04325
0.961360000955,2.04325
0.961370000955,2.0745
0.961380000955,2.0745
0.961390000955,2.0745
0.961400000955,2.04325
0.961410000955,2.04325
0.961420000955,2.04325
0.961430000955,2.04325
0.961440000955,2.0745
0.961450000955,2.012
0.961460000955,2.0745
0.961470000955,2.04325
0.961480000955,2.04325
0.961490000955,2.0745
0.961500000955,2.04325
0.961510000955,2.0745
0.961520000955,2.04325
0.961530000955,2.012
0.961540000955,2.0745
0.961550000955,2.0745
0.961560000955,2.0745
0.961570000955,2.0745
0.961580000955,2.0745
0.961590000955,2.0745
0.961600000955,2.0745
0.961610000955,2.04325
0.961620000955,2.04325
0.961630000955,2.04325
0.961640000955,2.0745
0.961650000955,2.04325
0.961660000955,2.10575
0.961670000955,2.0745
0.961680000955,2.0745
0.961690000955,2.04325
0.961700000955,2.0745
0.961710000955,2.04325
0.961720000955,2.0745
0.961730000955,2.0745
0.961740000955,2.0745
0.961750000955,2.0745
0.961760000955,2.0745
0.961770000955,2.0745
0.961780000955,2.0745
0.961790000955,2.04325
0.961800000955,2.04325
0.961810000955,2.0745
0.961820000955,2.0745
0.961830000955,2.04325
0.961840000955,2.04325
0.961850000955,2.10575
0.961860000955,2.04325
0.961870000955,2.04325
0.961880000955,2.04325
0.961890000955,2.0745
0.961900000955,2.04325
0.961910000955,2.04325
0.961920000955,2.04325
0.961930000955,2.04325
0.961940000955,2.04325
0.961950000955,2.0745
0.961960000955,2.04325
0.961970000955,2.04325
0.961980000955,2.04325
0.961990000955,2.0745
0.962000000955,2.0745
0.962010000955,2.04325
0.962020000955,2.04325
0.962030000955,2.04325
0.962040000955,2.04325
0.962050000955,2.04325
0.962060000955,2.0745
0.962070000955,2.04325
0.962080000955,2.0745
0.962090000955,2.04325
0.962100000955,2.0745
0.962110000955,2.0745
0.962120000955,2.04325
0.962130000955,2.0745
0.962140000955,2.0745
0.962150000955,2.0745
0.962160000955,2.012
0.962170000955,2.0745
0.962180000955,2.04325
0.962190000955,2.0745
0.962200000955,2.0745
0.962210000955,2.0745
0.962220000955,2.0745
0.962230000955,2.04325
0.962240000955,2.0745
0.962250000955,2.0745
0.962260000955,2.0745
0.962270000955,2.04325
0.962280000955,2.0745
0.962290000955,2.04325
0.962300000955,2.0745
0.962310000955,2.04325
0.962320000955,2.0745
0.962330000955,2.0745
0.962340000955,2.04325
0.962350000955,2.0745
0.962360000955,2.04325
0.962370000955,2.04325
0.962380000955,2.04325
0.962390000955,2.0745
0.962400000955,2.04325
0.962410000955,2.04325
0.962420000955,2.0745
0.962430000955,2.0745
0.962440000955,2.04325
0.962450000955,2.0745
0.962460000955,2.10575
0.962470000955,2.0745
0.962480000955,2.04325
0.962490000955,2.0745
0.962500000955,2.0745
0.962510000955,2.04325
0.962520000955,2.0745
0.962530000955,2.04325
0.962540000955,2.0745
0.962550000955,2.04325
0.962560000955,2.04325
0.962570000955,2.04325
0.962580000955,2.04325
0.962590000955,2.0745
0.962600000955,2.0745
0.962610000955,2.04325
0.962620000955,2.0745
0.962630000955,2.0745
0.962640000955,2.0745
0.962650000955,2.0745
0.962660000955,2.012
0.962670000955,2.0745
0.962680000955,2.0745
0.962690000955,2.04325
0.962700000955,2.04325
0.962710000955,2.04325
0.962720000955,2.0745
0.962730000955,2.0745
0.962740000955,2.0745
0.962750000955,2.0745
0.962760000955,2.0745
0.962770000955,2.04325
0.962780000955,2.04325
0.962790000955,2.0745
0.962800000955,2.0745
0.962810000955,2.04325
0.962820000955,2.04325
0.962830000955,2.04325
0.962840000955,2.04325
0.962850000955,2.04325
0.962860000955,2.0745
0.962870000955,2.0745
0.962880000955,2.0745
0.962890000955,2.0745
0.962900000955,2.10575
0.962910000955,2.0745
0.962920000955,2.10575
0.962930000955,2.04325
0.962940000955,2.04325
0.962950000955,2.04325
0.962960000955,2.0745
0.962970000955,2.0745
0.962980000955,2.0745
0.962990000955,2.0745
0.963000000955,2.04325
0.963010000955,2.10575
0.963020000955,2.10575
0.963030000955,2.0745
0.963040000955,2.0745
0.963050000955,2.012
0.963060000955,2.0745
0.963070000955,2.0745
0.963080000955,2.04325
0.963090000955,2.04325
0.963100000955,2.10575
0.963110000955,2.0745
0.963120000955,2.0745
0.963130000955,2.0745
0.963140000955,2.04325
0.963150000955,2.0745
0.963160000955,2.04325
0.963170000955,2.0745
0.963180000955,2.04325
0.963190000955,2.0745
0.963200000955,2.0745
0.963210000955,2.0745
0.963220000955,2.0745
0.963230000955,2.012
0.963240000955,2.0745
0.963250000955,2.04325
0.963260000955,2.0745
0.963270000955,2.10575
0.963280000955,2.0745
0.963290000955,2.04325
0.963300000955,2.0745
0.963310000955,2.0745
0.963320000955,2.04325
0.963330000955,2.0745
0.963340000955,2.0745
0.963350000955,2.0745
0.963360000955,2.0745
0.963370000955,2.012
0.963380000955,2.0745
0.963390000955,2.0745
0.963400000955,2.0745
0.963410000955,2.0745
0.963420000955,2.0745
0.963430000955,2.0745
0.963440000955,2.04325
0.963450000955,2.10575
0.963460000955,2.0745
0.963470000955,2.04325
0.963480000955,2.0745
0.963490000955,2.0745
0.963500000955,2.04325
0.963510000955,2.0745
0.963520000955,2.04325
0.963530000955,2.10575
0.963540000955,2.10575
0.963550000955,2.0745
0.963560000955,2.0745
0.963570000955,2.0745
0.963580000955,2.0745
0.963590000955,2.0745
0.963600000955,2.04325
0.963610000955,2.10575
0.963620000955,2.04325
0.963630000955,2.04325
0.963640000955,2.0745
0.963650000955,2.0745
0.963660000955,2.0745
0.963670000955,2.10575
0.963680000955,2.0745
0.963690000955,2.0745
0.963700000955,2.0745
0.963710000955,2.04325
0.963720000955,2.0745
0.963730000955,2.0745
0.963740000955,2.0745
0.963750000955,2.0745
0.963760000955,2.04325
0.963770000955,2.04325
0.963780000955,2.0745
0.963790000955,2.0745
0.963800000955,2.04325
0.963810000955,2.0745
0.963820000955,2.0745
0.963830000955,2.0745
0.963840000955,2.0745
0.963850000955,2.10575
0.963860000955,2.10575
0.963870000955,2.0745
0.963880000955,2.0745
0.963890000955,2.04325
0.963900000955,2.04325
0.963910000955,2.0745
0.963920000955,2.04325
0.963930000955,2.012
0.963940000955,2.0745
0.963950000955,2.012
0.963960000955,2.0745
0.963970000955,2.10575
0.963980000955,2.0745
0.963990000955,2.04325
0.964000000955,2.04325
0.964010000955,2.10575
0.964020000955,2.0745
0.964030000955,2.0745
0.964040000955,2.0745
0.964050000955,2.04325
0.964060000955,2.0745
0.964070000955,2.10575
0.964080000955,2.0745
0.964090000955,2.0745
0.964100000955,2.0745
0.964110000955,2.0745
0.964120000955,2.10575
0.964130000955,2.0745
0.964140000955,2.04325
0.964150000955,2.0745
0.964160000955,2.0745
0.964170000955,2.0745
0.964180000955,2.04325
0.964190000955,2.0745
0.964200000955,2.0745
0.964210000955,2.0745
0.964220000955,2.0745
0.964230000955,2.0745
0.964240000955,2.0745
0.964250000955,2.0745
0.964260000955,2.0745
0.964270000955,2.0745
0.964280000955,2.04325
0.964290000955,2.0745
0.964300000955,2.04325
0.964310000955,2.0745
0.964320000955,2.04325
0.964330000955,2.0745
0.964340000955,2.0745
0.964350000955,2.0745
0.964360000955,2.0745
0.964370000955,2.10575
0.964380000955,2.04325
0.964390000955,2.0745
0.964400000955,2.0745
0.964410000955,2.04325
0.964420000955,2.0745
0.964430000955,2.10575
0.964440000955,2.04325
0.964450000955,2.0745
0.964460000955,2.0745
0.964470000955,2.04325
0.964480000955,2.0745
0.964490000955,2.0745
0.964500000955,2.04325
0.964510000955,2.0745
0.964520000955,2.04325
0.964530000955,2.04325
0.964540000955,2.0745
0.964550000955,2.0745
0.964560000955,2.04325
0.964570000955,2.0745
0.964580000955,2.0745
0.964590000955,2.0745
0.964600000955,2.04325
0.964610000955,2.04325
0.964620000955,2.04325
0.964630000955,2.0745
0.964640000955,2.10575
0.964650000955,2.0745
0.964660000955,2.0745
0.964670000955,2.04325
0.964680000955,2.04325
0.964690000955,2.0745
0.964700000955,2.0745
0.964710000955,2.04325
0.964720000955,2.0745
0.964730000955,2.04325
0.964740000955,2.10575
0.964750000955,2.0745
0.964760000955,2.0745
0.964770000955,2.0745
0.964780000955,2.0745
0.964790000955,2.0745
0.964800000955,2.10575
0.964810000955,2.0745
0.964820000955,2.0745
0.964830000955,2.04325
0.964840000955,2.0745
0.964850000955,2.04325
0.964860000955,2.04325
0.964870000955,2.04325
0.964880000955,2.04325
0.964890000955,2.04325
0.964900000955,2.0745
0.964910000955,2.0745
0.964920000955,2.0745
0.964930000955,2.0745
0.964940000955,2.04325
0.964950000955,2.10575
0.964960000955,2.04325
0.964970000955,2.04325
0.964980000955,2.0745
0.964990000955,2.0745
0.965000000955,2.0745
0.965010000955,2.04325
0.965020000955,2.0745
0.965030000955,2.0745
0.965040000955,2.04325
0.965050000955,2.04325
0.965060000955,2.0745
0.965070000955,2.10575
0.965080000955,2.0745
0.965090000955,2.0745
0.965100000955,2.0745
0.965110000955,2.0745
0.965120000955,2.0745
0.965130000955,2.0745
0.965140000955,2.04325
0.965150000955,2.0745
0.965160000955,2.0745
0.965170000955,2.0745
0.965180000955,2.0745
0.965190000955,2.0745
0.965200000955,2.10575
0.965210000955,2.10575
0.965220000955,2.04325
0.965230000955,2.04325
0.965240000955,2.0745
0.965250000955,2.0745
0.965260000955,2.10575
0.965270000955,2.04325
0.965280000955,2.04325
0.965290000955,2.04325
0.965300000955,2.10575
0.965310000955,2.04325
0.965320000955,2.04325
0.965330000955,2.0745
0.965340000955,2.0745
0.965350000955,2.0745
0.965360000955,2.0745
0.965370000955,2.0745
0.965380000955,2.0745
0.965390000955,2.0745
0.965400000955,2.0745
0.965410000955,2.04325
0.965420000955,2.04325
0.965430000955,2.04325
0.965440000955,2.10575
0.965450000955,2.04325
0.965460000955,2.04325
0.965470000955,2.04325
0.965480000955,2.04325
0.965490000955,2.10575
0.965500000955,2.0745
0.965510000955,2.04325
0.965520000955,2.04325
0.965530000955,2.0745
0.965540000955,2.0745
0.965550000955,2.0745
0.965560000955,2.04325
0.965570000955,2.04325
0.965580000955,2.0745
0.965590000955,2.04325
0.965600000955,2.04325
0.965610000955,2.0745
0.965620000955,2.0745
0.965630000955,2.0745
0.965640000955,2.0745
0.965650000955,2.0745
0.965660000955,2.04325
0.965670000955,2.04325
0.965680000955,2.10575
0.965690000955,2.0745
0.965700000955,2.04325
0.965710000955,2.04325
0.965720000955,2.0745
0.965730000955,2.0745
0.965740000955,2.0745
0.965750000955,2.0745
0.965760000955,2.04325
0.965770000955,2.04325
0.965780000955,2.04325
0.965790000955,2.04325
0.965800000955,2.04325
0.965810000955,2.012
0.965820000955,2.04325
0.965830000955,2.04325
0.965840000955,2.04325
0.965850000955,2.0745
0.965860000955,2.0745
0.965870000955,2.10575
0.965880000955,2.0745
0.965890000955,2.0745
0.965900000955,2.04325
0.965910000955,2.0745
0.965920000955,2.04325
0.965930000955,2.0745
0.965940000955,2.04325
0.965950000955,2.04325
0.965960000955,2.04325
0.965970000955,2.04325
0.965980000955,2.04325
0.965990000955,2.04325
0.966000000955,2.04325
0.966010000955,2.0745
0.966020000955,2.0745
0.966030000955,2.0745
0.966040000955,2.0745
0.966050000955,2.0745
0.966060000955,2.04325
0.966070000955,2.0745
0.966080000955,2.04325
0.966090000955,2.04325
0.966100000955,2.10575
0.966110000955,2.04325
0.966120000955,2.0745
0.966130000955,2.04325
0.966140000955,2.04325
0.966150000955,2.04325
0.966160000955,2.0745
0.966170000955,2.0745
0.966180000955,2.0745
0.966190000955,2.04325
0.966200000955,2.04325
0.966210000955,2.0745
0.966220000955,2.0745
0.966230000955,2.0745
0.966240000955,2.0745
0.966250000955,2.04325
0.966260000955,2.04325
0.966270000955,2.04325
0.966280000955,2.0745
0.966290000955,2.0745
0.966300000955,2.0745
0.966310000955,2.04325
0.966320000955,2.04325
0.966330000955,2.04325
0.966340000955,2.0745
0.966350000955,2.0745
0.966360000955,2.0745
0.966370000955,2.04325
0.966380000955,2.04325
0.966390000955,2.04325
0.966400000955,2.0745
0.966410000955,2.0745
0.966420000955,2.04325
0.966430000955,2.0745
0.966440000955,2.04325
0.966450000955,2.0745
0.966460000955,2.04325
0.966470000955,2.04325
0.966480000955,2.0745
0.966490000955,2.04325
0.966500000955,2.0745
0.966510000955,2.0745
0.966520000955,2.0745
0.966530000955,2.0745
0.966540000955,2.04325
0.966550000955,2.0745
0.966560000955,2.0745
0.966570000955,2.04325
0.966580000955,2.0745
0.966590000955,2.04325
0.966600000955,2.0745
0.966610000955,2.04325
0.966620000955,2.04325
0.966630000955,2.0745
0.966640000955,2.0745
0.966650000955,2.04325
0.966660000955,2.10575
0.966670000955,2.0745
0.966680000955,2.04325
0.966690000955,2.012
0.966700000955,2.04325
0.966710000955,2.04325
0.966720000955,2.04325
0.966730000955,2.04325
0.966740000955,2.0745
0.966750000955,2.0745
0.966760000955,2.0745
0.966770000955,2.04325
0.966780000955,2.0745
0.966790000955,2.0745
0.966800000955,2.0745
0.966810000955,2.10575
0.966820000955,2.04325
0.966830000955,2.04325
0.966840000955,2.0745
0.966850000955,2.0745
0.966860000955,2.0745
0.966870000955,2.04325
0.966880000955,2.04325
0.966890000955,2.0745
0.966900000955,2.0745
0.966910000955,2.0745
0.966920000955,2.0745
0.966930000955,2.0745
0.966940000955,2.0745
0.966950000955,2.0745
0.966960000955,2.0745
0.966970000955,2.04325
0.966980000955,2.0745
0.966990000955,2.04325
0.967000000955,2.012
0.967010000955,2.04325
0.967020000955,2.04325
0.967030000955,2.04325
0.967040000955,2.04325
0.967050000955,2.012
0.967060000955,2.04325
0.967070000955,2.04325
0.967080000955,2.04325
0.967090000955,2.012
0.967100000955,2.04325
0.967110000955,2.04325
0.967120000955,2.0745
0.967130000955,2.04325
0.967140000955,2.04325
0.967150000955,2.04325
0.967160000955,2.04325
0.967170000955,2.04325
0.967180000955,2.012
0.967190000955,2.0745
0.967200000955,2.0745
0.967210000955,2.0745
0.967220000955,2.0745
0.967230000955,2.0745
0.967240000955,2.04325
0.967250000955,2.04325
0.967260000955,2.04325
0.967270000955,2.0745
0.967280000955,2.04325
0.967290000955,2.0745
0.967300000955,2.04325
0.967310000955,2.0745
0.967320000955,2.012
0.967330000955,2.04325
0.967340000955,2.10575
0.967350000955,2.10575
0.967360000955,2.012
0.967370000955,2.0745
0.967380000955,2.04325
0.967390000955,2.0745
0.967400000955,2.04325
0.967410000955,2.04325
0.967420000955,2.0745
0.967430000955,2.04325
0.967440000955,2.04325
0.967450000955,2.0745
0.967460000955,2.04325
0.967470000955,2.0745
0.967480000955,2.0745
0.967490000955,2.0745
0.967500000955,2.012
0.967510000955,2.0745
0.967520000955,2.012
0.967530000955,2.04325
0.967540000955,2.0745
0.967550000955,2.04325
0.967560000955,2.04325
0.967570000955,2.0745
0.967580000955,2.0745
0.967590000955,2.0745
0.967600000955,2.04325
0.967610000955,2.0745
0.967620000955,2.0745
0.967630000955,2.04325
0.967640000955,2.04325
0.967650000955,2.04325
0.967660000955,2.0745
0.967670000955,2.0745
0.967680000955,2.04325
0.967690000955,2.0745
0.967700000955,2.04325
0.967710000955,2.04325
0.967720000955,2.04325
0.967730000955,2.04325
0.967740000955,2.0745
0.967750000955,2.10575
0.967760000955,2.0745
0.967770000955,2.0745
0.967780000955,2.04325
0.967790000955,2.0745
0.967800000955,2.0745
0.967810000955,2.0745
0.967820000955,2.04325
0.967830000955,2.0745
0.967840000955,2.0745
0.967850000955,2.04325
0.967860000955,2.0745
0.967870000955,2.0745
0.967880000955,2.0745
0.967890000955,2.0745
0.967900000955,2.04325
0.967910000955,2.04325
0.967920000955,2.0745
0.967930000955,2.04325
0.967940000955,2.04325
0.967950000955,2.0745
0.967960000955,2.0745
0.967970000955,2.04325
0.967980000955,2.04325
0.967990000955,2.04325
0.968000000955,2.04325
0.968010000955,2.0745
0.968020000955,2.0745
0.968030000955,2.04325
0.968040000955,2.04325
0.968050000955,2.10575
0.968060000955,2.04325
0.968070000955,2.0745
0.968080000955,2.0745
0.968090000955,2.0745
0.968100000955,2.0745
0.968110000955,2.0745
0.968120000955,2.012
0.968130000955,2.0745
0.968140000955,2.0745
0.968150000955,2.0745
0.968160000955,2.04325
0.968170000955,2.0745
0.968180000955,2.04325
0.968190000955,2.0745
0.968200000955,2.04325
0.968210000955,2.04325
0.968220000955,2.0745
0.968230000955,2.0745
0.968240000955,2.0745
0.968250000955,2.0745
0.968260000955,2.0745
0.968270000955,2.04325
0.968280000955,2.0745
0.968290000955,2.04325
0.968300000955,2.0745
0.968310000955,2.04325
0.968320000955,2.0745
0.968330000955,2.012
0.968340000955,2.0745
0.968350000955,2.0745
0.968360000955,2.04325
0.968370000955,2.012
0.968380000955,2.0745
0.968390000955,2.04325
0.968400000955,2.0745
0.968410000955,2.10575
0.968420000955,2.0745
0.968430000955,2.0745
0.968440000955,2.04325
0.968450000955,2.0745
0.968460000955,2.0745
0.968470000955,2.04325
0.968480000955,2.0745
0.968490000955,2.04325
0.968500000955,2.04325
0.968510000955,2.0745
0.968520000955,2.0745
0.968530000955,2.04325
0.968540000955,2.04325
0.968550000955,2.0745
0.968560000955,2.04325
0.968570000955,2.04325
0.968580000955,2.04325
0.968590000955,2.04325
0.968600000955,2.04325
0.968610000955,2.04325
0.968620000955,2.04325
0.968630000955,2.04325
0.968640000955,2.10575
0.968650000955,2.04325
0.968660000955,2.0745
0.968670000955,2.04325
0.968680000955,2.0745
0.968690000955,2.012
0.968700000955,2.0745
0.968710000955,2.0745
0.968720000955,2.0745
0.968730000955,2.04325
0.968740000955,2.04325
0.968750000955,2.0745
0.968760000955,2.10575
0.968770000955,2.04325
0.968780000955,2.04325
0.968790000955,2.04325
0.968800000955,2.04325
0.968810000955,2.0745
0.968820000955,2.0745
0.968830000955,2.04325
0.968840000955,2.10575
0.968850000955,2.0745
0.968860000955,2.0745
0.968870000955,2.04325
0.968880000955,2.0745
0.968890000955,2.0745
0.968900000955,2.0745
0.968910000955,2.10575
0.968920000955,2.04325
0.968930000955,2.0745
0.968940000955,2.0745
0.968950000955,2.04325
0.968960000955,2.04325
0.968970000955,2.04325
0.968980000955,2.0745
0.968990000955,2.0745
0.969000000955,2.0745
0.969010000955,2.0745
0.969020000955,2.0745
0.969030000955,2.04325
0.969040000955,2.0745
0.969050000955,2.04325
0.969060000955,2.0745
0.969070000955,2.04325
0.969080000955,2.0745
0.969090000955,2.04325
0.969100000955,2.0745
0.969110000955,2.04325
0.969120000955,2.0745
0.969130000955,2.04325
0.969140000955,2.0745
0.969150000955,2.0745
0.969160000955,2.0745
0.969170000955,2.10575
0.969180000955,2.10575
0.969190000955,2.0745
0.969200000955,2.0745
0.969210000955,2.0745
0.969220000955,2.0745
0.969230000955,2.04325
0.969240000955,2.04325
0.969250000955,2.0745
0.969260000955,2.04325
0.969270000955,2.0745
0.969280000955,2.04325
0.969290000955,2.0745
0.969300000955,2.10575
0.969310000955,2.0745
0.969320000955,2.0745
0.969330000955,2.10575
0.969340000955,2.0745
0.969350000955,2.04325
0.969360000955,2.0745
0.969370000955,2.0745
0.969380000955,2.012
0.969390000955,2.0745
0.969400000955,2.0745
0.969410000955,2.04325
0.969420000955,2.10575
0.969430000955,2.10575
0.969440000955,2.0745
0.969450000955,2.0745
0.969460000955,2.0745
0.969470000955,2.10575
0.969480000955,2.0745
0.969490000955,2.10575
0.969500000955,2.0745
0.969510000955,2.10575
0.969520000955,2.0745
0.969530000955,2.04325
0.969540000955,2.04325
0.969550000955,2.0745
0.969560000955,2.0745
0.969570000955,2.10575
0.969580000955,2.04325
0.969590000955,2.0745
0.969600000955,2.0745
0.969610000955,2.0745
0.969620000955,2.10575
0.969630000955,2.0745
0.969640000955,2.0745
0.969650000955,2.0745
0.969660000955,2.04325
0.969670000955,2.0745
0.969680000955,2.0745
0.969690000955,2.0745
0.969700000955,2.10575
0.969710000955,2.0745
0.969720000955,2.0745
0.969730000955,2.0745
0.969740000955,2.0745
0.969750000955,2.10575
0.969760000955,2.10575
0.969770000955,2.04325
0.969780000955,2.0745
0.969790000955,2.012
0.969800000955,2.0745
0.969810000955,2.0745
0.969820000955,2.04325
0.969830000955,2.04325
0.969840000955,2.0745
0.969850000955,2.0745
0.969860000955,2.0745
0.969870000955,2.0745
0.969880000955,2.04325
0.969890000955,2.04325
0.969900000955,2.04325
0.969910000955,2.10575
0.969920000955,2.0745
0.969930000955,2.0745
0.969940000955,2.04325
0.969950000955,2.0745
0.969960000955,2.0745
0.969970000955,2.04325
0.969980000955,2.10575
0.969990000955,2.04325
0.970000000955,2.0745
0.970010000955,2.04325
0.970020000955,2.04325
0.970030000955,2.0745
0.970040000955,2.0745
0.970050000955,2.0745
0.970060000955,2.04325
0.970070000955,2.012
0.970080000955,2.0745
0.970090000955,2.0745
0.970100000955,2.0745
0.970110000955,2.10575
0.970120000955,2.0745
0.970130000955,2.0745
0.970140000955,2.10575
0.970150000955,2.0745
0.970160000955,2.0745
0.970170000955,2.04325
0.970180000955,2.0745
0.970190000955,2.10575
0.970200000955,2.10575
0.970210000955,2.04325
0.970220000955,2.0745
0.970230000955,2.0745
0.970240000955,2.04325
0.970250000955,2.0745
0.970260000955,2.10575
0.970270000955,2.0745
0.970280000955,2.012
0.970290000955,2.012
0.970300000955,2.0745
0.970310000955,2.0745
0.970320000955,2.10575
0.970330000955,2.0745
0.970340000955,2.04325
0.970350000955,2.10575
0.970360000955,2.0745
0.970370000955,2.0745
0.970380000955,2.0745
0.970390000955,2.0745
0.970400000955,2.0745
0.970410000955,2.0745
0.970420000955,2.0745
0.970430000955,2.04325
0.970440000955,2.0745
0.970450000955,2.0745
0.970460000955,2.0745
0.970470000955,2.10575
0.970480000955,2.0745
0.970490000955,2.0745
0.970500000955,2.0745
0.970510000955,2.0745
0.970520000955,2.0745
0.970530000955,2.10575
0.970540000955,2.0745
0.970550000955,2.04325
0.970560000955,2.04325
0.970570000955,2.0745
0.970580000955,2.0745
0.970590000955,2.04325
0.970600000955,2.0745
0.970610000955,2.0745
0.970620000955,2.0745
0.970630000955,2.04325
0.970640000955,2.04325
0.970650000955,2.04325
0.970660000955,2.0745
0.970670000955,2.10575
0.970680000955,2.04325
0.970690000955,2.0745
0.970700000955,2.04325
0.970710000955,2.0745
0.970720000955,2.0745
0.970730000955,2.10575
0.970740000955,2.0745
0.970750000955,2.10575
0.970760000955,2.0745
0.970770000955,2.0745
0.970780000955,2.0745
0.970790000955,2.0745
0.970800000955,2.10575
0.970810000955,2.04325
0.970820000955,2.04325
0.970830000955,2.0745
0.970840000955,2.0745
0.970850000955,2.04325
0.970860000955,2.0745
0.970870000955,2.04325
0.970880000955,2.0745
0.970890000955,2.0745
0.970900000955,2.0745
0.970910000955,2.0745
0.970920000955,2.0745
0.970930000955,2.04325
0.970940000955,2.0745
0.970950000955,2.04325
0.970960000955,2.0745
0.970970000955,2.04325
0.970980000955,2.0745
0.970990000955,2.0745
0.971000000955,2.0745
0.971010000955,2.0745
0.971020000955,2.0745
0.971030000955,2.0745
0.971040000955,2.0745
0.971050000955,2.0745
0.971060000955,2.04325
0.971070000955,2.0745
0.971080000955,2.0745
0.971090000955,2.04325
0.971100000955,2.10575
0.971110000955,2.0745
0.971120000955,2.0745
0.971130000955,2.10575
0.971140000955,2.0745
0.971150000955,2.0745
0.971160000955,2.0745
0.971170000955,2.0745
0.971180000955,2.04325
0.971190000955,2.0745
0.971200000955,2.0745
0.971210000955,2.10575
0.971220000955,2.10575
0.971230000955,2.0745
0.971240000955,2.04325
0.971250000955,2.0745
0.971260000955,2.04325
0.971270000955,2.04325
0.971280000955,2.04325
0.971290000955,2.0745
0.971300000955,2.0745
0.971310000955,2.04325
0.971320000955,2.10575
0.971330000955,2.0745
0.971340000955,2.04325
0.971350000955,2.04325
0.971360000955,2.0745
0.971370000955,2.0745
0.971380000955,2.0745
0.971390000955,2.0745
0.971400000955,2.04325
0.971410000955,2.04325
0.971420000955,2.0745
0.971430000955,2.0745
0.971440000955,2.0745
0.971450000955,2.0745
0.971460000955,2.0745
0.971470000955,2.0745
0.971480000955,2.10575
0.971490000955,2.0745
0.971500000955,2.04325
0.971510000955,2.10575
0.971520000955,2.10575
0.971530000955,2.10575
0.971540000955,2.10575
0.971550000955,2.0745
0.971560000955,2.04325
0.971570000955,2.04325
0.971580000955,2.0745
0.971590000955,2.04325
0.971600000955,2.04325
0.971610000955,2.0745
0.971620000955,2.0745
0.971630000955,2.0745
0.971640000955,2.0745
0.971650000955,2.0745
0.971660000955,2.10575
0.971670000955,2.10575
0.971680000955,2.04325
0.971690000955,2.10575
0.971700000955,2.0745
0.971710000955,2.0745
0.971720000955,2.0745
0.971730000955,2.0745
0.971740000955,2.0745
0.971750000955,2.04325
0.971760000955,2.0745
0.971770000955,2.04325
0.971780000955,2.0745
0.971790000955,2.0745
0.971800000955,2.0745
0.971810000955,2.0745
0.971820000955,2.0745
0.971830000955,2.0745
0.971840000955,2.0745
0.971850000955,2.04325
0.971860000955,2.04325
0.971870000955,2.10575
0.971880000955,2.04325
0.971890000955,2.0745
0.971900000955,2.10575
0.971910000955,2.0745
0.971920000955,2.0745
0.971930000955,2.0745
0.971940000955,2.0745
0.971950000955,2.0745
0.971960000955,2.04325
0.971970000955,2.10575
0.971980000955,2.0745
0.971990000955,2.0745
0.972000000955,2.0745
0.972010000955,2.0745
0.972020000955,2.04325
0.972030000955,2.10575
0.972040000955,2.0745
0.972050000955,2.0745
0.972060000955,2.0745
0.972070000955,2.0745
0.972080000955,2.0745
0.972090000955,2.0745
0.972100000955,2.0745
0.972110000955,2.04325
0.972120000955,2.0745
0.972130000955,2.10575
0.972140000955,2.0745
0.972150000955,2.0745
0.972160000955,2.0745
0.972170000955,2.0745
0.972180000955,2.04325
0.972190000955,2.10575
0.972200000955,2.0745
0.972210000955,2.0745
0.972220000955,2.10575
0.972230000955,2.0745
0.972240000955,2.04325
0.972250000955,2.0745
0.972260000955,2.10575
0.972270000955,2.0745
0.972280000955,2.04325
0.972290000955,2.04325
0.972300000955,2.0745
0.972310000955,2.0745
0.972320000955,2.04325
0.972330000955,2.0745
0.972340000955,2.0745
0.972350000955,2.0745
0.972360000955,2.0745
0.972370000955,2.0745
0.972380000955,2.10575
0.972390000955,2.0745
0.972400000955,2.04325
0.972410000955,2.04325
0.972420000955,2.04325
0.972430000955,2.0745
0.972440000955,2.10575
0.972450000955,2.04325
0.972460000955,2.04325
0.972470000955,2.0745
0.972480000955,2.0745
0.972490000955,2.0745
0.972500000955,2.04325
0.972510000955,2.0745
0.972520000955,2.04325
0.972530000955,2.0745
0.972540000955,2.0745
0.972550000955,2.0745
0.972560000955,2.0745
0.972570000955,2.10575
0.972580000955,2.0745
0.972590000955,2.0745
0.972600000955,2.0745
0.972610000955,2.137
0.972620000955,2.0745
0.972630000955,2.0745
0.972640000955,2.04325
0.972650000955,2.0745
0.972660000955,2.0745
0.972670000955,2.0745
0.972680000955,2.10575
0.972690000955,2.0745
0.972700000955,2.0745
0.972710000955,2.0745
0.972720000955,2.0745
0.972730000955,2.0745
0.972740000955,2.0745
0.972750000955,2.0745
0.972760000955,2.0745
0.972770000955,2.04325
0.972780000955,2.0745
0.972790000955,2.10575
0.972800000955,2.10575
0.972810000955,2.0745
0.972820000955,2.0745
0.972830000955,2.0745
0.972840000955,2.0745
0.972850000955,2.10575
0.972860000955,2.0745
0.972870000955,2.0745
0.972880000955,2.0745
0.972890000955,2.04325
0.972900000955,2.0745
0.972910000955,2.0745
0.972920000955,2.04325
0.972930000955,2.10575
0.972940000955,2.10575
0.972950000955,2.04325
0.972960000955,2.0745
0.972970000955,2.10575
0.972980000955,2.0745
0.972990000955,2.10575
0.973000000955,2.0745
0.973010000955,2.0745
0.973020000955,2.0745
0.973030000955,2.0745
0.973040000955,2.0745
0.973050000955,2.0745
0.973060000955,2.04325
0.973070000955,2.0745
0.973080000955,2.10575
0.973090000955,2.10575
0.973100000955,2.0745
0.973110000955,2.04325
0.973120000955,2.04325
0.973130000955,2.04325
0.973140000955,2.10575
0.973150000955,2.0745
0.973160000955,2.0745
0.973170000955,2.0745
0.973180000955,2.10575
0.973190000955,2.04325
0.973200000955,2.10575
0.973210000955,2.0745
0.973220000955,2.10575
0.973230000955,2.10575
0.973240000955,2.0745
0.973250000955,2.04325
0.973260000955,2.0745
0.973270000955,2.0745
0.973280000955,2.10575
0.973290000955,2.0745
0.973300000955,2.10575
0.973310000955,2.04325
0.973320000955,2.0745
0.973330000955,2.0745
0.973340000955,2.10575
0.973350000955,2.0745
0.973360000955,2.0745
0.973370000955,2.0745
0.973380000955,2.10575
0.973390000955,2.0745
0.973400000955,2.0745
0.973410000955,2.10575
0.973420000955,2.10575
0.973430000955,2.0745
0.973440000955,2.10575
0.973450000955,2.0745
0.973460000955,2.10575
0.973470000955,2.0745
0.973480000955,2.10575
0.973490000955,2.0745
0.973500000955,2.04325
0.973510000955,2.0745
0.973520000955,2.0745
0.973530000955,2.0745
0.973540000955,2.0745
0.973550000955,2.0745
0.973560000955,2.0745
0.973570000955,2.0745
0.973580000955,2.10575
0.973590000955,2.0745
0.973600000955,2.0745
0.973610000955,2.04325
0.973620000955,2.10575
0.973630000955,2.0745
0.973640000955,2.0745
0.973650000955,2.04325
0.973660000955,2.10575
0.973670000955,2.0745
0.973680000955,2.0745
0.973690000955,2.0745
0.973700000955,2.137
0.973710000955,2.0745
0.973720000955,2.10575
0.973730000955,2.0745
0.973740000955,2.0745
0.973750000955,2.0745
0.973760000955,2.0745
0.973770000955,2.0745
0.973780000955,2.04325
0.973790000955,2.0745
0.973800000955,2.0745
0.973810000955,2.0745
0.973820000955,2.10575
0.973830000955,2.0745
0.973840000955,2.0745
0.973850000955,2.0745
0.973860000955,2.0745
0.973870000955,2.0745
0.973880000955,2.0745
0.973890000955,2.0745
0.973900000955,2.0745
0.973910000955,2.0745
0.973920000955,2.0745
0.973930000955,2.04325
0.973940000955,2.0745
0.973950000955,2.04325
0.973960000955,2.0745
0.973970000955,2.04325
0.973980000955,2.0745
0.973990000955,2.04325
0.974000000955,2.0745
0.974010000955,2.0745
0.974020000955,2.0745
0.974030000955,2.0745
0.974040000955,2.10575
0.974050000955,2.0745
0.974060000955,2.0745
0.974070000955,2.10575
0.974080000955,2.0745
0.974090000955,2.0745
0.974100000955,2.0745
0.974110000955,2.04325
0.974120000955,2.10575
0.974130000955,2.10575
0.974140000955,2.10575
0.974150000955,2.0745
0.974160000955,2.10575
0.974170000955,2.0745
0.974180000955,2.10575
0.974190000955,2.04325
0.974200000955,2.04325
0.974210000955,2.0745
0.974220000955,2.0745
0.974230000955,2.0745
0.974240000955,2.10575
0.974250000955,2.0745
0.974260000955,2.10575
0.974270000955,2.0745
0.974280000955,2.0745
0.974290000955,2.0745
0.974300000955,2.10575
0.974310000955,2.0745
0.974320000955,2.10575
0.974330000955,2.0745
0.974340000955,2.10575
0.974350000955,2.0745
0.974360000955,2.10575
0.974370000955,2.0745
0.974380000955,2.0745
0.974390000955,2.10575
0.974400000955,2.04325
0.974410000955,2.10575
0.974420000955,2.10575
0.974430000955,2.0745
0.974440000955,2.0745
0.974450000955,2.137
0.974460000955,2.0745
0.974470000955,2.0745
0.974480000955,2.0745
0.974490000955,2.0745
0.974500000955,2.04325
0.974510000955,2.0745
0.974520000955,2.10575
0.974530000955,2.10575
0.974540000955,2.0745
0.974550000955,2.10575
0.974560000955,2.0745
0.974570000955,2.0745
0.974580000955,2.10575
0.974590000955,2.10575
0.974600000955,2.0745
0.974610000955,2.0745
0.974620000955,2.10575
0.974630000955,2.10575
0.974640000955,2.0745
0.974650000955,2.0745
0.974660000955,2.04325
0.974670000955,2.137
0.974680000955,2.0745
0.974690000955,2.10575
0.974700000955,2.10575
0.974710000955,2.04325
0.974720000955,2.0745
0.974730000955,2.0745
0.974740000955,2.0745
0.974750000955,2.10575
0.974760000955,2.0745
0.974770000955,2.10575
0.974780000955,2.0745
0.974790000955,2.0745
0.974800000955,2.10575
0.974810000955,2.0745
0.974820000955,2.0745
0.974830000955,2.10575
0.974840000955,2.0745
0.974850000955,2.04325
0.974860000955,2.0745
0.974870000955,2.10575
0.974880000955,2.10575
0.974890000955,2.0745
0.974900000955,2.04325
0.974910000955,2.0745
0.974920000955,2.10575
0.974930000955,2.0745
0.974940000955,2.0745
0.974950000955,2.0745
0.974960000955,2.10575
0.974970000955,2.10575
0.974980000955,2.0745
0.974990000955,2.0745
0.975000000955,2.0745
0.975010000955,2.0745
0.975020000955,2.10575
0.975030000955,2.0745
0.975040000955,2.10575
0.975050000955,2.0745
0.975060000955,2.04325
0.975070000955,2.10575
0.975080000955,2.10575
0.975090000955,2.10575
0.975100000955,2.0745
0.975110000955,2.0745
0.975120000955,2.0745
0.975130000955,2.04325
0.975140000955,2.10575
0.975150000955,2.10575
0.975160000955,2.10575
0.975170000955,2.10575
0.975180000955,2.04325
0.975190000955,2.04325
0.975200000955,2.10575
0.975210000955,2.10575
0.975220000955,2.0745
0.975230000955,2.10575
0.975240000955,2.04325
0.975250000955,2.0745
0.975260000955,2.0745
0.975270000955,2.10575
0.975280000955,2.0745
0.975290000955,2.0745
0.975300000955,2.04325
0.975310000955,2.0745
0.975320000955,2.0745
0.975330000955,2.10575
0.975340000955,2.0745
0.975350000955,2.0745
0.975360000955,2.0745
0.975370000955,2.0745
0.975380000955,2.0745
0.975390000955,2.0745
0.975400000955,2.0745
0.975410000955,2.10575
0.975420000955,2.0745
0.975430000955,2.0745
0.975440000955,2.0745
0.975450000955,2.0745
0.975460000955,2.10575
0.975470000955,2.0745
0.975480000955,2.0745
0.975490000955,2.10575
0.975500000955,2.0745
0.975510000955,2.10575
0.975520000955,2.0745
0.975530000955,2.0745
0.975540000955,2.137
0.975550000955,2.0745
0.975560000955,2.10575
0.975570000955,2.10575
0.975580000955,2.137
0.975590000955,2.10575
0.975600000955,2.137
0.975610000955,2.10575
0.975620000955,2.0745
0.975630000955,2.0745
0.975640000955,2.10575
0.975650000955,2.0745
0.975660000955,2.10575
0.975670000955,2.0745
0.975680000955,2.0745
0.975690000955,2.0745
0.975700000955,2.10575
0.975710000955,2.10575
0.975720000955,2.0745
0.975730000955,2.10575
0.975740000955,2.0745
0.975750000955,2.0745
0.975760000955,2.0745
0.975770000955,2.10575
0.975780000955,2.0745
0.975790000955,2.10575
0.975800000955,2.10575
0.975810000955,2.0745
0.975820000955,2.04325
0.975830000955,2.0745
0.975840000955,2.0745
0.975850000955,2.10575
0.975860000955,2.0745
0.975870000955,2.0745
0.975880000955,2.0745
0.975890000955,2.10575
0.975900000955,2.0745
0.975910000955,2.0745
0.975920000955,2.0745
0.975930000955,2.0745
0.975940000955,2.10575
0.975950000955,2.10575
0.975960000955,2.0745
0.975970000955,2.10575
0.975980000955,2.0745
0.975990000955,2.0745
0.976000000955,2.0745
0.976010000955,2.0745
0.976020000955,2.0745
0.976030000955,2.0745
0.976040000955,2.0745
0.976050000955,2.0745
0.976060000955,2.0745
0.976070000955,2.10575
0.976080000955,2.04325
0.976090000955,2.10575
0.976100000955,2.0745
0.976110000955,2.137
0.976120000955,2.04325
0.976130000955,2.0745
0.976140000955,2.10575
0.976150000955,2.10575
0.976160000955,2.0745
0.976170000955,2.10575
0.976180000955,2.0745
0.976190000955,2.0745
0.976200000955,2.0745
0.976210000955,2.0745
0.976220000955,2.10575
0.976230000955,2.10575
0.976240000955,2.0745
0.976250000955,2.10575
0.976260000955,2.04325
0.976270000955,2.0745
0.976280000955,2.10575
0.976290000955,2.0745
0.976300000955,2.137
0.976310000955,2.0745
0.976320000955,2.0745
0.976330000955,2.0745
0.976340000955,2.0745
0.976350000955,2.0745
0.976360000955,2.0745
0.976370000955,2.10575
0.976380000955,2.0745
0.976390000955,2.0745
0.976400000955,2.0745
0.976410000955,2.0745
0.976420000955,2.10575
0.976430000955,2.0745
0.976440000955,2.0745
0.976450000955,2.0745
0.976460000955,2.0745
0.976470000955,2.0745
0.976480000955,2.10575
0.976490000955,2.10575
0.976500000955,2.0745
0.976510000955,2.04325
0.976520000955,2.10575
0.976530000955,2.0745
0.976540000955,2.10575
0.976550000955,2.0745
0.976560000955,2.10575
0.976570000955,2.0745
0.976580000955,2.10575
0.976590000955,2.10575
0.976600000955,2.0745
0.976610000955,2.0745
0.976620000955,2.0745
0.976630000955,2.0745
0.976640000955,2.0745
0.976650000955,2.0745
0.976660000955,2.0745
0.976670000955,2.0745
0.976680000955,2.0745
0.976690000955,2.0745
0.976700000955,2.0745
0.976710000955,2.0745
0.976720000955,2.0745
0.976730000955,2.0745
0.976740000955,2.10575
0.976750000955,2.10575
0.976760000955,2.10575
0.976770000955,2.10575
0.976780000955,2.04325
0.976790000955,2.0745
0.976800000955,2.0745
0.976810000955,2.10575
0.976820000955,2.10575
0.976830000955,2.0745
0.976840000955,2.10575
0.976850000955,2.0745
0.976860000955,2.10575
0.976870000955,2.137
0.976880000955,2.10575
0.976890000955,2.10575
0.976900000955,2.10575
0.976910000955,2.10575
0.976920000955,2.0745
0.976930000955,2.10575
0.976940000955,2.0745
0.976950000955,2.10575
0.976960000955,2.10575
0.976970000955,2.10575
0.976980000955,2.0745
0.976990000955,2.0745
0.977000000955,2.0745
0.977010000955,2.10575
0.977020000955,2.10575
0.977030000955,2.0745
0.977040000955,2.10575
0.977050000955,2.10575
0.977060000955,2.0745
0.977070000955,2.0745
0.977080000955,2.0745
0.977090000955,2.04325
0.977100000955,2.0745
0.977110000955,2.10575
0.977120000955,2.10575
0.977130000955,2.137
0.977140000955,2.0745
0.977150000955,2.137
0.977160000955,2.0745
0.977170000955,2.10575
0.977180000955,2.0745
0.977190000955,2.10575
0.977200000955,2.0745
0.977210000955,2.10575
0.977220000955,2.04325
0.977230000955,2.0745
0.977240000955,2.0745
0.977250000955,2.10575
0.977260000955,2.10575
0.977270000955,2.10575
0.977280000955,2.10575
0.977290000955,2.0745
0.977300000955,2.10575
0.977310000955,2.137
0.977320000955,2.10575
0.977330000955,2.10575
0.977340000955,2.0745
0.977350000955,2.0745
0.977360000955,2.10575
0.977370000955,2.10575
0.977380000955,2.0745
0.977390000955,2.0745
0.977400000955,2.10575
0.977410000955,2.10575
0.977420000955,2.10575
0.977430000955,2.0745
0.977440000955,2.10575
0.977450000955,2.0745
0.977460000955,2.10575
0.977470000955,2.10575
0.977480000955,2.0745
0.977490000955,2.0745
0.977500000955,2.0745
0.977510000955,2.0745
0.977520000955,2.10575
0.977530000955,2.10575
0.977540000955,2.10575
0.977550000955,2.10575
0.977560000955,2.10575
0.977570000955,2.10575
0.977580000955,2.0745
0.977590000955,2.04325
0.977600000955,2.10575
0.977610000955,2.0745
0.977620000955,2.0745
0.977630000955,2.0745
0.977640000955,2.10575
0.977650000955,2.10575
0.977660000955,2.0745
0.977670000955,2.0745
0.977680000955,2.04325
0.977690000955,2.137
0.977700000955,2.0745
0.977710000955,2.0745
0.977720000955,2.10575
0.977730000955,2.04325
0.977740000955,2.0745
0.977750000955,2.0745
0.977760000955,2.04325
0.977770000955,2.0745
0.977780000955,2.0745
0.977790000955,2.0745
0.977800000955,2.10575
0.977810000955,2.0745
0.977820000955,2.10575
0.977830000955,2.0745
0.977840000955,2.0745
0.977850000955,2.10575
0.977860000955,2.10575
0.977870000955,2.0745
0.977880000955,2.0745
0.977890000955,2.10575
0.977900000955,2.10575
0.977910000955,2.0745
0.977920000955,2.10575
0.977930000955,2.10575
0.977940000955,2.10575
0.977950000955,2.10575
0.977960000955,2.10575
0.977970000955,2.0745
0.977980000955,2.10575
0.977990000955,2.10575
0.978000000955,2.0745
0.978010000955,2.0745
0.978020000955,2.10575
0.978030000955,2.0745
0.978040000955,2.0745
0.978050000955,2.10575
0.978060000955,2.0745
0.978070000955,2.10575
0.978080000955,2.10575
0.978090000955,2.0745
0.978100000955,2.10575
0.978110000955,2.137
0.978120000955,2.137
0.978130000955,2.0745
0.978140000955,2.0745
0.978150000955,2.10575
0.978160000955,2.10575
0.978170000955,2.0745
0.978180000955,2.0745
0.978190000955,2.10575
0.978200000955,2.137
0.978210000955,2.0745
0.978220000955,2.10575
0.978230000955,2.10575
0.978240000955,2.012
0.978250000955,2.0745
0.978260000955,2.04325
0.978270000955,2.10575
0.978280000955,2.10575
0.978290000955,2.0745
0.978300000955,2.10575
0.978310000955,2.10575
0.978320000955,2.10575
0.978330000955,2.0745
0.978340000955,2.0745
0.978350000955,2.0745
0.978360000955,2.0745
0.978370000955,2.137
0.978380000955,2.0745
0.978390000955,2.0745
0.978400000955,2.10575
0.978410000955,2.10575
0.978420000955,2.0745
0.978430000955,2.10575
0.978440000955,2.0745
0.978450000955,2.10575
0.978460000955,2.10575
0.978470000955,2.0745
0.978480000955,2.0745
0.978490000955,2.0745
0.978500000955,2.0745
0.978510000955,2.10575
0.978520000955,2.10575
0.978530000955,2.10575
0.978540000955,2.10575
0.978550000955,2.10575
0.978560000955,2.10575
0.978570000955,2.0745
0.978580000955,2.10575
0.978590000955,2.10575
0.978600000955,2.0745
0.978610000955,2.0745
0.978620000955,2.0745
0.978630000955,2.10575
0.978640000955,2.0745
0.978650000955,2.10575
0.978660000955,2.10575
0.978670000955,2.10575
0.978680000955,2.0745
0.978690000955,2.10575
0.978700000955,2.0745
0.978710000955,2.10575
0.978720000955,2.0745
0.978730000955,2.10575
0.978740000955,2.0745
0.978750000955,2.0745
0.978760000955,2.10575
0.978770000955,2.10575
0.978780000955,2.0745
0.978790000955,2.10575
0.978800000955,2.10575
0.978810000955,2.10575
0.978820000955,2.0745
0.978830000955,2.10575
0.978840000955,2.10575
0.978850000955,2.10575
0.978860000955,2.0745
0.978870000955,2.0745
0.978880000955,2.0745
0.978890000955,2.10575
0.978900000955,2.10575
0.978910000955,2.0745
0.978920000955,2.10575
0.978930000955,2.137
0.978940000955,2.0745
0.978950000955,2.137
0.978960000955,2.10575
0.978970000955,2.10575
0.978980000955,2.10575
0.978990000955,2.0745
0.979000000955,2.10575
0.979010000955,2.0745
0.979020000955,2.10575
0.979030000955,2.0745
0.979040000955,2.10575
0.979050000955,2.0745
0.979060000955,2.10575
0.979070000955,2.0745
0.979080000955,2.10575
0.979090000955,2.10575
0.979100000955,2.10575
0.979110000955,2.10575
0.979120000955,2.10575
0.979130000955,2.10575
0.979140000955,2.0745
0.979150000955,2.10575
0.979160000955,2.0745
0.979170000955,2.0745
0.979180000955,2.10575
0.979190000955,2.10575
0.979200000955,2.10575
0.979210000955,2.137
0.979220000955,2.10575
0.979230000955,2.10575
0.979240000955,2.0745
0.979250000955,2.10575
0.979260000955,2.0745
0.979270000955,2.0745
0.979280000955,2.0745
0.979290000955,2.0745
0.979300000955,2.10575
0.979310000955,2.10575
0.979320000955,2.10575
0.979330000955,2.10575
0.979340000955,2.0745
0.979350000955,2.0745
0.979360000955,2.10575
0.979370000955,2.10575
0.979380000955,2.0745
0.979390000955,2.10575
0.979400000955,2.0745
0.979410000955,2.0745
0.979420000955,2.0745
0.979430000955,2.10575
0.979440000955,2.0745
0.979450000955,2.0745
0.979460000955,2.10575
0.979470000955,2.10575
0.979480000955,2.0745
0.979490000955,2.10575
0.979500000955,2.10575
0.979510000955,2.10575
0.979520000955,2.0745
0.979530000955,2.10575
0.979540000955,2.10575
0.979550000955,2.10575
0.979560000955,2.137
0.979570000955,2.10575
0.979580000955,2.10575
0.979590000955,2.0745
0.979600000955,2.0745
0.979610000955,2.0745
0.979620000955,2.10575
0.979630000955,2.0745
0.979640000955,2.10575
0.979650000955,2.137
0.979660000955,2.10575
0.979670000955,2.10575
0.979680000955,2.0745
0.979690000955,2.10575
0.979700000955,2.0745
0.979710000955,2.0745
0.979720000955,2.137
0.979730000955,2.0745
0.979740000955,2.10575
0.979750000955,2.0745
0.979760000955,2.10575
0.979770000955,2.0745
0.979780000955,2.0745
0.979790000955,2.10575
0.979800000955,2.0745
0.979810000955,2.04325
0.979820000955,2.10575
0.979830000955,2.10575
0.979840000955,2.0745
0.979850000955,2.10575
0.979860000955,2.0745
0.979870000955,2.0745
0.979880000955,2.04325
0.979890000955,2.10575
0.979900000955,2.0745
0.979910000955,2.0745
0.979920000955,2.04325
0.979930000955,2.10575
0.979940000955,2.10575
0.979950000955,2.10575
0.979960000955,2.0745
0.979970000955,2.0745
0.979980000955,2.10575
0.979990000955,2.10575