x-axis,4
second,Volt
-1.420000000000e-02,-3.80000e-02
-1.400000000000e-02,-3.80000e-02
-1.380000000000e-02,-3.80000e-02
-1.360000000000e-02,-6.75000e-03
-1.340000000000e-02,-3.80000e-02
-1.320000000000e-02,-3.80000e-02
-1.300000000000e-02,-3.80000e-02
-1.280000000000e-02,-6.92500e-02
-1.260000000000e-02,-6.75000e-03
-1.240000000000e-02,-3.80000e-02
-1.220000000000e-02, 2.45000e-02
-1.200000000000e-02,-3.80000e-02
-1.180000000000e-02,-6.92500e-02
-1.160000000000e-02,-3.80000e-02
-1.140000000000e-02,-3.80000e-02
-1.120000000000e-02,-3.80000e-02
-1.100000000000e-02,-6.92500e-02
-1.080000000000e-02,-3.80000e-02
-1.060000000000e-02,-3.80000e-02
-1.040000000000e-02,-3.80000e-02
-1.020000000000e-02,-6.92500e-02
-1.000000000000e-02,-3.80000e-02
-9.800000000000e-03,-3.80000e-02
-9.600000000000e-03,-3.80000e-02
-9.400000000000e-03,-6.92500e-02
-9.200000000000e-03,-3.80000e-02
-9.000000000000e-03,-6.75000e-03
-8.800000000000e-03,-6.75000e-03
-8.600000000000e-03,-3.80000e-02
-8.400000000000e-03,-3.80000e-02
-8.200000000000e-03,-6.92500e-02
-8.000000000000e-03,-6.92500e-02
-7.800000000000e-03,-6.75000e-03
-7.600000000000e-03,-3.80000e-02
-7.400000000000e-03,-6.75000e-03
-7.200000000000e-03,-3.80000e-02
-7.000000000000e-03,-6.75000e-03
-6.800000000000e-03,-3.80000e-02
-6.600000000000e-03,-3.80000e-02
-6.400000000000e-03,-3.80000e-02
-6.200000000000e-03,-3.80000e-02
-6.000000000000e-03,-6.92500e-02
-5.800000000000e-03,-3.80000e-02
-5.600000000000e-03,-6.75000e-03
-5.400000000000e-03,-3.80000e-02
-5.200000000000e-03,-6.92500e-02
-5.000000000000e-03,-6.92500e-02
-4.800000000000e-03,-3.80000e-02
-4.600000000000e-03,-6.75000e-03
-4.400000000000e-03,-3.80000e-02
-4.200000000000e-03,-6.75000e-03
-4.000000000000e-03,-3.80000e-02
-3.800000000000e-03,-6.92500e-02
-3.600000000000e-03,-3.80000e-02
-3.400000000000e-03,-3.80000e-02
-3.200000000000e-03,-3.80000e-02
-3.000000000000e-03,-3.80000e-02
-2.800000000000e-03,-3.80000e-02
-2.600000000000e-03,-6.92500e-02
-2.400000000000e-03,-6.92500e-02
-2.200000000000e-03,-3.80000e-02
-2.000000000000e-03,-6.92500e-02
-1.800000000000e-03,-3.80000e-02
-1.600000000000e-03,-3.80000e-02
-1.400000000000e-03,-3.80000e-02
-1.200000000000e-03,-3.80000e-02
-1.000000000000e-03,-3.80000e-02
-8.000000000000e-04,-3.80000e-02
-6.000000000000e-04,-3.80000e-02
-4.000000000000e-04,-3.80000e-02
-2.000000000000e-04,-3.80000e-02
-3.469446951954e-18,-6.92500e-02
 2.000000000000e-04,-3.80000e-02
 4.000000000000e-04,-6.75000e-03
 6.000000000000e-04,-6.92500e-02
 8.000000000000e-04,-6.92500e-02
 1.000000000000e-03,-6.75000e-03
 1.200000000000e-03,-3.80000e-02
 1.400000000000e-03,-6.75000e-03
 1.600000000000e-03,-6.92500e-02
 1.800000000000e-03,-6.92500e-02
 2.000000000000e-03,-6.75000e-03
 2.200000000000e-03,-6.92500e-02
 2.400000000000e-03,-3.80000e-02
 2.600000000000e-03,-3.80000e-02
 2.800000000000e-03,-3.80000e-02
 3.000000000000e-03,-6.92500e-02
 3.200000000000e-03,-6.92500e-02
 3.400000000000e-03,-3.80000e-02
 3.600000000000e-03,-3.80000e-02
 3.800000000000e-03,-3.80000e-02
 4.000000000000e-03,-3.80000e-02
 4.200000000000e-03,-6.75000e-03
 4.400000000000e-03,-3.80000e-02
 4.600000000000e-03,-3.80000e-02
 4.800000000000e-03,-3.80000e-02
 5.000000000000e-03,-3.80000e-02
 5.200000000000e-03,-3.80000e-02
 5.400000000000e-03,-6.75000e-03
 5.600000000000e-03,-6.92500e-02
 5.800000000000e-03,-3.80000e-02
 6.000000000000e-03,-6.75000e-03
 6.200000000000e-03,-3.80000e-02
 6.400000000000e-03,-6.75000e-03
 6.600000000000e-03,-3.80000e-02
 6.800000000000e-03,-3.80000e-02
 7.000000000000e-03,-3.80000e-02
 7.200000000000e-03,-3.80000e-02
 7.400000000000e-03,-6.92500e-02
 7.600000000000e-03,-6.92500e-02
 7.800000000000e-03,-3.80000e-02
 8.000000000000e-03,-3.80000e-02
 8.200000000000e-03,-3.80000e-02
 8.400000000000e-03,-6.92500e-02
 8.600000000000e-03,-3.80000e-02
 8.800000000000e-03,-3.80000e-02
 9.000000000000e-03,-6.92500e-02
 9.200000000000e-03,-6.92500e-02
 9.400000000000e-03,-3.80000e-02
 9.600000000000e-03,-6.75000e-03
 9.800000000000e-03,-3.80000e-02
 1.000000000000e-02,-3.80000e-02
 1.020000000000e-02,-3.80000e-02
 1.040000000000e-02,-3.80000e-02
 1.060000000000e-02,-3.80000e-02
 1.080000000000e-02,-3.80000e-02
 1.100000000000e-02,-6.75000e-03
 1.120000000000e-02,-3.80000e-02
 1.140000000000e-02,-6.75000e-03
 1.160000000000e-02,-6.92500e-02
 1.180000000000e-02,-6.75000e-03
 1.200000000000e-02,-3.80000e-02
 1.220000000000e-02,-3.80000e-02
 1.240000000000e-02,-6.75000e-03
 1.260000000000e-02,-3.80000e-02
 1.280000000000e-02,-3.80000e-02
 1.300000000000e-02,-3.80000e-02
 1.320000000000e-02,-6.75000e-03
 1.340000000000e-02,-6.92500e-02
 1.360000000000e-02,-6.92500e-02
 1.380000000000e-02,-3.80000e-02
 1.400000000000e-02,-6.92500e-02
 1.420000000000e-02,-6.75000e-03
 1.440000000000e-02,-3.80000e-02
 1.460000000000e-02,-3.80000e-02
 1.480000000000e-02,-3.80000e-02
 1.500000000000e-02,-3.80000e-02
 1.520000000000e-02, 2.45000e-02
 1.540000000000e-02,-3.80000e-02
 1.560000000000e-02,-6.75000e-03
 1.580000000000e-02,-3.80000e-02
 1.600000000000e-02,-6.92500e-02
 1.620000000000e-02,-3.80000e-02
 1.640000000000e-02,-6.75000e-03
 1.660000000000e-02,-3.80000e-02
 1.680000000000e-02,-6.92500e-02
 1.700000000000e-02,-6.75000e-03
 1.720000000000e-02,-6.92500e-02
 1.740000000000e-02,-6.75000e-03
 1.760000000000e-02,-6.75000e-03
 1.780000000000e-02,-6.92500e-02
 1.800000000000e-02,-3.80000e-02
 1.820000000000e-02,-6.75000e-03
 1.840000000000e-02,-6.75000e-03
 1.860000000000e-02,-3.80000e-02
 1.880000000000e-02,-3.80000e-02
 1.900000000000e-02,-6.75000e-03
 1.920000000000e-02,-6.92500e-02
 1.940000000000e-02,-3.80000e-02
 1.960000000000e-02,-6.92500e-02
 1.980000000000e-02,-3.80000e-02
 2.000000000000e-02,-3.80000e-02
 2.020000000000e-02,-3.80000e-02
 2.040000000000e-02,-3.80000e-02
 2.060000000000e-02,-6.92500e-02
 2.080000000000e-02,-3.80000e-02
 2.100000000000e-02,-3.80000e-02
 2.120000000000e-02,-3.80000e-02
 2.140000000000e-02,-6.92500e-02
 2.160000000000e-02,-6.92500e-02
 2.180000000000e-02,-3.80000e-02
 2.200000000000e-02,-3.80000e-02
 2.220000000000e-02,-6.92500e-02
 2.240000000000e-02,-6.92500e-02
 2.260000000000e-02,-3.80000e-02
 2.280000000000e-02,-3.80000e-02
 2.300000000000e-02,-6.75000e-03
 2.320000000000e-02,-6.75000e-03
 2.340000000000e-02,-3.80000e-02
 2.360000000000e-02,-3.80000e-02
 2.380000000000e-02,-6.75000e-03
 2.400000000000e-02,-6.92500e-02
 2.420000000000e-02,-3.80000e-02
 2.440000000000e-02,-3.80000e-02
 2.460000000000e-02,-1.00500e-01
 2.480000000000e-02,-6.75000e-03
 2.500000000000e-02,-3.80000e-02
 2.520000000000e-02,-6.75000e-03
 2.540000000000e-02,-6.92500e-02
 2.560000000000e-02,-6.75000e-03
 2.580000000000e-02,-6.92500e-02
 2.600000000000e-02,-3.80000e-02
 2.620000000000e-02,-6.75000e-03
 2.640000000000e-02,-3.80000e-02
 2.660000000000e-02,-3.80000e-02
 2.680000000000e-02,-6.92500e-02
 2.700000000000e-02,-6.92500e-02
 2.720000000000e-02,-6.75000e-03
 2.740000000000e-02,-6.75000e-03
 2.760000000000e-02,-6.75000e-03
 2.780000000000e-02,-3.80000e-02
 2.800000000000e-02,-3.80000e-02
 2.820000000000e-02,-3.80000e-02
 2.840000000000e-02,-3.80000e-02
 2.860000000000e-02,-6.92500e-02
 2.880000000000e-02,-3.80000e-02
 2.900000000000e-02,-3.80000e-02
 2.920000000000e-02,-3.80000e-02
 2.940000000000e-02,-6.75000e-03
 2.960000000000e-02,-3.80000e-02
 2.980000000000e-02,-3.80000e-02
 3.000000000000e-02,-3.80000e-02
 3.020000000000e-02,-6.75000e-03
 3.040000000000e-02,-6.75000e-03
 3.060000000000e-02,-6.75000e-03
 3.080000000000e-02,-6.75000e-03
 3.100000000000e-02,-6.92500e-02
 3.120000000000e-02,-3.80000e-02
 3.140000000000e-02,-3.80000e-02
 3.160000000000e-02,-6.75000e-03
 3.180000000000e-02,-3.80000e-02
 3.200000000000e-02,-3.80000e-02
 3.220000000000e-02,-3.80000e-02
 3.240000000000e-02,-3.80000e-02
 3.260000000000e-02,-6.92500e-02
 3.280000000000e-02,-3.80000e-02
 3.300000000000e-02,-6.75000e-03
 3.320000000000e-02,-3.80000e-02
 3.340000000000e-02,-6.92500e-02
 3.360000000000e-02,-3.80000e-02
 3.380000000000e-02,-3.80000e-02
 3.400000000000e-02,-3.80000e-02
 3.420000000000e-02,-3.80000e-02
 3.440000000000e-02,-6.75000e-03
 3.460000000000e-02,-3.80000e-02
 3.480000000000e-02,-6.75000e-03
 3.500000000000e-02,-6.75000e-03
 3.520000000000e-02,-6.92500e-02
 3.540000000000e-02,-6.92500e-02
 3.560000000000e-02,-3.80000e-02
 3.580000000000e-02,-3.80000e-02
 3.600000000000e-02,-6.92500e-02
 3.620000000000e-02,-6.75000e-03
 3.640000000000e-02,-3.80000e-02
 3.660000000000e-02,-6.92500e-02
 3.680000000000e-02,-3.80000e-02
 3.700000000000e-02,-3.80000e-02
 3.720000000000e-02,-3.80000e-02
 3.740000000000e-02,-3.80000e-02
 3.760000000000e-02,-6.92500e-02
 3.780000000000e-02,-6.92500e-02
 3.800000000000e-02,-3.80000e-02
 3.820000000000e-02,-3.80000e-02
 3.840000000000e-02,-3.80000e-02
 3.860000000000e-02,-3.80000e-02
 3.880000000000e-02,-3.80000e-02
 3.900000000000e-02,-6.75000e-03
 3.920000000000e-02,-3.80000e-02
 3.940000000000e-02,-3.80000e-02
 3.960000000000e-02,-3.80000e-02
 3.980000000000e-02,-3.80000e-02
 4.000000000000e-02,-3.80000e-02
 4.020000000000e-02,-3.80000e-02
 4.040000000000e-02,-3.80000e-02
 4.060000000000e-02,-3.80000e-02
 4.080000000000e-02,-6.75000e-03
 4.100000000000e-02,-3.80000e-02
 4.120000000000e-02,-6.75000e-03
 4.140000000000e-02,-6.92500e-02
 4.160000000000e-02,-6.92500e-02
 4.180000000000e-02,-6.92500e-02
 4.200000000000e-02,-3.80000e-02
 4.220000000000e-02,-6.92500e-02
 4.240000000000e-02,-3.80000e-02
 4.260000000000e-02,-6.92500e-02
 4.280000000000e-02,-6.92500e-02
 4.300000000000e-02,-3.80000e-02
 4.320000000000e-02,-3.80000e-02
 4.340000000000e-02,-3.80000e-02
 4.360000000000e-02,-6.75000e-03
 4.380000000000e-02,-3.80000e-02
 4.400000000000e-02,-3.80000e-02
 4.420000000000e-02,-6.75000e-03
 4.440000000000e-02,-6.75000e-03
 4.460000000000e-02,-6.75000e-03
 4.480000000000e-02,-6.75000e-03
 4.500000000000e-02,-3.80000e-02
 4.520000000000e-02,-6.75000e-03
 4.540000000000e-02,-3.80000e-02
 4.560000000000e-02,-3.80000e-02
 4.580000000000e-02,-6.92500e-02
 4.600000000000e-02,-6.92500e-02
 4.620000000000e-02,-3.80000e-02
 4.640000000000e-02,-6.75000e-03
 4.660000000000e-02,-3.80000e-02
 4.680000000000e-02,-3.80000e-02
 4.700000000000e-02,-3.80000e-02
 4.720000000000e-02,-6.75000e-03
 4.740000000000e-02,-3.80000e-02
 4.760000000000e-02,-3.80000e-02
 4.780000000000e-02,-6.75000e-03
 4.800000000000e-02,-3.80000e-02
 4.820000000000e-02,-6.92500e-02
 4.840000000000e-02,-3.80000e-02
 4.860000000000e-02,-6.75000e-03
 4.880000000000e-02,-6.92500e-02
 4.900000000000e-02,-3.80000e-02
 4.920000000000e-02,-3.80000e-02
 4.940000000000e-02,-3.80000e-02
 4.960000000000e-02, 2.45000e-02
 4.980000000000e-02,-3.80000e-02
 5.000000000000e-02,-3.80000e-02
 5.020000000000e-02,-3.80000e-02
 5.040000000000e-02,-6.92500e-02
 5.060000000000e-02,-6.92500e-02
 5.080000000000e-02,-6.92500e-02
 5.100000000000e-02,-3.80000e-02
 5.120000000000e-02,-6.75000e-03
 5.140000000000e-02,-3.80000e-02
 5.160000000000e-02,-3.80000e-02
 5.180000000000e-02,-3.80000e-02
 5.200000000000e-02,-6.92500e-02
 5.220000000000e-02,-3.80000e-02
 5.240000000000e-02,-6.92500e-02
 5.260000000000e-02,-3.80000e-02
 5.280000000000e-02,-3.80000e-02
 5.300000000000e-02,-3.80000e-02
 5.320000000000e-02,-3.80000e-02
 5.340000000000e-02,-3.80000e-02
 5.360000000000e-02,-6.92500e-02
 5.380000000000e-02,-3.80000e-02
 5.400000000000e-02,-6.92500e-02
 5.420000000000e-02,-6.92500e-02
 5.440000000000e-02,-3.80000e-02
 5.460000000000e-02,-3.80000e-02
 5.480000000000e-02,-6.75000e-03
 5.500000000000e-02,-6.92500e-02
 5.520000000000e-02,-3.80000e-02
 5.540000000000e-02,-3.80000e-02
 5.560000000000e-02,-3.80000e-02
 5.580000000000e-02,-3.80000e-02
 5.600000000000e-02,-6.75000e-03
 5.620000000000e-02,-6.92500e-02
 5.640000000000e-02,-6.92500e-02
 5.660000000000e-02,-6.92500e-02
 5.680000000000e-02,-6.92500e-02
 5.700000000000e-02,-3.80000e-02
 5.720000000000e-02,-6.75000e-03
 5.740000000000e-02,-3.80000e-02
 5.760000000000e-02,-3.80000e-02
 5.780000000000e-02,-3.80000e-02
 5.800000000000e-02,-3.80000e-02
 5.820000000000e-02,-3.80000e-02
 5.840000000000e-02,-6.75000e-03
 5.860000000000e-02,-6.75000e-03
 5.880000000000e-02,-6.75000e-03
 5.900000000000e-02,-6.92500e-02
 5.920000000000e-02,-3.80000e-02
 5.940000000000e-02,-6.92500e-02
 5.960000000000e-02,-3.80000e-02
 5.980000000000e-02,-6.75000e-03
 6.000000000000e-02,-3.80000e-02
 6.020000000000e-02,-6.75000e-03
 6.040000000000e-02,-3.80000e-02
 6.060000000000e-02,-6.75000e-03
 6.080000000000e-02,-6.75000e-03
 6.100000000000e-02,-3.80000e-02
 6.120000000000e-02,-6.92500e-02
 6.140000000000e-02,-6.92500e-02
 6.160000000000e-02,-3.80000e-02
 6.180000000000e-02,-6.92500e-02
 6.200000000000e-02,-3.80000e-02
 6.220000000000e-02,-6.75000e-03
 6.240000000000e-02,-3.80000e-02
 6.260000000000e-02,-3.80000e-02
 6.280000000000e-02,-3.80000e-02
 6.300000000000e-02,-3.80000e-02
 6.320000000000e-02,-3.80000e-02
 6.340000000000e-02,-3.80000e-02
 6.360000000000e-02,-3.80000e-02
 6.380000000000e-02,-6.75000e-03
 6.400000000000e-02,-6.75000e-03
 6.420000000000e-02,-3.80000e-02
 6.440000000000e-02,-3.80000e-02
 6.460000000000e-02,-6.92500e-02
 6.480000000000e-02,-6.92500e-02
 6.500000000000e-02,-3.80000e-02
 6.520000000000e-02,-6.75000e-03
 6.540000000000e-02,-3.80000e-02
 6.560000000000e-02,-6.75000e-03
 6.580000000000e-02,-3.80000e-02
 6.600000000000e-02,-6.92500e-02
 6.620000000000e-02,-3.80000e-02
 6.640000000000e-02,-3.80000e-02
 6.660000000000e-02,-3.80000e-02
 6.680000000000e-02,-6.92500e-02
 6.700000000000e-02,-3.80000e-02
 6.720000000000e-02,-6.92500e-02
 6.740000000000e-02,-3.80000e-02
 6.760000000000e-02,-3.80000e-02
 6.780000000000e-02,-3.80000e-02
 6.800000000000e-02,-3.80000e-02
 6.820000000000e-02, 2.45000e-02
 6.840000000000e-02,-3.80000e-02
 6.860000000000e-02,-3.80000e-02
 6.880000000000e-02,-3.80000e-02
 6.900000000000e-02,-6.75000e-03
 6.920000000000e-02,-6.75000e-03
 6.940000000000e-02,-6.92500e-02
 6.960000000000e-02,-6.92500e-02
 6.980000000000e-02,-3.80000e-02
 7.000000000000e-02,-3.80000e-02
 7.020000000000e-02,-6.92500e-02
 7.040000000000e-02,-3.80000e-02
 7.060000000000e-02,-3.80000e-02
 7.080000000000e-02,-6.75000e-03
 7.100000000000e-02,-3.80000e-02
 7.120000000000e-02,-3.80000e-02
 7.140000000000e-02,-3.80000e-02
 7.160000000000e-02,-3.80000e-02
 7.180000000000e-02, 2.45000e-02
 7.200000000000e-02,-3.80000e-02
 7.220000000000e-02,-3.80000e-02
 7.240000000000e-02,-6.75000e-03
 7.260000000000e-02,-6.92500e-02
 7.280000000000e-02,-3.80000e-02
 7.300000000000e-02,-3.80000e-02
 7.320000000000e-02,-6.92500e-02
 7.340000000000e-02,-3.80000e-02
 7.360000000000e-02,-3.80000e-02
 7.380000000000e-02,-3.80000e-02
 7.400000000000e-02,-6.92500e-02
 7.420000000000e-02,-3.80000e-02
 7.440000000000e-02,-6.75000e-03
 7.460000000000e-02,-3.80000e-02
 7.480000000000e-02,-3.80000e-02
 7.500000000000e-02,-6.75000e-03
 7.520000000000e-02,-6.92500e-02
 7.540000000000e-02,-6.75000e-03
 7.560000000000e-02,-3.80000e-02
 7.580000000000e-02,-3.80000e-02
 7.600000000000e-02,-3.80000e-02
 7.620000000000e-02,-3.80000e-02
 7.640000000000e-02,-3.80000e-02
 7.660000000000e-02,-6.75000e-03
 7.680000000000e-02,-6.92500e-02
 7.700000000000e-02,-3.80000e-02
 7.720000000000e-02,-6.75000e-03
 7.740000000000e-02,-6.92500e-02
 7.760000000000e-02,-6.92500e-02
 7.780000000000e-02,-6.92500e-02
 7.800000000000e-02,-3.80000e-02
 7.820000000000e-02,-6.75000e-03
 7.840000000000e-02,-3.80000e-02
 7.860000000000e-02,-3.80000e-02
 7.880000000000e-02,-3.80000e-02
 7.900000000000e-02,-3.80000e-02
 7.920000000000e-02,-3.80000e-02
 7.940000000000e-02,-3.80000e-02
 7.960000000000e-02,-6.75000e-03
 7.980000000000e-02,-3.80000e-02
 8.000000000000e-02,-6.92500e-02
 8.020000000000e-02,-3.80000e-02
 8.040000000000e-02,-6.92500e-02
 8.060000000000e-02,-6.92500e-02
 8.080000000000e-02,-3.80000e-02
 8.100000000000e-02,-6.75000e-03
 8.120000000000e-02,-3.80000e-02
 8.140000000000e-02,-3.80000e-02
 8.160000000000e-02,-3.80000e-02
 8.180000000000e-02,-6.92500e-02
 8.200000000000e-02,-6.75000e-03
 8.220000000000e-02,-6.92500e-02
 8.240000000000e-02,-3.80000e-02
 8.260000000000e-02,-6.75000e-03
 8.280000000000e-02,-6.75000e-03
 8.300000000000e-02,-6.75000e-03
 8.320000000000e-02,-6.75000e-03
 8.340000000000e-02,-3.80000e-02
 8.360000000000e-02,-3.80000e-02
 8.380000000000e-02,-3.80000e-02
 8.400000000000e-02,-6.92500e-02
 8.420000000000e-02,-3.80000e-02
 8.440000000000e-02,-6.92500e-02
 8.460000000000e-02,-6.92500e-02
 8.480000000000e-02,-6.75000e-03
 8.500000000000e-02,-1.00500e-01
 8.520000000000e-02,-3.80000e-02
 8.540000000000e-02,-6.75000e-03
 8.560000000000e-02,-3.80000e-02
 8.580000000000e-02,-6.75000e-03
 8.600000000000e-02,-3.80000e-02
 8.620000000000e-02,-3.80000e-02
 8.640000000000e-02,-3.80000e-02
 8.660000000000e-02,-3.80000e-02
 8.680000000000e-02,-3.80000e-02
 8.700000000000e-02,-6.75000e-03
 8.720000000000e-02,-3.80000e-02
 8.740000000000e-02,-3.80000e-02
 8.760000000000e-02,-6.92500e-02
 8.780000000000e-02,-6.75000e-03
 8.800000000000e-02,-6.75000e-03
 8.820000000000e-02,-6.75000e-03
 8.840000000000e-02,-6.92500e-02
 8.860000000000e-02,-6.75000e-03
 8.880000000000e-02,-6.75000e-03
 8.900000000000e-02,-3.80000e-02
 8.920000000000e-02,-3.80000e-02
 8.940000000000e-02,-3.80000e-02
 8.960000000000e-02,-3.80000e-02
 8.980000000000e-02,-6.92500e-02
 9.000000000000e-02,-3.80000e-02
 9.020000000000e-02,-6.92500e-02
 9.040000000000e-02,-6.75000e-03
 9.060000000000e-02,-3.80000e-02
 9.080000000000e-02,-6.92500e-02
 9.100000000000e-02,-6.75000e-03
 9.120000000000e-02,-6.75000e-03
 9.140000000000e-02,-3.80000e-02
 9.160000000000e-02,-6.75000e-03
 9.180000000000e-02,-6.92500e-02
 9.200000000000e-02,-6.75000e-03
 9.220000000000e-02,-3.80000e-02
 9.240000000000e-02,-3.80000e-02
 9.260000000000e-02,-6.92500e-02
 9.280000000000e-02,-3.80000e-02
 9.300000000000e-02,-6.75000e-03
 9.320000000000e-02,-3.80000e-02
 9.340000000000e-02,-3.80000e-02
 9.360000000000e-02,-3.80000e-02
 9.380000000000e-02,-6.75000e-03
 9.400000000000e-02,-3.80000e-02
 9.420000000000e-02,-3.80000e-02
 9.440000000000e-02,-6.75000e-03
 9.460000000000e-02,-6.75000e-03
 9.480000000000e-02,-6.75000e-03
 9.500000000000e-02,-3.80000e-02
 9.520000000000e-02,-6.92500e-02
 9.540000000000e-02,-3.80000e-02
 9.560000000000e-02,-6.75000e-03
 9.580000000000e-02,-3.80000e-02
 9.600000000000e-02,-6.75000e-03
 9.620000000000e-02,-3.80000e-02
 9.640000000000e-02,-6.75000e-03
 9.660000000000e-02,-6.92500e-02
 9.680000000000e-02,-6.75000e-03
 9.700000000000e-02,-6.92500e-02
 9.720000000000e-02,-3.80000e-02
 9.740000000000e-02,-3.80000e-02
 9.760000000000e-02,-6.92500e-02
 9.780000000000e-02,-6.75000e-03
 9.800000000000e-02,-3.80000e-02
 9.820000000000e-02,-6.75000e-03
 9.840000000000e-02,-6.75000e-03
 9.860000000000e-02,-3.80000e-02
 9.880000000000e-02,-3.80000e-02
 9.900000000000e-02,-3.80000e-02
 9.920000000000e-02,-3.80000e-02
 9.940000000000e-02,-3.80000e-02
 9.960000000000e-02,-6.75000e-03
 9.980000000000e-02,-3.80000e-02
 1.000000000000e-01,-3.80000e-02
 1.002000000000e-01,-3.80000e-02
 1.004000000000e-01,-3.80000e-02
 1.006000000000e-01,-3.80000e-02
 1.008000000000e-01,-6.75000e-03
 1.010000000000e-01,-3.80000e-02
 1.012000000000e-01,-3.80000e-02
 1.014000000000e-01, 2.45000e-02
 1.016000000000e-01,-6.92500e-02
 1.018000000000e-01,-3.80000e-02
 1.020000000000e-01,-6.92500e-02
 1.022000000000e-01,-3.80000e-02
 1.024000000000e-01,-3.80000e-02
 1.026000000000e-01, 2.45000e-02
 1.028000000000e-01,-3.80000e-02
 1.030000000000e-01,-6.92500e-02
 1.032000000000e-01,-3.80000e-02
 1.034000000000e-01,-3.80000e-02
 1.036000000000e-01,-3.80000e-02
 1.038000000000e-01,-3.80000e-02
 1.040000000000e-01,-3.80000e-02
 1.042000000000e-01,-3.80000e-02
 1.044000000000e-01,-3.80000e-02
 1.046000000000e-01,-6.75000e-03
 1.048000000000e-01,-3.80000e-02
 1.050000000000e-01,-6.92500e-02
 1.052000000000e-01,-3.80000e-02
 1.054000000000e-01,-3.80000e-02
 1.056000000000e-01,-6.92500e-02
 1.058000000000e-01,-6.92500e-02
 1.060000000000e-01,-3.80000e-02
 1.062000000000e-01,-3.80000e-02
 1.064000000000e-01,-3.80000e-02
 1.066000000000e-01,-3.80000e-02
 1.068000000000e-01,-3.80000e-02
 1.070000000000e-01,-6.75000e-03
 1.072000000000e-01,-6.92500e-02
 1.074000000000e-01,-3.80000e-02
 1.076000000000e-01,-3.80000e-02
 1.078000000000e-01,-3.80000e-02
 1.080000000000e-01,-6.92500e-02
 1.082000000000e-01,-3.80000e-02
 1.084000000000e-01,-6.75000e-03
 1.086000000000e-01,-3.80000e-02
 1.088000000000e-01,-3.80000e-02
 1.090000000000e-01,-3.80000e-02
 1.092000000000e-01,-6.75000e-03
 1.094000000000e-01,-6.92500e-02
 1.096000000000e-01,-6.92500e-02
 1.098000000000e-01,-6.75000e-03
 1.100000000000e-01,-6.75000e-03
 1.102000000000e-01,-3.80000e-02
 1.104000000000e-01,-6.75000e-03
 1.106000000000e-01,-3.80000e-02
 1.108000000000e-01,-6.75000e-03
 1.110000000000e-01,-6.75000e-03
 1.112000000000e-01,-6.75000e-03
 1.114000000000e-01,-6.75000e-03
 1.116000000000e-01,-6.75000e-03
 1.118000000000e-01,-3.80000e-02
 1.120000000000e-01,-6.75000e-03
 1.122000000000e-01,-6.92500e-02
 1.124000000000e-01,-6.75000e-03
 1.126000000000e-01,-6.92500e-02
 1.128000000000e-01,-3.80000e-02
 1.130000000000e-01,-3.80000e-02
 1.132000000000e-01,-3.80000e-02
 1.134000000000e-01,-6.75000e-03
 1.136000000000e-01,-6.75000e-03
 1.138000000000e-01,-3.80000e-02
 1.140000000000e-01,-3.80000e-02
 1.142000000000e-01,-6.75000e-03
 1.144000000000e-01,-3.80000e-02
 1.146000000000e-01,-3.80000e-02
 1.148000000000e-01,-3.80000e-02
 1.150000000000e-01,-6.92500e-02
 1.152000000000e-01,-6.92500e-02
 1.154000000000e-01,-3.80000e-02
 1.156000000000e-01,-6.75000e-03
 1.158000000000e-01,-3.80000e-02
 1.160000000000e-01,-3.80000e-02
 1.162000000000e-01,-3.80000e-02
 1.164000000000e-01,-3.80000e-02
 1.166000000000e-01,-6.75000e-03
 1.168000000000e-01,-6.75000e-03
 1.170000000000e-01,-6.75000e-03
 1.172000000000e-01,-3.80000e-02
 1.174000000000e-01,-3.80000e-02
 1.176000000000e-01,-3.80000e-02
 1.178000000000e-01,-6.92500e-02
 1.180000000000e-01,-3.80000e-02
 1.182000000000e-01,-3.80000e-02
 1.184000000000e-01,-6.92500e-02
 1.186000000000e-01,-3.80000e-02
 1.188000000000e-01, 2.45000e-02
 1.190000000000e-01,-3.80000e-02
 1.192000000000e-01,-6.75000e-03
 1.194000000000e-01,-6.92500e-02
 1.196000000000e-01,-6.75000e-03
 1.198000000000e-01,-3.80000e-02
 1.200000000000e-01,-6.92500e-02
 1.202000000000e-01, 2.45000e-02
 1.204000000000e-01, 2.45000e-02
 1.206000000000e-01,-3.80000e-02
 1.208000000000e-01,-3.80000e-02
 1.210000000000e-01,-6.75000e-03
 1.212000000000e-01,-6.75000e-03
 1.214000000000e-01,-6.92500e-02
 1.216000000000e-01,-3.80000e-02
 1.218000000000e-01,-3.80000e-02
 1.220000000000e-01,-6.75000e-03
 1.222000000000e-01,-3.80000e-02
 1.224000000000e-01,-6.75000e-03
 1.226000000000e-01,-6.75000e-03
 1.228000000000e-01,-3.80000e-02
 1.230000000000e-01,-6.75000e-03
 1.232000000000e-01,-3.80000e-02
 1.234000000000e-01,-3.80000e-02
 1.236000000000e-01,-6.92500e-02
 1.238000000000e-01,-6.75000e-03
 1.240000000000e-01,-6.75000e-03
 1.242000000000e-01,-3.80000e-02
 1.244000000000e-01,-6.75000e-03
 1.246000000000e-01,-3.80000e-02
 1.248000000000e-01,-6.92500e-02
 1.250000000000e-01,-3.80000e-02
 1.252000000000e-01,-3.80000e-02
 1.254000000000e-01,-3.80000e-02
 1.256000000000e-01,-3.80000e-02
 1.258000000000e-01,-6.75000e-03
 1.260000000000e-01,-3.80000e-02
 1.262000000000e-01,-6.75000e-03
 1.264000000000e-01,-3.80000e-02
 1.266000000000e-01,-3.80000e-02
 1.268000000000e-01,-3.80000e-02
 1.270000000000e-01,-3.80000e-02
 1.272000000000e-01,-3.80000e-02
 1.274000000000e-01,-3.80000e-02
 1.276000000000e-01,-3.80000e-02
 1.278000000000e-01,-3.80000e-02
 1.280000000000e-01,-3.80000e-02
 1.282000000000e-01,-3.80000e-02
 1.284000000000e-01,-6.92500e-02
 1.286000000000e-01,-3.80000e-02
 1.288000000000e-01,-6.75000e-03
 1.290000000000e-01,-6.75000e-03
 1.292000000000e-01,-6.75000e-03
 1.294000000000e-01,-3.80000e-02
 1.296000000000e-01,-3.80000e-02
 1.298000000000e-01,-6.75000e-03
 1.300000000000e-01,-6.75000e-03
 1.302000000000e-01,-3.80000e-02
 1.304000000000e-01,-3.80000e-02
 1.306000000000e-01,-3.80000e-02
 1.308000000000e-01,-3.80000e-02
 1.310000000000e-01,-6.92500e-02
 1.312000000000e-01,-3.80000e-02
 1.314000000000e-01,-3.80000e-02
 1.316000000000e-01,-3.80000e-02
 1.318000000000e-01,-6.92500e-02
 1.320000000000e-01,-6.75000e-03
 1.322000000000e-01,-3.80000e-02
 1.324000000000e-01,-3.80000e-02
 1.326000000000e-01,-6.75000e-03
 1.328000000000e-01,-3.80000e-02
 1.330000000000e-01,-6.92500e-02
 1.332000000000e-01,-6.75000e-03
 1.334000000000e-01,-6.75000e-03
 1.336000000000e-01,-6.75000e-03
 1.338000000000e-01,-6.92500e-02
 1.340000000000e-01,-3.80000e-02
 1.342000000000e-01,-3.80000e-02
 1.344000000000e-01,-6.92500e-02
 1.346000000000e-01,-6.75000e-03
 1.348000000000e-01,-1.00500e-01
 1.350000000000e-01,-3.80000e-02
 1.352000000000e-01,-3.80000e-02
 1.354000000000e-01,-3.80000e-02
 1.356000000000e-01,-3.80000e-02
 1.358000000000e-01,-6.75000e-03
 1.360000000000e-01,-3.80000e-02
 1.362000000000e-01,-6.75000e-03
 1.364000000000e-01,-3.80000e-02
 1.366000000000e-01,-3.80000e-02
 1.368000000000e-01,-3.80000e-02
 1.370000000000e-01,-6.92500e-02
 1.372000000000e-01,-3.80000e-02
 1.374000000000e-01,-6.75000e-03
 1.376000000000e-01,-6.92500e-02
 1.378000000000e-01,-6.75000e-03
 1.380000000000e-01,-3.80000e-02
 1.382000000000e-01,-3.80000e-02
 1.384000000000e-01,-6.75000e-03
 1.386000000000e-01,-6.75000e-03
 1.388000000000e-01,-6.75000e-03
 1.390000000000e-01,-3.80000e-02
 1.392000000000e-01,-3.80000e-02
 1.394000000000e-01,-6.92500e-02
 1.396000000000e-01,-6.92500e-02
 1.398000000000e-01,-6.75000e-03
 1.400000000000e-01,-6.75000e-03
 1.402000000000e-01,-3.80000e-02
 1.404000000000e-01,-3.80000e-02
 1.406000000000e-01,-6.92500e-02
 1.408000000000e-01,-3.80000e-02
 1.410000000000e-01,-3.80000e-02
 1.412000000000e-01,-6.75000e-03
 1.414000000000e-01,-3.80000e-02
 1.416000000000e-01,-6.75000e-03
 1.418000000000e-01,-6.92500e-02
 1.420000000000e-01,-6.75000e-03
 1.422000000000e-01,-6.75000e-03
 1.424000000000e-01,-6.75000e-03
 1.426000000000e-01, 2.45000e-02
 1.428000000000e-01,-3.80000e-02
 1.430000000000e-01,-3.80000e-02
 1.432000000000e-01,-6.92500e-02
 1.434000000000e-01,-3.80000e-02
 1.436000000000e-01,-6.75000e-03
 1.438000000000e-01,-3.80000e-02
 1.440000000000e-01,-6.92500e-02
 1.442000000000e-01,-3.80000e-02
 1.444000000000e-01,-3.80000e-02
 1.446000000000e-01,-6.75000e-03
 1.448000000000e-01,-3.80000e-02
 1.450000000000e-01,-3.80000e-02
 1.452000000000e-01,-3.80000e-02
 1.454000000000e-01,-3.80000e-02
 1.456000000000e-01,-3.80000e-02
 1.458000000000e-01,-3.80000e-02
 1.460000000000e-01,-6.92500e-02
 1.462000000000e-01,-3.80000e-02
 1.464000000000e-01,-6.75000e-03
 1.466000000000e-01,-6.75000e-03
 1.468000000000e-01,-3.80000e-02
 1.470000000000e-01,-3.80000e-02
 1.472000000000e-01,-6.75000e-03
 1.474000000000e-01,-6.75000e-03
 1.476000000000e-01,-3.80000e-02
 1.478000000000e-01,-6.75000e-03
 1.480000000000e-01,-6.92500e-02
 1.482000000000e-01,-3.80000e-02
 1.484000000000e-01,-6.75000e-03
 1.486000000000e-01,-3.80000e-02
 1.488000000000e-01,-3.80000e-02
 1.490000000000e-01,-6.75000e-03
 1.492000000000e-01,-3.80000e-02
 1.494000000000e-01,-3.80000e-02
 1.496000000000e-01,-6.75000e-03
 1.498000000000e-01,-6.75000e-03
 1.500000000000e-01,-3.80000e-02
 1.502000000000e-01,-3.80000e-02
 1.504000000000e-01,-6.92500e-02
 1.506000000000e-01,-6.75000e-03
 1.508000000000e-01,-3.80000e-02
 1.510000000000e-01,-3.80000e-02
 1.512000000000e-01,-6.75000e-03
 1.514000000000e-01,-6.75000e-03
 1.516000000000e-01,-6.75000e-03
 1.518000000000e-01,-3.80000e-02
 1.520000000000e-01,-3.80000e-02
 1.522000000000e-01,-3.80000e-02
 1.524000000000e-01,-6.75000e-03
 1.526000000000e-01,-3.80000e-02
 1.528000000000e-01,-6.75000e-03
 1.530000000000e-01,-6.92500e-02
 1.532000000000e-01,-3.80000e-02
 1.534000000000e-01,-6.75000e-03
 1.536000000000e-01,-6.75000e-03
 1.538000000000e-01,-3.80000e-02
 1.540000000000e-01,-3.80000e-02
 1.542000000000e-01,-6.92500e-02
 1.544000000000e-01,-3.80000e-02
 1.546000000000e-01,-6.92500e-02
 1.548000000000e-01,-6.92500e-02
 1.550000000000e-01,-3.80000e-02
 1.552000000000e-01,-3.80000e-02
 1.554000000000e-01,-3.80000e-02
 1.556000000000e-01,-3.80000e-02
 1.558000000000e-01,-3.80000e-02
 1.560000000000e-01,-6.92500e-02
 1.562000000000e-01,-6.92500e-02
 1.564000000000e-01,-6.92500e-02
 1.566000000000e-01,-3.80000e-02
 1.568000000000e-01,-3.80000e-02
 1.570000000000e-01,-6.75000e-03
 1.572000000000e-01,-6.92500e-02
 1.574000000000e-01,-6.75000e-03
 1.576000000000e-01,-6.92500e-02
 1.578000000000e-01,-6.92500e-02
 1.580000000000e-01,-6.75000e-03
 1.582000000000e-01, 2.45000e-02
 1.584000000000e-01,-3.80000e-02
 1.586000000000e-01,-6.92500e-02
 1.588000000000e-01,-3.80000e-02
 1.590000000000e-01,-3.80000e-02
 1.592000000000e-01,-3.80000e-02
 1.594000000000e-01,-3.80000e-02
 1.596000000000e-01,-6.92500e-02
 1.598000000000e-01,-6.75000e-03
 1.600000000000e-01,-3.80000e-02
 1.602000000000e-01,-3.80000e-02
 1.604000000000e-01,-6.92500e-02
 1.606000000000e-01,-6.75000e-03
 1.608000000000e-01,-3.80000e-02
 1.610000000000e-01,-6.92500e-02
 1.612000000000e-01,-3.80000e-02
 1.614000000000e-01,-3.80000e-02
 1.616000000000e-01,-6.75000e-03
 1.618000000000e-01,-6.75000e-03
 1.620000000000e-01,-3.80000e-02
 1.622000000000e-01,-6.75000e-03
 1.624000000000e-01,-3.80000e-02
 1.626000000000e-01,-6.75000e-03
 1.628000000000e-01,-6.75000e-03
 1.630000000000e-01,-3.80000e-02
 1.632000000000e-01,-3.80000e-02
 1.634000000000e-01,-3.80000e-02
 1.636000000000e-01,-6.92500e-02
 1.638000000000e-01,-3.80000e-02
 1.640000000000e-01,-3.80000e-02
 1.642000000000e-01,-3.80000e-02
 1.644000000000e-01,-6.75000e-03
 1.646000000000e-01, 2.45000e-02
 1.648000000000e-01,-6.75000e-03
 1.650000000000e-01,-3.80000e-02
 1.652000000000e-01,-3.80000e-02
 1.654000000000e-01,-3.80000e-02
 1.656000000000e-01,-6.92500e-02
 1.658000000000e-01,-3.80000e-02
 1.660000000000e-01,-6.92500e-02
 1.662000000000e-01,-3.80000e-02
 1.664000000000e-01,-6.75000e-03
 1.666000000000e-01,-3.80000e-02
 1.668000000000e-01,-3.80000e-02
 1.670000000000e-01,-3.80000e-02
 1.672000000000e-01,-6.75000e-03
 1.674000000000e-01,-3.80000e-02
 1.676000000000e-01,-6.92500e-02
 1.678000000000e-01,-3.80000e-02
 1.680000000000e-01,-6.92500e-02
 1.682000000000e-01,-3.80000e-02
 1.684000000000e-01,-3.80000e-02
 1.686000000000e-01,-6.92500e-02
 1.688000000000e-01,-3.80000e-02
 1.690000000000e-01,-3.80000e-02
 1.692000000000e-01,-6.75000e-03
 1.694000000000e-01,-6.92500e-02
 1.696000000000e-01,-6.92500e-02
 1.698000000000e-01,-6.75000e-03
 1.700000000000e-01,-3.80000e-02
 1.702000000000e-01,-3.80000e-02
 1.704000000000e-01,-6.92500e-02
 1.706000000000e-01,-6.75000e-03
 1.708000000000e-01,-3.80000e-02
 1.710000000000e-01,-6.92500e-02
 1.712000000000e-01,-6.92500e-02
 1.714000000000e-01,-3.80000e-02
 1.716000000000e-01,-3.80000e-02
 1.718000000000e-01,-6.75000e-03
 1.720000000000e-01,-3.80000e-02
 1.722000000000e-01,-3.80000e-02
 1.724000000000e-01,-3.80000e-02
 1.726000000000e-01,-3.80000e-02
 1.728000000000e-01,-6.75000e-03
 1.730000000000e-01,-6.75000e-03
 1.732000000000e-01,-3.80000e-02
 1.734000000000e-01,-3.80000e-02
 1.736000000000e-01,-3.80000e-02
 1.738000000000e-01,-6.75000e-03
 1.740000000000e-01,-6.75000e-03
 1.742000000000e-01,-3.80000e-02
 1.744000000000e-01,-6.92500e-02
 1.746000000000e-01,-6.75000e-03
 1.748000000000e-01,-6.75000e-03
 1.750000000000e-01,-3.80000e-02
 1.752000000000e-01,-3.80000e-02
 1.754000000000e-01,-3.80000e-02
 1.756000000000e-01,-6.75000e-03
 1.758000000000e-01,-3.80000e-02
 1.760000000000e-01,-3.80000e-02
 1.762000000000e-01,-6.75000e-03
 1.764000000000e-01,-3.80000e-02
 1.766000000000e-01,-6.92500e-02
 1.768000000000e-01,-3.80000e-02
 1.770000000000e-01,-3.80000e-02
 1.772000000000e-01,-3.80000e-02
 1.774000000000e-01,-3.80000e-02
 1.776000000000e-01,-3.80000e-02
 1.778000000000e-01,-3.80000e-02
 1.780000000000e-01,-6.75000e-03
 1.782000000000e-01,-6.92500e-02
 1.784000000000e-01,-3.80000e-02
 1.786000000000e-01,-3.80000e-02
 1.788000000000e-01,-3.80000e-02
 1.790000000000e-01,-6.92500e-02
 1.792000000000e-01,-3.80000e-02
 1.794000000000e-01, 2.45000e-02
 1.796000000000e-01,-6.75000e-03
 1.798000000000e-01,-3.80000e-02
 1.800000000000e-01,-6.75000e-03
 1.802000000000e-01,-6.92500e-02
 1.804000000000e-01,-3.80000e-02
 1.806000000000e-01,-3.80000e-02
 1.808000000000e-01,-3.80000e-02
 1.810000000000e-01,-3.80000e-02
 1.812000000000e-01,-3.80000e-02
 1.814000000000e-01,-3.80000e-02
 1.816000000000e-01,-3.80000e-02
 1.818000000000e-01,-3.80000e-02
 1.820000000000e-01,-3.80000e-02
 1.822000000000e-01,-6.75000e-03
 1.824000000000e-01,-6.75000e-03
 1.826000000000e-01,-3.80000e-02
 1.828000000000e-01,-3.80000e-02
 1.830000000000e-01,-3.80000e-02
 1.832000000000e-01,-6.92500e-02
 1.834000000000e-01,-3.80000e-02
 1.836000000000e-01,-3.80000e-02
 1.838000000000e-01,-6.75000e-03
 1.840000000000e-01,-3.80000e-02
 1.842000000000e-01,-3.80000e-02
 1.844000000000e-01,-3.80000e-02
 1.846000000000e-01,-3.80000e-02
 1.848000000000e-01,-6.92500e-02
 1.850000000000e-01,-6.92500e-02
 1.852000000000e-01,-3.80000e-02
 1.854000000000e-01, 2.45000e-02
 1.856000000000e-01,-3.80000e-02