x-axis,2
second,Volt
-0.007999999045,0.0625
-0.007949999045,0
-0.007899999045,-0.0625
-0.007849999045,0.0625
-0.007799999045,0.0625
-0.007749999045,0
-0.007699999045,0.0625
-0.007649999045,0.0625
-0.007599999045,0
-0.007549999045,0.0625
-0.007499999045,0.125
-0.007449999045,-0.0625
-0.007399999045,0.0625
-0.007349999045,0
-0.007299999045,0.0625
-0.007249999045,0.0625
-0.007199999045,0
-0.007149999045,0.1875
-0.007099999045,0
-0.007049999045,0
-0.006999999045,0.0625
-0.006949999045,0.0625
-0.006899999045,0
-0.006849999045,0
-0.006799999045,0
-0.006749999045,0.125
-0.006699999045,-0.0625
-0.006649999045,0.0625
-0.006599999045,-0.125
-0.006549999045,0
-0.006499999045,0
-0.006449999045,-0.0625
-0.006399999045,0.0625
-0.006349999045,0
-0.006299999045,0.0625
-0.006249999045,0.125
-0.006199999045,0
-0.006149999045,0.125
-0.006099999045,-0.0625
-0.006049999045,0.0625
-0.005999999045,0
-0.005949999045,-0.0625
-0.005899999045,0.125
-0.005849999045,0.0625
-0.005799999045,0.0625
-0.005749999045,0.0625
-0.005699999045,-0.0625
-0.005649999045,0
-0.005599999045,0
-0.005549999045,0.0625
-0.005499999045,-0.0625
-0.005449999045,0
-0.005399999045,0.0625
-0.005349999045,0.1875
-0.005299999045,0.125
-0.005249999045,0.125
-0.005199999045,-0.0625
-0.005149999045,-0.0625
-0.005099999045,0.0625
-0.005049999045,0.0625
-0.004999999045,0
-0.004949999045,0.0625
-0.004899999045,0
-0.004849999045,0.0625
-0.004799999045,0
-0.004749999045,0.125
-0.004699999045,0.0625
-0.004649999045,0.0625
-0.004599999045,0
-0.004549999045,0
-0.004499999045,0.0625
-0.004449999045,0.0625
-0.004399999045,0.0625
-0.004349999045,0.0625
-0.004299999045,0.0625
-0.004249999045,0
-0.004199999045,0
-0.004149999045,0.125
-0.004099999045,0.0625
-0.004049999045,0
-0.003999999045,-0.0625
-0.003949999045,0
-0.003899999045,0
-0.003849999045,0.0625
-0.003799999045,0
-0.003749999045,0
-0.003699999045,0.125
-0.003649999045,0.0625
-0.003599999045,-0.0625
-0.003549999045,0
-0.003499999045,0
-0.003449999045,0.0625
-0.003399999045,0
-0.003349999045,0.125
-0.003299999045,-0.0625
-0.003249999045,0.0625
-0.003199999045,-0.0625
-0.003149999045,-0.0625
-0.003099999045,0
-0.003049999045,0.0625
-0.002999999045,-0.0625
-0.002949999045,0
-0.002899999045,0.125
-0.002849999045,0
-0.002799999045,0
-0.002749999045,0
-0.002699999045,-0.0625
-0.002649999045,0
-0.002599999045,0
-0.002549999045,-0.0625
-0.002499999045,0.0625
-0.002449999045,0
-0.002399999045,-0.0625
-0.002349999045,0.0625
-0.002299999045,0
-0.002249999045,0.125
-0.002199999045,0
-0.002149999045,0.125
-0.002099999045,0.125
-0.002049999045,0.125
-0.001999999045,0
-0.001949999045,0.0625
-0.001899999045,0
-0.001849999045,0.0625
-0.001799999045,0
-0.001749999045,0
-0.001699999045,0.1875
-0.001649999045,0
-0.001599999045,0.0625
-0.001549999045,-0.0625
-0.001499999045,0
-0.001449999045,0
-0.001399999045,0
-0.001349999045,0
-0.001299999045,0.125
-0.001249999045,0.125
-0.001199999045,0
-0.001149999045,0.0625
-0.001099999045,-0.0625
-0.001049999045,0.0625
-0.000999999045,0.0625
-0.000949999045,-0.0625
-0.000899999045,0
-0.000849999045,0.0625
-0.000799999045,-0.0625
-0.000749999045,0.0625
-0.000699999045,0.125
-0.000649999045,0.0625
-0.000599999045,0
-0.000549999045,0
-0.000499999045,0.0625
-0.000449999045,-0.0625
-0.000399999045,0.125
-0.000349999045,0
-0.000299999045,-0.0625
-0.000249999045,0.0625
-0.000199999045,0.125
-0.000149999045,0.125
-9.9999045e-05,-0.0625
-4.9999045e-05,0.0625
9.55000000954e-10,0
5.0000955e-05,0.125
0.000100000955,0
0.000150000955,0.125
0.000200000955,0.0625
0.000250000955,0
0.000300000955,0.125
0.000350000955,0
0.000400000955,0
0.000450000955,0.0625
0.000500000955,0.0625
0.000550000955,0.0625
0.000600000955,-0.0625
0.000650000955,0
0.000700000955,0.0625
0.000750000955,0.125
0.000800000955,0.0625
0.000850000955,0.0625
0.000900000955,0.0625
0.000950000955,0
0.001000000955,0
0.001050000955,0.0625
0.001100000955,-0.0625
0.001150000955,0
0.001200000955,0
0.001250000955,0.125
0.001300000955,0.125
0.001350000955,-0.0625
0.001400000955,0.0625
0.001450000955,0.0625
0.001500000955,0
0.001550000955,0
0.001600000955,0.0625
0.001650000955,0.0625
0.001700000955,-0.0625
0.001750000955,0
0.001800000955,0.0625
0.001850000955,0.0625
0.001900000955,-0.0625
0.001950000955,0.0625
0.002000000955,0.0625
0.002050000955,0.0625
0.002100000955,-0.0625
0.002150000955,0
0.002200000955,0
0.002250000955,0
0.002300000955,0.0625
0.002350000955,0.0625
0.002400000955,0.0625
0.002450000955,0.0625
0.002500000955,0.0625
0.002550000955,0
0.002600000955,0
0.002650000955,0
0.002700000955,0.0625
0.002750000955,-0.0625
0.002800000955,0.125
0.002850000955,0
0.002900000955,0
0.002950000955,0.125
0.003000000955,0.0625
0.003050000955,-0.0625
0.003100000955,0.0625
0.003150000955,0
0.003200000955,0.0625
0.003250000955,0
0.003300000955,0
0.003350000955,0.0625
0.003400000955,0.0625
0.003450000955,-0.0625
0.003500000955,0
0.003550000955,0
0.003600000955,0
0.003650000955,0.0625
0.003700000955,0
0.003750000955,0.0625
0.003800000955,0
0.003850000955,-0.0625
0.003900000955,-0.0625
0.003950000955,0.1875
0.004000000955,0.0625
0.004050000955,-0.0625
0.004100000955,0
0.004150000955,0
0.004200000955,-0.0625
0.004250000955,0.0625
0.004300000955,0.0625
0.004350000955,-0.0625
0.004400000955,0
0.004450000955,0.0625
0.004500000955,0
0.004550000955,0.0625
0.004600000955,0
0.004650000955,-0.0625
0.004700000955,0
0.004750000955,0
0.004800000955,0.125
0.004850000955,0
0.004900000955,0
0.004950000955,0.125
0.005000000955,0.0625
0.005050000955,0.0625
0.005100000955,0
0.005150000955,0
0.005200000955,0
0.005250000955,0.0625
0.005300000955,0.0625
0.005350000955,0
0.005400000955,0.125
0.005450000955,0
0.005500000955,-0.0625
0.005550000955,0.0625
0.005600000955,0.0625
0.005650000955,0.0625
0.005700000955,0.0625
0.005750000955,0.125
0.005800000955,0
0.005850000955,0
0.005900000955,0.0625
0.005950000955,-0.125
0.006000000955,0
0.006050000955,0
0.006100000955,-0.0625
0.006150000955,0.0625
0.006200000955,0
0.006250000955,0.0625
0.006300000955,-0.0625
0.006350000955,0
0.006400000955,0
0.006450000955,0
0.006500000955,0.0625
0.006550000955,0
0.006600000955,0.0625
0.006650000955,0.0625
0.006700000955,0.0625
0.006750000955,0
0.006800000955,0.0625
0.006850000955,0
0.006900000955,0
0.006950000955,0
0.007000000955,0.0625
0.007050000955,0.0625
0.007100000955,-0.0625
0.007150000955,0
0.007200000955,0.0625
0.007250000955,0
0.007300000955,0.0625
0.007350000955,0.0625
0.007400000955,0.125
0.007450000955,-0.0625
0.007500000955,-0.0625
0.007550000955,0.0625
0.007600000955,0
0.007650000955,0
0.007700000955,0.0625
0.007750000955,0.1875
0.007800000955,0.0625
0.007850000955,0.0625
0.007900000955,0.0625
0.007950000955,0.1875
0.008000000955,0.0625
0.008050000955,0.0625
0.008100000955,0.125
0.008150000955,0
0.008200000955,0.0625
0.008250000955,-0.0625
0.008300000955,0
0.008350000955,0
0.008400000955,-0.125
0.008450000955,0
0.008500000955,0.0625
0.008550000955,0.0625
0.008600000955,0
0.008650000955,0
0.008700000955,0
0.008750000955,-0.125
0.008800000955,-0.0625
0.008850000955,0.0625
0.008900000955,-0.125
0.008950000955,0
0.009000000955,0.0625
0.009050000955,0.0625
0.009100000955,0.125
0.009150000955,0.0625
0.009200000955,0.0625
0.009250000955,0
0.009300000955,0
0.009350000955,0
0.009400000955,0
0.009450000955,0.0625
0.009500000955,0.0625
0.009550000955,0.0625
0.009600000955,0
0.009650000955,-0.0625
0.009700000955,0.0625
0.009750000955,0
0.009800000955,0.0625
0.009850000955,0
0.009900000955,0.0625
0.009950000955,0
0.010000000955,0
0.010050000955,0
0.010100000955,-0.0625
0.010150000955,-0.0625
0.010200000955,0
0.010250000955,0
0.010300000955,-0.0625
0.010350000955,-0.0625
0.010400000955,0.125
0.010450000955,0
0.010500000955,0.125
0.010550000955,0
0.010600000955,0.125
0.010650000955,-0.0625
0.010700000955,0.125
0.010750000955,0
0.010800000955,0
0.010850000955,0
0.010900000955,0
0.010950000955,0.0625
0.011000000955,0.0625
0.011050000955,0.125
0.011100000955,0.0625
0.011150000955,0
0.011200000955,-0.0625
0.011250000955,0
0.011300000955,0.125
0.011350000955,0.0625
0.011400000955,-0.0625
0.011450000955,0.0625
0.011500000955,0
0.011550000955,0
0.011600000955,0.0625
0.011650000955,0.0625
0.011700000955,0
0.011750000955,0
0.011800000955,0.125
0.011850000955,0
0.011900000955,-0.0625
0.011950000955,0
0.012000000955,0
0.012050000955,0
0.012100000955,0.125
0.012150000955,0.0625
0.012200000955,0.0625
0.012250000955,0.0625
0.012300000955,0.125
0.012350000955,-0.0625
0.012400000955,0.0625
0.012450000955,0.125
0.012500000955,0.0625
0.012550000955,0
0.012600000955,-0.0625
0.012650000955,0.0625
0.012700000955,0.125
0.012750000955,0
0.012800000955,0.0625
0.012850000955,0.0625
0.012900000955,-0.0625
0.012950000955,0
0.013000000955,0
0.013050000955,0
0.013100000955,0.0625
0.013150000955,0.125
0.013200000955,0.0625
0.013250000955,0.125
0.013300000955,0
0.013350000955,0.0625
0.013400000955,-0.0625
0.013450000955,0.0625
0.013500000955,-0.0625
0.013550000955,0.125
0.013600000955,0.125
0.013650000955,0
0.013700000955,0
0.013750000955,0
0.013800000955,0.0625
0.013850000955,0.0625
0.013900000955,0
0.013950000955,0
0.014000000955,0
0.014050000955,0.0625
0.014100000955,0.0625
0.014150000955,0
0.014200000955,0
0.014250000955,0
0.014300000955,0
0.014350000955,0
0.014400000955,-0.0625
0.014450000955,0
0.014500000955,0
0.014550000955,0
0.014600000955,-0.0625
0.014650000955,0
0.014700000955,0
0.014750000955,0
0.014800000955,0.0625
0.014850000955,0.125
0.014900000955,-0.0625
0.014950000955,0.125
0.015000000955,0.125
0.015050000955,0.0625
0.015100000955,0
0.015150000955,0
0.015200000955,0.125
0.015250000955,0.0625
0.015300000955,0
0.015350000955,0
0.015400000955,0.125
0.015450000955,0.0625
0.015500000955,0
0.015550000955,0.125
0.015600000955,0
0.015650000955,0
0.015700000955,0.0625
0.015750000955,0
0.015800000955,0.0625
0.015850000955,0.0625
0.015900000955,0.0625
0.015950000955,-0.0625
0.016000000955,0.0625
0.016050000955,0
0.016100000955,-0.0625
0.016150000955,0.0625
0.016200000955,0
0.016250000955,-0.0625
0.016300000955,0
0.016350000955,0.0625
0.016400000955,0
0.016450000955,0
0.016500000955,-0.0625
0.016550000955,0
0.016600000955,0.0625
0.016650000955,0.0625
0.016700000955,-0.0625
0.016750000955,-0.0625
0.016800000955,0
0.016850000955,0
0.016900000955,0
0.016950000955,0.125
0.017000000955,0
0.017050000955,0.0625
0.017100000955,0.0625
0.017150000955,0.0625
0.017200000955,0.0625
0.017250000955,0
0.017300000955,0
0.017350000955,0.0625
0.017400000955,0
0.017450000955,-0.0625
0.017500000955,0.0625
0.017550000955,0.0625
0.017600000955,-0.0625
0.017650000955,0.0625
0.017700000955,0.0625
0.017750000955,0.0625
0.017800000955,-0.0625
0.017850000955,0.0625
0.017900000955,0
0.017950000955,0.0625
0.018000000955,0
0.018050000955,0.125
0.018100000955,0.0625
0.018150000955,0.25
0.018200000955,0.0625
0.018250000955,0.0625
0.018300000955,0.0625
0.018350000955,-0.0625
0.018400000955,0.0625
0.018450000955,0
0.018500000955,0
0.018550000955,0.0625
0.018600000955,0.0625
0.018650000955,0.125
0.018700000955,0.0625
0.018750000955,0
0.018800000955,0
0.018850000955,0.0625
0.018900000955,-0.0625
0.018950000955,0.0625
0.019000000955,0
0.019050000955,0.0625
0.019100000955,0
0.019150000955,0
0.019200000955,-0.0625
0.019250000955,0
0.019300000955,0.0625
0.019350000955,0
0.019400000955,0.0625
0.019450000955,0.0625
0.019500000955,0.125
0.019550000955,0.0625
0.019600000955,-0.0625
0.019650000955,-0.0625
0.019700000955,0.0625
0.019750000955,0.125
0.019800000955,0.125
0.019850000955,-0.0625
0.019900000955,0
0.019950000955,0.0625
0.020000000955,0.0625
0.020050000955,0
0.020100000955,-0.0625
0.020150000955,0.125
0.020200000955,0.0625
0.020250000955,-0.0625
0.020300000955,0
0.020350000955,0
0.020400000955,0.125
0.020450000955,0.0625
0.020500000955,0
0.020550000955,0
0.020600000955,0
0.020650000955,-0.0625
0.020700000955,0
0.020750000955,0.125
0.020800000955,0
0.020850000955,0
0.020900000955,0.0625
0.020950000955,-0.0625
0.021000000955,-0.0625
0.021050000955,0
0.021100000955,-0.0625
0.021150000955,0.0625
0.021200000955,0.0625
0.021250000955,0
0.021300000955,0
0.021350000955,-0.0625
0.021400000955,0.125
0.021450000955,0.0625
0.021500000955,0
0.021550000955,0.0625
0.021600000955,0.0625
0.021650000955,0.0625
0.021700000955,0
0.021750000955,0.0625
0.021800000955,0
0.021850000955,0.125
0.021900000955,0
0.021950000955,0
0.022000000955,0.125
0.022050000955,0.0625
0.022100000955,0.0625
0.022150000955,0
0.022200000955,-0.0625
0.022250000955,0.125
0.022300000955,0.0625
0.022350000955,0.125
0.022400000955,0
0.022450000955,0
0.022500000955,0
0.022550000955,0
0.022600000955,0.0625
0.022650000955,0.0625
0.022700000955,0
0.022750000955,0
0.022800000955,0.1875
0.022850000955,0
0.022900000955,-0.0625
0.022950000955,0.0625
0.023000000955,0.0625
0.023050000955,0
0.023100000955,0.0625
0.023150000955,-0.0625
0.023200000955,0.0625
0.023250000955,0.0625
0.023300000955,0
0.023350000955,-0.0625
0.023400000955,0.0625
0.023450000955,0.0625
0.023500000955,0.0625
0.023550000955,0.0625
0.023600000955,0.0625
0.023650000955,0.125
0.023700000955,0.1875
0.023750000955,0.0625
0.023800000955,0.0625
0.023850000955,-0.0625
0.023900000955,0
0.023950000955,0.125
0.024000000955,0.0625
0.024050000955,0
0.024100000955,-0.0625
0.024150000955,0.125
0.024200000955,0.0625
0.024250000955,0.125
0.024300000955,0.0625
0.024350000955,0
0.024400000955,-0.0625
0.024450000955,0.0625
0.024500000955,0
0.024550000955,0
0.024600000955,0.0625
0.024650000955,0.125
0.024700000955,0.0625
0.024750000955,0.0625
0.024800000955,0
0.024850000955,0.0625
0.024900000955,0.125
0.024950000955,-0.0625
0.025000000955,0.0625
0.025050000955,-0.125
0.025100000955,0
0.025150000955,0.125
0.025200000955,-0.0625
0.025250000955,0.0625
0.025300000955,0
0.025350000955,0
0.025400000955,0.125
0.025450000955,-0.0625
0.025500000955,0
0.025550000955,0.0625
0.025600000955,0
0.025650000955,0
0.025700000955,0.0625
0.025750000955,0
0.025800000955,0
0.025850000955,0.125
0.025900000955,0
0.025950000955,0.0625
0.026000000955,0.0625
0.026050000955,0.0625
0.026100000955,0
0.026150000955,0.0625
0.026200000955,0.0625
0.026250000955,0
0.026300000955,0
0.026350000955,0
0.026400000955,0
0.026450000955,0
0.026500000955,-0.0625
0.026550000955,-0.0625
0.026600000955,0
0.026650000955,0
0.026700000955,0.125
0.026750000955,0
0.026800000955,0
0.026850000955,0
0.026900000955,-0.0625
0.026950000955,0.125
0.027000000955,0.0625
0.027050000955,0
0.027100000955,0
0.027150000955,0
0.027200000955,0.0625
0.027250000955,0.0625
0.027300000955,-0.0625
0.027350000955,0.125
0.027400000955,-0.0625
0.027450000955,0
0.027500000955,0.0625
0.027550000955,-0.0625
0.027600000955,-0.0625
0.027650000955,-0.0625
0.027700000955,0
0.027750000955,0.0625
0.027800000955,0
0.027850000955,0.125
0.027900000955,0
0.027950000955,0.125
0.028000000955,-0.0625
0.028050000955,0
0.028100000955,0.0625
0.028150000955,0.0625
0.028200000955,0
0.028250000955,0.125
0.028300000955,0
0.028350000955,0
0.028400000955,0
0.028450000955,0.125
0.028500000955,0.125
0.028550000955,0.0625
0.028600000955,0.0625
0.028650000955,-0.0625
0.028700000955,0.1875
0.028750000955,0.0625
0.028800000955,-0.0625
0.028850000955,-0.0625
0.028900000955,0.0625
0.028950000955,0.125
0.029000000955,0
0.029050000955,0
0.029100000955,0.0625
0.029150000955,0.125
0.029200000955,0
0.029250000955,0.125
0.029300000955,0.125
0.029350000955,-0.0625
0.029400000955,0
0.029450000955,-0.0625
0.029500000955,-0.0625
0.029550000955,0
0.029600000955,0
0.029650000955,0.0625
0.029700000955,0.0625
0.029750000955,0
0.029800000955,0
0.029850000955,-0.0625
0.029900000955,-0.0625
0.029950000955,0.0625
0.030000000955,0.0625
0.030050000955,0.125
0.030100000955,0.125
0.030150000955,-0.125
0.030200000955,0.1875
0.030250000955,0.0625
0.030300000955,0.125
0.030350000955,0.1875
0.030400000955,0
0.030450000955,0
0.030500000955,0.125
0.030550000955,0.0625
0.030600000955,0
0.030650000955,-0.0625
0.030700000955,0.0625
0.030750000955,0.0625
0.030800000955,0.0625
0.030850000955,-0.0625
0.030900000955,0.0625
0.030950000955,0.0625
0.031000000955,0
0.031050000955,0.0625
0.031100000955,0
0.031150000955,0.0625
0.031200000955,0.0625
0.031250000955,0.0625
0.031300000955,0.0625
0.031350000955,0.0625
0.031400000955,0
0.031450000955,0.0625
0.031500000955,0.125
0.031550000955,-0.0625
0.031600000955,0
0.031650000955,0.0625
0.031700000955,0
0.031750000955,0
0.031800000955,0
0.031850000955,0.0625
0.031900000955,-0.0625
0.031950000955,0.125
0.032000000955,0
0.032050000955,0
0.032100000955,0.125
0.032150000955,0.0625
0.032200000955,0
0.032250000955,0
0.032300000955,0
0.032350000955,0.0625
0.032400000955,0
0.032450000955,0.0625
0.032500000955,0
0.032550000955,0
0.032600000955,0.0625
0.032650000955,-0.0625
0.032700000955,0.0625
0.032750000955,0
0.032800000955,0.125
0.032850000955,0
0.032900000955,0.1875
0.032950000955,-0.0625
0.033000000955,0.125
0.033050000955,0.0625
0.033100000955,0.0625
0.033150000955,0.0625
0.033200000955,-0.0625
0.033250000955,0.125
0.033300000955,0
0.033350000955,0
0.033400000955,-0.0625
0.033450000955,0
0.033500000955,0.1875
0.033550000955,0.125
0.033600000955,0.125
0.033650000955,0.0625
0.033700000955,0.1875
0.033750000955,0
0.033800000955,0.125
0.033850000955,-0.0625
0.033900000955,0.0625
0.033950000955,-0.0625
0.034000000955,0.125
0.034050000955,0
0.034100000955,0.0625
0.034150000955,0.0625
0.034200000955,0.0625
0.034250000955,0
0.034300000955,0
0.034350000955,-0.0625
0.034400000955,0.125
0.034450000955,0.0625
0.034500000955,0.0625
0.034550000955,-0.0625
0.034600000955,0.125
0.034650000955,0
0.034700000955,0
0.034750000955,0.125
0.034800000955,0.0625
0.034850000955,0
0.034900000955,0.125
0.034950000955,0
0.035000000955,-0.0625
0.035050000955,0.0625
0.035100000955,0.1875
0.035150000955,-0.0625
0.035200000955,0.125
0.035250000955,0.125
0.035300000955,0.0625
0.035350000955,0.0625
0.035400000955,0
0.035450000955,0
0.035500000955,-0.0625
0.035550000955,0
0.035600000955,0.0625
0.035650000955,0.0625
0.035700000955,0
0.035750000955,0
0.035800000955,0.0625
0.035850000955,0.0625
0.035900000955,-0.125
0.035950000955,0.0625
0.036000000955,0
0.036050000955,0.0625
0.036100000955,0.0625
0.036150000955,0
0.036200000955,0
0.036250000955,0.0625
0.036300000955,0.125
0.036350000955,0.125
0.036400000955,0
0.036450000955,-0.0625
0.036500000955,0.125
0.036550000955,0
0.036600000955,-0.0625
0.036650000955,-0.125
0.036700000955,0.0625
0.036750000955,0.125
0.036800000955,0.0625
0.036850000955,0.0625
0.036900000955,0
0.036950000955,0.0625
0.037000000955,0.0625
0.037050000955,-0.0625
0.037100000955,0.0625
0.037150000955,0.0625
0.037200000955,0.0625
0.037250000955,0.0625
0.037300000955,0.0625
0.037350000955,0
0.037400000955,0.0625
0.037450000955,0
0.037500000955,0
0.037550000955,0.125
0.037600000955,0
0.037650000955,0
0.037700000955,0.125
0.037750000955,0.0625
0.037800000955,0
0.037850000955,-0.125
0.037900000955,-0.0625
0.037950000955,0
0.038000000955,0.125
0.038050000955,-0.0625
0.038100000955,0.0625
0.038150000955,0.0625
0.038200000955,-0.0625
0.038250000955,0.125
0.038300000955,0.0625
0.038350000955,0.0625
0.038400000955,0.125
0.038450000955,0.0625
0.038500000955,-0.0625
0.038550000955,-0.0625
0.038600000955,0.0625
0.038650000955,0.25
0.038700000955,0
0.038750000955,0.0625
0.038800000955,0.125
0.038850000955,0.0625
0.038900000955,-0.0625
0.038950000955,0
0.039000000955,0
0.039050000955,0
0.039100000955,0
0.039150000955,0.0625
0.039200000955,0.0625
0.039250000955,0
0.039300000955,0
0.039350000955,0.0625
0.039400000955,-0.0625
0.039450000955,-0.0625
0.039500000955,0.125
0.039550000955,-0.0625
0.039600000955,0.0625
0.039650000955,0.0625
0.039700000955,0
0.039750000955,0
0.039800000955,0
0.039850000955,0
0.039900000955,0
0.039950000955,0.0625
0.040000000955,0.0625
0.040050000955,0
0.040100000955,-0.0625
0.040150000955,-0.0625
0.040200000955,0
0.040250000955,0.125
0.040300000955,0.0625
0.040350000955,-0.0625
0.040400000955,0
0.040450000955,0
0.040500000955,0.0625
0.040550000955,0.125
0.040600000955,0
0.040650000955,0.0625
0.040700000955,0.0625
0.040750000955,-0.0625
0.040800000955,0.0625
0.040850000955,0
0.040900000955,0.0625
0.040950000955,0.0625
0.041000000955,0.0625
0.041050000955,0.0625
0.041100000955,0
0.041150000955,0.125
0.041200000955,0.0625
0.041250000955,0.125
0.041300000955,0.125
0.041350000955,-0.0625
0.041400000955,-0.0625
0.041450000955,0
0.041500000955,0
0.041550000955,0.0625
0.041600000955,0.0625
0.041650000955,0
0.041700000955,0.125
0.041750000955,0.0625
0.041800000955,0
0.041850000955,0.125
0.041900000955,0.0625
0.041950000955,0.0625
0.042000000955,0
0.042050000955,0.0625
0.042100000955,0
0.042150000955,0
0.042200000955,0.0625
0.042250000955,0.0625
0.042300000955,0
0.042350000955,0.0625
0.042400000955,0
0.042450000955,0.125
0.042500000955,0.125
0.042550000955,0.125
0.042600000955,0
0.042650000955,0.0625
0.042700000955,0
0.042750000955,0.0625
0.042800000955,0
0.042850000955,0.0625
0.042900000955,-0.0625
0.042950000955,0
0.043000000955,0.0625
0.043050000955,0.0625
0.043100000955,0.125
0.043150000955,0.0625
0.043200000955,0.125
0.043250000955,0.0625
0.043300000955,0.0625
0.043350000955,0
0.043400000955,-0.0625
0.043450000955,0.0625
0.043500000955,0.0625
0.043550000955,-0.0625
0.043600000955,0.0625
0.043650000955,-0.0625
0.043700000955,0.0625
0.043750000955,-0.0625
0.043800000955,0
0.043850000955,-0.0625
0.043900000955,0
0.043950000955,0.125
0.044000000955,0.125
0.044050000955,0.0625
0.044100000955,0.125
0.044150000955,0
0.044200000955,0
0.044250000955,0
0.044300000955,0.0625
0.044350000955,0.125
0.044400000955,0.0625
0.044450000955,0
0.044500000955,0
0.044550000955,0
0.044600000955,0.125
0.044650000955,0
0.044700000955,0.125
0.044750000955,0
0.044800000955,0.0625
0.044850000955,0.0625
0.044900000955,0.0625
0.044950000955,0.125
0.045000000955,-0.0625
0.045050000955,0.125
0.045100000955,0.0625
0.045150000955,0.125
0.045200000955,0.0625
0.045250000955,0
0.045300000955,0.0625
0.045350000955,0.0625
0.045400000955,0.0625
0.045450000955,0.0625
0.045500000955,0
0.045550000955,0
0.045600000955,-0.0625
0.045650000955,-0.0625
0.045700000955,0.0625
0.045750000955,0
0.045800000955,0
0.045850000955,0
0.045900000955,0.125
0.045950000955,-0.0625
0.046000000955,0
0.046050000955,0.0625
0.046100000955,0.0625
0.046150000955,0.0625
0.046200000955,0.0625
0.046250000955,0.0625
0.046300000955,0.0625
0.046350000955,0.125
0.046400000955,0.0625
0.046450000955,0.0625
0.046500000955,0.0625
0.046550000955,0.0625
0.046600000955,-0.0625
0.046650000955,-0.0625
0.046700000955,0
0.046750000955,0
0.046800000955,0.0625
0.046850000955,0.0625
0.046900000955,-0.0625
0.046950000955,0.0625
0.047000000955,0.0625
0.047050000955,0
0.047100000955,0.125
0.047150000955,0.0625
0.047200000955,0.0625
0.047250000955,0.0625
0.047300000955,0
0.047350000955,0
0.047400000955,0.125
0.047450000955,-0.0625
0.047500000955,-0.0625
0.047550000955,0
0.047600000955,-0.0625
0.047650000955,0
0.047700000955,0
0.047750000955,-0.0625
0.047800000955,0
0.047850000955,0
0.047900000955,0.0625
0.047950000955,0.125
0.048000000955,0
0.048050000955,0.0625
0.048100000955,0
0.048150000955,0.0625
0.048200000955,-0.0625
0.048250000955,0
0.048300000955,0.125
0.048350000955,0.0625
0.048400000955,0
0.048450000955,0.0625
0.048500000955,0
0.048550000955,-0.0625
0.048600000955,-0.0625
0.048650000955,-0.0625
0.048700000955,0.125
0.048750000955,-0.0625
0.048800000955,0
0.048850000955,0.0625
0.048900000955,0.0625
0.048950000955,0
0.049000000955,0.125
0.049050000955,0.0625
0.049100000955,0
0.049150000955,0.1875
0.049200000955,0.0625
0.049250000955,0.0625
0.049300000955,-0.0625
0.049350000955,-0.0625
0.049400000955,0.0625
0.049450000955,0
0.049500000955,-0.0625
0.049550000955,0.0625
0.049600000955,0
0.049650000955,-0.0625
0.049700000955,0
0.049750000955,0
0.049800000955,0.0625
0.049850000955,0
0.049900000955,0
0.049950000955,-0.0625
0.050000000955,0.125
0.050050000955,-0.0625
0.050100000955,0.0625
0.050150000955,0
0.050200000955,0.0625
0.050250000955,0.0625
0.050300000955,0
0.050350000955,0.0625
0.050400000955,0.0625
0.050450000955,0.0625
0.050500000955,-0.125
0.050550000955,0.0625
0.050600000955,0.0625
0.050650000955,0.125
0.050700000955,-0.0625
0.050750000955,-0.0625
0.050800000955,0.0625
0.050850000955,0.0625
0.050900000955,0
0.050950000955,-0.125
0.051000000955,0.0625
0.051050000955,0
0.051100000955,0
0.051150000955,0
0.051200000955,0
0.051250000955,-0.0625
0.051300000955,-0.0625
0.051350000955,0.0625
0.051400000955,0
0.051450000955,0.0625
0.051500000955,0
0.051550000955,0.0625
0.051600000955,0.0625
0.051650000955,0
0.051700000955,0.0625
0.051750000955,-0.0625
0.051800000955,0
0.051850000955,0
0.051900000955,0.125
0.051950000955,-0.0625
0.052000000955,-0.0625
0.052050000955,0.125
0.052100000955,-0.0625
0.052150000955,0.0625
0.052200000955,0
0.052250000955,0.125
0.052300000955,-0.0625
0.052350000955,0
0.052400000955,0.0625
0.052450000955,0.0625
0.052500000955,0
0.052550000955,0
0.052600000955,0.125
0.052650000955,0.0625
0.052700000955,0.0625
0.052750000955,0.0625
0.052800000955,0
0.052850000955,-0.0625
0.052900000955,0
0.052950000955,0.0625
0.053000000955,0
0.053050000955,0.0625
0.053100000955,0.0625
0.053150000955,-0.0625
0.053200000955,0
0.053250000955,0.0625
0.053300000955,0
0.053350000955,0
0.053400000955,-0.0625
0.053450000955,-0.0625
0.053500000955,0
0.053550000955,0.0625
0.053600000955,0.0625
0.053650000955,0
0.053700000955,0
0.053750000955,-0.0625
0.053800000955,0
0.053850000955,0
0.053900000955,0
0.053950000955,0.0625
0.054000000955,0.0625
0.054050000955,0
0.054100000955,0
0.054150000955,-0.0625
0.054200000955,0.125
0.054250000955,0
0.054300000955,-0.0625
0.054350000955,0.125
0.054400000955,0
0.054450000955,0.0625
0.054500000955,0.0625
0.054550000955,0.125
0.054600000955,0
0.054650000955,0
0.054700000955,0.125
0.054750000955,0
0.054800000955,-0.0625
0.054850000955,-0.125
0.054900000955,0.0625
0.054950000955,0.125
0.055000000955,0.125
0.055050000955,0
0.055100000955,0.125
0.055150000955,0
0.055200000955,0
0.055250000955,0.0625
0.055300000955,0.0625
0.055350000955,0.0625
0.055400000955,0.0625
0.055450000955,0.125
0.055500000955,-0.0625
0.055550000955,0.1875
0.055600000955,0.125
0.055650000955,-0.0625
0.055700000955,0
0.055750000955,0
0.055800000955,0.1875
0.055850000955,0.0625
0.055900000955,0
0.055950000955,0.125
0.056000000955,0.125
0.056050000955,0
0.056100000955,0.0625
0.056150000955,0.1875
0.056200000955,0
0.056250000955,-0.0625
0.056300000955,0
0.056350000955,0
0.056400000955,0.0625
0.056450000955,0.0625
0.056500000955,0.0625
0.056550000955,0.125
0.056600000955,0
0.056650000955,0.0625
0.056700000955,0.0625
0.056750000955,0.0625
0.056800000955,0.0625
0.056850000955,0
0.056900000955,0
0.056950000955,0
0.057000000955,0.125
0.057050000955,-0.0625
0.057100000955,-0.0625
0.057150000955,-0.0625
0.057200000955,0.0625
0.057250000955,0.0625
0.057300000955,0
0.057350000955,0.0625
0.057400000955,0.1875
0.057450000955,0.0625
0.057500000955,0.0625
0.057550000955,0.125
0.057600000955,0
0.057650000955,0
0.057700000955,0
0.057750000955,0.125
0.057800000955,0.0625
0.057850000955,-0.0625
0.057900000955,0.125
0.057950000955,-0.0625
0.058000000955,0.125
0.058050000955,0.0625
0.058100000955,0.0625
0.058150000955,-0.0625
0.058200000955,-0.0625
0.058250000955,0.0625
0.058300000955,0.125
0.058350000955,0.125
0.058400000955,0.0625
0.058450000955,0.0625
0.058500000955,0.0625
0.058550000955,0.0625
0.058600000955,0
0.058650000955,-0.0625
0.058700000955,0.1875
0.058750000955,0
0.058800000955,0
0.058850000955,0
0.058900000955,0
0.058950000955,-0.125
0.059000000955,0
0.059050000955,0.0625
0.059100000955,0.0625
0.059150000955,-0.0625
0.059200000955,0.0625
0.059250000955,0.125
0.059300000955,0
0.059350000955,0
0.059400000955,0
0.059450000955,0
0.059500000955,0
0.059550000955,0
0.059600000955,0.0625
0.059650000955,0
0.059700000955,0
0.059750000955,0.0625
0.059800000955,0
0.059850000955,0
0.059900000955,0
0.059950000955,0.1875
0.060000000955,0.125
0.060050000955,0
0.060100000955,0.0625
0.060150000955,-0.0625
0.060200000955,0.0625
0.060250000955,0.125
0.060300000955,0.125
0.060350000955,-0.0625
0.060400000955,0
0.060450000955,0.0625
0.060500000955,0.0625
0.060550000955,0.0625
0.060600000955,0
0.060650000955,0
0.060700000955,0.0625
0.060750000955,0.125
0.060800000955,0
0.060850000955,-0.0625
0.060900000955,0.0625
0.060950000955,0.125
0.061000000955,0
0.061050000955,-0.0625
0.061100000955,0.0625
0.061150000955,0
0.061200000955,0.0625
0.061250000955,0
0.061300000955,0
0.061350000955,0
0.061400000955,0.125
0.061450000955,0.0625
0.061500000955,0.0625
0.061550000955,0
0.061600000955,0.125
0.061650000955,0.0625
0.061700000955,0.0625
0.061750000955,0.0625
0.061800000955,0
0.061850000955,0.0625
0.061900000955,-0.0625
0.061950000955,0
0.062000000955,0
0.062050000955,0.0625
0.062100000955,0.0625
0.062150000955,0.0625
0.062200000955,0
0.062250000955,-0.0625
0.062300000955,0
0.062350000955,0.0625
0.062400000955,0.0625
0.062450000955,0
0.062500000955,0.0625
0.062550000955,0.0625
0.062600000955,0.0625
0.062650000955,-0.0625
0.062700000955,0
0.062750000955,0.0625
0.062800000955,0.125
0.062850000955,0.0625
0.062900000955,0.0625
0.062950000955,0.125
0.063000000955,0.125
0.063050000955,0.125
0.063100000955,0.0625
0.063150000955,0.0625
0.063200000955,0
0.063250000955,0
0.063300000955,0.0625
0.063350000955,0.0625
0.063400000955,0.0625
0.063450000955,-0.0625
0.063500000955,0
0.063550000955,0.0625
0.063600000955,-0.0625
0.063650000955,0.0625
0.063700000955,0
0.063750000955,0
0.063800000955,0.0625
0.063850000955,0.0625
0.063900000955,0.125
0.063950000955,-0.0625
0.064000000955,0
0.064050000955,0
0.064100000955,0.0625
0.064150000955,0.125
0.064200000955,0.0625
0.064250000955,-0.0625
0.064300000955,0
0.064350000955,0.125
0.064400000955,0
0.064450000955,-0.125
0.064500000955,-0.0625
0.064550000955,0.0625
0.064600000955,0.125
0.064650000955,0.0625
0.064700000955,0.0625
0.064750000955,0.125
0.064800000955,0
0.064850000955,0
0.064900000955,0
0.064950000955,0.125
0.065000000955,0.0625
0.065050000955,0.125
0.065100000955,0.0625
0.065150000955,0.125
0.065200000955,0
0.065250000955,0
0.065300000955,0.0625
0.065350000955,0
0.065400000955,-0.0625
0.065450000955,0.125
0.065500000955,0.0625
0.065550000955,0
0.065600000955,0.0625
0.065650000955,0
0.065700000955,0.125
0.065750000955,-0.0625
0.065800000955,0.0625
0.065850000955,0
0.065900000955,0.0625
0.065950000955,-0.0625
0.066000000955,0.125
0.066050000955,0.0625
0.066100000955,0.0625
0.066150000955,0
0.066200000955,0.125
0.066250000955,-0.0625
0.066300000955,0.125
0.066350000955,0.0625
0.066400000955,0
0.066450000955,0.0625
0.066500000955,0
0.066550000955,-0.0625
0.066600000955,0
0.066650000955,0.0625
0.066700000955,0
0.066750000955,0
0.066800000955,0.0625
0.066850000955,0.125
0.066900000955,0
0.066950000955,0.125
0.067000000955,0.0625
0.067050000955,0
0.067100000955,0.0625
0.067150000955,0.0625
0.067200000955,0
0.067250000955,0.125
0.067300000955,0.0625
0.067350000955,-0.0625
0.067400000955,0.0625
0.067450000955,0
0.067500000955,0
0.067550000955,-0.0625
0.067600000955,0.0625
0.067650000955,0.0625
0.067700000955,-0.0625
0.067750000955,0
0.067800000955,0
0.067850000955,0.0625
0.067900000955,0.0625
0.067950000955,0.0625
0.068000000955,0.0625
0.068050000955,0.125
0.068100000955,0.125
0.068150000955,0.0625
0.068200000955,0.0625
0.068250000955,0.0625
0.068300000955,-0.0625
0.068350000955,0
0.068400000955,0.125
0.068450000955,0
0.068500000955,0.0625
0.068550000955,0.0625
0.068600000955,0.0625
0.068650000955,0.125
0.068700000955,0
0.068750000955,0.0625
0.068800000955,0.0625
0.068850000955,0.125
0.068900000955,0.125
0.068950000955,-0.0625
0.069000000955,0.0625
0.069050000955,0.0625
0.069100000955,0
0.069150000955,0.0625
0.069200000955,0.0625
0.069250000955,-0.0625
0.069300000955,0.125
0.069350000955,0.0625
0.069400000955,0
0.069450000955,0
0.069500000955,0
0.069550000955,0.125
0.069600000955,0
0.069650000955,0
0.069700000955,0.0625
0.069750000955,0.0625
0.069800000955,0.125
0.069850000955,0
0.069900000955,0.0625
0.069950000955,0.1875
0.070000000955,0.125
0.070050000955,0.0625
0.070100000955,0
0.070150000955,0.125
0.070200000955,0
0.070250000955,0
0.070300000955,0
0.070350000955,-0.0625
0.070400000955,0
0.070450000955,0.125
0.070500000955,0
0.070550000955,0.0625
0.070600000955,-0.125
0.070650000955,-0.0625
0.070700000955,0.125
0.070750000955,0
0.070800000955,0.125
0.070850000955,0.0625
0.070900000955,0.0625
0.070950000955,-0.0625
0.071000000955,0
0.071050000955,0
0.071100000955,-0.0625
0.071150000955,0.125
0.071200000955,0.125
0.071250000955,0.0625
0.071300000955,0.125
0.071350000955,0
0.071400000955,0.0625
0.071450000955,0
0.071500000955,0
0.071550000955,0.0625
0.071600000955,-0.0625
0.071650000955,0
0.071700000955,0
0.071750000955,0
0.071800000955,0.125
0.071850000955,0.0625
0.071900000955,-0.125
0.071950000955,0
0.072000000955,0
0.072050000955,0.0625
0.072100000955,-0.125
0.072150000955,0.125
0.072200000955,0.0625
0.072250000955,0
0.072300000955,0.125
0.072350000955,-0.0625
0.072400000955,0
0.072450000955,0.0625
0.072500000955,-0.125
0.072550000955,0
0.072600000955,0
0.072650000955,0.0625
0.072700000955,0.0625
0.072750000955,0.0625
0.072800000955,0.0625
0.072850000955,0
0.072900000955,0.0625
0.072950000955,0.0625
0.073000000955,-0.0625
0.073050000955,0.0625
0.073100000955,0.0625
0.073150000955,0
0.073200000955,0.0625
0.073250000955,0
0.073300000955,0.0625
0.073350000955,0.125
0.073400000955,0.0625
0.073450000955,0
0.073500000955,0
0.073550000955,0.0625
0.073600000955,0
0.073650000955,0
0.073700000955,-0.0625
0.073750000955,-0.0625
0.073800000955,0.0625
0.073850000955,0
0.073900000955,0
0.073950000955,0.0625
0.074000000955,0
0.074050000955,0
0.074100000955,0
0.074150000955,0.125
0.074200000955,-0.0625
0.074250000955,0.125
0.074300000955,0.0625
0.074350000955,0
0.074400000955,0
0.074450000955,0.0625
0.074500000955,0.125
0.074550000955,0.0625
0.074600000955,0
0.074650000955,0
0.074700000955,0.125
0.074750000955,0.0625
0.074800000955,0.125
0.074850000955,-0.0625
0.074900000955,0.0625
0.074950000955,0.125
0.075000000955,0
0.075050000955,0.125
0.075100000955,0.0625
0.075150000955,0
0.075200000955,0.0625
0.075250000955,0.0625
0.075300000955,-0.0625
0.075350000955,0.0625
0.075400000955,-0.125
0.075450000955,0.0625
0.075500000955,0.0625
0.075550000955,0
0.075600000955,0
0.075650000955,0.0625
0.075700000955,0.125
0.075750000955,0.0625
0.075800000955,0
0.075850000955,0
0.075900000955,0
0.075950000955,0
0.076000000955,0.125
0.076050000955,-0.0625
0.076100000955,0
0.076150000955,0.0625
0.076200000955,0.0625
0.076250000955,0
0.076300000955,0
0.076350000955,-0.125
0.076400000955,0
0.076450000955,0.1875
0.076500000955,0.0625
0.076550000955,0
0.076600000955,0
0.076650000955,0
0.076700000955,0.125
0.076750000955,0.0625
0.076800000955,0.125
0.076850000955,-0.0625
0.076900000955,0
0.076950000955,0.125
0.077000000955,0
0.077050000955,-0.0625
0.077100000955,0
0.077150000955,0
0.077200000955,0
0.077250000955,0
0.077300000955,-0.0625
0.077350000955,0.0625
0.077400000955,0.125
0.077450000955,0.125
0.077500000955,0
0.077550000955,0.0625
0.077600000955,0.0625
0.077650000955,0
0.077700000955,-0.0625
0.077750000955,-0.0625
0.077800000955,0.0625
0.077850000955,0
0.077900000955,0.0625
0.077950000955,0.125
0.078000000955,0.0625
0.078050000955,0.0625
0.078100000955,0
0.078150000955,-0.0625
0.078200000955,0
0.078250000955,0
0.078300000955,0
0.078350000955,0
0.078400000955,0
0.078450000955,0.0625
0.078500000955,0
0.078550000955,-0.0625
0.078600000955,0.0625
0.078650000955,0.0625
0.078700000955,0.0625
0.078750000955,0.0625
0.078800000955,0.0625
0.078850000955,-0.0625
0.078900000955,0.0625
0.078950000955,0
0.079000000955,0
0.079050000955,-0.0625
0.079100000955,-0.0625
0.079150000955,0
0.079200000955,0.0625
0.079250000955,0.0625
0.079300000955,-0.125
0.079350000955,0
0.079400000955,-0.0625
0.079450000955,0.0625
0.079500000955,0.0625
0.079550000955,0
0.079600000955,0.0625
0.079650000955,0.125
0.079700000955,0.0625
0.079750000955,-0.0625
0.079800000955,0
0.079850000955,0.0625
0.079900000955,0.0625
0.079950000955,0
0.080000000955,0
0.080050000955,0.125
0.080100000955,0.0625
0.080150000955,0.125
0.080200000955,0.0625
0.080250000955,0.0625
0.080300000955,0.125
0.080350000955,0
0.080400000955,0
0.080450000955,0.0625
0.080500000955,0
0.080550000955,-0.0625
0.080600000955,0.0625
0.080650000955,0.0625
0.080700000955,0.125
0.080750000955,0
0.080800000955,-0.0625
0.080850000955,0
0.080900000955,0
0.080950000955,0
0.081000000955,0
0.081050000955,0
0.081100000955,0.125
0.081150000955,0
0.081200000955,0
0.081250000955,0.0625
0.081300000955,0.0625
0.081350000955,0
0.081400000955,0.0625
0.081450000955,-0.0625
0.081500000955,-0.0625
0.081550000955,0.0625
0.081600000955,0.0625
0.081650000955,0.0625
0.081700000955,0
0.081750000955,0
0.081800000955,0.0625
0.081850000955,0.0625
0.081900000955,0
0.081950000955,0.0625
0.082000000955,0.0625
0.082050000955,0
0.082100000955,0
0.082150000955,0
0.082200000955,0.0625
0.082250000955,0.0625
0.082300000955,0.0625
0.082350000955,0
0.082400000955,0.0625
0.082450000955,0.0625
0.082500000955,0
0.082550000955,0.125
0.082600000955,0.0625
0.082650000955,0
0.082700000955,0
0.082750000955,0.0625
0.082800000955,0.125
0.082850000955,0
0.082900000955,0
0.082950000955,0.125
0.083000000955,0
0.083050000955,0
0.083100000955,-0.0625
0.083150000955,0.0625
0.083200000955,0
0.083250000955,-0.0625
0.083300000955,0
0.083350000955,0
0.083400000955,0
0.083450000955,0
0.083500000955,0
0.083550000955,0
0.083600000955,0.0625
0.083650000955,0
0.083700000955,0
0.083750000955,0.0625
0.083800000955,0
0.083850000955,-0.0625
0.083900000955,-0.0625
0.083950000955,0
0.084000000955,0
0.084050000955,0
0.084100000955,0.0625
0.084150000955,0
0.084200000955,0
0.084250000955,0.0625
0.084300000955,-0.0625
0.084350000955,0
0.084400000955,0.0625
0.084450000955,0.125
0.084500000955,0.0625
0.084550000955,0.125
0.084600000955,0.0625
0.084650000955,0.0625
0.084700000955,0.0625
0.084750000955,-0.0625
0.084800000955,0
0.084850000955,0.125
0.084900000955,0.0625
0.084950000955,0.0625
0.085000000955,0
0.085050000955,0
0.085100000955,0.0625
0.085150000955,0.0625
0.085200000955,-0.0625
0.085250000955,0.125
0.085300000955,-0.0625
0.085350000955,0
0.085400000955,0.0625
0.085450000955,0.0625
0.085500000955,0.125
0.085550000955,0.0625
0.085600000955,0
0.085650000955,0.0625
0.085700000955,0
0.085750000955,0.125
0.085800000955,0
0.085850000955,0.0625
0.085900000955,-0.0625
0.085950000955,0
0.086000000955,0.0625
0.086050000955,0.0625
0.086100000955,0.0625
0.086150000955,0
0.086200000955,0.0625
0.086250000955,0.0625
0.086300000955,0.0625
0.086350000955,0.0625
0.086400000955,0.125
0.086450000955,0.0625
0.086500000955,0.0625
0.086550000955,0.125
0.086600000955,0.0625
0.086650000955,0.0625
0.086700000955,0
0.086750000955,0
0.086800000955,-0.0625
0.086850000955,0.0625
0.086900000955,0.125
0.086950000955,0.125
0.087000000955,-0.0625
0.087050000955,0
0.087100000955,0
0.087150000955,0.0625
0.087200000955,0
0.087250000955,0.0625
0.087300000955,0
0.087350000955,0
0.087400000955,0.0625
0.087450000955,0.0625
0.087500000955,0.125
0.087550000955,0.0625
0.087600000955,0
0.087650000955,-0.0625
0.087700000955,0.0625
0.087750000955,0.125
0.087800000955,0.0625
0.087850000955,0.125
0.087900000955,0
0.087950000955,-0.0625
0.088000000955,0
0.088050000955,0.125
0.088100000955,0.125
0.088150000955,0.125
0.088200000955,0.0625
0.088250000955,0
0.088300000955,0
0.088350000955,0.0625
0.088400000955,0.1875
0.088450000955,-0.0625
0.088500000955,-0.0625
0.088550000955,0
0.088600000955,0.0625
0.088650000955,0.0625
0.088700000955,0.0625
0.088750000955,0
0.088800000955,-0.0625
0.088850000955,0.0625
0.088900000955,0.0625
0.088950000955,0
0.089000000955,0
0.089050000955,0.0625
0.089100000955,0.0625
0.089150000955,0
0.089200000955,-0.0625
0.089250000955,0
0.089300000955,0.125
0.089350000955,-0.0625
0.089400000955,0.0625
0.089450000955,0
0.089500000955,0.0625
0.089550000955,-0.0625
0.089600000955,0
0.089650000955,-0.0625
0.089700000955,0.0625
0.089750000955,-0.0625
0.089800000955,0
0.089850000955,0
0.089900000955,0.0625
0.089950000955,0.125
0.090000000955,0.0625
0.090050000955,0.0625
0.090100000955,0
0.090150000955,-0.0625
0.090200000955,0.125
0.090250000955,0
0.090300000955,0
0.090350000955,0
0.090400000955,-0.125
0.090450000955,-0.0625
0.090500000955,-0.0625
0.090550000955,0.125
0.090600000955,-0.0625
0.090650000955,-0.0625
0.090700000955,0.0625
0.090750000955,-0.0625
0.090800000955,0.0625
0.090850000955,0
0.090900000955,0
0.090950000955,0
0.091000000955,0
0.091050000955,0.0625
0.091100000955,0
0.091150000955,0.0625
0.091200000955,-0.0625
0.091250000955,0.0625
0.091300000955,0
0.091350000955,0.1875
0.091400000955,0
0.091450000955,0.0625
0.091500000955,0
0.091550000955,0
0.091600000955,0
0.091650000955,0
0.091700000955,0.0625
0.091750000955,-0.0625
0.091800000955,0.0625
0.091850000955,0.125
0.091900000955,0
0.091950000955,0
0.092000000955,-0.0625
0.092050000955,0.0625
0.092100000955,0
0.092150000955,0.0625
0.092200000955,0.0625
0.092250000955,0
0.092300000955,0
0.092350000955,0.125
0.092400000955,0.0625
0.092450000955,0.0625
0.092500000955,0.125
0.092550000955,0
0.092600000955,0
0.092650000955,0.125
0.092700000955,0
0.092750000955,0
0.092800000955,-0.0625
0.092850000955,-0.0625
0.092900000955,0.0625
0.092950000955,0.125
0.093000000955,0
0.093050000955,0.0625
0.093100000955,0
0.093150000955,0
0.093200000955,-0.0625
0.093250000955,0
0.093300000955,0.0625
0.093350000955,0.125
0.093400000955,0
0.093450000955,0.0625
0.093500000955,-0.0625
0.093550000955,0
0.093600000955,0.0625
0.093650000955,0.125
0.093700000955,0.125
0.093750000955,0.1875
0.093800000955,0.0625
0.093850000955,0
0.093900000955,0
0.093950000955,0
0.094000000955,0
0.094050000955,0
0.094100000955,0.0625
0.094150000955,0
0.094200000955,0.125
0.094250000955,0
0.094300000955,0.125
0.094350000955,0
0.094400000955,0
0.094450000955,0.125
0.094500000955,0.125
0.094550000955,-0.0625
0.094600000955,0.0625
0.094650000955,0.125
0.094700000955,0.0625
0.094750000955,0
0.094800000955,0.0625
0.094850000955,0
0.094900000955,0.125
0.094950000955,0.0625
0.095000000955,0
0.095050000955,0.0625
0.095100000955,0.0625
0.095150000955,0.125
0.095200000955,0
0.095250000955,0.0625
0.095300000955,-0.0625
0.095350000955,0.0625
0.095400000955,0.0625
0.095450000955,0.125
0.095500000955,0.0625
0.095550000955,-0.0625
0.095600000955,0.125
0.095650000955,0
0.095700000955,0
0.095750000955,0.0625
0.095800000955,-0.0625
0.095850000955,-0.0625
0.095900000955,-0.0625
0.095950000955,0.0625
0.096000000955,0
0.096050000955,0.0625
0.096100000955,0
0.096150000955,0.0625
0.096200000955,0
0.096250000955,0
0.096300000955,0.0625
0.096350000955,0
0.096400000955,0.0625
0.096450000955,0
0.096500000955,0.0625
0.096550000955,-0.0625
0.096600000955,0
0.096650000955,0.125
0.096700000955,0.1875
0.096750000955,0.0625
0.096800000955,0
0.096850000955,0
0.096900000955,0
0.096950000955,0.0625
0.097000000955,0.0625
0.097050000955,-0.0625
0.097100000955,0.1875
0.097150000955,-0.0625
0.097200000955,0
0.097250000955,0
0.097300000955,0
0.097350000955,0.0625
0.097400000955,0.0625
0.097450000955,0
0.097500000955,0.125
0.097550000955,-0.0625
0.097600000955,-0.0625
0.097650000955,0
0.097700000955,0
0.097750000955,0.0625
0.097800000955,0.0625
0.097850000955,-0.0625
0.097900000955,0
0.097950000955,0.0625
0.098000000955,0.0625
0.098050000955,0.125
0.098100000955,0.0625
0.098150000955,0.0625
0.098200000955,0
0.098250000955,-0.0625
0.098300000955,0.125
0.098350000955,0.0625
0.098400000955,0.0625
0.098450000955,0.0625
0.098500000955,0
0.098550000955,0.125
0.098600000955,0.0625
0.098650000955,-0.125
0.098700000955,0.0625
0.098750000955,0
0.098800000955,0.0625
0.098850000955,0
0.098900000955,0.125
0.098950000955,0.125
0.099000000955,-0.0625
0.099050000955,0.0625
0.099100000955,0
0.099150000955,-0.0625
0.099200000955,0.125
0.099250000955,0.0625
0.099300000955,0
0.099350000955,0
0.099400000955,0
0.099450000955,0.0625
0.099500000955,0
0.099550000955,0.125
0.099600000955,-0.0625
0.099650000955,0.0625
0.099700000955,0.0625
0.099750000955,0
0.099800000955,0
0.099850000955,0.125
0.099900000955,0.0625
0.099950000955,-0.0625
0.100000000955,0.125
0.100050000955,-0.0625
0.100100000955,0.0625
0.100150000955,0
0.100200000955,0.0625
0.100250000955,-0.0625
0.100300000955,0.0625
0.100350000955,0
0.100400000955,-0.0625
0.100450000955,0.0625
0.100500000955,0.0625
0.100550000955,0
0.100600000955,-0.0625
0.100650000955,0.0625
0.100700000955,0
0.100750000955,0
0.100800000955,0.125
0.100850000955,0
0.100900000955,0.125
0.100950000955,0
0.101000000955,0.125
0.101050000955,0.0625
0.101100000955,0.0625
0.101150000955,0.0625
0.101200000955,0.0625
0.101250000955,-0.0625
0.101300000955,0
0.101350000955,0.125
0.101400000955,0.125
0.101450000955,0.0625
0.101500000955,0.0625
0.101550000955,0.0625
0.101600000955,0
0.101650000955,0
0.101700000955,0.0625
0.101750000955,0
0.101800000955,0.1875
0.101850000955,0.125
0.101900000955,0.0625
0.101950000955,0
0.102000000955,0.0625
0.102050000955,0.125
0.102100000955,0
0.102150000955,-0.0625
0.102200000955,0.0625
0.102250000955,0.0625
0.102300000955,0.0625
0.102350000955,0.125
0.102400000955,0.0625
0.102450000955,0
0.102500000955,-0.0625
0.102550000955,0
0.102600000955,0
0.102650000955,0.0625
0.102700000955,-0.0625
0.102750000955,0
0.102800000955,0
0.102850000955,0.0625
0.102900000955,0.0625
0.102950000955,0.0625
0.103000000955,0.0625
0.103050000955,0.0625
0.103100000955,0
0.103150000955,0.0625
0.103200000955,0
0.103250000955,0
0.103300000955,-0.0625
0.103350000955,0.0625
0.103400000955,-0.0625
0.103450000955,-0.0625
0.103500000955,0.0625
0.103550000955,-0.0625
0.103600000955,-0.0625
0.103650000955,0.0625
0.103700000955,0.0625
0.103750000955,-0.0625
0.103800000955,0
0.103850000955,0
0.103900000955,-0.0625
0.103950000955,0
0.104000000955,0.125
0.104050000955,0
0.104100000955,0.0625
0.104150000955,0.0625
0.104200000955,0.0625
0.104250000955,0.0625
0.104300000955,0
0.104350000955,-0.125
0.104400000955,0.0625
0.104450000955,0.125
0.104500000955,0
0.104550000955,0.0625
0.104600000955,0.0625
0.104650000955,0
0.104700000955,0
0.104750000955,0.0625
0.104800000955,0.0625
0.104850000955,0
0.104900000955,0.0625
0.104950000955,0.0625
0.105000000955,0.0625
0.105050000955,0
0.105100000955,0.0625
0.105150000955,0.0625
0.105200000955,0.0625
0.105250000955,0
0.105300000955,0.0625
0.105350000955,-0.0625
0.105400000955,0.0625
0.105450000955,0
0.105500000955,0.0625
0.105550000955,0.125
0.105600000955,0
0.105650000955,0
0.105700000955,-0.0625
0.105750000955,0.125
0.105800000955,0
0.105850000955,0
0.105900000955,0.0625
0.105950000955,0.0625
0.106000000955,0.0625
0.106050000955,0
0.106100000955,0
0.106150000955,0.125
0.106200000955,0
0.106250000955,-0.0625
0.106300000955,0
0.106350000955,-0.0625
0.106400000955,0.0625
0.106450000955,0
0.106500000955,0
0.106550000955,0
0.106600000955,-0.0625
0.106650000955,0.125
0.106700000955,-0.0625
0.106750000955,0
0.106800000955,0.0625
0.106850000955,0.125
0.106900000955,0.0625
0.106950000955,0.0625
0.107000000955,0.0625
0.107050000955,-0.0625
0.107100000955,0.0625
0.107150000955,0
0.107200000955,0
0.107250000955,0.0625
0.107300000955,0.0625
0.107350000955,0
0.107400000955,0.125
0.107450000955,0.0625
0.107500000955,0.0625
0.107550000955,0.0625
0.107600000955,0
0.107650000955,0.0625
0.107700000955,0.0625
0.107750000955,0.0625
0.107800000955,-0.0625
0.107850000955,0.125
0.107900000955,0.125
0.107950000955,0.0625
0.108000000955,0.125
0.108050000955,0.0625
0.108100000955,0.0625
0.108150000955,0
0.108200000955,0.125
0.108250000955,0
0.108300000955,0.0625
0.108350000955,0.0625
0.108400000955,-0.0625
0.108450000955,0.125
0.108500000955,-0.125
0.108550000955,0.0625
0.108600000955,0.125
0.108650000955,0.0625
0.108700000955,0.0625
0.108750000955,0
0.108800000955,-0.0625
0.108850000955,0
0.108900000955,0.0625
0.108950000955,0
0.109000000955,0
0.109050000955,0.0625
0.109100000955,0.0625
0.109150000955,0.0625
0.109200000955,0.0625
0.109250000955,-0.0625
0.109300000955,0.0625
0.109350000955,0
0.109400000955,0
0.109450000955,0
0.109500000955,0.0625
0.109550000955,0
0.109600000955,0.0625
0.109650000955,-0.0625
0.109700000955,0.0625
0.109750000955,-0.0625
0.109800000955,0.0625
0.109850000955,0
0.109900000955,0.0625
0.109950000955,0.0625
0.110000000955,-0.0625
0.110050000955,0.0625
0.110100000955,0.0625
0.110150000955,0.0625
0.110200000955,0.0625
0.110250000955,0.125
0.110300000955,0.0625
0.110350000955,0
0.110400000955,0.0625
0.110450000955,0.0625
0.110500000955,0.125
0.110550000955,0.0625
0.110600000955,0.0625
0.110650000955,0.0625
0.110700000955,0.0625
0.110750000955,0
0.110800000955,0
0.110850000955,0
0.110900000955,0
0.110950000955,0.125
0.111000000955,0
0.111050000955,0.0625
0.111100000955,0.0625
0.111150000955,0.125
0.111200000955,0.0625
0.111250000955,0
0.111300000955,0.125
0.111350000955,0.0625
0.111400000955,0.0625
0.111450000955,0
0.111500000955,0.0625
0.111550000955,0
0.111600000955,0.1875
0.111650000955,0.125
0.111700000955,0
0.111750000955,0.0625
0.111800000955,-0.0625
0.111850000955,0.0625
0.111900000955,0
0.111950000955,0.0625
0.112000000955,0.125
0.112050000955,0.125
0.112100000955,0
0.112150000955,-0.0625
0.112200000955,0.0625
0.112250000955,0
0.112300000955,0.125
0.112350000955,0
0.112400000955,0.0625
0.112450000955,-0.0625
0.112500000955,0.0625
0.112550000955,0.0625
0.112600000955,0
0.112650000955,-0.0625
0.112700000955,-0.0625
0.112750000955,0
0.112800000955,0.1875
0.112850000955,0.125
0.112900000955,0
0.112950000955,0
0.113000000955,0.0625
0.113050000955,-0.0625
0.113100000955,0.0625
0.113150000955,0
0.113200000955,0.125
0.113250000955,0.0625
0.113300000955,0
0.113350000955,0.0625
0.113400000955,0
0.113450000955,-0.0625
0.113500000955,0
0.113550000955,0.0625
0.113600000955,-0.0625
0.113650000955,0
0.113700000955,0.0625
0.113750000955,0.0625
0.113800000955,0.0625
0.113850000955,-0.0625
0.113900000955,-0.0625
0.113950000955,0
0.114000000955,0
0.114050000955,0
0.114100000955,0
0.114150000955,-0.0625
0.114200000955,0
0.114250000955,0.0625
0.114300000955,0
0.114350000955,0.0625
0.114400000955,0.0625
0.114450000955,0
0.114500000955,0
0.114550000955,0
0.114600000955,0.0625
0.114650000955,0.0625
0.114700000955,0.1875
0.114750000955,0.125
0.114800000955,0.0625
0.114850000955,0.0625
0.114900000955,0
0.114950000955,0.1875
0.115000000955,0.0625
0.115050000955,0
0.115100000955,0.125
0.115150000955,0.0625
0.115200000955,0.125
0.115250000955,0
0.115300000955,-0.0625
0.115350000955,0.0625
0.115400000955,0
0.115450000955,0
0.115500000955,0
0.115550000955,0.0625
0.115600000955,0
0.115650000955,0.0625
0.115700000955,0.0625
0.115750000955,0.125
0.115800000955,-0.0625
0.115850000955,0
0.115900000955,0.0625
0.115950000955,0.0625
0.116000000955,0.125
0.116050000955,0.125
0.116100000955,0.0625
0.116150000955,0.0625
0.116200000955,0
0.116250000955,0
0.116300000955,0
0.116350000955,0.0625
0.116400000955,0
0.116450000955,-0.0625
0.116500000955,0.0625
0.116550000955,0.0625
0.116600000955,0.0625
0.116650000955,0
0.116700000955,0
0.116750000955,0
0.116800000955,0
0.116850000955,0
0.116900000955,0.0625
0.116950000955,-0.0625
0.117000000955,0
0.117050000955,0.0625
0.117100000955,0
0.117150000955,0.0625
0.117200000955,0.125
0.117250000955,0.0625
0.117300000955,0.0625
0.117350000955,0
0.117400000955,0
0.117450000955,0.0625
0.117500000955,0
0.117550000955,0
0.117600000955,0
0.117650000955,-0.0625
0.117700000955,-0.0625
0.117750000955,0.125
0.117800000955,0.0625
0.117850000955,0
0.117900000955,0.0625
0.117950000955,0
0.118000000955,0
0.118050000955,0
0.118100000955,0
0.118150000955,-0.0625
0.118200000955,0
0.118250000955,0.125
0.118300000955,0.0625
0.118350000955,0.0625
0.118400000955,0.0625
0.118450000955,0.125
0.118500000955,-0.0625
0.118550000955,-0.0625
0.118600000955,0.125
0.118650000955,0.0625
0.118700000955,0.0625
0.118750000955,0.0625
0.118800000955,0.0625
0.118850000955,0
0.118900000955,0
0.118950000955,0
0.119000000955,0
0.119050000955,0
0.119100000955,0.0625
0.119150000955,0.0625
0.119200000955,0
0.119250000955,0
0.119300000955,0.125
0.119350000955,0
0.119400000955,0.0625
0.119450000955,0.0625
0.119500000955,0.0625
0.119550000955,0.0625
0.119600000955,0.0625
0.119650000955,0
0.119700000955,0
0.119750000955,-0.0625
0.119800000955,-0.125
0.119850000955,0.0625
0.119900000955,0.0625
0.119950000955,0.125
0.120000000955,0.0625
0.120050000955,0
0.120100000955,0
0.120150000955,0.0625
0.120200000955,0
0.120250000955,-0.0625
0.120300000955,0
0.120350000955,0
0.120400000955,0.0625
0.120450000955,-0.0625
0.120500000955,-0.0625
0.120550000955,0.0625
0.120600000955,0.125
0.120650000955,0.0625
0.120700000955,0.0625
0.120750000955,0
0.120800000955,0
0.120850000955,0
0.120900000955,0.0625
0.120950000955,-0.125
0.121000000955,0
0.121050000955,0
0.121100000955,0.0625
0.121150000955,0.0625
0.121200000955,0
0.121250000955,0
0.121300000955,0
0.121350000955,0
0.121400000955,0.0625
0.121450000955,0
0.121500000955,-0.0625
0.121550000955,0
0.121600000955,0
0.121650000955,0
0.121700000955,0
0.121750000955,0
0.121800000955,0
0.121850000955,0.0625
0.121900000955,-0.0625
0.121950000955,0
0.122000000955,0
0.122050000955,0
0.122100000955,0
0.122150000955,0.125
0.122200000955,0.0625
0.122250000955,0.0625
0.122300000955,0
0.122350000955,-0.0625
0.122400000955,0
0.122450000955,0.0625
0.122500000955,0
0.122550000955,0.0625
0.122600000955,0
0.122650000955,0
0.122700000955,-0.0625
0.122750000955,0.0625
0.122800000955,-0.0625
0.122850000955,0.0625
0.122900000955,-0.0625
0.122950000955,-0.0625
0.123000000955,0.125
0.123050000955,-0.0625
0.123100000955,0.125
0.123150000955,0
0.123200000955,0.0625
0.123250000955,0
0.123300000955,0
0.123350000955,-0.0625
0.123400000955,0.0625
0.123450000955,0.125
0.123500000955,-0.0625
0.123550000955,0.1875
0.123600000955,0.0625
0.123650000955,-0.0625
0.123700000955,0
0.123750000955,0.125
0.123800000955,0.125
0.123850000955,0.125
0.123900000955,0.0625
0.123950000955,-0.0625
0.124000000955,0.0625
0.124050000955,-0.0625
0.124100000955,0
0.124150000955,0.0625
0.124200000955,0.125
0.124250000955,0
0.124300000955,0
0.124350000955,-0.0625
0.124400000955,0.0625
0.124450000955,0
0.124500000955,0.0625
0.124550000955,0
0.124600000955,0
0.124650000955,0.125
0.124700000955,-0.0625
0.124750000955,0.0625
0.124800000955,-0.0625
0.124850000955,0
0.124900000955,0
0.124950000955,0.0625
0.125000000955,0
0.125050000955,0
0.125100000955,-0.0625
0.125150000955,0
0.125200000955,0.125
0.125250000955,-0.0625
0.125300000955,0
0.125350000955,0.0625
0.125400000955,0
0.125450000955,0
0.125500000955,0.125
0.125550000955,0.0625
0.125600000955,0.0625
0.125650000955,0.125
0.125700000955,-0.0625
0.125750000955,0
0.125800000955,0.0625
0.125850000955,-0.0625
0.125900000955,0.0625
0.125950000955,0.125
0.126000000955,0.0625
0.126050000955,0.125
0.126100000955,0.125
0.126150000955,0.0625
0.126200000955,0
0.126250000955,0
0.126300000955,0.0625
0.126350000955,0.0625
0.126400000955,-0.0625
0.126450000955,0.0625
0.126500000955,0
0.126550000955,0
0.126600000955,0.0625
0.126650000955,0.1875
0.126700000955,0.125
0.126750000955,0
0.126800000955,0
0.126850000955,0.0625
0.126900000955,-0.0625
0.126950000955,0
0.127000000955,0.0625
0.127050000955,0
0.127100000955,0.0625
0.127150000955,0
0.127200000955,0
0.127250000955,0
0.127300000955,0
0.127350000955,0
0.127400000955,0
0.127450000955,-0.0625
0.127500000955,0
0.127550000955,0.125
0.127600000955,0.0625
0.127650000955,0.0625
0.127700000955,0
0.127750000955,0.0625
0.127800000955,0.125
0.127850000955,-0.0625
0.127900000955,-0.0625
0.127950000955,0.0625
0.128000000955,0.125
0.128050000955,0
0.128100000955,0.125
0.128150000955,0
0.128200000955,0
0.128250000955,0.0625
0.128300000955,0.0625
0.128350000955,0.0625
0.128400000955,0.0625
0.128450000955,0.125
0.128500000955,0.1875
0.128550000955,0.0625
0.128600000955,0.0625
0.128650000955,0.0625
0.128700000955,0.0625
0.128750000955,-0.125
0.128800000955,0.0625
0.128850000955,0.1875
0.128900000955,0
0.128950000955,0.0625
0.129000000955,0.0625
0.129050000955,0.0625
0.129100000955,0
0.129150000955,0.0625
0.129200000955,0
0.129250000955,0
0.129300000955,0
0.129350000955,0
0.129400000955,0.125
0.129450000955,0
0.129500000955,0.0625
0.129550000955,0
0.129600000955,0
0.129650000955,0
0.129700000955,0
0.129750000955,-0.125
0.129800000955,0.0625
0.129850000955,0
0.129900000955,0.125
0.129950000955,0.125
0.130000000955,0
0.130050000955,0
0.130100000955,-0.0625
0.130150000955,0.0625
0.130200000955,0
0.130250000955,0
0.130300000955,0
0.130350000955,-0.0625
0.130400000955,0.0625
0.130450000955,0.125
0.130500000955,0.0625
0.130550000955,0
0.130600000955,0.125
0.130650000955,0.0625
0.130700000955,0
0.130750000955,0
0.130800000955,0
0.130850000955,0.0625
0.130900000955,0
0.130950000955,0.1875
0.131000000955,0
0.131050000955,0.0625
0.131100000955,0.0625
0.131150000955,0.0625
0.131200000955,0
0.131250000955,0.0625
0.131300000955,0.125
0.131350000955,0
0.131400000955,0.0625
0.131450000955,0.0625
0.131500000955,0
0.131550000955,0.0625
0.131600000955,0.0625
0.131650000955,0
0.131700000955,0.0625
0.131750000955,0.0625
0.131800000955,0.0625
0.131850000955,0.0625
0.131900000955,0
0.131950000955,-0.0625
0.132000000955,0
0.132050000955,0
0.132100000955,0
0.132150000955,0
0.132200000955,0
0.132250000955,0
0.132300000955,0.125
0.132350000955,0.0625
0.132400000955,0.1875
0.132450000955,-0.0625
0.132500000955,0
0.132550000955,0.0625
0.132600000955,0
0.132650000955,-0.0625
0.132700000955,0.0625
0.132750000955,0.0625
0.132800000955,0
0.132850000955,0.125
0.132900000955,0.0625
0.132950000955,0
0.133000000955,0
0.133050000955,0.125
0.133100000955,0.0625
0.133150000955,-0.0625
0.133200000955,0.125
0.133250000955,0.0625
0.133300000955,0.0625
0.133350000955,0
0.133400000955,0.125
0.133450000955,0.125
0.133500000955,0.1875
0.133550000955,0
0.133600000955,0
0.133650000955,0
0.133700000955,0
0.133750000955,0
0.133800000955,0.125
0.133850000955,0
0.133900000955,0
0.133950000955,0.0625
0.134000000955,0.0625
0.134050000955,0.0625
0.134100000955,-0.0625
0.134150000955,0.0625
0.134200000955,0.0625
0.134250000955,0.0625
0.134300000955,0
0.134350000955,-0.125
0.134400000955,0
0.134450000955,0
0.134500000955,0.0625
0.134550000955,0.125
0.134600000955,-0.125
0.134650000955,0
0.134700000955,0.0625
0.134750000955,0
0.134800000955,-0.0625
0.134850000955,0
0.134900000955,0.0625
0.134950000955,0.0625
0.135000000955,-0.125
0.135050000955,0.1875
0.135100000955,0.0625
0.135150000955,0.0625
0.135200000955,0.0625
0.135250000955,0.0625
0.135300000955,0
0.135350000955,-0.0625
0.135400000955,0
0.135450000955,0
0.135500000955,0
0.135550000955,-0.0625
0.135600000955,0.0625
0.135650000955,-0.0625
0.135700000955,0.0625
0.135750000955,-0.0625
0.135800000955,0.125
0.135850000955,0
0.135900000955,0.0625
0.135950000955,0.0625
0.136000000955,0.0625
0.136050000955,0.0625
0.136100000955,0
0.136150000955,0.0625
0.136200000955,-0.0625
0.136250000955,0
0.136300000955,0
0.136350000955,0.0625
0.136400000955,0.0625
0.136450000955,0
0.136500000955,-0.0625
0.136550000955,0.125
0.136600000955,0.0625
0.136650000955,0.125
0.136700000955,0.0625
0.136750000955,-0.0625
0.136800000955,0
0.136850000955,0.0625
0.136900000955,0.0625
0.136950000955,0
0.137000000955,0
0.137050000955,0.0625
0.137100000955,0
0.137150000955,0.0625
0.137200000955,0
0.137250000955,-0.0625
0.137300000955,0.0625
0.137350000955,0
0.137400000955,0.0625
0.137450000955,0.0625
0.137500000955,-0.0625
0.137550000955,-0.0625
0.137600000955,0
0.137650000955,0.0625
0.137700000955,0
0.137750000955,0.0625
0.137800000955,0.0625
0.137850000955,0
0.137900000955,-0.125
0.137950000955,0
0.138000000955,0.0625
0.138050000955,0.0625
0.138100000955,0
0.138150000955,0
0.138200000955,0
0.138250000955,0.0625
0.138300000955,0
0.138350000955,-0.0625
0.138400000955,-0.0625
0.138450000955,-0.0625
0.138500000955,0
0.138550000955,0.0625
0.138600000955,0.0625
0.138650000955,0
0.138700000955,0.0625
0.138750000955,0.0625
0.138800000955,0
0.138850000955,0
0.138900000955,0
0.138950000955,0.0625
0.139000000955,0.0625
0.139050000955,-0.0625
0.139100000955,0.0625
0.139150000955,0.0625
0.139200000955,0.125
0.139250000955,0
0.139300000955,0.0625
0.139350000955,0.1875
0.139400000955,0.0625
0.139450000955,-0.0625
0.139500000955,-0.0625
0.139550000955,0
0.139600000955,0
0.139650000955,0
0.139700000955,0.125
0.139750000955,0
0.139800000955,0.0625
0.139850000955,0.0625
0.139900000955,0.0625
0.139950000955,0
0.140000000955,0
0.140050000955,0
0.140100000955,0.125
0.140150000955,-0.125
0.140200000955,0
0.140250000955,0.0625
0.140300000955,0.0625
0.140350000955,-0.0625
0.140400000955,0.125
0.140450000955,0.0625
0.140500000955,-0.0625
0.140550000955,0.125
0.140600000955,0
0.140650000955,0.0625
0.140700000955,0.125
0.140750000955,0.0625
0.140800000955,0
0.140850000955,0.1875
0.140900000955,0.0625
0.140950000955,-0.0625
0.141000000955,0.0625
0.141050000955,0
0.141100000955,-0.0625
0.141150000955,0.125
0.141200000955,0.125
0.141250000955,0.0625
0.141300000955,0
0.141350000955,0.0625
0.141400000955,0.0625
0.141450000955,0.0625
0.141500000955,0.0625
0.141550000955,0
0.141600000955,-0.0625
0.141650000955,-0.0625
0.141700000955,0
0.141750000955,-0.0625
0.141800000955,0
0.141850000955,0
0.141900000955,0
0.141950000955,0
0.142000000955,0
0.142050000955,0.125
0.142100000955,0.0625
0.142150000955,0.1875
0.142200000955,0
0.142250000955,-0.0625
0.142300000955,0.0625
0.142350000955,-0.0625
0.142400000955,0.0625
0.142450000955,0.125
0.142500000955,-0.0625
0.142550000955,0
0.142600000955,0.0625
0.142650000955,0.0625
0.142700000955,0.125
0.142750000955,0
0.142800000955,0
0.142850000955,-0.0625
0.142900000955,0
0.142950000955,0
0.143000000955,-0.0625
0.143050000955,0.0625
0.143100000955,0.0625
0.143150000955,0.125
0.143200000955,-0.0625
0.143250000955,0.125
0.143300000955,0.0625
0.143350000955,0.125
0.143400000955,0.0625
0.143450000955,0
0.143500000955,0
0.143550000955,0.0625
0.143600000955,0.0625
0.143650000955,0.0625
0.143700000955,0
0.143750000955,-0.0625
0.143800000955,0
0.143850000955,0
0.143900000955,0
0.143950000955,0
0.144000000955,0
0.144050000955,0
0.144100000955,0.0625
0.144150000955,0
0.144200000955,0.125
0.144250000955,0
0.144300000955,0.0625
0.144350000955,-0.0625
0.144400000955,0.0625
0.144450000955,0.0625
0.144500000955,-0.0625
0.144550000955,-0.0625
0.144600000955,0
0.144650000955,0.0625
0.144700000955,-0.0625
0.144750000955,-0.0625
0.144800000955,0.0625
0.144850000955,0
0.144900000955,-0.0625
0.144950000955,0.125
0.145000000955,0
0.145050000955,-0.0625
0.145100000955,-0.125
0.145150000955,0
0.145200000955,0.0625
0.145250000955,0.125
0.145300000955,-0.125
0.145350000955,0
0.145400000955,0.0625
0.145450000955,-0.0625
0.145500000955,0.0625
0.145550000955,0.0625
0.145600000955,0
0.145650000955,0.0625
0.145700000955,0.0625
0.145750000955,0.0625
0.145800000955,0.0625
0.145850000955,0.0625
0.145900000955,0.0625
0.145950000955,0.0625
0.146000000955,0
0.146050000955,0
0.146100000955,-0.0625
0.146150000955,0.0625
0.146200000955,0
0.146250000955,0.0625
0.146300000955,0.0625
0.146350000955,0
0.146400000955,0
0.146450000955,0.0625
0.146500000955,-0.125
0.146550000955,-0.0625
0.146600000955,0
0.146650000955,0.0625
0.146700000955,0
0.146750000955,0
0.146800000955,0
0.146850000955,0.125
0.146900000955,0
0.146950000955,0.0625
0.147000000955,0.125
0.147050000955,0
0.147100000955,0.125
0.147150000955,0.125
0.147200000955,-0.0625
0.147250000955,0
0.147300000955,0.0625
0.147350000955,0.125
0.147400000955,-0.0625
0.147450000955,0.125
0.147500000955,0.0625
0.147550000955,0.0625
0.147600000955,0
0.147650000955,0
0.147700000955,0.0625
0.147750000955,0
0.147800000955,0.125
0.147850000955,0
0.147900000955,0.0625
0.147950000955,0
0.148000000955,0.0625
0.148050000955,0.0625
0.148100000955,0.0625
0.148150000955,0.125
0.148200000955,0.0625
0.148250000955,0.0625
0.148300000955,0.125
0.148350000955,0.125
0.148400000955,-0.0625
0.148450000955,0.0625
0.148500000955,0.0625
0.148550000955,-0.0625
0.148600000955,-0.0625
0.148650000955,0
0.148700000955,0
0.148750000955,0.125
0.148800000955,0
0.148850000955,0
0.148900000955,0.125
0.148950000955,0.0625
0.149000000955,0.125
0.149050000955,0
0.149100000955,0.0625
0.149150000955,0
0.149200000955,0
0.149250000955,-0.125
0.149300000955,0.0625
0.149350000955,0
0.149400000955,0.125
0.149450000955,0.0625
0.149500000955,0.0625
0.149550000955,-0.125
0.149600000955,0.0625
0.149650000955,0.0625
0.149700000955,0.0625
0.149750000955,0.0625
0.149800000955,0.1875
0.149850000955,-0.0625
0.149900000955,0.125
0.149950000955,0
0.150000000955,0.0625
0.150050000955,0.0625
0.150100000955,0.0625
0.150150000955,0
0.150200000955,0.125
0.150250000955,0
0.150300000955,0
0.150350000955,0.0625
0.150400000955,0.0625
0.150450000955,0.0625
0.150500000955,0
0.150550000955,0
0.150600000955,0
0.150650000955,0.0625
0.150700000955,0
0.150750000955,0.0625
0.150800000955,0
0.150850000955,-0.0625
0.150900000955,0
0.150950000955,0.125
0.151000000955,0.125
0.151050000955,0.0625
0.151100000955,0
0.151150000955,0.0625
0.151200000955,0
0.151250000955,0.0625
0.151300000955,-0.0625
0.151350000955,0
0.151400000955,0.0625
0.151450000955,-0.0625
0.151500000955,0.125
0.151550000955,0
0.151600000955,0
0.151650000955,0.0625
0.151700000955,0
0.151750000955,0
0.151800000955,0.0625
0.151850000955,-0.0625
0.151900000955,0.0625
0.151950000955,0.0625
0.152000000955,-0.0625
0.152050000955,0.0625
0.152100000955,0
0.152150000955,0
0.152200000955,0
0.152250000955,0.0625
0.152300000955,-0.0625
0.152350000955,-0.0625
0.152400000955,0.125
0.152450000955,0.0625
0.152500000955,0.0625
0.152550000955,0.0625
0.152600000955,-0.0625
0.152650000955,0
0.152700000955,0
0.152750000955,0.0625
0.152800000955,-0.0625
0.152850000955,0.0625
0.152900000955,0
0.152950000955,-0.0625
0.153000000955,0.0625
0.153050000955,0
0.153100000955,0.0625
0.153150000955,-0.0625
0.153200000955,0.125
0.153250000955,0.0625
0.153300000955,0.0625
0.153350000955,-0.0625
0.153400000955,0.0625
0.153450000955,0.125
0.153500000955,0
0.153550000955,0.0625
0.153600000955,0.0625
0.153650000955,0
0.153700000955,0.0625
0.153750000955,0.125
0.153800000955,0.0625
0.153850000955,0.0625
0.153900000955,0.0625
0.153950000955,0.125
0.154000000955,0.0625
0.154050000955,0
0.154100000955,0
0.154150000955,0
0.154200000955,0
0.154250000955,0.125
0.154300000955,0
0.154350000955,0.125
0.154400000955,0
0.154450000955,0
0.154500000955,0
0.154550000955,0.0625
0.154600000955,-0.0625
0.154650000955,0.125
0.154700000955,0.0625
0.154750000955,0
0.154800000955,0.125
0.154850000955,-0.0625
0.154900000955,-0.0625
0.154950000955,-0.0625
0.155000000955,0.0625
0.155050000955,0.125
0.155100000955,-0.0625
0.155150000955,0.0625
0.155200000955,0.125
0.155250000955,0.0625
0.155300000955,0
0.155350000955,0.0625
0.155400000955,0
0.155450000955,-0.0625
0.155500000955,-0.125
0.155550000955,0.0625
0.155600000955,0
0.155650000955,0
0.155700000955,0.1875
0.155750000955,0.0625
0.155800000955,0.0625
0.155850000955,0.125
0.155900000955,0
0.155950000955,-0.0625
0.156000000955,0.125
0.156050000955,-0.0625
0.156100000955,0.0625
0.156150000955,0.125
0.156200000955,0
0.156250000955,0
0.156300000955,0
0.156350000955,0.0625
0.156400000955,0
0.156450000955,0
0.156500000955,0.0625
0.156550000955,0.0625
0.156600000955,0.0625
0.156650000955,0.0625
0.156700000955,0
0.156750000955,-0.0625
0.156800000955,0.0625
0.156850000955,0.0625
0.156900000955,-0.0625
0.156950000955,0
0.157000000955,0
0.157050000955,0.125
0.157100000955,0
0.157150000955,0
0.157200000955,0
0.157250000955,0.0625
0.157300000955,0
0.157350000955,0.125
0.157400000955,0.0625
0.157450000955,0.125
0.157500000955,0.0625
0.157550000955,0.0625
0.157600000955,0.0625
0.157650000955,0.0625
0.157700000955,0
0.157750000955,0.0625
0.157800000955,0.0625
0.157850000955,0.0625
0.157900000955,0
0.157950000955,0
0.158000000955,0.125
0.158050000955,0.0625
0.158100000955,0
0.158150000955,0
0.158200000955,-0.0625
0.158250000955,0.0625
0.158300000955,0
0.158350000955,0
0.158400000955,0.0625
0.158450000955,0.125
0.158500000955,0.0625
0.158550000955,0
0.158600000955,0.0625
0.158650000955,-0.0625
0.158700000955,0.0625
0.158750000955,0.125
0.158800000955,0.0625
0.158850000955,0.125
0.158900000955,0.0625
0.158950000955,0.0625
0.159000000955,0
0.159050000955,0
0.159100000955,0
0.159150000955,0
0.159200000955,0
0.159250000955,0.125
0.159300000955,-0.0625
0.159350000955,0.0625
0.159400000955,0.1875
0.159450000955,0
0.159500000955,0.0625
0.159550000955,0.125
0.159600000955,-0.0625
0.159650000955,0.0625
0.159700000955,0.125
0.159750000955,0.0625
0.159800000955,0
0.159850000955,0
0.159900000955,-0.0625
0.159950000955,0.125
0.160000000955,0
0.160050000955,0
0.160100000955,0.0625
0.160150000955,0.0625
0.160200000955,0.0625
0.160250000955,0.0625
0.160300000955,0
0.160350000955,0.1875
0.160400000955,-0.125
0.160450000955,0
0.160500000955,0
0.160550000955,0.0625
0.160600000955,0
0.160650000955,-0.0625
0.160700000955,0
0.160750000955,0.125
0.160800000955,0
0.160850000955,0.125
0.160900000955,0
0.160950000955,0
0.161000000955,0.0625
0.161050000955,0.0625
0.161100000955,0.1875
0.161150000955,0.125
0.161200000955,0.0625
0.161250000955,0
0.161300000955,0.125
0.161350000955,0.0625
0.161400000955,-0.0625
0.161450000955,0.0625
0.161500000955,0.0625
0.161550000955,0.0625
0.161600000955,0.0625
0.161650000955,0.0625
0.161700000955,0.0625
0.161750000955,0.125
0.161800000955,0.0625
0.161850000955,0
0.161900000955,0
0.161950000955,0.125
0.162000000955,0.125
0.162050000955,0.125
0.162100000955,0.0625
0.162150000955,0
0.162200000955,0
0.162250000955,0.0625
0.162300000955,0
0.162350000955,0
0.162400000955,0
0.162450000955,0.125
0.162500000955,-0.0625
0.162550000955,-0.0625
0.162600000955,0.0625
0.162650000955,0
0.162700000955,0
0.162750000955,0.125
0.162800000955,-0.0625
0.162850000955,0.0625
0.162900000955,0
0.162950000955,0
0.163000000955,0.125
0.163050000955,0.0625
0.163100000955,0.0625
0.163150000955,0
0.163200000955,0
0.163250000955,0
0.163300000955,0.0625
0.163350000955,0.125
0.163400000955,0
0.163450000955,0
0.163500000955,0.0625
0.163550000955,0
0.163600000955,-0.0625
0.163650000955,-0.0625
0.163700000955,0
0.163750000955,0
0.163800000955,0
0.163850000955,0.0625
0.163900000955,0
0.163950000955,0.125
0.164000000955,0.0625
0.164050000955,0.125
0.164100000955,0
0.164150000955,0.0625
0.164200000955,0.0625
0.164250000955,0
0.164300000955,0.125
0.164350000955,0.0625
0.164400000955,0.125
0.164450000955,-0.0625
0.164500000955,0.0625
0.164550000955,0.125
0.164600000955,0
0.164650000955,0.125
0.164700000955,0.0625
0.164750000955,0
0.164800000955,0.0625
0.164850000955,-0.0625
0.164900000955,0.0625
0.164950000955,0.0625
0.165000000955,-0.0625
0.165050000955,0.0625
0.165100000955,-0.0625
0.165150000955,0.0625
0.165200000955,0.125
0.165250000955,-0.0625
0.165300000955,0.0625
0.165350000955,-0.0625
0.165400000955,0.125
0.165450000955,0.125
0.165500000955,0.0625
0.165550000955,0
0.165600000955,0
0.165650000955,-0.0625
0.165700000955,0.125
0.165750000955,0.0625
0.165800000955,0
0.165850000955,0
0.165900000955,0.0625
0.165950000955,-0.0625
0.166000000955,-0.125
0.166050000955,0
0.166100000955,0.125
0.166150000955,0.0625
0.166200000955,0
0.166250000955,0.0625
0.166300000955,0
0.166350000955,0.0625
0.166400000955,0.0625
0.166450000955,-0.0625
0.166500000955,-0.0625
0.166550000955,0.0625
0.166600000955,0
0.166650000955,0.0625
0.166700000955,-0.0625
0.166750000955,0.0625
0.166800000955,0
0.166850000955,0
0.166900000955,0
0.166950000955,0.0625
0.167000000955,0
0.167050000955,0.0625
0.167100000955,0.0625
0.167150000955,0.125
0.167200000955,0.125
0.167250000955,0.0625
0.167300000955,0
0.167350000955,0.0625
0.167400000955,0
0.167450000955,0
0.167500000955,0.0625
0.167550000955,0.0625
0.167600000955,0
0.167650000955,-0.0625
0.167700000955,0.0625
0.167750000955,0.0625
0.167800000955,-0.0625
0.167850000955,0.0625
0.167900000955,0
0.167950000955,0
0.168000000955,0.0625
0.168050000955,-0.0625
0.168100000955,0.0625
0.168150000955,-0.0625
0.168200000955,0
0.168250000955,0
0.168300000955,0
0.168350000955,0
0.168400000955,0
0.168450000955,0.0625
0.168500000955,-0.0625
0.168550000955,-0.0625
0.168600000955,-0.0625
0.168650000955,0
0.168700000955,0.0625
0.168750000955,0
0.168800000955,0.125
0.168850000955,0.0625
0.168900000955,0
0.168950000955,0.125
0.169000000955,-0.0625
0.169050000955,0.0625
0.169100000955,-0.0625
0.169150000955,0
0.169200000955,0.0625
0.169250000955,0.125
0.169300000955,0.0625
0.169350000955,0
0.169400000955,-0.125
0.169450000955,0.0625
0.169500000955,0.0625
0.169550000955,0.125
0.169600000955,0
0.169650000955,0
0.169700000955,0.0625
0.169750000955,0.0625
0.169800000955,0
0.169850000955,0
0.169900000955,0
0.169950000955,0
0.170000000955,-0.0625
0.170050000955,0
0.170100000955,0
0.170150000955,0
0.170200000955,0.0625
0.170250000955,0.0625
0.170300000955,0
0.170350000955,0
0.170400000955,0.0625
0.170450000955,0
0.170500000955,0.0625
0.170550000955,0.0625
0.170600000955,0.125
0.170650000955,-0.0625
0.170700000955,0.0625
0.170750000955,0.0625
0.170800000955,0.0625
0.170850000955,0
0.170900000955,0
0.170950000955,0
0.171000000955,0.0625
0.171050000955,0.0625
0.171100000955,-0.0625
0.171150000955,0
0.171200000955,0
0.171250000955,0.0625
0.171300000955,0.0625
0.171350000955,0
0.171400000955,0.0625
0.171450000955,0
0.171500000955,0
0.171550000955,0
0.171600000955,0.0625
0.171650000955,0.125
0.171700000955,0.0625
0.171750000955,0
0.171800000955,0.0625
0.171850000955,0
0.171900000955,0.0625
0.171950000955,0.125
0.172000000955,0
0.172050000955,0.0625
0.172100000955,-0.0625
0.172150000955,0.125
0.172200000955,0
0.172250000955,0
0.172300000955,0.0625
0.172350000955,0
0.172400000955,0.125
0.172450000955,0
0.172500000955,0.0625
0.172550000955,0.0625
0.172600000955,0
0.172650000955,0
0.172700000955,0.0625
0.172750000955,0.125
0.172800000955,0
0.172850000955,0.0625
0.172900000955,0.0625
0.172950000955,0.0625
0.173000000955,0.0625
0.173050000955,0.0625
0.173100000955,0
0.173150000955,0.0625
0.173200000955,0.0625
0.173250000955,0
0.173300000955,0.1875
0.173350000955,0.0625
0.173400000955,0.0625
0.173450000955,0
0.173500000955,0.125
0.173550000955,0
0.173600000955,-0.0625
0.173650000955,0.125
0.173700000955,0.1875
0.173750000955,0.0625
0.173800000955,0
0.173850000955,0
0.173900000955,0
0.173950000955,0.0625
0.174000000955,0
0.174050000955,0
0.174100000955,0
0.174150000955,0
0.174200000955,0.0625
0.174250000955,0
0.174300000955,0.0625
0.174350000955,0.0625
0.174400000955,0
0.174450000955,0
0.174500000955,0.0625
0.174550000955,0
0.174600000955,0.0625
0.174650000955,0.0625
0.174700000955,0.0625
0.174750000955,-0.125
0.174800000955,0
0.174850000955,0
0.174900000955,0
0.174950000955,0
0.175000000955,0
0.175050000955,0
0.175100000955,0
0.175150000955,-0.0625
0.175200000955,0.0625
0.175250000955,0
0.175300000955,0
0.175350000955,0
0.175400000955,0.0625
0.175450000955,0
0.175500000955,0
0.175550000955,0
0.175600000955,-0.0625
0.175650000955,0.125
0.175700000955,0.0625
0.175750000955,0.0625
0.175800000955,0
0.175850000955,0
0.175900000955,0.0625
0.175950000955,0.125
0.176000000955,0.0625
0.176050000955,-0.0625
0.176100000955,0.125
0.176150000955,0
0.176200000955,-0.0625
0.176250000955,0
0.176300000955,-0.0625
0.176350000955,0.0625
0.176400000955,0
0.176450000955,0.0625
0.176500000955,0.0625
0.176550000955,0.0625
0.176600000955,0.0625
0.176650000955,0
0.176700000955,0.0625
0.176750000955,0
0.176800000955,0.0625
0.176850000955,0.0625
0.176900000955,-0.0625
0.176950000955,0
0.177000000955,0.125
0.177050000955,0
0.177100000955,0.0625
0.177150000955,0.0625
0.177200000955,0.0625
0.177250000955,0
0.177300000955,0
0.177350000955,0.0625
0.177400000955,0
0.177450000955,0.0625
0.177500000955,0.0625
0.177550000955,0.0625
0.177600000955,-0.0625
0.177650000955,-0.0625
0.177700000955,0
0.177750000955,0.0625
0.177800000955,0
0.177850000955,0
0.177900000955,0
0.177950000955,0
0.178000000955,0.0625
0.178050000955,0.0625
0.178100000955,0.125
0.178150000955,0.125
0.178200000955,0.0625
0.178250000955,0.0625
0.178300000955,0
0.178350000955,0.0625
0.178400000955,0.0625
0.178450000955,0.0625
0.178500000955,0
0.178550000955,0
0.178600000955,0.0625
0.178650000955,0.0625
0.178700000955,0
0.178750000955,0.0625
0.178800000955,0.125
0.178850000955,0
0.178900000955,-0.0625
0.178950000955,-0.0625
0.179000000955,0
0.179050000955,0.0625
0.179100000955,0
0.179150000955,0.0625
0.179200000955,0.0625
0.179250000955,0.0625
0.179300000955,-0.0625
0.179350000955,0.0625
0.179400000955,0
0.179450000955,0
0.179500000955,-0.0625
0.179550000955,0
0.179600000955,0.0625
0.179650000955,0
0.179700000955,0.1875
0.179750000955,0.0625
0.179800000955,0
0.179850000955,0.125
0.179900000955,0.0625
0.179950000955,-0.0625
0.180000000955,0
0.180050000955,0.0625
0.180100000955,0.0625
0.180150000955,0.0625
0.180200000955,0.0625
0.180250000955,0.1875
0.180300000955,0
0.180350000955,0.1875
0.180400000955,0.125
0.180450000955,0.0625
0.180500000955,0.0625
0.180550000955,0
0.180600000955,0.0625
0.180650000955,0.0625
0.180700000955,0.0625
0.180750000955,0
0.180800000955,0.0625
0.180850000955,0.0625
0.180900000955,0.0625
0.180950000955,0.125
0.181000000955,0.0625
0.181050000955,0.125
0.181100000955,0.0625
0.181150000955,0
0.181200000955,0.0625
0.181250000955,0.0625
0.181300000955,0
0.181350000955,0
0.181400000955,0
0.181450000955,0.1875
0.181500000955,0.0625
0.181550000955,0.0625
0.181600000955,0
0.181650000955,-0.0625
0.181700000955,0
0.181750000955,0
0.181800000955,0
0.181850000955,0
0.181900000955,0.0625
0.181950000955,0.125
0.182000000955,-0.0625
0.182050000955,-0.125
0.182100000955,0.0625
0.182150000955,0
0.182200000955,0.0625
0.182250000955,0.125
0.182300000955,0.0625
0.182350000955,0.0625
0.182400000955,0
0.182450000955,0.0625
0.182500000955,0.0625
0.182550000955,0
0.182600000955,0.125
0.182650000955,0.0625
0.182700000955,0.0625
0.182750000955,0
0.182800000955,0.0625
0.182850000955,0.0625
0.182900000955,0.0625
0.182950000955,0.125
0.183000000955,0.125
0.183050000955,-0.0625
0.183100000955,-0.0625
0.183150000955,-0.0625
0.183200000955,0.0625
0.183250000955,0.0625
0.183300000955,0.0625
0.183350000955,0
0.183400000955,0.0625
0.183450000955,0
0.183500000955,0
0.183550000955,0.0625
0.183600000955,0.125
0.183650000955,0.1875
0.183700000955,0.0625
0.183750000955,-0.0625
0.183800000955,0
0.183850000955,0.0625
0.183900000955,0.0625
0.183950000955,0
0.184000000955,0.0625
0.184050000955,0.125
0.184100000955,0
0.184150000955,0
0.184200000955,0.125
0.184250000955,0
0.184300000955,0
0.184350000955,0.125
0.184400000955,0.0625
0.184450000955,0
0.184500000955,-0.0625
0.184550000955,0
0.184600000955,-0.0625
0.184650000955,0
0.184700000955,0.0625
0.184750000955,0.0625
0.184800000955,0.0625
0.184850000955,0.0625
0.184900000955,0.0625
0.184950000955,0.0625
0.185000000955,0.125
0.185050000955,0
0.185100000955,0
0.185150000955,0.0625
0.185200000955,0.0625
0.185250000955,0
0.185300000955,0.125
0.185350000955,-0.0625
0.185400000955,-0.0625
0.185450000955,0
0.185500000955,0
0.185550000955,-0.0625
0.185600000955,0
0.185650000955,0.1875
0.185700000955,0
0.185750000955,0
0.185800000955,0.0625
0.185850000955,0.0625
0.185900000955,0
0.185950000955,0.125
0.186000000955,0.0625
0.186050000955,-0.0625
0.186100000955,0
0.186150000955,0.125
0.186200000955,0
0.186250000955,-0.0625
0.186300000955,0.0625
0.186350000955,0
0.186400000955,0.0625
0.186450000955,0
0.186500000955,0
0.186550000955,-0.0625
0.186600000955,0.0625
0.186650000955,0
0.186700000955,0
0.186750000955,-0.0625
0.186800000955,0.0625
0.186850000955,-0.0625
0.186900000955,0.0625
0.186950000955,0.125
0.187000000955,0.125
0.187050000955,0
0.187100000955,-0.125
0.187150000955,0
0.187200000955,0.125
0.187250000955,-0.0625
0.187300000955,0.0625
0.187350000955,0
0.187400000955,0
0.187450000955,0
0.187500000955,0.125
0.187550000955,0
0.187600000955,0.0625
0.187650000955,0.0625
0.187700000955,0.0625
0.187750000955,0
0.187800000955,0
0.187850000955,0
0.187900000955,0
0.187950000955,0.0625
0.188000000955,0
0.188050000955,0.0625
0.188100000955,0
0.188150000955,0
0.188200000955,0.0625
0.188250000955,0
0.188300000955,-0.125
0.188350000955,0
0.188400000955,0
0.188450000955,0.125
0.188500000955,0.0625
0.188550000955,0.125
0.188600000955,0.0625
0.188650000955,0
0.188700000955,0
0.188750000955,0.0625
0.188800000955,0
0.188850000955,0
0.188900000955,0.0625
0.188950000955,0.1875
0.189000000955,0.0625
0.189050000955,0.0625
0.189100000955,0.125
0.189150000955,0.0625
0.189200000955,0.0625
0.189250000955,0.0625
0.189300000955,0
0.189350000955,0.125
0.189400000955,0.125
0.189450000955,-0.0625
0.189500000955,0
0.189550000955,0
0.189600000955,0.0625
0.189650000955,0.0625
0.189700000955,0
0.189750000955,0
0.189800000955,0.0625
0.189850000955,0
0.189900000955,-0.0625
0.189950000955,0.0625
0.190000000955,0.0625
0.190050000955,0
0.190100000955,0.125
0.190150000955,0.0625
0.190200000955,0
0.190250000955,0
0.190300000955,0.0625
0.190350000955,0.125
0.190400000955,0.125
0.190450000955,0
0.190500000955,0.0625
0.190550000955,-0.125
0.190600000955,0
0.190650000955,0.125
0.190700000955,0
0.190750000955,0.0625
0.190800000955,0.0625
0.190850000955,0
0.190900000955,0.125
0.190950000955,0
0.191000000955,-0.0625
0.191050000955,0.0625
0.191100000955,0.0625
0.191150000955,0.0625
0.191200000955,0.0625
0.191250000955,-0.0625
0.191300000955,0
0.191350000955,0.125
0.191400000955,0.0625
0.191450000955,0.1875
0.191500000955,0
0.191550000955,0.125
0.191600000955,0.0625
0.191650000955,0
0.191700000955,0.125
0.191750000955,0
0.191800000955,0.0625
0.191850000955,0.125
0.191900000955,0
0.191950000955,-0.0625
0.192000000955,0
0.192050000955,0
0.192100000955,0.0625
0.192150000955,0.0625
0.192200000955,0.0625
0.192250000955,0
0.192300000955,0.125
0.192350000955,0.0625
0.192400000955,0.0625
0.192450000955,0.0625
0.192500000955,0.0625
0.192550000955,-0.0625
0.192600000955,0
0.192650000955,0.125
0.192700000955,0.0625
0.192750000955,0.0625
0.192800000955,0.125
0.192850000955,0
0.192900000955,0.0625
0.192950000955,0.0625
0.193000000955,0
0.193050000955,0
0.193100000955,0
0.193150000955,-0.0625
0.193200000955,0
0.193250000955,0.125
0.193300000955,-0.0625
0.193350000955,-0.0625
0.193400000955,0.0625
0.193450000955,0
0.193500000955,0.125
0.193550000955,0.125
0.193600000955,0.25
0.193650000955,-0.125
0.193700000955,-0.125
0.193750000955,0
0.193800000955,0
0.193850000955,0.0625
0.193900000955,0
0.193950000955,0
0.194000000955,0.125
0.194050000955,0
0.194100000955,-0.0625
0.194150000955,0.1875
0.194200000955,0.0625
0.194250000955,0.0625
0.194300000955,0
0.194350000955,0.125
0.194400000955,0.0625
0.194450000955,0
0.194500000955,0.125
0.194550000955,-0.0625
0.194600000955,0.0625
0.194650000955,-0.0625
0.194700000955,0.0625
0.194750000955,-0.0625
0.194800000955,0
0.194850000955,0.125
0.194900000955,0
0.194950000955,0
0.195000000955,-0.0625
0.195050000955,0.125
0.195100000955,0.0625
0.195150000955,0.0625
0.195200000955,0
0.195250000955,-0.0625
0.195300000955,-0.0625
0.195350000955,0
0.195400000955,0.0625
0.195450000955,0.0625
0.195500000955,0.0625
0.195550000955,0
0.195600000955,0
0.195650000955,0
0.195700000955,0
0.195750000955,0.125
0.195800000955,0.125
0.195850000955,0.0625
0.195900000955,0.0625
0.195950000955,0.0625
0.196000000955,-0.0625
0.196050000955,0.0625
0.196100000955,0.0625
0.196150000955,-0.0625
0.196200000955,-0.0625
0.196250000955,0
0.196300000955,0.0625
0.196350000955,0
0.196400000955,0
0.196450000955,0.0625
0.196500000955,-0.0625
0.196550000955,-0.0625
0.196600000955,0.0625
0.196650000955,0
0.196700000955,0.0625
0.196750000955,0.0625
0.196800000955,-0.0625
0.196850000955,0.125
0.196900000955,0.0625
0.196950000955,0.125
0.197000000955,-0.0625
0.197050000955,0.0625
0.197100000955,0.0625
0.197150000955,0.0625
0.197200000955,0.125
0.197250000955,0.125
0.197300000955,-0.0625
0.197350000955,0
0.197400000955,0.0625
0.197450000955,0
0.197500000955,0
0.197550000955,0.0625
0.197600000955,0
0.197650000955,0
0.197700000955,0
0.197750000955,0.0625
0.197800000955,0.125
0.197850000955,-0.0625
0.197900000955,0.0625
0.197950000955,0.0625
0.198000000955,0
0.198050000955,0.0625
0.198100000955,0.0625
0.198150000955,0.0625
0.198200000955,0
0.198250000955,0.125
0.198300000955,0.0625
0.198350000955,0.0625
0.198400000955,0.0625
0.198450000955,0.0625
0.198500000955,0
0.198550000955,0
0.198600000955,0.125
0.198650000955,-0.0625
0.198700000955,-0.0625
0.198750000955,0.0625
0.198800000955,0.0625
0.198850000955,0.1875
0.198900000955,-0.0625
0.198950000955,0.0625
0.199000000955,0
0.199050000955,0.0625
0.199100000955,-0.0625
0.199150000955,-0.0625
0.199200000955,0.0625
0.199250000955,0.0625
0.199300000955,0
0.199350000955,0
0.199400000955,0
0.199450000955,-0.0625
0.199500000955,-0.0625
0.199550000955,-0.0625
0.199600000955,0
0.199650000955,-0.0625
0.199700000955,0
0.199750000955,0
0.199800000955,0.0625
0.199850000955,0.0625
0.199900000955,0.125
0.199950000955,0.0625
0.200000000955,0.0625
0.200050000955,0.0625
0.200100000955,0.0625
0.200150000955,0
0.200200000955,0
0.200250000955,-0.125
0.200300000955,0.0625
0.200350000955,0.0625
0.200400000955,0.0625
0.200450000955,0.0625
0.200500000955,0
0.200550000955,0
0.200600000955,0
0.200650000955,0.0625
0.200700000955,0.0625
0.200750000955,0
0.200800000955,0
0.200850000955,0
0.200900000955,-0.0625
0.200950000955,0.125
0.201000000955,0.125
0.201050000955,0
0.201100000955,0.0625
0.201150000955,0
0.201200000955,0.0625
0.201250000955,0
0.201300000955,0
0.201350000955,-0.0625
0.201400000955,0
0.201450000955,0
0.201500000955,0.0625
0.201550000955,-0.0625
0.201600000955,0
0.201650000955,-0.0625
0.201700000955,-0.0625
0.201750000955,0
0.201800000955,0
0.201850000955,0.0625
0.201900000955,-0.0625
0.201950000955,0.1875
0.202000000955,0
0.202050000955,0.125
0.202100000955,0.125
0.202150000955,0.0625
0.202200000955,0.0625
0.202250000955,-0.0625
0.202300000955,0
0.202350000955,0.0625
0.202400000955,-0.0625
0.202450000955,0
0.202500000955,0
0.202550000955,0.0625
0.202600000955,0.0625
0.202650000955,0.0625
0.202700000955,0
0.202750000955,0.0625
0.202800000955,0
0.202850000955,0.125
0.202900000955,0
0.202950000955,0
0.203000000955,0
0.203050000955,0.0625
0.203100000955,0
0.203150000955,0
0.203200000955,0
0.203250000955,0.0625
0.203300000955,0.1875
0.203350000955,0.0625
0.203400000955,0.125
0.203450000955,0.0625
0.203500000955,-0.0625
0.203550000955,0
0.203600000955,0.0625
0.203650000955,0.0625
0.203700000955,0.0625
0.203750000955,-0.0625
0.203800000955,-0.0625
0.203850000955,-0.0625
0.203900000955,0
0.203950000955,0.0625
0.204000000955,0
0.204050000955,0.125
0.204100000955,0.125
0.204150000955,-0.0625
0.204200000955,-0.0625
0.204250000955,0
0.204300000955,0.125
0.204350000955,0
0.204400000955,0.0625
0.204450000955,0.0625
0.204500000955,0.125
0.204550000955,0.0625
0.204600000955,0.0625
0.204650000955,0
0.204700000955,0
0.204750000955,0.0625
0.204800000955,0
0.204850000955,0.1875
0.204900000955,0.0625
0.204950000955,0
0.205000000955,0
0.205050000955,0.0625
0.205100000955,0.0625
0.205150000955,-0.0625
0.205200000955,-0.0625
0.205250000955,0
0.205300000955,0
0.205350000955,0.0625
0.205400000955,0
0.205450000955,-0.0625
0.205500000955,0.0625
0.205550000955,0
0.205600000955,0.0625
0.205650000955,0.0625
0.205700000955,0.0625
0.205750000955,-0.0625
0.205800000955,0.0625
0.205850000955,0.0625
0.205900000955,0.125
0.205950000955,0.0625
0.206000000955,0.0625
0.206050000955,0
0.206100000955,0.0625
0.206150000955,0.125
0.206200000955,0.125
0.206250000955,0
0.206300000955,0.0625
0.206350000955,-0.0625
0.206400000955,-0.0625
0.206450000955,0
0.206500000955,0.125
0.206550000955,0
0.206600000955,0.0625
0.206650000955,0
0.206700000955,0.0625
0.206750000955,-0.0625
0.206800000955,0
0.206850000955,0.0625
0.206900000955,0
0.206950000955,0.0625
0.207000000955,-0.0625
0.207050000955,0
0.207100000955,-0.0625
0.207150000955,0.125
0.207200000955,0
0.207250000955,0.0625
0.207300000955,0
0.207350000955,0
0.207400000955,0.125
0.207450000955,0.125
0.207500000955,0.0625
0.207550000955,-0.0625
0.207600000955,0
0.207650000955,0.0625
0.207700000955,0.0625
0.207750000955,0.0625
0.207800000955,-0.0625
0.207850000955,0.0625
0.207900000955,0.0625
0.207950000955,0
0.208000000955,0
0.208050000955,0
0.208100000955,0
0.208150000955,0
0.208200000955,0.0625
0.208250000955,0.1875
0.208300000955,-0.0625
0.208350000955,0.125
0.208400000955,-0.0625
0.208450000955,0
0.208500000955,0.0625
0.208550000955,0
0.208600000955,0
0.208650000955,0.1875
0.208700000955,-0.0625
0.208750000955,-0.0625
0.208800000955,0.0625
0.208850000955,0.125
0.208900000955,0
0.208950000955,0.0625
0.209000000955,-0.125
0.209050000955,0
0.209100000955,0
0.209150000955,0
0.209200000955,-0.125
0.209250000955,0
0.209300000955,0
0.209350000955,0
0.209400000955,0
0.209450000955,0
0.209500000955,-0.0625
0.209550000955,0.0625
0.209600000955,0.0625
0.209650000955,0.0625
0.209700000955,-0.0625
0.209750000955,0
0.209800000955,0
0.209850000955,0
0.209900000955,0
0.209950000955,0.0625
0.210000000955,0.1875
0.210050000955,0
0.210100000955,0.0625
0.210150000955,0
0.210200000955,0.125
0.210250000955,0.125
0.210300000955,0.0625
0.210350000955,0.0625
0.210400000955,0
0.210450000955,0.125
0.210500000955,-0.0625
0.210550000955,-0.0625
0.210600000955,0
0.210650000955,0
0.210700000955,0
0.210750000955,0
0.210800000955,0
0.210850000955,0.0625
0.210900000955,0.0625
0.210950000955,0
0.211000000955,0.0625
0.211050000955,-0.0625
0.211100000955,0
0.211150000955,0
0.211200000955,0
0.211250000955,0.125
0.211300000955,0
0.211350000955,0.0625
0.211400000955,0
0.211450000955,0
0.211500000955,0.0625
0.211550000955,0
0.211600000955,0
0.211650000955,0
0.211700000955,-0.0625
0.211750000955,0
0.211800000955,0.0625
0.211850000955,0.0625
0.211900000955,-0.0625
0.211950000955,0.0625
0.212000000955,0
0.212050000955,-0.0625
0.212100000955,0
0.212150000955,0
0.212200000955,0
0.212250000955,0
0.212300000955,0.0625
0.212350000955,0
0.212400000955,-0.0625
0.212450000955,0.0625
0.212500000955,0.0625
0.212550000955,0
0.212600000955,0
0.212650000955,0
0.212700000955,0
0.212750000955,0.0625
0.212800000955,0.125
0.212850000955,0.0625
0.212900000955,0.125
0.212950000955,0
0.213000000955,0
0.213050000955,0.0625
0.213100000955,0.0625
0.213150000955,0.0625
0.213200000955,0
0.213250000955,0.0625
0.213300000955,0
0.213350000955,0.0625
0.213400000955,0.125
0.213450000955,-0.0625
0.213500000955,0.0625
0.213550000955,-0.0625
0.213600000955,-0.0625
0.213650000955,0.0625
0.213700000955,0.0625
0.213750000955,0.0625
0.213800000955,0.0625
0.213850000955,0
0.213900000955,0.0625
0.213950000955,0.0625
0.214000000955,0
0.214050000955,0
0.214100000955,-0.125
0.214150000955,0
0.214200000955,0.0625
0.214250000955,0.125
0.214300000955,0.125
0.214350000955,0
0.214400000955,0.0625
0.214450000955,0.0625
0.214500000955,0.0625
0.214550000955,0
0.214600000955,0.125
0.214650000955,0.0625
0.214700000955,0.0625
0.214750000955,-0.0625
0.214800000955,0
0.214850000955,0.0625
0.214900000955,0.0625
0.214950000955,0.125
0.215000000955,-0.0625
0.215050000955,0.0625
0.215100000955,0
0.215150000955,0
0.215200000955,0.0625
0.215250000955,-0.125
0.215300000955,0.0625
0.215350000955,-0.0625
0.215400000955,0
0.215450000955,-0.0625
0.215500000955,0
0.215550000955,0
0.215600000955,-0.0625
0.215650000955,0.0625
0.215700000955,0
0.215750000955,0.0625
0.215800000955,0.0625
0.215850000955,0
0.215900000955,0
0.215950000955,0.125
0.216000000955,0.0625
0.216050000955,-0.125
0.216100000955,0.0625
0.216150000955,-0.0625
0.216200000955,0
0.216250000955,0.0625
0.216300000955,0.125
0.216350000955,0
0.216400000955,0
0.216450000955,0
0.216500000955,0
0.216550000955,0
0.216600000955,0.0625
0.216650000955,0.0625
0.216700000955,0.0625
0.216750000955,0.0625
0.216800000955,0.0625
0.216850000955,0.0625
0.216900000955,-0.125
0.216950000955,-0.0625
0.217000000955,-0.0625
0.217050000955,0
0.217100000955,0
0.217150000955,-0.0625
0.217200000955,0.0625
0.217250000955,0.0625
0.217300000955,0.0625
0.217350000955,0.0625
0.217400000955,0.125
0.217450000955,0
0.217500000955,0.0625
0.217550000955,0.125
0.217600000955,0.0625
0.217650000955,0.0625
0.217700000955,0
0.217750000955,0
0.217800000955,0
0.217850000955,0.0625
0.217900000955,-0.0625
0.217950000955,0.0625
0.218000000955,0.125
0.218050000955,0.0625
0.218100000955,0.125
0.218150000955,0
0.218200000955,0
0.218250000955,-0.0625
0.218300000955,-0.0625
0.218350000955,0
0.218400000955,0.125
0.218450000955,0.0625
0.218500000955,0
0.218550000955,0.0625
0.218600000955,0
0.218650000955,0.0625
0.218700000955,0.0625
0.218750000955,0
0.218800000955,0
0.218850000955,0.0625
0.218900000955,0.0625
0.218950000955,0.0625
0.219000000955,0.0625
0.219050000955,0
0.219100000955,-0.0625
0.219150000955,0.0625
0.219200000955,0
0.219250000955,0.0625
0.219300000955,0
0.219350000955,0
0.219400000955,0.125
0.219450000955,0
0.219500000955,0
0.219550000955,0
0.219600000955,0.125
0.219650000955,0.0625
0.219700000955,0.0625
0.219750000955,0
0.219800000955,0.125
0.219850000955,0.0625
0.219900000955,0.0625
0.219950000955,0
0.220000000955,0
0.220050000955,0
0.220100000955,0
0.220150000955,0.0625
0.220200000955,0.0625
0.220250000955,0.0625
0.220300000955,0
0.220350000955,0.0625
0.220400000955,0
0.220450000955,-0.0625
0.220500000955,0
0.220550000955,0
0.220600000955,-0.0625
0.220650000955,0.0625
0.220700000955,0
0.220750000955,0.125
0.220800000955,-0.0625
0.220850000955,-0.0625
0.220900000955,0
0.220950000955,0.125
0.221000000955,-0.0625
0.221050000955,-0.0625
0.221100000955,0
0.221150000955,0.0625
0.221200000955,0.0625
0.221250000955,0.0625
0.221300000955,0.125
0.221350000955,0.0625
0.221400000955,-0.125
0.221450000955,0.125
0.221500000955,0.125
0.221550000955,-0.125
0.221600000955,-0.0625
0.221650000955,0
0.221700000955,0
0.221750000955,0.1875
0.221800000955,0
0.221850000955,0.125
0.221900000955,-0.0625
0.221950000955,0
0.222000000955,0.0625
0.222050000955,-0.0625
0.222100000955,0
0.222150000955,0
0.222200000955,0.0625
0.222250000955,0.0625
0.222300000955,-0.125
0.222350000955,0.0625
0.222400000955,0.0625
0.222450000955,0
0.222500000955,0.125
0.222550000955,0
0.222600000955,0.0625
0.222650000955,0.125
0.222700000955,-0.0625
0.222750000955,0.0625
0.222800000955,0
0.222850000955,-0.125
0.222900000955,0
0.222950000955,0.0625
0.223000000955,0.0625
0.223050000955,0
0.223100000955,0
0.223150000955,0
0.223200000955,-0.0625
0.223250000955,0.0625
0.223300000955,0.0625
0.223350000955,0
0.223400000955,0.0625
0.223450000955,0.125
0.223500000955,-0.0625
0.223550000955,-0.0625
0.223600000955,0.0625
0.223650000955,0
0.223700000955,0.125
0.223750000955,0.125
0.223800000955,0.125
0.223850000955,0.0625
0.223900000955,0.0625
0.223950000955,0.125
0.224000000955,0
0.224050000955,0.125
0.224100000955,0.0625
0.224150000955,0.0625
0.224200000955,0.0625
0.224250000955,0
0.224300000955,0
0.224350000955,-0.0625
0.224400000955,0.0625
0.224450000955,0
0.224500000955,0
0.224550000955,-0.0625
0.224600000955,0.0625
0.224650000955,-0.0625
0.224700000955,0.0625
0.224750000955,0
0.224800000955,-0.0625
0.224850000955,-0.0625
0.224900000955,0
0.224950000955,0.0625
0.225000000955,0
0.225050000955,0.0625
0.225100000955,0
0.225150000955,-0.0625
0.225200000955,0.125
0.225250000955,0.0625
0.225300000955,0
0.225350000955,0.125
0.225400000955,0
0.225450000955,0
0.225500000955,0.0625
0.225550000955,0.0625
0.225600000955,0
0.225650000955,0
0.225700000955,0.125
0.225750000955,0.0625
0.225800000955,-0.0625
0.225850000955,0.0625
0.225900000955,0
0.225950000955,0
0.226000000955,0.0625
0.226050000955,0
0.226100000955,0.1875
0.226150000955,-0.0625
0.226200000955,-0.0625
0.226250000955,0.0625
0.226300000955,0
0.226350000955,0
0.226400000955,-0.0625
0.226450000955,0
0.226500000955,0.0625
0.226550000955,0.125
0.226600000955,0
0.226650000955,-0.0625
0.226700000955,0.0625
0.226750000955,0
0.226800000955,0
0.226850000955,0.0625
0.226900000955,0.0625
0.226950000955,0.1875
0.227000000955,-0.0625
0.227050000955,0.0625
0.227100000955,0.125
0.227150000955,0
0.227200000955,0
0.227250000955,0
0.227300000955,0
0.227350000955,0
0.227400000955,0.1875
0.227450000955,0
0.227500000955,0.0625
0.227550000955,0.125
0.227600000955,0
0.227650000955,0
0.227700000955,0
0.227750000955,0.0625
0.227800000955,0
0.227850000955,0.0625
0.227900000955,-0.0625
0.227950000955,0
0.228000000955,0
0.228050000955,-0.0625
0.228100000955,0
0.228150000955,0
0.228200000955,0
0.228250000955,-0.0625
0.228300000955,0.0625
0.228350000955,-0.0625
0.228400000955,0.0625
0.228450000955,0.0625
0.228500000955,0.0625
0.228550000955,0
0.228600000955,0.125
0.228650000955,-0.0625
0.228700000955,-0.0625
0.228750000955,-0.0625
0.228800000955,-0.0625
0.228850000955,0.0625
0.228900000955,-0.0625
0.228950000955,0
0.229000000955,0.0625
0.229050000955,-0.0625
0.229100000955,0.0625
0.229150000955,-0.0625
0.229200000955,0
0.229250000955,-0.0625
0.229300000955,0
0.229350000955,0.0625
0.229400000955,0.0625
0.229450000955,0
0.229500000955,0
0.229550000955,0.125
0.229600000955,0.0625
0.229650000955,0
0.229700000955,0.0625
0.229750000955,0.125
0.229800000955,0.125
0.229850000955,0.0625
0.229900000955,-0.0625
0.229950000955,-0.0625
0.230000000955,-0.0625
0.230050000955,0.0625
0.230100000955,0.0625
0.230150000955,-0.0625
0.230200000955,0.125
0.230250000955,0.0625
0.230300000955,0
0.230350000955,0
0.230400000955,0
0.230450000955,0.125
0.230500000955,0
0.230550000955,0.0625
0.230600000955,0.125
0.230650000955,0.0625
0.230700000955,0.0625
0.230750000955,0
0.230800000955,0.125
0.230850000955,0
0.230900000955,0
0.230950000955,0
0.231000000955,0.0625
0.231050000955,0
0.231100000955,0
0.231150000955,-0.0625
0.231200000955,0
0.231250000955,0
0.231300000955,0.0625
0.231350000955,0
0.231400000955,0
0.231450000955,0.125
0.231500000955,0
0.231550000955,0
0.231600000955,0
0.231650000955,0.125
0.231700000955,0
0.231750000955,0
0.231800000955,0.125
0.231850000955,0.0625
0.231900000955,0
0.231950000955,0.125
0.232000000955,0.0625
0.232050000955,0
0.232100000955,0
0.232150000955,0
0.232200000955,0.125
0.232250000955,0.125
0.232300000955,0.125
0.232350000955,0
0.232400000955,0.0625
0.232450000955,0.0625
0.232500000955,0.0625
0.232550000955,0.0625
0.232600000955,0.0625
0.232650000955,0
0.232700000955,0
0.232750000955,0.0625
0.232800000955,-0.0625
0.232850000955,0.0625
0.232900000955,0
0.232950000955,0.0625
0.233000000955,0.0625
0.233050000955,0.125
0.233100000955,0.0625
0.233150000955,0
0.233200000955,0
0.233250000955,0.0625
0.233300000955,-0.0625
0.233350000955,0.0625
0.233400000955,-0.0625
0.233450000955,0
0.233500000955,0
0.233550000955,0.0625
0.233600000955,-0.0625
0.233650000955,0
0.233700000955,0
0.233750000955,0.125
0.233800000955,0
0.233850000955,0.125
0.233900000955,0
0.233950000955,0.0625
0.234000000955,0
0.234050000955,0.0625
0.234100000955,0.0625
0.234150000955,-0.0625
0.234200000955,0.0625
0.234250000955,0
0.234300000955,0.0625
0.234350000955,0.0625
0.234400000955,0
0.234450000955,0.0625
0.234500000955,0
0.234550000955,0
0.234600000955,0.0625
0.234650000955,0
0.234700000955,0
0.234750000955,0
0.234800000955,0
0.234850000955,0.0625
0.234900000955,0.0625
0.234950000955,0.0625
0.235000000955,0
0.235050000955,0
0.235100000955,0
0.235150000955,-0.125
0.235200000955,0.0625
0.235250000955,0.125
0.235300000955,0.0625
0.235350000955,0
0.235400000955,0.0625
0.235450000955,-0.0625
0.235500000955,0
0.235550000955,0.125
0.235600000955,0
0.235650000955,0
0.235700000955,0.125
0.235750000955,0.0625
0.235800000955,0.0625
0.235850000955,0
0.235900000955,0
0.235950000955,0.0625
0.236000000955,0
0.236050000955,0.0625
0.236100000955,0.0625
0.236150000955,-0.0625
0.236200000955,0
0.236250000955,0.0625
0.236300000955,0.0625
0.236350000955,-0.0625
0.236400000955,0
0.236450000955,0.125
0.236500000955,0.125
0.236550000955,0.0625
0.236600000955,0.0625
0.236650000955,-0.0625
0.236700000955,-0.0625
0.236750000955,0.0625
0.236800000955,0
0.236850000955,0.0625
0.236900000955,-0.0625
0.236950000955,0.0625
0.237000000955,-0.0625
0.237050000955,0
0.237100000955,0
0.237150000955,0.0625
0.237200000955,0
0.237250000955,0.0625
0.237300000955,0.0625
0.237350000955,0
0.237400000955,0.0625
0.237450000955,0.0625
0.237500000955,0.125
0.237550000955,0
0.237600000955,0.125
0.237650000955,0
0.237700000955,0.0625
0.237750000955,-0.0625
0.237800000955,0.0625
0.237850000955,0
0.237900000955,0.0625
0.237950000955,0
0.238000000955,0
0.238050000955,0.0625
0.238100000955,0.0625
0.238150000955,-0.0625
0.238200000955,0.0625
0.238250000955,0
0.238300000955,0.0625
0.238350000955,0
0.238400000955,0
0.238450000955,0.125
0.238500000955,0.0625
0.238550000955,0
0.238600000955,-0.0625
0.238650000955,0.0625
0.238700000955,0
0.238750000955,0.125
0.238800000955,0.0625
0.238850000955,0
0.238900000955,0.0625
0.238950000955,-0.0625
0.239000000955,0
0.239050000955,0.0625
0.239100000955,0
0.239150000955,0.0625
0.239200000955,-0.0625
0.239250000955,0
0.239300000955,-0.0625
0.239350000955,0.125
0.239400000955,0
0.239450000955,0
0.239500000955,0.0625
0.239550000955,0.0625
0.239600000955,0.0625
0.239650000955,0
0.239700000955,0.0625
0.239750000955,0.0625
0.239800000955,-0.0625
0.239850000955,0.0625
0.239900000955,0.0625
0.239950000955,0
0.240000000955,0.0625
0.240050000955,0
0.240100000955,0
0.240150000955,0.0625
0.240200000955,0
0.240250000955,0.0625
0.240300000955,0.0625
0.240350000955,0.0625
0.240400000955,0.125
0.240450000955,-0.125
0.240500000955,0
0.240550000955,0.0625
0.240600000955,0.125
0.240650000955,-0.0625
0.240700000955,0
0.240750000955,0.0625
0.240800000955,0.0625
0.240850000955,0.0625
0.240900000955,0
0.240950000955,0.0625
0.241000000955,0
0.241050000955,0.0625
0.241100000955,0
0.241150000955,0
0.241200000955,0
0.241250000955,0.0625
0.241300000955,0
0.241350000955,0
0.241400000955,0
0.241450000955,0
0.241500000955,0.125
0.241550000955,0.0625
0.241600000955,0.0625
0.241650000955,0.0625
0.241700000955,0
0.241750000955,0.0625
0.241800000955,-0.0625
0.241850000955,0
0.241900000955,0.125
0.241950000955,0
0.242000000955,-0.0625
0.242050000955,0.0625
0.242100000955,-0.0625
0.242150000955,0
0.242200000955,0.0625
0.242250000955,-0.0625
0.242300000955,0.0625
0.242350000955,0
0.242400000955,0.1875
0.242450000955,0.0625
0.242500000955,-0.0625
0.242550000955,0.0625
0.242600000955,-0.125
0.242650000955,0.0625
0.242700000955,0
0.242750000955,0.0625
0.242800000955,-0.0625
0.242850000955,-0.0625
0.242900000955,-0.0625
0.242950000955,-0.0625
0.243000000955,0.125
0.243050000955,0
0.243100000955,0.0625
0.243150000955,0
0.243200000955,0
0.243250000955,0.0625
0.243300000955,-0.0625
0.243350000955,0.0625
0.243400000955,0.0625
0.243450000955,0.0625
0.243500000955,0
0.243550000955,0.125
0.243600000955,0.0625
0.243650000955,0.0625
0.243700000955,-0.0625
0.243750000955,0.125
0.243800000955,0
0.243850000955,0.0625
0.243900000955,0.0625
0.243950000955,0.0625
0.244000000955,0
0.244050000955,0.0625
0.244100000955,0.0625
0.244150000955,0.1875
0.244200000955,0.0625
0.244250000955,0.0625
0.244300000955,0
0.244350000955,0
0.244400000955,0.125
0.244450000955,0
0.244500000955,0.125
0.244550000955,0.0625
0.244600000955,0.0625
0.244650000955,0.0625
0.244700000955,-0.0625
0.244750000955,0
0.244800000955,0.0625
0.244850000955,0
0.244900000955,-0.0625
0.244950000955,0.0625
0.245000000955,0
0.245050000955,0.125
0.245100000955,0.0625
0.245150000955,0.0625
0.245200000955,0
0.245250000955,0
0.245300000955,0.0625
0.245350000955,0
0.245400000955,-0.0625
0.245450000955,0.0625
0.245500000955,0.125
0.245550000955,0
0.245600000955,0
0.245650000955,0.0625
0.245700000955,0
0.245750000955,0.125
0.245800000955,-0.0625
0.245850000955,0
0.245900000955,0.0625
0.245950000955,0
0.246000000955,0.0625
0.246050000955,0.0625
0.246100000955,-0.0625
0.246150000955,0
0.246200000955,0.0625
0.246250000955,0
0.246300000955,0
0.246350000955,0
0.246400000955,0
0.246450000955,-0.0625
0.246500000955,0.0625
0.246550000955,0
0.246600000955,-0.0625
0.246650000955,0
0.246700000955,0.125
0.246750000955,0.125
0.246800000955,-0.0625
0.246850000955,0.0625
0.246900000955,0.1875
0.246950000955,0
0.247000000955,0.125
0.247050000955,0.0625
0.247100000955,0.0625
0.247150000955,0.125
0.247200000955,0
0.247250000955,0
0.247300000955,0.0625
0.247350000955,0.0625
0.247400000955,0.125
0.247450000955,-0.0625
0.247500000955,0
0.247550000955,-0.0625
0.247600000955,0.125
0.247650000955,0
0.247700000955,0.125
0.247750000955,0.0625
0.247800000955,0
0.247850000955,0.0625
0.247900000955,0
0.247950000955,-0.0625
0.248000000955,-0.0625
0.248050000955,0.125
0.248100000955,0
0.248150000955,0
0.248200000955,0.125
0.248250000955,0.0625
0.248300000955,-0.0625
0.248350000955,-0.0625
0.248400000955,0
0.248450000955,0.125
0.248500000955,0
0.248550000955,-0.0625
0.248600000955,0.0625
0.248650000955,0.0625
0.248700000955,-0.125
0.248750000955,-0.0625
0.248800000955,0.125
0.248850000955,0
0.248900000955,0
0.248950000955,0.0625
0.249000000955,0
0.249050000955,0.125
0.249100000955,0.125
0.249150000955,0.0625
0.249200000955,0
0.249250000955,0
0.249300000955,-0.125
0.249350000955,0.0625
0.249400000955,0.125
0.249450000955,0
0.249500000955,0.0625
0.249550000955,0.0625
0.249600000955,0.125
0.249650000955,-0.0625
0.249700000955,0
0.249750000955,-0.0625
0.249800000955,0.0625
0.249850000955,0.0625
0.249900000955,0.0625
0.249950000955,0.0625
0.250000000955,0.0625
0.250050000955,0
0.250100000955,0
0.250150000955,0.125
0.250200000955,0
0.250250000955,-0.0625
0.250300000955,0.0625
0.250350000955,0.0625
0.250400000955,0.125
0.250450000955,0.125
0.250500000955,0
0.250550000955,0.0625
0.250600000955,0.0625
0.250650000955,0
0.250700000955,0.0625
0.250750000955,0
0.250800000955,-0.0625
0.250850000955,0.125
0.250900000955,0.125
0.250950000955,-0.0625
0.251000000955,-0.0625
0.251050000955,0.0625
0.251100000955,0
0.251150000955,-0.0625
0.251200000955,0.125
0.251250000955,0
0.251300000955,0.0625
0.251350000955,0
0.251400000955,0
0.251450000955,-0.0625
0.251500000955,0.125
0.251550000955,0
0.251600000955,0
0.251650000955,0.125
0.251700000955,0.0625
0.251750000955,0.0625
0.251800000955,0
0.251850000955,0.0625
0.251900000955,0.0625
0.251950000955,0.0625
0.252000000955,0.0625
0.252050000955,0.0625
0.252100000955,0.0625
0.252150000955,0
0.252200000955,0
0.252250000955,0.0625
0.252300000955,0.0625
0.252350000955,-0.0625
0.252400000955,0
0.252450000955,0.125
0.252500000955,0
0.252550000955,0
0.252600000955,0
0.252650000955,0
0.252700000955,0
0.252750000955,-0.0625
0.252800000955,0.125
0.252850000955,0.0625
0.252900000955,0.0625
0.252950000955,0.0625
0.253000000955,0
0.253050000955,0.0625
0.253100000955,-0.0625
0.253150000955,0.0625
0.253200000955,0.0625
0.253250000955,0
0.253300000955,0.0625
0.253350000955,0.125
0.253400000955,0
0.253450000955,0.0625
0.253500000955,0
0.253550000955,0
0.253600000955,0.125
0.253650000955,0
0.253700000955,0.125
0.253750000955,0.0625
0.253800000955,0.0625
0.253850000955,-0.0625
0.253900000955,0.0625
0.253950000955,0.0625
0.254000000955,0.0625
0.254050000955,0
0.254100000955,0.0625
0.254150000955,0.0625
0.254200000955,0.0625
0.254250000955,0.0625
0.254300000955,0
0.254350000955,-0.0625
0.254400000955,0.0625
0.254450000955,0.0625
0.254500000955,0
0.254550000955,0
0.254600000955,0.0625
0.254650000955,0
0.254700000955,0.125
0.254750000955,0.0625
0.254800000955,0.0625
0.254850000955,0.125
0.254900000955,0.125
0.254950000955,0
0.255000000955,-0.0625
0.255050000955,0
0.255100000955,-0.0625
0.255150000955,0.0625
0.255200000955,0.0625
0.255250000955,0
0.255300000955,0.125
0.255350000955,0.0625
0.255400000955,0.0625
0.255450000955,0.0625
0.255500000955,0.0625
0.255550000955,0
0.255600000955,0
0.255650000955,0.0625
0.255700000955,0
0.255750000955,0.1875
0.255800000955,0.0625
0.255850000955,0.125
0.255900000955,0
0.255950000955,-0.0625
0.256000000955,0.0625
0.256050000955,0.0625
0.256100000955,-0.0625
0.256150000955,0.0625
0.256200000955,0.125
0.256250000955,0
0.256300000955,0
0.256350000955,0.0625
0.256400000955,0.0625
0.256450000955,0
0.256500000955,0.0625
0.256550000955,0
0.256600000955,0.125
0.256650000955,0.0625
0.256700000955,0.125
0.256750000955,0
0.256800000955,0
0.256850000955,0.0625
0.256900000955,0.0625
0.256950000955,0.0625
0.257000000955,0.125
0.257050000955,0
0.257100000955,-0.0625
0.257150000955,-0.0625
0.257200000955,-0.0625
0.257250000955,0.125
0.257300000955,0
0.257350000955,-0.125
0.257400000955,0.125
0.257450000955,0
0.257500000955,0.0625
0.257550000955,-0.0625
0.257600000955,0.0625
0.257650000955,0.0625
0.257700000955,0
0.257750000955,0.0625
0.257800000955,0.0625
0.257850000955,0
0.257900000955,0
0.257950000955,0.0625
0.258000000955,-0.125
0.258050000955,0
0.258100000955,0.125
0.258150000955,0
0.258200000955,0.0625
0.258250000955,-0.0625
0.258300000955,0.125
0.258350000955,0.0625
0.258400000955,0.0625
0.258450000955,0
0.258500000955,-0.0625
0.258550000955,0
0.258600000955,0.0625
0.258650000955,0
0.258700000955,0.0625
0.258750000955,0.125
0.258800000955,-0.125
0.258850000955,0.0625
0.258900000955,-0.0625
0.258950000955,0.0625
0.259000000955,0
0.259050000955,0
0.259100000955,0.125
0.259150000955,-0.0625
0.259200000955,0.0625
0.259250000955,0
0.259300000955,0.0625
0.259350000955,0.0625
0.259400000955,0
0.259450000955,0.125
0.259500000955,-0.0625
0.259550000955,-0.0625
0.259600000955,0.0625
0.259650000955,-0.0625
0.259700000955,0.0625
0.259750000955,0
0.259800000955,0.25
0.259850000955,0
0.259900000955,0
0.259950000955,0
0.260000000955,0
0.260050000955,-0.125
0.260100000955,0.125
0.260150000955,0.0625
0.260200000955,-0.0625
0.260250000955,0
0.260300000955,-0.0625
0.260350000955,0.0625
0.260400000955,0.0625
0.260450000955,0
0.260500000955,0
0.260550000955,0
0.260600000955,-0.0625
0.260650000955,0.125
0.260700000955,0.0625
0.260750000955,0.0625
0.260800000955,0
0.260850000955,0.0625
0.260900000955,0.0625
0.260950000955,0.125
0.261000000955,0
0.261050000955,-0.0625
0.261100000955,0.0625
0.261150000955,0.0625
0.261200000955,0.125
0.261250000955,0.125
0.261300000955,-0.0625
0.261350000955,0.0625
0.261400000955,0.125
0.261450000955,-0.0625
0.261500000955,0
0.261550000955,0.0625
0.261600000955,0
0.261650000955,0.0625
0.261700000955,0.0625
0.261750000955,0.125
0.261800000955,0.0625
0.261850000955,0
0.261900000955,-0.0625
0.261950000955,0.0625
0.262000000955,0
0.262050000955,0.0625
0.262100000955,0
0.262150000955,0.0625
0.262200000955,0.0625
0.262250000955,0
0.262300000955,0.0625
0.262350000955,0.0625
0.262400000955,0.125
0.262450000955,0
0.262500000955,0.0625
0.262550000955,0.0625
0.262600000955,0.125
0.262650000955,0.125
0.262700000955,-0.0625
0.262750000955,0.0625
0.262800000955,0
0.262850000955,0
0.262900000955,0.0625
0.262950000955,0
0.263000000955,0.0625
0.263050000955,0.0625
0.263100000955,0
0.263150000955,0.125
0.263200000955,0.0625
0.263250000955,0.0625
0.263300000955,0
0.263350000955,0
0.263400000955,0.0625
0.263450000955,0.0625
0.263500000955,0.125
0.263550000955,0.0625
0.263600000955,0
0.263650000955,0.0625
0.263700000955,0.0625
0.263750000955,0.0625
0.263800000955,0
0.263850000955,0.0625
0.263900000955,0
0.263950000955,0.0625
0.264000000955,0.0625
0.264050000955,0.0625
0.264100000955,0
0.264150000955,0.0625
0.264200000955,0.0625
0.264250000955,0
0.264300000955,0.0625
0.264350000955,0.125
0.264400000955,-0.0625
0.264450000955,0.125
0.264500000955,0
0.264550000955,0.0625
0.264600000955,0.0625
0.264650000955,0
0.264700000955,0
0.264750000955,0.125
0.264800000955,0.0625
0.264850000955,-0.0625
0.264900000955,0
0.264950000955,0.0625
0.265000000955,-0.0625
0.265050000955,-0.0625
0.265100000955,0.0625
0.265150000955,0.0625
0.265200000955,0
0.265250000955,0.0625
0.265300000955,0.125
0.265350000955,0
0.265400000955,0
0.265450000955,-0.0625
0.265500000955,0.0625
0.265550000955,0
0.265600000955,0.0625
0.265650000955,0
0.265700000955,0.0625
0.265750000955,0
0.265800000955,0
0.265850000955,0.1875
0.265900000955,0.0625
0.265950000955,0
0.266000000955,0.1875
0.266050000955,0
0.266100000955,-0.125
0.266150000955,0.0625
0.266200000955,0.1875
0.266250000955,0
0.266300000955,0.0625
0.266350000955,0
0.266400000955,0.125
0.266450000955,0.0625
0.266500000955,0
0.266550000955,0.1875
0.266600000955,0
0.266650000955,0.125
0.266700000955,0
0.266750000955,-0.0625
0.266800000955,0
0.266850000955,0.0625
0.266900000955,0.125
0.266950000955,0.125
0.267000000955,0.125
0.267050000955,0.0625
0.267100000955,0.0625
0.267150000955,0
0.267200000955,0.125
0.267250000955,0.0625
0.267300000955,0.125
0.267350000955,0
0.267400000955,0
0.267450000955,0
0.267500000955,0
0.267550000955,0
0.267600000955,0
0.267650000955,0
0.267700000955,0
0.267750000955,0
0.267800000955,0
0.267850000955,0
0.267900000955,0.0625
0.267950000955,0.125
0.268000000955,0
0.268050000955,0.0625
0.268100000955,0.0625
0.268150000955,0
0.268200000955,0.0625
0.268250000955,0.0625
0.268300000955,0.0625
0.268350000955,0.0625
0.268400000955,0.0625
0.268450000955,0
0.268500000955,0.0625
0.268550000955,0.0625
0.268600000955,0
0.268650000955,0.0625
0.268700000955,0.1875
0.268750000955,0
0.268800000955,0
0.268850000955,0.0625
0.268900000955,0.0625
0.268950000955,0
0.269000000955,-0.0625
0.269050000955,0
0.269100000955,0.125
0.269150000955,0.0625
0.269200000955,0
0.269250000955,0
0.269300000955,0
0.269350000955,0.0625
0.269400000955,0
0.269450000955,-0.0625
0.269500000955,0.0625
0.269550000955,0.0625
0.269600000955,0
0.269650000955,0
0.269700000955,0
0.269750000955,0
0.269800000955,0
0.269850000955,0
0.269900000955,0.0625
0.269950000955,0.125
0.270000000955,0.0625
0.270050000955,0.1875
0.270100000955,0.0625
0.270150000955,0
0.270200000955,-0.0625
0.270250000955,0.125
0.270300000955,0.0625
0.270350000955,0.0625
0.270400000955,0
0.270450000955,-0.0625
0.270500000955,0.125
0.270550000955,0
0.270600000955,0
0.270650000955,-0.0625
0.270700000955,0.0625
0.270750000955,0
0.270800000955,0
0.270850000955,0.0625
0.270900000955,0.0625
0.270950000955,0.0625
0.271000000955,0.125
0.271050000955,0.125
0.271100000955,-0.0625
0.271150000955,0.125
0.271200000955,0.0625
0.271250000955,0.0625
0.271300000955,0
0.271350000955,0.0625
0.271400000955,-0.0625
0.271450000955,0
0.271500000955,-0.0625
0.271550000955,0.0625
0.271600000955,0
0.271650000955,0.0625
0.271700000955,0.0625
0.271750000955,0.125
0.271800000955,0
0.271850000955,0.0625
0.271900000955,0
0.271950000955,0
0.272000000955,0.0625
0.272050000955,0
0.272100000955,0
0.272150000955,0
0.272200000955,0.0625
0.272250000955,0.0625
0.272300000955,0.0625
0.272350000955,0.0625
0.272400000955,0
0.272450000955,0
0.272500000955,0
0.272550000955,0
0.272600000955,0.0625
0.272650000955,0
0.272700000955,0.125
0.272750000955,0
0.272800000955,-0.0625
0.272850000955,0
0.272900000955,0.0625
0.272950000955,0.0625
0.273000000955,0.125
0.273050000955,0.125
0.273100000955,0
0.273150000955,0.0625
0.273200000955,0
0.273250000955,0.0625
0.273300000955,-0.0625
0.273350000955,0
0.273400000955,-0.0625
0.273450000955,0.0625
0.273500000955,0.125
0.273550000955,0
0.273600000955,0.125
0.273650000955,-0.0625
0.273700000955,0.0625
0.273750000955,0.0625
0.273800000955,0.125
0.273850000955,-0.0625
0.273900000955,-0.0625
0.273950000955,0.0625
0.274000000955,0.0625
0.274050000955,0.125
0.274100000955,-0.0625
0.274150000955,0.0625
0.274200000955,0
0.274250000955,0.0625
0.274300000955,0.0625
0.274350000955,0
0.274400000955,0
0.274450000955,0
0.274500000955,0
0.274550000955,-0.0625
0.274600000955,0.0625
0.274650000955,0.0625
0.274700000955,0.0625
0.274750000955,-0.0625
0.274800000955,0.0625
0.274850000955,-0.0625
0.274900000955,0.0625
0.274950000955,0
0.275000000955,-0.0625
0.275050000955,0
0.275100000955,0.0625
0.275150000955,-0.125
0.275200000955,0.0625
0.275250000955,0.0625
0.275300000955,0.0625
0.275350000955,0
0.275400000955,-0.0625
0.275450000955,-0.0625
0.275500000955,0.1875
0.275550000955,0.0625
0.275600000955,-0.0625
0.275650000955,0
0.275700000955,0
0.275750000955,0.125
0.275800000955,0
0.275850000955,0
0.275900000955,0.0625
0.275950000955,0.0625
0.276000000955,0
0.276050000955,0.125
0.276100000955,0
0.276150000955,0.0625
0.276200000955,-0.0625
0.276250000955,0.0625
0.276300000955,-0.0625
0.276350000955,0.0625
0.276400000955,0.0625
0.276450000955,0.0625
0.276500000955,0.0625
0.276550000955,0.0625
0.276600000955,0
0.276650000955,-0.125
0.276700000955,0.0625
0.276750000955,0.0625
0.276800000955,-0.0625
0.276850000955,-0.0625
0.276900000955,0
0.276950000955,0.125
0.277000000955,0
0.277050000955,0.0625
0.277100000955,0
0.277150000955,0.125
0.277200000955,0
0.277250000955,0
0.277300000955,0.0625
0.277350000955,0.0625
0.277400000955,0.0625
0.277450000955,0
0.277500000955,0
0.277550000955,-0.0625
0.277600000955,0
0.277650000955,0.1875
0.277700000955,0
0.277750000955,-0.0625
0.277800000955,0
0.277850000955,0.125
0.277900000955,0
0.277950000955,0
0.278000000955,0.0625
0.278050000955,0.125
0.278100000955,0.0625
0.278150000955,0.125
0.278200000955,0.0625
0.278250000955,0
0.278300000955,0
0.278350000955,0.125
0.278400000955,0
0.278450000955,0.0625
0.278500000955,0
0.278550000955,0.0625
0.278600000955,-0.0625
0.278650000955,0
0.278700000955,0.0625
0.278750000955,0
0.278800000955,0.0625
0.278850000955,0
0.278900000955,0
0.278950000955,0.125
0.279000000955,0.125
0.279050000955,0.0625
0.279100000955,0.0625
0.279150000955,0
0.279200000955,0
0.279250000955,0.0625
0.279300000955,0.0625
0.279350000955,0
0.279400000955,-0.0625
0.279450000955,0
0.279500000955,-0.0625
0.279550000955,0.125
0.279600000955,0
0.279650000955,0.0625
0.279700000955,-0.0625
0.279750000955,0.0625
0.279800000955,-0.0625
0.279850000955,-0.0625
0.279900000955,0
0.279950000955,0.125
0.280000000955,0
0.280050000955,0.125
0.280100000955,0.125
0.280150000955,0.125
0.280200000955,0
0.280250000955,0.125
0.280300000955,-0.0625
0.280350000955,0.0625
0.280400000955,0.0625
0.280450000955,-0.125
0.280500000955,0
0.280550000955,-0.0625
0.280600000955,0
0.280650000955,0
0.280700000955,-0.125
0.280750000955,-0.125
0.280800000955,0.125
0.280850000955,0
0.280900000955,0.0625
0.280950000955,0.0625
0.281000000955,-0.0625
0.281050000955,0.0625
0.281100000955,0
0.281150000955,-0.0625
0.281200000955,0
0.281250000955,-0.125
0.281300000955,-0.125
0.281350000955,-0.0625
0.281400000955,0.0625
0.281450000955,0.0625
0.281500000955,0.0625
0.281550000955,0
0.281600000955,0.0625
0.281650000955,0
0.281700000955,0
0.281750000955,0.0625
0.281800000955,0
0.281850000955,0.0625
0.281900000955,0.0625
0.281950000955,0.0625
0.282000000955,0.125
0.282050000955,0.0625
0.282100000955,0
0.282150000955,-0.1875
0.282200000955,0
0.282250000955,0.1875
0.282300000955,0
0.282350000955,0.0625
0.282400000955,0.0625
0.282450000955,0.125
0.282500000955,0
0.282550000955,0.0625
0.282600000955,0.125
0.282650000955,0
0.282700000955,-0.0625
0.282750000955,0.125
0.282800000955,0.0625
0.282850000955,0
0.282900000955,0
0.282950000955,0
0.283000000955,0.0625
0.283050000955,0
0.283100000955,-0.0625
0.283150000955,0.0625
0.283200000955,0
0.283250000955,0
0.283300000955,0
0.283350000955,0
0.283400000955,0.0625
0.283450000955,0.0625
0.283500000955,0.0625
0.283550000955,0.0625
0.283600000955,0
0.283650000955,0
0.283700000955,-0.125
0.283750000955,0.0625
0.283800000955,0.0625
0.283850000955,0
0.283900000955,0
0.283950000955,0
0.284000000955,0
0.284050000955,0
0.284100000955,-0.0625
0.284150000955,0
0.284200000955,0.0625
0.284250000955,0
0.284300000955,0
0.284350000955,0
0.284400000955,0.125
0.284450000955,0.0625
0.284500000955,0
0.284550000955,0.125
0.284600000955,0.0625
0.284650000955,-0.0625
0.284700000955,0.125
0.284750000955,0.0625
0.284800000955,-0.0625
0.284850000955,0.125
0.284900000955,-0.125
0.284950000955,0.0625
0.285000000955,-0.0625
0.285050000955,0.125
0.285100000955,0.125
0.285150000955,0.0625
0.285200000955,-0.0625
0.285250000955,-0.125
0.285300000955,0
0.285350000955,0
0.285400000955,0.125
0.285450000955,0.1875
0.285500000955,0.0625
0.285550000955,-0.0625
0.285600000955,0
0.285650000955,0
0.285700000955,0.0625
0.285750000955,0.0625
0.285800000955,0.125
0.285850000955,-0.0625
0.285900000955,0
0.285950000955,0.125
0.286000000955,0
0.286050000955,0
0.286100000955,0
0.286150000955,0
0.286200000955,0.0625
0.286250000955,0.0625
0.286300000955,0.0625
0.286350000955,-0.0625
0.286400000955,0.125
0.286450000955,0
0.286500000955,0.125
0.286550000955,0.0625
0.286600000955,0.0625
0.286650000955,0
0.286700000955,0.0625
0.286750000955,0.0625
0.286800000955,0
0.286850000955,0
0.286900000955,0
0.286950000955,0
0.287000000955,-0.0625
0.287050000955,0.0625
0.287100000955,0.0625
0.287150000955,0
0.287200000955,0
0.287250000955,0.0625
0.287300000955,0.0625
0.287350000955,-0.0625
0.287400000955,0
0.287450000955,-0.0625
0.287500000955,0
0.287550000955,0
0.287600000955,-0.0625
0.287650000955,0.0625
0.287700000955,0.125
0.287750000955,0.0625
0.287800000955,0
0.287850000955,0.0625
0.287900000955,0
0.287950000955,0
0.288000000955,0.0625
0.288050000955,-0.0625
0.288100000955,0
0.288150000955,0.0625
0.288200000955,-0.0625
0.288250000955,0.125
0.288300000955,0.0625
0.288350000955,0
0.288400000955,0.0625
0.288450000955,-0.0625
0.288500000955,0.125
0.288550000955,-0.125
0.288600000955,0.125
0.288650000955,-0.125
0.288700000955,0.0625
0.288750000955,0
0.288800000955,0.0625
0.288850000955,-0.0625
0.288900000955,-0.0625
0.288950000955,-0.0625
0.289000000955,0
0.289050000955,0
0.289100000955,0
0.289150000955,0.0625
0.289200000955,0
0.289250000955,0
0.289300000955,0.0625
0.289350000955,-0.0625
0.289400000955,0
0.289450000955,0
0.289500000955,-0.0625
0.289550000955,0
0.289600000955,0.0625
0.289650000955,0.125
0.289700000955,0.0625
0.289750000955,0.0625
0.289800000955,-0.0625
0.289850000955,0
0.289900000955,0
0.289950000955,-0.0625
0.290000000955,0
0.290050000955,0.125
0.290100000955,0
0.290150000955,0.0625
0.290200000955,0.125
0.290250000955,-0.0625
0.290300000955,0
0.290350000955,-0.0625
0.290400000955,0
0.290450000955,0.125
0.290500000955,-0.0625
0.290550000955,0.125
0.290600000955,0.125
0.290650000955,0.125
0.290700000955,0.0625
0.290750000955,0.0625
0.290800000955,0.0625
0.290850000955,0.0625
0.290900000955,0.125
0.290950000955,0.0625
0.291000000955,0
0.291050000955,0.0625
0.291100000955,-0.0625
0.291150000955,0
0.291200000955,0.125
0.291250000955,0.0625
0.291300000955,-0.0625
0.291350000955,0.125
0.291400000955,0
0.291450000955,0.125
0.291500000955,0.0625
0.291550000955,0
0.291600000955,0
0.291650000955,0.125
0.291700000955,0
0.291750000955,0
0.291800000955,0.125
0.291850000955,0
0.291900000955,-0.0625
0.291950000955,-0.0625
0.292000000955,0.125
0.292050000955,0
0.292100000955,0.0625
0.292150000955,0.125
0.292200000955,0.0625
0.292250000955,0.0625
0.292300000955,0
0.292350000955,0.0625
0.292400000955,-0.125
0.292450000955,0.125
0.292500000955,-0.0625
0.292550000955,0.0625
0.292600000955,0
0.292650000955,-0.0625
0.292700000955,0
0.292750000955,0.1875
0.292800000955,0.0625
0.292850000955,0.0625
0.292900000955,0
0.292950000955,0.0625
0.293000000955,0
0.293050000955,0
0.293100000955,0
0.293150000955,0.125
0.293200000955,0.0625
0.293250000955,0.0625
0.293300000955,0
0.293350000955,0
0.293400000955,-0.0625
0.293450000955,-0.0625
0.293500000955,-0.0625
0.293550000955,0.125
0.293600000955,0.125
0.293650000955,0.0625
0.293700000955,-0.0625
0.293750000955,-0.0625
0.293800000955,0
0.293850000955,-0.0625
0.293900000955,0
0.293950000955,0.125
0.294000000955,0
0.294050000955,0.0625
0.294100000955,0.0625
0.294150000955,0
0.294200000955,0.0625
0.294250000955,0
0.294300000955,0.0625
0.294350000955,0.0625
0.294400000955,0.0625
0.294450000955,-0.0625
0.294500000955,0.0625
0.294550000955,-0.0625
0.294600000955,0.0625
0.294650000955,0
0.294700000955,0
0.294750000955,0
0.294800000955,0
0.294850000955,0.0625
0.294900000955,0.0625
0.294950000955,0
0.295000000955,-0.0625
0.295050000955,-0.0625
0.295100000955,-0.0625
0.295150000955,-0.0625
0.295200000955,0
0.295250000955,0.125
0.295300000955,0.0625
0.295350000955,0
0.295400000955,0
0.295450000955,0.0625
0.295500000955,0.0625
0.295550000955,0
0.295600000955,0.0625
0.295650000955,0.0625
0.295700000955,0.0625
0.295750000955,0.125
0.295800000955,0.0625
0.295850000955,0.125
0.295900000955,0.125
0.295950000955,0.0625
0.296000000955,0.125
0.296050000955,0.0625
0.296100000955,0.0625
0.296150000955,0.0625
0.296200000955,0.125
0.296250000955,0
0.296300000955,0.0625
0.296350000955,0.0625
0.296400000955,0
0.296450000955,0.0625
0.296500000955,0.0625
0.296550000955,0
0.296600000955,0
0.296650000955,0
0.296700000955,0.0625
0.296750000955,-0.0625
0.296800000955,0
0.296850000955,0.125
0.296900000955,0.0625
0.296950000955,-0.0625
0.297000000955,0.0625
0.297050000955,-0.0625
0.297100000955,-0.0625
0.297150000955,0.125
0.297200000955,0
0.297250000955,0
0.297300000955,0
0.297350000955,0.0625
0.297400000955,0
0.297450000955,-0.0625
0.297500000955,-0.0625
0.297550000955,-0.0625
0.297600000955,0
0.297650000955,0
0.297700000955,0.0625
0.297750000955,-0.0625
0.297800000955,0
0.297850000955,-0.0625
0.297900000955,0
0.297950000955,0.0625
0.298000000955,0
0.298050000955,0
0.298100000955,0
0.298150000955,0.0625
0.298200000955,-0.0625
0.298250000955,0
0.298300000955,0.0625
0.298350000955,0.0625
0.298400000955,0
0.298450000955,0.0625
0.298500000955,0
0.298550000955,-0.0625
0.298600000955,0.0625
0.298650000955,0
0.298700000955,-0.0625
0.298750000955,0.0625
0.298800000955,0
0.298850000955,0.125
0.298900000955,0.0625
0.298950000955,0.125
0.299000000955,0
0.299050000955,0
0.299100000955,0.0625
0.299150000955,0.0625
0.299200000955,-0.0625
0.299250000955,0
0.299300000955,0.125
0.299350000955,0.1875
0.299400000955,0
0.299450000955,-0.0625
0.299500000955,0.0625
0.299550000955,0
0.299600000955,0
0.299650000955,0.125
0.299700000955,0
0.299750000955,0.125
0.299800000955,0
0.299850000955,0
0.299900000955,-0.0625
0.299950000955,0
0.300000000955,0.0625
0.300050000955,-0.0625
0.300100000955,0
0.300150000955,0
0.300200000955,0.0625
0.300250000955,-0.0625
0.300300000955,0.125
0.300350000955,0.0625
0.300400000955,0
0.300450000955,0.0625
0.300500000955,0.0625
0.300550000955,0
0.300600000955,0
0.300650000955,0
0.300700000955,0.0625
0.300750000955,0.0625
0.300800000955,-0.0625
0.300850000955,0
0.300900000955,0
0.300950000955,0
0.301000000955,0.0625
0.301050000955,-0.0625
0.301100000955,0.1875
0.301150000955,0
0.301200000955,0.0625
0.301250000955,0
0.301300000955,0
0.301350000955,-0.125
0.301400000955,0.0625
0.301450000955,0.0625
0.301500000955,0
0.301550000955,0
0.301600000955,0.125
0.301650000955,0.125
0.301700000955,0.0625
0.301750000955,0
0.301800000955,0
0.301850000955,-0.0625
0.301900000955,0
0.301950000955,0
0.302000000955,0.125
0.302050000955,0.0625
0.302100000955,0.0625
0.302150000955,0.0625
0.302200000955,0.0625
0.302250000955,0.125
0.302300000955,0.0625
0.302350000955,0.125
0.302400000955,0
0.302450000955,0
0.302500000955,-0.0625
0.302550000955,0.0625
0.302600000955,0.0625
0.302650000955,0
0.302700000955,0.0625
0.302750000955,0.0625
0.302800000955,0
0.302850000955,0.125
0.302900000955,0.0625
0.302950000955,0
0.303000000955,0
0.303050000955,0
0.303100000955,0.0625
0.303150000955,0.0625
0.303200000955,0.0625
0.303250000955,-0.0625
0.303300000955,0
0.303350000955,0.125
0.303400000955,0
0.303450000955,0
0.303500000955,0
0.303550000955,0.0625
0.303600000955,-0.0625
0.303650000955,0.0625
0.303700000955,0
0.303750000955,0.125
0.303800000955,0.0625
0.303850000955,0.0625
0.303900000955,0
0.303950000955,-0.0625
0.304000000955,0.125
0.304050000955,-0.0625
0.304100000955,0.125
0.304150000955,0.0625
0.304200000955,0
0.304250000955,0
0.304300000955,0.0625
0.304350000955,0
0.304400000955,0
0.304450000955,0.0625
0.304500000955,0
0.304550000955,0
0.304600000955,0
0.304650000955,0
0.304700000955,0.0625
0.304750000955,0.0625
0.304800000955,0.0625
0.304850000955,0
0.304900000955,0
0.304950000955,0.0625
0.305000000955,0.0625
0.305050000955,0
0.305100000955,0
0.305150000955,-0.125
0.305200000955,0.0625
0.305250000955,0
0.305300000955,0.0625
0.305350000955,0.0625
0.305400000955,0.0625
0.305450000955,0
0.305500000955,-0.125
0.305550000955,0
0.305600000955,0.125
0.305650000955,0
0.305700000955,0
0.305750000955,0
0.305800000955,0.0625
0.305850000955,0
0.305900000955,0.0625
0.305950000955,0.0625
0.306000000955,0.0625
0.306050000955,0.125
0.306100000955,0.0625
0.306150000955,-0.0625
0.306200000955,0
0.306250000955,0.1875
0.306300000955,0.0625
0.306350000955,0.0625
0.306400000955,0
0.306450000955,0.0625
0.306500000955,0
0.306550000955,0.1875
0.306600000955,0.125
0.306650000955,0
0.306700000955,0
0.306750000955,0.0625
0.306800000955,0.0625
0.306850000955,0
0.306900000955,0.125
0.306950000955,0.0625
0.307000000955,0.0625
0.307050000955,0
0.307100000955,0.0625
0.307150000955,0.0625
0.307200000955,0.1875
0.307250000955,0
0.307300000955,0
0.307350000955,-0.0625
0.307400000955,-0.0625
0.307450000955,0.0625
0.307500000955,0.0625
0.307550000955,0
0.307600000955,0.0625
0.307650000955,0
0.307700000955,-0.0625
0.307750000955,0.0625
0.307800000955,0
0.307850000955,-0.0625
0.307900000955,0
0.307950000955,0
0.308000000955,0
0.308050000955,0.125
0.308100000955,0.0625
0.308150000955,0
0.308200000955,-0.0625
0.308250000955,0
0.308300000955,0
0.308350000955,0
0.308400000955,0
0.308450000955,0
0.308500000955,0.125
0.308550000955,-0.0625
0.308600000955,0.0625
0.308650000955,0.125
0.308700000955,0.0625
0.308750000955,0.125
0.308800000955,0.0625
0.308850000955,-0.0625
0.308900000955,-0.0625
0.308950000955,0
0.309000000955,0.0625
0.309050000955,0.0625
0.309100000955,0.0625
0.309150000955,0.0625
0.309200000955,0
0.309250000955,-0.0625
0.309300000955,0
0.309350000955,0
0.309400000955,0
0.309450000955,0.0625
0.309500000955,0.125
0.309550000955,0
0.309600000955,0.0625
0.309650000955,0.0625
0.309700000955,0
0.309750000955,-0.0625
0.309800000955,0.0625
0.309850000955,0.0625
0.309900000955,0.0625
0.309950000955,0
0.310000000955,0.125
0.310050000955,0
0.310100000955,0.0625
0.310150000955,-0.0625
0.310200000955,0.125
0.310250000955,0.0625
0.310300000955,0.0625
0.310350000955,0
0.310400000955,0.0625
0.310450000955,0.1875
0.310500000955,0
0.310550000955,-0.0625
0.310600000955,0
0.310650000955,0.0625
0.310700000955,0
0.310750000955,0.1875
0.310800000955,-0.0625
0.310850000955,-0.0625
0.310900000955,0.0625
0.310950000955,0.125
0.311000000955,0
0.311050000955,0.0625
0.311100000955,0
0.311150000955,0.0625
0.311200000955,-0.0625
0.311250000955,0.0625
0.311300000955,0
0.311350000955,0.125
0.311400000955,0
0.311450000955,0.125
0.311500000955,0
0.311550000955,0
0.311600000955,0
0.311650000955,-0.0625
0.311700000955,-0.0625
0.311750000955,0
0.311800000955,0.125
0.311850000955,0.125
0.311900000955,0.0625
0.311950000955,0.0625
0.312000000955,0
0.312050000955,0.0625
0.312100000955,-0.0625
0.312150000955,-0.0625
0.312200000955,-0.0625
0.312250000955,0.0625
0.312300000955,0
0.312350000955,0
0.312400000955,0
0.312450000955,0
0.312500000955,0.125
0.312550000955,0
0.312600000955,0.0625
0.312650000955,0
0.312700000955,0
0.312750000955,0.0625
0.312800000955,0.0625
0.312850000955,0
0.312900000955,0
0.312950000955,-0.0625
0.313000000955,0
0.313050000955,0.0625
0.313100000955,0.0625
0.313150000955,0
0.313200000955,-0.0625
0.313250000955,0.0625
0.313300000955,0
0.313350000955,0
0.313400000955,0.0625
0.313450000955,-0.0625
0.313500000955,-0.0625
0.313550000955,0
0.313600000955,0
0.313650000955,-0.0625
0.313700000955,0.0625
0.313750000955,0
0.313800000955,0.125
0.313850000955,0.125
0.313900000955,-0.0625
0.313950000955,0.0625
0.314000000955,0.125
0.314050000955,-0.0625
0.314100000955,0.0625
0.314150000955,0
0.314200000955,0
0.314250000955,0.0625
0.314300000955,0.0625
0.314350000955,0
0.314400000955,0.0625
0.314450000955,0
0.314500000955,0.0625
0.314550000955,0
0.314600000955,0.0625
0.314650000955,0
0.314700000955,0
0.314750000955,0.125
0.314800000955,0.0625
0.314850000955,0
0.314900000955,0.125
0.314950000955,0
0.315000000955,0
0.315050000955,0
0.315100000955,0.125
0.315150000955,0.0625
0.315200000955,0
0.315250000955,0
0.315300000955,-0.0625
0.315350000955,-0.0625
0.315400000955,0.0625
0.315450000955,0.0625
0.315500000955,0
0.315550000955,0.0625
0.315600000955,0
0.315650000955,0.0625
0.315700000955,0
0.315750000955,0
0.315800000955,0.0625
0.315850000955,0.125
0.315900000955,-0.0625
0.315950000955,0
0.316000000955,0
0.316050000955,0.125
0.316100000955,0.0625
0.316150000955,0.0625
0.316200000955,-0.0625
0.316250000955,0
0.316300000955,-0.0625
0.316350000955,-0.0625
0.316400000955,0.0625
0.316450000955,0
0.316500000955,0.0625
0.316550000955,-0.0625
0.316600000955,0
0.316650000955,0
0.316700000955,0.0625
0.316750000955,0.0625
0.316800000955,0.0625
0.316850000955,0.0625
0.316900000955,0
0.316950000955,-0.0625
0.317000000955,0.0625
0.317050000955,0
0.317100000955,0.125
0.317150000955,0.0625
0.317200000955,0
0.317250000955,0.0625
0.317300000955,0
0.317350000955,-0.0625
0.317400000955,0.0625
0.317450000955,-0.0625
0.317500000955,0.125
0.317550000955,0
0.317600000955,0
0.317650000955,0
0.317700000955,0.125
0.317750000955,0
0.317800000955,0.0625
0.317850000955,0.0625
0.317900000955,0
0.317950000955,0.0625
0.318000000955,0.0625
0.318050000955,0.0625
0.318100000955,0
0.318150000955,0.0625
0.318200000955,0.0625
0.318250000955,0
0.318300000955,0.0625
0.318350000955,0
0.318400000955,0
0.318450000955,0.0625
0.318500000955,0
0.318550000955,0.0625
0.318600000955,0
0.318650000955,-0.0625
0.318700000955,-0.0625
0.318750000955,-0.125
0.318800000955,0
0.318850000955,-0.0625
0.318900000955,-0.0625
0.318950000955,0
0.319000000955,0.0625
0.319050000955,0.0625
0.319100000955,0.125
0.319150000955,0.0625
0.319200000955,-0.0625
0.319250000955,0.0625
0.319300000955,0.0625
0.319350000955,0.0625
0.319400000955,0
0.319450000955,0.0625
0.319500000955,0.0625
0.319550000955,0.0625
0.319600000955,0.0625
0.319650000955,-0.0625
0.319700000955,0
0.319750000955,0
0.319800000955,0.0625
0.319850000955,-0.125
0.319900000955,0.0625
0.319950000955,0
0.320000000955,0.125
0.320050000955,0.0625
0.320100000955,0
0.320150000955,-0.0625
0.320200000955,0
0.320250000955,0
0.320300000955,0.1875
0.320350000955,0
0.320400000955,0
0.320450000955,-0.0625
0.320500000955,0.0625
0.320550000955,0.0625
0.320600000955,0.1875
0.320650000955,0
0.320700000955,0.0625
0.320750000955,0
0.320800000955,0.0625
0.320850000955,0
0.320900000955,0.125
0.320950000955,-0.0625
0.321000000955,0.0625
0.321050000955,-0.0625
0.321100000955,0
0.321150000955,0
0.321200000955,0
0.321250000955,0.0625
0.321300000955,0.125
0.321350000955,-0.0625
0.321400000955,0
0.321450000955,0.1875
0.321500000955,0.0625
0.321550000955,0.0625
0.321600000955,0.125
0.321650000955,0.0625
0.321700000955,0
0.321750000955,0.0625
0.321800000955,0
0.321850000955,0.0625
0.321900000955,0.0625
0.321950000955,0.0625
0.322000000955,0.125
0.322050000955,0
0.322100000955,0.125
0.322150000955,0.0625
0.322200000955,0
0.322250000955,0
0.322300000955,0.125
0.322350000955,-0.125
0.322400000955,0
0.322450000955,0.0625
0.322500000955,0
0.322550000955,0
0.322600000955,0
0.322650000955,0
0.322700000955,0.0625
0.322750000955,0.0625
0.322800000955,0
0.322850000955,0.125
0.322900000955,0.0625
0.322950000955,0
0.323000000955,0
0.323050000955,-0.125
0.323100000955,0
0.323150000955,0.0625
0.323200000955,0
0.323250000955,0
0.323300000955,0
0.323350000955,0.0625
0.323400000955,0.0625
0.323450000955,0
0.323500000955,0
0.323550000955,0
0.323600000955,0
0.323650000955,0
0.323700000955,0.0625
0.323750000955,-0.0625
0.323800000955,0.0625
0.323850000955,0.0625
0.323900000955,0.0625
0.323950000955,0.0625
0.324000000955,0
0.324050000955,0.125
0.324100000955,0
0.324150000955,-0.0625
0.324200000955,0.0625
0.324250000955,0.1875
0.324300000955,0
0.324350000955,0
0.324400000955,0.0625
0.324450000955,0
0.324500000955,-0.0625
0.324550000955,0.0625
0.324600000955,0.0625
0.324650000955,0
0.324700000955,0
0.324750000955,0.0625
0.324800000955,0
0.324850000955,0
0.324900000955,0
0.324950000955,0
0.325000000955,0.0625
0.325050000955,0
0.325100000955,0
0.325150000955,0.0625
0.325200000955,0.0625
0.325250000955,0
0.325300000955,0.0625
0.325350000955,-0.125
0.325400000955,0.0625
0.325450000955,0.0625
0.325500000955,0.0625
0.325550000955,0
0.325600000955,0.0625
0.325650000955,0
0.325700000955,0
0.325750000955,0.0625
0.325800000955,0.0625
0.325850000955,0.125
0.325900000955,0.0625
0.325950000955,0
0.326000000955,0.0625
0.326050000955,0.0625
0.326100000955,0.0625
0.326150000955,0.125
0.326200000955,0
0.326250000955,0.125
0.326300000955,-0.125
0.326350000955,0.0625
0.326400000955,0.125
0.326450000955,0
0.326500000955,-0.0625
0.326550000955,0.0625
0.326600000955,0
0.326650000955,0.0625
0.326700000955,0
0.326750000955,0
0.326800000955,0.0625
0.326850000955,0.0625
0.326900000955,0.0625
0.326950000955,-0.0625
0.327000000955,0
0.327050000955,0.125
0.327100000955,0.125
0.327150000955,-0.0625
0.327200000955,0
0.327250000955,0.0625
0.327300000955,0
0.327350000955,-0.0625
0.327400000955,0
0.327450000955,-0.0625
0.327500000955,0.0625
0.327550000955,0.125
0.327600000955,-0.0625
0.327650000955,0
0.327700000955,-0.0625
0.327750000955,0.0625
0.327800000955,0.0625
0.327850000955,-0.0625
0.327900000955,0
0.327950000955,0
0.328000000955,0.0625
0.328050000955,-0.0625
0.328100000955,0
0.328150000955,0.0625
0.328200000955,0.0625
0.328250000955,0
0.328300000955,-0.0625
0.328350000955,0
0.328400000955,0
0.328450000955,0
0.328500000955,0.0625
0.328550000955,0
0.328600000955,0
0.328650000955,0.0625
0.328700000955,0.0625
0.328750000955,0
0.328800000955,0
0.328850000955,0
0.328900000955,0.1875
0.328950000955,0.0625
0.329000000955,0
0.329050000955,0.1875
0.329100000955,0
0.329150000955,0.0625
0.329200000955,0.125
0.329250000955,0.0625
0.329300000955,0
0.329350000955,0.0625
0.329400000955,0.0625
0.329450000955,0
0.329500000955,0
0.329550000955,-0.0625
0.329600000955,0.1875
0.329650000955,0.125
0.329700000955,0.0625
0.329750000955,-0.0625
0.329800000955,0.125
0.329850000955,-0.0625
0.329900000955,0.0625
0.329950000955,0.0625
0.330000000955,0.0625
0.330050000955,0
0.330100000955,-0.0625
0.330150000955,0.1875
0.330200000955,0.0625
0.330250000955,0
0.330300000955,0.0625
0.330350000955,0.125
0.330400000955,-0.0625
0.330450000955,0.0625
0.330500000955,-0.0625
0.330550000955,-0.0625
0.330600000955,0
0.330650000955,-0.0625
0.330700000955,0.0625
0.330750000955,-0.0625
0.330800000955,0.0625
0.330850000955,-0.0625
0.330900000955,0.0625
0.330950000955,0.125
0.331000000955,0.0625
0.331050000955,0.0625
0.331100000955,-0.0625
0.331150000955,0.0625
0.331200000955,-0.125
0.331250000955,-0.0625
0.331300000955,0.0625
0.331350000955,-0.0625
0.331400000955,0
0.331450000955,0
0.331500000955,0.125
0.331550000955,0.0625
0.331600000955,0.125
0.331650000955,0.125
0.331700000955,0
0.331750000955,0.0625
0.331800000955,0
0.331850000955,0
0.331900000955,0.125
0.331950000955,0
0.332000000955,0.125
0.332050000955,0
0.332100000955,0.0625
0.332150000955,-0.0625
0.332200000955,0
0.332250000955,0.0625
0.332300000955,0.0625
0.332350000955,-0.0625
0.332400000955,0
0.332450000955,0.0625
0.332500000955,0.125
0.332550000955,0.125
0.332600000955,0.0625
0.332650000955,0.125
0.332700000955,-0.125
0.332750000955,0.1875
0.332800000955,0
0.332850000955,0.0625
0.332900000955,0
0.332950000955,0.125
0.333000000955,0.125
0.333050000955,0
0.333100000955,0
0.333150000955,0.0625
0.333200000955,0.0625
0.333250000955,0.0625
0.333300000955,0
0.333350000955,0
0.333400000955,0.0625
0.333450000955,0.0625
0.333500000955,-0.125
0.333550000955,0
0.333600000955,0.125
0.333650000955,0.0625
0.333700000955,-0.0625
0.333750000955,0
0.333800000955,-0.0625
0.333850000955,0
0.333900000955,0
0.333950000955,0.125
0.334000000955,0
0.334050000955,0
0.334100000955,0
0.334150000955,0
0.334200000955,0.125
0.334250000955,0.125
0.334300000955,0.0625
0.334350000955,0.0625
0.334400000955,0.125
0.334450000955,0
0.334500000955,0
0.334550000955,-0.0625
0.334600000955,0
0.334650000955,0.0625
0.334700000955,0.0625
0.334750000955,0
0.334800000955,0
0.334850000955,0.0625
0.334900000955,-0.0625
0.334950000955,0
0.335000000955,0
0.335050000955,0.0625
0.335100000955,0.0625
0.335150000955,0.0625
0.335200000955,0
0.335250000955,-0.0625
0.335300000955,0.0625
0.335350000955,0.0625
0.335400000955,0
0.335450000955,0
0.335500000955,0
0.335550000955,0
0.335600000955,0.0625
0.335650000955,0.0625
0.335700000955,0.0625
0.335750000955,0
0.335800000955,-0.0625
0.335850000955,0.125
0.335900000955,0.125
0.335950000955,0.0625
0.336000000955,0
0.336050000955,0
0.336100000955,0
0.336150000955,0.0625
0.336200000955,0.0625
0.336250000955,0
0.336300000955,0.0625
0.336350000955,0.0625
0.336400000955,0.0625
0.336450000955,-0.0625
0.336500000955,0
0.336550000955,0.1875
0.336600000955,0.125
0.336650000955,-0.0625
0.336700000955,0
0.336750000955,-0.0625
0.336800000955,0.0625
0.336850000955,0.125
0.336900000955,0
0.336950000955,0.0625
0.337000000955,0
0.337050000955,-0.0625
0.337100000955,0.0625
0.337150000955,0.0625
0.337200000955,0.0625
0.337250000955,0.0625
0.337300000955,0
0.337350000955,-0.0625
0.337400000955,0.125
0.337450000955,0.0625
0.337500000955,0.0625
0.337550000955,0.0625
0.337600000955,0.0625
0.337650000955,0
0.337700000955,0.0625
0.337750000955,0.0625
0.337800000955,0.0625
0.337850000955,0.0625
0.337900000955,-0.0625
0.337950000955,-0.0625
0.338000000955,0
0.338050000955,0.125
0.338100000955,0
0.338150000955,0
0.338200000955,0.0625
0.338250000955,0.0625
0.338300000955,0
0.338350000955,-0.0625
0.338400000955,0.0625
0.338450000955,0.0625
0.338500000955,0
0.338550000955,0.0625
0.338600000955,0
0.338650000955,0.0625
0.338700000955,-0.0625
0.338750000955,0.0625
0.338800000955,0.0625
0.338850000955,-0.0625
0.338900000955,-0.0625
0.338950000955,0.0625
0.339000000955,0.125
0.339050000955,0.0625
0.339100000955,-0.0625
0.339150000955,0
0.339200000955,0.0625
0.339250000955,0
0.339300000955,-0.0625
0.339350000955,0.125
0.339400000955,0.0625
0.339450000955,0
0.339500000955,0.0625
0.339550000955,-0.0625
0.339600000955,0.125
0.339650000955,0
0.339700000955,0
0.339750000955,0
0.339800000955,0
0.339850000955,-0.0625
0.339900000955,0.0625
0.339950000955,-0.0625
0.340000000955,0.0625
0.340050000955,0
0.340100000955,0
0.340150000955,-0.125
0.340200000955,0
0.340250000955,0.0625
0.340300000955,-0.0625
0.340350000955,0
0.340400000955,0.0625
0.340450000955,0
0.340500000955,0.0625
0.340550000955,0.125
0.340600000955,0.0625
0.340650000955,-0.0625
0.340700000955,0.0625
0.340750000955,0
0.340800000955,0.0625
0.340850000955,0
0.340900000955,0.0625
0.340950000955,0.0625
0.341000000955,0
0.341050000955,0
0.341100000955,-0.0625
0.341150000955,0.0625
0.341200000955,0
0.341250000955,0
0.341300000955,0.0625
0.341350000955,0.0625
0.341400000955,0.0625
0.341450000955,0.0625
0.341500000955,0.0625
0.341550000955,0.0625
0.341600000955,0.0625
0.341650000955,0.0625
0.341700000955,0.0625
0.341750000955,0.125
0.341800000955,0
0.341850000955,0.0625
0.341900000955,0.125
0.341950000955,0
0.342000000955,0.0625
0.342050000955,0.125
0.342100000955,-0.0625
0.342150000955,0
0.342200000955,0
0.342250000955,0.0625
0.342300000955,0.0625
0.342350000955,-0.0625
0.342400000955,0.125
0.342450000955,0
0.342500000955,-0.0625
0.342550000955,0.0625
0.342600000955,0
0.342650000955,0
0.342700000955,0
0.342750000955,-0.0625
0.342800000955,0
0.342850000955,0
0.342900000955,0.0625
0.342950000955,0
0.343000000955,0
0.343050000955,0.0625
0.343100000955,0.0625
0.343150000955,0.0625
0.343200000955,0.0625
0.343250000955,-0.125
0.343300000955,0.0625
0.343350000955,0.0625
0.343400000955,0.0625
0.343450000955,0.0625
0.343500000955,0.0625
0.343550000955,0.125
0.343600000955,0.0625
0.343650000955,0.0625
0.343700000955,0
0.343750000955,0
0.343800000955,0
0.343850000955,0.0625
0.343900000955,0.0625
0.343950000955,0.0625
0.344000000955,0
0.344050000955,-0.0625
0.344100000955,0.0625
0.344150000955,0
0.344200000955,0.125
0.344250000955,0.0625
0.344300000955,0.0625
0.344350000955,-0.0625
0.344400000955,0
0.344450000955,0.0625
0.344500000955,0
0.344550000955,-0.125
0.344600000955,0
0.344650000955,0.0625
0.344700000955,0.125
0.344750000955,0.125
0.344800000955,-0.0625
0.344850000955,0.0625
0.344900000955,0.0625
0.344950000955,0
0.345000000955,0
0.345050000955,0.0625
0.345100000955,0.0625
0.345150000955,0.0625
0.345200000955,0.0625
0.345250000955,0.0625
0.345300000955,0
0.345350000955,0.0625
0.345400000955,0.0625
0.345450000955,0.0625
0.345500000955,0.0625
0.345550000955,0
0.345600000955,0.0625
0.345650000955,0.0625
0.345700000955,0
0.345750000955,0.0625
0.345800000955,0.0625
0.345850000955,0.0625
0.345900000955,0.125
0.345950000955,0.0625
0.346000000955,0.0625
0.346050000955,0.125
0.346100000955,0
0.346150000955,0
0.346200000955,0.125
0.346250000955,0
0.346300000955,0
0.346350000955,0.0625
0.346400000955,0
0.346450000955,0.0625
0.346500000955,0
0.346550000955,0.0625
0.346600000955,0.0625
0.346650000955,-0.0625
0.346700000955,0
0.346750000955,0.0625
0.346800000955,-0.0625
0.346850000955,0.0625
0.346900000955,0
0.346950000955,-0.0625
0.347000000955,0
0.347050000955,0
0.347100000955,0.0625
0.347150000955,0
0.347200000955,0.125
0.347250000955,-0.0625
0.347300000955,0.0625
0.347350000955,0
0.347400000955,-0.0625
0.347450000955,0
0.347500000955,0
0.347550000955,0
0.347600000955,0.0625
0.347650000955,0
0.347700000955,0
0.347750000955,0
0.347800000955,0
0.347850000955,0
0.347900000955,0.0625
0.347950000955,0.0625
0.348000000955,0
0.348050000955,0
0.348100000955,0.0625
0.348150000955,-0.0625
0.348200000955,0
0.348250000955,0.0625
0.348300000955,0.1875
0.348350000955,-0.0625
0.348400000955,0
0.348450000955,0
0.348500000955,0.125
0.348550000955,0
0.348600000955,0
0.348650000955,0
0.348700000955,0.0625
0.348750000955,0
0.348800000955,0
0.348850000955,0.125
0.348900000955,0
0.348950000955,0.0625
0.349000000955,0
0.349050000955,0.0625
0.349100000955,0.125
0.349150000955,0.0625
0.349200000955,-0.0625
0.349250000955,0.125
0.349300000955,-0.0625
0.349350000955,-0.0625
0.349400000955,0
0.349450000955,0
0.349500000955,-0.0625
0.349550000955,0
0.349600000955,0.0625
0.349650000955,0.0625
0.349700000955,0
0.349750000955,0
0.349800000955,0.125
0.349850000955,0
0.349900000955,-0.0625
0.349950000955,0
0.350000000955,0.125
0.350050000955,0.0625
0.350100000955,0.0625
0.350150000955,0.0625
0.350200000955,0.0625
0.350250000955,-0.0625
0.350300000955,0
0.350350000955,0
0.350400000955,-0.0625
0.350450000955,0
0.350500000955,0
0.350550000955,0.125
0.350600000955,0.0625
0.350650000955,0
0.350700000955,-0.0625
0.350750000955,0.0625
0.350800000955,0
0.350850000955,0.0625
0.350900000955,0
0.350950000955,0.125
0.351000000955,0
0.351050000955,-0.125
0.351100000955,0.0625
0.351150000955,0
0.351200000955,-0.125
0.351250000955,0.0625
0.351300000955,0.125
0.351350000955,-0.0625
0.351400000955,0
0.351450000955,-0.0625
0.351500000955,0.125
0.351550000955,0.0625
0.351600000955,0.0625
0.351650000955,-0.0625
0.351700000955,0.0625
0.351750000955,0.0625
0.351800000955,0.0625
0.351850000955,0
0.351900000955,0.0625
0.351950000955,0
0.352000000955,0
0.352050000955,0.0625
0.352100000955,0.125
0.352150000955,0
0.352200000955,0.0625
0.352250000955,0
0.352300000955,-0.0625
0.352350000955,0.0625
0.352400000955,-0.0625
0.352450000955,0
0.352500000955,-0.0625
0.352550000955,0.0625
0.352600000955,0.0625
0.352650000955,-0.0625
0.352700000955,-0.0625
0.352750000955,0.125
0.352800000955,0.0625
0.352850000955,0
0.352900000955,-0.0625
0.352950000955,0
0.353000000955,-0.125
0.353050000955,-0.0625
0.353100000955,0.125
0.353150000955,-0.0625
0.353200000955,0
0.353250000955,0.0625
0.353300000955,0
0.353350000955,0.125
0.353400000955,0
0.353450000955,-0.125
0.353500000955,0
0.353550000955,0
0.353600000955,0.0625
0.353650000955,0.0625
0.353700000955,0.0625
0.353750000955,0.0625
0.353800000955,0.0625
0.353850000955,0.0625
0.353900000955,0
0.353950000955,0.0625
0.354000000955,0.125
0.354050000955,0.0625
0.354100000955,0.0625
0.354150000955,0.0625
0.354200000955,0.1875
0.354250000955,-0.125
0.354300000955,0.25
0.354350000955,0
0.354400000955,0.0625
0.354450000955,0.0625
0.354500000955,0.0625
0.354550000955,0.0625
0.354600000955,0.0625
0.354650000955,0.0625
0.354700000955,0
0.354750000955,0
0.354800000955,0.0625
0.354850000955,0
0.354900000955,0
0.354950000955,0.0625
0.355000000955,0.0625
0.355050000955,0.0625
0.355100000955,0.0625
0.355150000955,0
0.355200000955,-0.0625
0.355250000955,0
0.355300000955,0
0.355350000955,0.0625
0.355400000955,0
0.355450000955,0.125
0.355500000955,0.0625
0.355550000955,0
0.355600000955,0.0625
0.355650000955,0.0625
0.355700000955,-0.0625
0.355750000955,0.1875
0.355800000955,0.0625
0.355850000955,0.0625
0.355900000955,0.0625
0.355950000955,0.0625
0.356000000955,0.0625
0.356050000955,-0.0625
0.356100000955,0
0.356150000955,0.0625
0.356200000955,0.125
0.356250000955,0
0.356300000955,0.125
0.356350000955,0
0.356400000955,0
0.356450000955,0.0625
0.356500000955,0.0625
0.356550000955,0.0625
0.356600000955,0
0.356650000955,0.0625
0.356700000955,-0.0625
0.356750000955,0.0625
0.356800000955,0.0625
0.356850000955,0
0.356900000955,-0.0625
0.356950000955,0.0625
0.357000000955,0
0.357050000955,0
0.357100000955,0
0.357150000955,-0.0625
0.357200000955,0.0625
0.357250000955,0.0625
0.357300000955,-0.0625
0.357350000955,-0.0625
0.357400000955,0.0625
0.357450000955,0
0.357500000955,0
0.357550000955,-0.0625
0.357600000955,-0.0625
0.357650000955,0
0.357700000955,0.0625
0.357750000955,-0.0625
0.357800000955,0.0625
0.357850000955,-0.0625
0.357900000955,-0.125
0.357950000955,0.125
0.358000000955,0
0.358050000955,0
0.358100000955,0.0625
0.358150000955,-0.0625
0.358200000955,0.0625
0.358250000955,0.0625
0.358300000955,0
0.358350000955,0
0.358400000955,0.0625
0.358450000955,-0.0625
0.358500000955,0
0.358550000955,0
0.358600000955,0.1875
0.358650000955,0
0.358700000955,0
0.358750000955,0
0.358800000955,0.0625
0.358850000955,0.0625
0.358900000955,-0.0625
0.358950000955,0
0.359000000955,-0.0625
0.359050000955,0.0625
0.359100000955,0.1875
0.359150000955,0
0.359200000955,0
0.359250000955,0
0.359300000955,0.0625
0.359350000955,0
0.359400000955,0
0.359450000955,-0.0625
0.359500000955,0.0625
0.359550000955,0.0625
0.359600000955,0
0.359650000955,0.0625
0.359700000955,0.0625
0.359750000955,-0.0625
0.359800000955,-0.0625
0.359850000955,0.0625
0.359900000955,0.125
0.359950000955,-0.0625
0.360000000955,0
0.360050000955,0
0.360100000955,0
0.360150000955,0.125
0.360200000955,0.0625
0.360250000955,0.0625
0.360300000955,0.1875
0.360350000955,0.0625
0.360400000955,-0.0625
0.360450000955,-0.0625
0.360500000955,-0.0625
0.360550000955,0.125
0.360600000955,0.0625
0.360650000955,0
0.360700000955,-0.0625
0.360750000955,0.0625
0.360800000955,0.0625
0.360850000955,0
0.360900000955,-0.0625
0.360950000955,0.0625
0.361000000955,0
0.361050000955,-0.0625
0.361100000955,0.0625
0.361150000955,-0.0625
0.361200000955,0.0625
0.361250000955,0.0625
0.361300000955,0.0625
0.361350000955,0.1875
0.361400000955,0.0625
0.361450000955,0.125
0.361500000955,0
0.361550000955,0.125
0.361600000955,0.0625
0.361650000955,0
0.361700000955,-0.0625
0.361750000955,0
0.361800000955,0
0.361850000955,0
0.361900000955,0
0.361950000955,0.0625
0.362000000955,-0.0625
0.362050000955,0
0.362100000955,0.0625
0.362150000955,-0.0625
0.362200000955,0.125
0.362250000955,0.0625
0.362300000955,0
0.362350000955,0
0.362400000955,-0.125
0.362450000955,0.0625
0.362500000955,0.125
0.362550000955,0
0.362600000955,0.0625
0.362650000955,0.0625
0.362700000955,0.125
0.362750000955,-0.0625
0.362800000955,-0.0625
0.362850000955,0.0625
0.362900000955,0.0625
0.362950000955,0
0.363000000955,0.0625
0.363050000955,0
0.363100000955,0.125
0.363150000955,0.0625
0.363200000955,0.0625
0.363250000955,0.0625
0.363300000955,0
0.363350000955,0.0625
0.363400000955,0.0625
0.363450000955,0
0.363500000955,0.0625
0.363550000955,0
0.363600000955,0.0625
0.363650000955,0
0.363700000955,0
0.363750000955,0
0.363800000955,0
0.363850000955,0.0625
0.363900000955,0
0.363950000955,0.0625
0.364000000955,0.0625
0.364050000955,0
0.364100000955,0
0.364150000955,0.1875
0.364200000955,0.125
0.364250000955,0.0625
0.364300000955,0.0625
0.364350000955,-0.0625
0.364400000955,0
0.364450000955,0
0.364500000955,-0.0625
0.364550000955,0
0.364600000955,-0.125
0.364650000955,0.0625
0.364700000955,0.0625
0.364750000955,0.0625
0.364800000955,0.0625
0.364850000955,0.0625
0.364900000955,0.1875
0.364950000955,0.0625
0.365000000955,0.0625
0.365050000955,0.0625
0.365100000955,0
0.365150000955,0
0.365200000955,-0.0625
0.365250000955,0.1875
0.365300000955,0.125
0.365350000955,0.0625
0.365400000955,0
0.365450000955,0.125
0.365500000955,0
0.365550000955,0.0625
0.365600000955,0.0625
0.365650000955,0
0.365700000955,0.0625
0.365750000955,0.125
0.365800000955,0.0625
0.365850000955,0
0.365900000955,0.0625
0.365950000955,0.1875
0.366000000955,0.125
0.366050000955,0.125
0.366100000955,0.125
0.366150000955,-0.0625
0.366200000955,-0.0625
0.366250000955,0.0625
0.366300000955,0.0625
0.366350000955,0
0.366400000955,0
0.366450000955,0.125
0.366500000955,0
0.366550000955,-0.0625
0.366600000955,-0.0625
0.366650000955,0.0625
0.366700000955,0.0625
0.366750000955,0.0625
0.366800000955,0
0.366850000955,0.0625
0.366900000955,0
0.366950000955,0.0625
0.367000000955,0.1875
0.367050000955,0
0.367100000955,0
0.367150000955,0.125
0.367200000955,0.0625
0.367250000955,0
0.367300000955,0
0.367350000955,0
0.367400000955,0.0625
0.367450000955,0
0.367500000955,0.0625
0.367550000955,0.125
0.367600000955,-0.0625
0.367650000955,0.0625
0.367700000955,0
0.367750000955,0.0625
0.367800000955,0
0.367850000955,0
0.367900000955,0.0625
0.367950000955,0.125
0.368000000955,0.0625
0.368050000955,0
0.368100000955,0.0625
0.368150000955,0.0625
0.368200000955,0
0.368250000955,0.0625
0.368300000955,-0.125
0.368350000955,0
0.368400000955,0.125
0.368450000955,0.125
0.368500000955,0
0.368550000955,0
0.368600000955,0
0.368650000955,0
0.368700000955,0
0.368750000955,0
0.368800000955,0.0625
0.368850000955,0.0625
0.368900000955,0.0625
0.368950000955,0
0.369000000955,-0.0625
0.369050000955,0.0625
0.369100000955,0
0.369150000955,0.0625
0.369200000955,0
0.369250000955,0
0.369300000955,0
0.369350000955,0.125
0.369400000955,0
0.369450000955,0
0.369500000955,0
0.369550000955,0.0625
0.369600000955,0.0625
0.369650000955,0.0625
0.369700000955,0
0.369750000955,0
0.369800000955,0
0.369850000955,0.0625
0.369900000955,0
0.369950000955,0.0625
0.370000000955,0
0.370050000955,0.0625
0.370100000955,0.0625
0.370150000955,0.125
0.370200000955,0.0625
0.370250000955,0
0.370300000955,0
0.370350000955,0.0625
0.370400000955,0.0625
0.370450000955,0
0.370500000955,-0.0625
0.370550000955,0
0.370600000955,0
0.370650000955,0.125
0.370700000955,0.0625
0.370750000955,0.125
0.370800000955,0.0625
0.370850000955,0.125
0.370900000955,-0.0625
0.370950000955,0.0625
0.371000000955,0.0625
0.371050000955,0.0625
0.371100000955,0
0.371150000955,0.125
0.371200000955,0
0.371250000955,0.0625
0.371300000955,0.0625
0.371350000955,0
0.371400000955,0.0625
0.371450000955,0
0.371500000955,0
0.371550000955,0.0625
0.371600000955,0.0625
0.371650000955,0
0.371700000955,0.0625
0.371750000955,0
0.371800000955,0
0.371850000955,0.0625
0.371900000955,-0.125
0.371950000955,0
0.372000000955,0
0.372050000955,0.125
0.372100000955,0
0.372150000955,0
0.372200000955,0.125
0.372250000955,0.0625
0.372300000955,0
0.372350000955,-0.0625
0.372400000955,0
0.372450000955,0.0625
0.372500000955,0.0625
0.372550000955,0.0625
0.372600000955,0
0.372650000955,0.125
0.372700000955,-0.0625
0.372750000955,0.125
0.372800000955,0.0625
0.372850000955,0.0625
0.372900000955,0.0625
0.372950000955,0.125
0.373000000955,0.1875
0.373050000955,-0.0625
0.373100000955,0.0625
0.373150000955,0.0625
0.373200000955,0
0.373250000955,0.0625
0.373300000955,-0.0625
0.373350000955,0.0625
0.373400000955,-0.0625
0.373450000955,-0.0625
0.373500000955,-0.0625
0.373550000955,0.0625
0.373600000955,0.0625
0.373650000955,0.125
0.373700000955,0.0625
0.373750000955,-0.0625
0.373800000955,0.0625
0.373850000955,0.125
0.373900000955,0.125
0.373950000955,0.0625
0.374000000955,0.125
0.374050000955,0
0.374100000955,0
0.374150000955,0
0.374200000955,-0.0625
0.374250000955,0.0625
0.374300000955,0
0.374350000955,0.125
0.374400000955,0.0625
0.374450000955,-0.0625
0.374500000955,0.0625
0.374550000955,0.0625
0.374600000955,0.0625
0.374650000955,-0.0625
0.374700000955,0
0.374750000955,0
0.374800000955,0
0.374850000955,0.0625
0.374900000955,0.0625
0.374950000955,-0.0625
0.375000000955,0
0.375050000955,0.0625
0.375100000955,0
0.375150000955,0.125
0.375200000955,0.0625
0.375250000955,0.125
0.375300000955,-0.0625
0.375350000955,0
0.375400000955,0.0625
0.375450000955,0
0.375500000955,0.0625
0.375550000955,0.0625
0.375600000955,0.0625
0.375650000955,-0.0625
0.375700000955,0.0625
0.375750000955,0
0.375800000955,0
0.375850000955,0
0.375900000955,-0.0625
0.375950000955,-0.0625
0.376000000955,0.0625
0.376050000955,0.0625
0.376100000955,0.0625
0.376150000955,0.0625
0.376200000955,0.125
0.376250000955,0
0.376300000955,-0.0625
0.376350000955,0
0.376400000955,0.0625
0.376450000955,0
0.376500000955,0
0.376550000955,0
0.376600000955,0.0625
0.376650000955,-0.0625
0.376700000955,0.0625
0.376750000955,0
0.376800000955,-0.0625
0.376850000955,0
0.376900000955,0
0.376950000955,0.0625
0.377000000955,-0.0625
0.377050000955,0
0.377100000955,0.125
0.377150000955,0.0625
0.377200000955,0
0.377250000955,0
0.377300000955,0.0625
0.377350000955,0.125
0.377400000955,0.1875
0.377450000955,0
0.377500000955,0.125
0.377550000955,0.0625
0.377600000955,0
0.377650000955,0.0625
0.377700000955,0
0.377750000955,0.0625
0.377800000955,0.0625
0.377850000955,0
0.377900000955,0.0625
0.377950000955,0.125
0.378000000955,0.0625
0.378050000955,0
0.378100000955,0.0625
0.378150000955,-0.0625
0.378200000955,0
0.378250000955,0.0625
0.378300000955,0.0625
0.378350000955,0
0.378400000955,-0.0625
0.378450000955,0
0.378500000955,0.0625
0.378550000955,0.125
0.378600000955,0.0625
0.378650000955,0.0625
0.378700000955,-0.0625
0.378750000955,-0.0625
0.378800000955,0.0625
0.378850000955,0
0.378900000955,0.125
0.378950000955,0.0625
0.379000000955,0
0.379050000955,0.125
0.379100000955,0.0625
0.379150000955,0.1875
0.379200000955,0
0.379250000955,0
0.379300000955,0.0625
0.379350000955,0.0625
0.379400000955,-0.0625
0.379450000955,0.0625
0.379500000955,0.0625
0.379550000955,0.0625
0.379600000955,0
0.379650000955,0.0625
0.379700000955,0
0.379750000955,0
0.379800000955,0.0625
0.379850000955,0.125
0.379900000955,0.0625
0.379950000955,0.0625
0.380000000955,-0.0625
0.380050000955,0.0625
0.380100000955,0
0.380150000955,0.0625
0.380200000955,0.0625
0.380250000955,0
0.380300000955,0
0.380350000955,0.125
0.380400000955,0.0625
0.380450000955,0.0625
0.380500000955,0
0.380550000955,0
0.380600000955,0.0625
0.380650000955,0
0.380700000955,0.0625
0.380750000955,0
0.380800000955,0.0625
0.380850000955,0.125
0.380900000955,0.0625
0.380950000955,0.0625
0.381000000955,0.0625
0.381050000955,0.0625
0.381100000955,0
0.381150000955,-0.0625
0.381200000955,0
0.381250000955,0.0625
0.381300000955,0.0625
0.381350000955,0
0.381400000955,0
0.381450000955,-0.0625
0.381500000955,0.0625
0.381550000955,0
0.381600000955,0.0625
0.381650000955,-0.0625
0.381700000955,0.125
0.381750000955,0.0625
0.381800000955,0.0625
0.381850000955,0
0.381900000955,0.0625
0.381950000955,0.125
0.382000000955,0.0625
0.382050000955,0
0.382100000955,0.0625
0.382150000955,0.125
0.382200000955,0.125
0.382250000955,0.125
0.382300000955,0.0625
0.382350000955,0
0.382400000955,0.0625
0.382450000955,0.1875
0.382500000955,0.0625
0.382550000955,0
0.382600000955,0
0.382650000955,0.0625
0.382700000955,0
0.382750000955,0.125
0.382800000955,0
0.382850000955,0.125
0.382900000955,0
0.382950000955,0
0.383000000955,0.0625
0.383050000955,0
0.383100000955,0
0.383150000955,-0.0625
0.383200000955,0
0.383250000955,0
0.383300000955,0
0.383350000955,-0.0625
0.383400000955,-0.0625
0.383450000955,0.125
0.383500000955,0.0625
0.383550000955,-0.0625
0.383600000955,0.0625
0.383650000955,0.0625
0.383700000955,0
0.383750000955,0.125
0.383800000955,0.0625
0.383850000955,-0.0625
0.383900000955,0.0625
0.383950000955,0.0625
0.384000000955,0.0625
0.384050000955,0.0625
0.384100000955,0.0625
0.384150000955,0.0625
0.384200000955,0
0.384250000955,0.0625
0.384300000955,0.0625
0.384350000955,0
0.384400000955,0.0625
0.384450000955,0
0.384500000955,0
0.384550000955,0.0625
0.384600000955,0
0.384650000955,0.125
0.384700000955,0.0625
0.384750000955,0
0.384800000955,0
0.384850000955,0.0625
0.384900000955,0.0625
0.384950000955,0.0625
0.385000000955,-0.0625
0.385050000955,0
0.385100000955,0
0.385150000955,0.0625
0.385200000955,0
0.385250000955,0.0625
0.385300000955,0
0.385350000955,0
0.385400000955,0
0.385450000955,0.0625
0.385500000955,0
0.385550000955,-0.0625
0.385600000955,-0.0625
0.385650000955,0
0.385700000955,0.0625
0.385750000955,0
0.385800000955,0.0625
0.385850000955,0
0.385900000955,0.125
0.385950000955,-0.0625
0.386000000955,0.0625
0.386050000955,0
0.386100000955,0.125
0.386150000955,0
0.386200000955,0.0625
0.386250000955,0
0.386300000955,0.0625
0.386350000955,0.0625
0.386400000955,0.0625
0.386450000955,0.0625
0.386500000955,0.0625
0.386550000955,0.0625
0.386600000955,0.125
0.386650000955,-0.0625
0.386700000955,0
0.386750000955,0
0.386800000955,0
0.386850000955,0
0.386900000955,0.125
0.386950000955,0
0.387000000955,0.125
0.387050000955,0
0.387100000955,-0.125
0.387150000955,0.0625
0.387200000955,-0.0625
0.387250000955,0
0.387300000955,0.1875
0.387350000955,0
0.387400000955,0.0625
0.387450000955,-0.0625
0.387500000955,0.0625
0.387550000955,0.125
0.387600000955,0.125
0.387650000955,-0.0625
0.387700000955,0.0625
0.387750000955,0
0.387800000955,0.0625
0.387850000955,0.125
0.387900000955,0.0625
0.387950000955,-0.0625
0.388000000955,0
0.388050000955,0.0625
0.388100000955,0
0.388150000955,0.0625
0.388200000955,0
0.388250000955,0
0.388300000955,0
0.388350000955,0.125
0.388400000955,0.0625
0.388450000955,0
0.388500000955,0.0625
0.388550000955,0.125
0.388600000955,-0.0625
0.388650000955,0
0.388700000955,0
0.388750000955,0
0.388800000955,0.0625
0.388850000955,0.125
0.388900000955,0.0625
0.388950000955,0
0.389000000955,0
0.389050000955,-0.0625
0.389100000955,-0.0625
0.389150000955,0
0.389200000955,-0.0625
0.389250000955,0.0625
0.389300000955,0
0.389350000955,0.0625
0.389400000955,0
0.389450000955,0
0.389500000955,0.0625
0.389550000955,0.0625
0.389600000955,0.0625
0.389650000955,0
0.389700000955,-0.125
0.389750000955,0
0.389800000955,-0.0625
0.389850000955,0.0625
0.389900000955,0.0625
0.389950000955,-0.0625
0.390000000955,0.0625
0.390050000955,-0.0625
0.390100000955,0.125
0.390150000955,0
0.390200000955,0.0625
0.390250000955,0
0.390300000955,0
0.390350000955,0
0.390400000955,-0.0625
0.390450000955,0.0625
0.390500000955,0.0625
0.390550000955,0.0625
0.390600000955,0.0625
0.390650000955,0
0.390700000955,-0.0625
0.390750000955,-0.0625
0.390800000955,0
0.390850000955,0
0.390900000955,0
0.390950000955,0.0625
0.391000000955,0.0625
0.391050000955,0.0625
0.391100000955,0
0.391150000955,0
0.391200000955,0.0625
0.391250000955,0.125
0.391300000955,0.0625
0.391350000955,0.0625
0.391400000955,0
0.391450000955,0
0.391500000955,0.0625
0.391550000955,0.0625
0.391600000955,0.125
0.391650000955,0.125
0.391700000955,-0.0625
0.391750000955,0
0.391800000955,0.125
0.391850000955,0.125
0.391900000955,-0.0625
0.391950000955,0.125
0.392000000955,0
0.392050000955,0.125
0.392100000955,0
0.392150000955,0.0625
0.392200000955,0
0.392250000955,0
0.392300000955,0.0625
0.392350000955,-0.0625
0.392400000955,0.0625
0.392450000955,0
0.392500000955,0
0.392550000955,-0.0625
0.392600000955,-0.0625
0.392650000955,0.0625
0.392700000955,0
0.392750000955,0
0.392800000955,0.125
0.392850000955,0.0625
0.392900000955,0.0625
0.392950000955,0.1875
0.393000000955,0.0625
0.393050000955,0.0625
0.393100000955,0.0625
0.393150000955,0
0.393200000955,0.125
0.393250000955,0.0625
0.393300000955,0.0625
0.393350000955,0.0625
0.393400000955,0.125
0.393450000955,0.0625
0.393500000955,0
0.393550000955,0
0.393600000955,0.0625
0.393650000955,0.0625
0.393700000955,0.0625
0.393750000955,0
0.393800000955,0
0.393850000955,0
0.393900000955,0.125
0.393950000955,0
0.394000000955,0.0625
0.394050000955,-0.0625
0.394100000955,0.125
0.394150000955,0
0.394200000955,0.125
0.394250000955,0.0625
0.394300000955,0
0.394350000955,0
0.394400000955,0
0.394450000955,0
0.394500000955,0
0.394550000955,0
0.394600000955,0
0.394650000955,-0.0625
0.394700000955,0.0625
0.394750000955,0.0625
0.394800000955,0.0625
0.394850000955,0
0.394900000955,0
0.394950000955,0.0625
0.395000000955,0
0.395050000955,0
0.395100000955,0
0.395150000955,0
0.395200000955,0.125
0.395250000955,0.0625
0.395300000955,0.0625
0.395350000955,0
0.395400000955,0.125
0.395450000955,-0.0625
0.395500000955,0
0.395550000955,0.125
0.395600000955,0
0.395650000955,0.125
0.395700000955,0
0.395750000955,-0.0625
0.395800000955,0
0.395850000955,0.0625
0.395900000955,0.0625
0.395950000955,-0.0625
0.396000000955,0
0.396050000955,-0.0625
0.396100000955,0
0.396150000955,0.0625
0.396200000955,0.0625
0.396250000955,0.125
0.396300000955,0
0.396350000955,-0.0625
0.396400000955,-0.0625
0.396450000955,0.0625
0.396500000955,0.125
0.396550000955,0.0625
0.396600000955,0
0.396650000955,0
0.396700000955,0.0625
0.396750000955,0
0.396800000955,0.0625
0.396850000955,0
0.396900000955,0
0.396950000955,0
0.397000000955,0.0625
0.397050000955,0
0.397100000955,0
0.397150000955,0
0.397200000955,0.0625
0.397250000955,-0.0625
0.397300000955,0
0.397350000955,0
0.397400000955,0.0625
0.397450000955,0.0625
0.397500000955,0.0625
0.397550000955,0
0.397600000955,0.125
0.397650000955,0.125
0.397700000955,0
0.397750000955,0.0625
0.397800000955,0
0.397850000955,0
0.397900000955,-0.0625
0.397950000955,0.0625
0.398000000955,0
0.398050000955,0.0625
0.398100000955,0.0625
0.398150000955,0.125
0.398200000955,-0.0625
0.398250000955,0.0625
0.398300000955,-0.0625
0.398350000955,0.0625
0.398400000955,0.0625
0.398450000955,0.0625
0.398500000955,0.0625
0.398550000955,0
0.398600000955,0.0625
0.398650000955,0
0.398700000955,0.0625
0.398750000955,-0.0625
0.398800000955,0
0.398850000955,0.125
0.398900000955,0.125
0.398950000955,-0.0625
0.399000000955,0.0625
0.399050000955,0.0625
0.399100000955,0.125
0.399150000955,0.0625
0.399200000955,-0.0625
0.399250000955,0.0625
0.399300000955,-0.0625
0.399350000955,0.0625
0.399400000955,0.0625
0.399450000955,0
0.399500000955,0.0625
0.399550000955,0.0625
0.399600000955,0.0625
0.399650000955,0.0625
0.399700000955,0.125
0.399750000955,0.125
0.399800000955,0
0.399850000955,0.125
0.399900000955,0.0625
0.399950000955,0
0.400000000955,0.0625
0.400050000955,0.1875
0.400100000955,-0.0625
0.400150000955,0.0625
0.400200000955,0.125
0.400250000955,0.0625
0.400300000955,-0.0625
0.400350000955,0.125
0.400400000955,0.0625
0.400450000955,0
0.400500000955,-0.0625
0.400550000955,0.0625
0.400600000955,0.125
0.400650000955,0
0.400700000955,0.0625
0.400750000955,0.0625
0.400800000955,0
0.400850000955,0
0.400900000955,0
0.400950000955,0
0.401000000955,0.0625
0.401050000955,-0.0625
0.401100000955,0.0625
0.401150000955,0
0.401200000955,0.125
0.401250000955,-0.0625
0.401300000955,-0.1875
0.401350000955,0
0.401400000955,0
0.401450000955,-0.0625
0.401500000955,0.0625
0.401550000955,0.0625
0.401600000955,0.0625
0.401650000955,-0.0625
0.401700000955,0.1875
0.401750000955,-0.0625
0.401800000955,0
0.401850000955,0
0.401900000955,0.0625
0.401950000955,0.0625
0.402000000955,0
0.402050000955,0.0625
0.402100000955,0.0625
0.402150000955,0.0625
0.402200000955,0.0625
0.402250000955,0.0625
0.402300000955,0.0625
0.402350000955,-0.125
0.402400000955,0
0.402450000955,0.0625
0.402500000955,0
0.402550000955,0
0.402600000955,0.125
0.402650000955,0
0.402700000955,0.0625
0.402750000955,0.0625
0.402800000955,0.0625
0.402850000955,0
0.402900000955,0
0.402950000955,0.125
0.403000000955,0.0625
0.403050000955,0.0625
0.403100000955,0
0.403150000955,0
0.403200000955,0.0625
0.403250000955,0
0.403300000955,0
0.403350000955,0.125
0.403400000955,0
0.403450000955,0
0.403500000955,0.0625
0.403550000955,0
0.403600000955,0
0.403650000955,0
0.403700000955,0
0.403750000955,0.125
0.403800000955,0.0625
0.403850000955,0
0.403900000955,0.0625
0.403950000955,0
0.404000000955,0.0625
0.404050000955,-0.125
0.404100000955,-0.0625
0.404150000955,0.0625
0.404200000955,0
0.404250000955,0
0.404300000955,0.125
0.404350000955,0.0625
0.404400000955,0.0625
0.404450000955,-0.0625
0.404500000955,0
0.404550000955,0.0625
0.404600000955,0.0625
0.404650000955,-0.0625
0.404700000955,0.0625
0.404750000955,0
0.404800000955,-0.0625
0.404850000955,0
0.404900000955,0.1875
0.404950000955,-0.0625
0.405000000955,0.125
0.405050000955,-0.0625
0.405100000955,0.1875
0.405150000955,0
0.405200000955,0.0625
0.405250000955,-0.0625
0.405300000955,0.125
0.405350000955,-0.0625
0.405400000955,0.0625
0.405450000955,0.125
0.405500000955,0.125
0.405550000955,0
0.405600000955,-0.0625
0.405650000955,-0.0625
0.405700000955,-0.0625
0.405750000955,0.125
0.405800000955,0.125
0.405850000955,0
0.405900000955,0
0.405950000955,0
0.406000000955,0.0625
0.406050000955,0.0625
0.406100000955,0
0.406150000955,0
0.406200000955,0.0625
0.406250000955,-0.125
0.406300000955,0.0625
0.406350000955,-0.0625
0.406400000955,0
0.406450000955,0.0625
0.406500000955,0
0.406550000955,0.125
0.406600000955,0
0.406650000955,0
0.406700000955,0.0625
0.406750000955,0
0.406800000955,0.125
0.406850000955,-0.0625
0.406900000955,0.0625
0.406950000955,0.0625
0.407000000955,-0.0625
0.407050000955,0
0.407100000955,0.0625
0.407150000955,0.0625
0.407200000955,0
0.407250000955,0
0.407300000955,-0.0625
0.407350000955,0.0625
0.407400000955,0
0.407450000955,0
0.407500000955,0.0625
0.407550000955,0.0625
0.407600000955,-0.0625
0.407650000955,-0.0625
0.407700000955,0
0.407750000955,0.0625
0.407800000955,0.0625
0.407850000955,0.0625
0.407900000955,0
0.407950000955,0
0.408000000955,0.0625
0.408050000955,0.0625
0.408100000955,0.0625
0.408150000955,0
0.408200000955,0.0625
0.408250000955,0.1875
0.408300000955,0
0.408350000955,0.0625
0.408400000955,0
0.408450000955,0.0625
0.408500000955,0
0.408550000955,0.0625
0.408600000955,0.125
0.408650000955,0.0625
0.408700000955,0
0.408750000955,0
0.408800000955,0.0625
0.408850000955,0.125
0.408900000955,0.0625
0.408950000955,0
0.409000000955,0
0.409050000955,0.0625
0.409100000955,0
0.409150000955,0.0625
0.409200000955,0.1875
0.409250000955,0.0625
0.409300000955,0
0.409350000955,0
0.409400000955,-0.0625
0.409450000955,0
0.409500000955,0
0.409550000955,0.0625
0.409600000955,-0.0625
0.409650000955,-0.0625
0.409700000955,0.125
0.409750000955,0.0625
0.409800000955,0.0625
0.409850000955,0.0625
0.409900000955,0.0625
0.409950000955,0.0625
0.410000000955,0.0625
0.410050000955,0.0625
0.410100000955,-0.0625
0.410150000955,0.125
0.410200000955,0.125
0.410250000955,-0.0625
0.410300000955,0
0.410350000955,0
0.410400000955,0.0625
0.410450000955,0.0625
0.410500000955,0.0625
0.410550000955,0.0625
0.410600000955,-0.0625
0.410650000955,-0.0625
0.410700000955,0.0625
0.410750000955,0
0.410800000955,0.0625
0.410850000955,0
0.410900000955,0
0.410950000955,-0.125
0.411000000955,0.0625
0.411050000955,0
0.411100000955,0.0625
0.411150000955,0
0.411200000955,0.0625
0.411250000955,0.0625
0.411300000955,0.0625
0.411350000955,0.0625
0.411400000955,0.0625
0.411450000955,0
0.411500000955,-0.125
0.411550000955,0
0.411600000955,0
0.411650000955,-0.125
0.411700000955,0
0.411750000955,0.0625
0.411800000955,-0.0625
0.411850000955,0
0.411900000955,0.0625
0.411950000955,0.125
0.412000000955,0.0625
0.412050000955,0.125
0.412100000955,0.125
0.412150000955,0
0.412200000955,0.0625
0.412250000955,-0.0625
0.412300000955,0.125
0.412350000955,0
0.412400000955,0.1875
0.412450000955,0.0625
0.412500000955,0.125
0.412550000955,0
0.412600000955,0.0625
0.412650000955,0.0625
0.412700000955,-0.0625
0.412750000955,0.0625
0.412800000955,0.0625
0.412850000955,0.0625
0.412900000955,-0.0625
0.412950000955,0.0625
0.413000000955,0.125
0.413050000955,0
0.413100000955,0.0625
0.413150000955,0
0.413200000955,0.0625
0.413250000955,0.125
0.413300000955,0
0.413350000955,-0.0625
0.413400000955,0
0.413450000955,0
0.413500000955,0.0625
0.413550000955,0
0.413600000955,0.0625
0.413650000955,0
0.413700000955,0
0.413750000955,0
0.413800000955,0.125
0.413850000955,0
0.413900000955,-0.0625
0.413950000955,0.0625
0.414000000955,0.0625
0.414050000955,0.125
0.414100000955,0.0625
0.414150000955,0.0625
0.414200000955,0.1875
0.414250000955,0.125
0.414300000955,0.0625
0.414350000955,0.25
0.414400000955,0
0.414450000955,0.125
0.414500000955,0.0625
0.414550000955,0
0.414600000955,0
0.414650000955,-0.0625
0.414700000955,0.0625
0.414750000955,0.0625
0.414800000955,0
0.414850000955,-0.0625
0.414900000955,0.0625
0.414950000955,0.0625
0.415000000955,0
0.415050000955,0.0625
0.415100000955,0.0625
0.415150000955,0
0.415200000955,0.0625
0.415250000955,0.0625
0.415300000955,0.0625
0.415350000955,0.0625
0.415400000955,0
0.415450000955,0.125
0.415500000955,0.0625
0.415550000955,0.125
0.415600000955,0.0625
0.415650000955,0.0625
0.415700000955,-0.0625
0.415750000955,0.0625
0.415800000955,-0.0625
0.415850000955,0.0625
0.415900000955,0
0.415950000955,0.125
0.416000000955,-0.0625
0.416050000955,0.0625
0.416100000955,-0.0625
0.416150000955,0
0.416200000955,0.0625
0.416250000955,-0.0625
0.416300000955,0.125
0.416350000955,0.0625
0.416400000955,0.0625
0.416450000955,0.0625
0.416500000955,0
0.416550000955,0.0625
0.416600000955,0.0625
0.416650000955,-0.0625
0.416700000955,0
0.416750000955,0.125
0.416800000955,0.0625
0.416850000955,-0.0625
0.416900000955,0.125
0.416950000955,0
0.417000000955,0
0.417050000955,0.125
0.417100000955,0.125
0.417150000955,0.0625
0.417200000955,0.125
0.417250000955,0
0.417300000955,0
0.417350000955,0
0.417400000955,0.125
0.417450000955,-0.0625
0.417500000955,-0.0625
0.417550000955,-0.0625
0.417600000955,0.0625
0.417650000955,0.0625
0.417700000955,0.125
0.417750000955,0
0.417800000955,0
0.417850000955,0.125
0.417900000955,-0.0625
0.417950000955,0.0625
0.418000000955,0
0.418050000955,0
0.418100000955,0.0625
0.418150000955,0
0.418200000955,-0.0625
0.418250000955,0.0625
0.418300000955,0
0.418350000955,0.0625
0.418400000955,0
0.418450000955,0
0.418500000955,0.0625
0.418550000955,0.0625
0.418600000955,-0.0625
0.418650000955,0.0625
0.418700000955,0.125
0.418750000955,-0.0625
0.418800000955,-0.0625
0.418850000955,0
0.418900000955,0.0625
0.418950000955,0.0625
0.419000000955,0.125
0.419050000955,0
0.419100000955,-0.0625
0.419150000955,0.0625
0.419200000955,0
0.419250000955,0
0.419300000955,-0.0625
0.419350000955,0.0625
0.419400000955,0.0625
0.419450000955,-0.0625
0.419500000955,0
0.419550000955,0.125
0.419600000955,-0.0625
0.419650000955,0.0625
0.419700000955,0.125
0.419750000955,0.0625
0.419800000955,0.0625
0.419850000955,0.0625
0.419900000955,-0.0625
0.419950000955,0
0.420000000955,0.0625
0.420050000955,0
0.420100000955,0
0.420150000955,0
0.420200000955,0.125
0.420250000955,0
0.420300000955,0
0.420350000955,0
0.420400000955,0.125
0.420450000955,0
0.420500000955,0
0.420550000955,0.0625
0.420600000955,0
0.420650000955,0.0625
0.420700000955,0
0.420750000955,0.0625
0.420800000955,0.0625
0.420850000955,0.125
0.420900000955,0.0625
0.420950000955,0
0.421000000955,-0.0625
0.421050000955,0.0625
0.421100000955,0.125
0.421150000955,0
0.421200000955,0
0.421250000955,0.125
0.421300000955,0
0.421350000955,0
0.421400000955,0
0.421450000955,0
0.421500000955,0.0625
0.421550000955,0
0.421600000955,0.0625
0.421650000955,0
0.421700000955,0.0625
0.421750000955,0
0.421800000955,0
0.421850000955,0.125
0.421900000955,0.0625
0.421950000955,0.0625
0.422000000955,0.125
0.422050000955,0.0625
0.422100000955,0.0625
0.422150000955,0.0625
0.422200000955,0.0625
0.422250000955,-0.0625
0.422300000955,0
0.422350000955,0.0625
0.422400000955,0
0.422450000955,0.125
0.422500000955,0
0.422550000955,-0.0625
0.422600000955,0
0.422650000955,0
0.422700000955,-0.0625
0.422750000955,0
0.422800000955,0.125
0.422850000955,0.1875
0.422900000955,0.0625
0.422950000955,-0.0625
0.423000000955,0.125
0.423050000955,-0.0625
0.423100000955,0.0625
0.423150000955,0.125
0.423200000955,0.0625
0.423250000955,0
0.423300000955,0.0625
0.423350000955,0.0625
0.423400000955,0
0.423450000955,0
0.423500000955,0
0.423550000955,0.0625
0.423600000955,0
0.423650000955,-0.0625
0.423700000955,0
0.423750000955,0.125
0.423800000955,-0.0625
0.423850000955,0.125
0.423900000955,0.0625
0.423950000955,0.0625
0.424000000955,-0.0625
0.424050000955,0
0.424100000955,0
0.424150000955,0
0.424200000955,0.0625
0.424250000955,0.0625
0.424300000955,0
0.424350000955,0
0.424400000955,0.0625
0.424450000955,0.0625
0.424500000955,0
0.424550000955,0
0.424600000955,0.0625
0.424650000955,0.0625
0.424700000955,0.0625
0.424750000955,0.0625
0.424800000955,0
0.424850000955,0.125
0.424900000955,0
0.424950000955,0.0625
0.425000000955,0.125
0.425050000955,-0.0625
0.425100000955,0.125
0.425150000955,0
0.425200000955,0.0625
0.425250000955,0.125
0.425300000955,0.0625
0.425350000955,0.0625
0.425400000955,0.0625
0.425450000955,-0.0625
0.425500000955,0.0625
0.425550000955,0
0.425600000955,0.0625
0.425650000955,0.0625
0.425700000955,0
0.425750000955,-0.0625
0.425800000955,0.0625
0.425850000955,0
0.425900000955,-0.0625
0.425950000955,0
0.426000000955,0.0625
0.426050000955,0.125
0.426100000955,0
0.426150000955,0
0.426200000955,-0.125
0.426250000955,-0.0625
0.426300000955,0.0625
0.426350000955,0
0.426400000955,0
0.426450000955,-0.0625
0.426500000955,-0.0625
0.426550000955,0
0.426600000955,0.125
0.426650000955,0.0625
0.426700000955,-0.125
0.426750000955,0.0625
0.426800000955,0
0.426850000955,0.125
0.426900000955,-0.0625
0.426950000955,0.0625
0.427000000955,0
0.427050000955,0.125
0.427100000955,0
0.427150000955,0.125
0.427200000955,0.0625
0.427250000955,0.0625
0.427300000955,0.125
0.427350000955,0
0.427400000955,0.0625
0.427450000955,0.0625
0.427500000955,0
0.427550000955,0.1875
0.427600000955,0
0.427650000955,-0.0625
0.427700000955,0.0625
0.427750000955,0.0625
0.427800000955,0
0.427850000955,0
0.427900000955,0
0.427950000955,0.1875
0.428000000955,0
0.428050000955,0.0625
0.428100000955,-0.0625
0.428150000955,0.0625
0.428200000955,0.125
0.428250000955,0.0625
0.428300000955,0
0.428350000955,0.0625
0.428400000955,0
0.428450000955,0.0625
0.428500000955,0
0.428550000955,0.0625
0.428600000955,-0.0625
0.428650000955,0.0625
0.428700000955,0.0625
0.428750000955,0.0625
0.428800000955,-0.0625
0.428850000955,0.0625
0.428900000955,-0.0625
0.428950000955,0
0.429000000955,0.0625
0.429050000955,0.0625
0.429100000955,0.0625
0.429150000955,0.0625
0.429200000955,0
0.429250000955,-0.0625
0.429300000955,0.0625
0.429350000955,0.0625
0.429400000955,0
0.429450000955,0.125
0.429500000955,-0.0625
0.429550000955,0.125
0.429600000955,0
0.429650000955,0.0625
0.429700000955,0.125
0.429750000955,0
0.429800000955,0.125
0.429850000955,-0.0625
0.429900000955,0.125
0.429950000955,0
0.430000000955,0.0625
0.430050000955,0.0625
0.430100000955,0.0625
0.430150000955,0.0625
0.430200000955,0.0625
0.430250000955,-0.0625
0.430300000955,0
0.430350000955,0.0625
0.430400000955,-0.0625
0.430450000955,0.0625
0.430500000955,0.0625
0.430550000955,0.0625
0.430600000955,0
0.430650000955,0.125
0.430700000955,0
0.430750000955,0.0625
0.430800000955,0.125
0.430850000955,0
0.430900000955,0.1875
0.430950000955,0
0.431000000955,0.125
0.431050000955,-0.0625
0.431100000955,0.125
0.431150000955,0.125
0.431200000955,0.0625
0.431250000955,0.125
0.431300000955,0.0625
0.431350000955,0.0625
0.431400000955,0.0625
0.431450000955,0.125
0.431500000955,0.0625
0.431550000955,0
0.431600000955,0.0625
0.431650000955,0.0625
0.431700000955,0
0.431750000955,0.125
0.431800000955,0.125
0.431850000955,0.0625
0.431900000955,0.125
0.431950000955,0
0.432000000955,0.125
0.432050000955,0.125
0.432100000955,0.0625
0.432150000955,0.0625
0.432200000955,0
0.432250000955,0.0625
0.432300000955,-0.0625
0.432350000955,0
0.432400000955,0.0625
0.432450000955,0
0.432500000955,0.0625
0.432550000955,-0.0625
0.432600000955,0.0625
0.432650000955,0.0625
0.432700000955,0.0625
0.432750000955,0.0625
0.432800000955,-0.0625
0.432850000955,0.0625
0.432900000955,0.125
0.432950000955,0
0.433000000955,0
0.433050000955,0.0625
0.433100000955,-0.0625
0.433150000955,0.0625
0.433200000955,0.0625
0.433250000955,-0.0625
0.433300000955,0
0.433350000955,0.0625
0.433400000955,0.0625
0.433450000955,0
0.433500000955,0
0.433550000955,0.0625
0.433600000955,0.125
0.433650000955,0
0.433700000955,0.125
0.433750000955,0.0625
0.433800000955,0.0625
0.433850000955,0.125
0.433900000955,0
0.433950000955,0
0.434000000955,0.125
0.434050000955,0
0.434100000955,-0.0625
0.434150000955,0
0.434200000955,0.0625
0.434250000955,0.125
0.434300000955,0.125
0.434350000955,0
0.434400000955,-0.0625
0.434450000955,0
0.434500000955,0.0625
0.434550000955,-0.0625
0.434600000955,-0.0625
0.434650000955,0
0.434700000955,0.0625
0.434750000955,0.0625
0.434800000955,-0.0625
0.434850000955,0
0.434900000955,0.0625
0.434950000955,0
0.435000000955,-0.0625
0.435050000955,0.0625
0.435100000955,0
0.435150000955,0
0.435200000955,0.0625
0.435250000955,-0.0625
0.435300000955,0
0.435350000955,0.125
0.435400000955,0
0.435450000955,0.0625
0.435500000955,0.125
0.435550000955,0.0625
0.435600000955,0
0.435650000955,0.0625
0.435700000955,0
0.435750000955,0.0625
0.435800000955,0.0625
0.435850000955,-0.0625
0.435900000955,-0.0625
0.435950000955,0.0625
0.436000000955,0
0.436050000955,0.125
0.436100000955,0
0.436150000955,0.1875
0.436200000955,0
0.436250000955,0
0.436300000955,-0.0625
0.436350000955,0.0625
0.436400000955,0.0625
0.436450000955,0
0.436500000955,0
0.436550000955,0.0625
0.436600000955,0
0.436650000955,0
0.436700000955,0
0.436750000955,0.125
0.436800000955,0
0.436850000955,-0.0625
0.436900000955,-0.0625
0.436950000955,0.125
0.437000000955,0.0625
0.437050000955,-0.0625
0.437100000955,0.0625
0.437150000955,0.0625
0.437200000955,0.0625
0.437250000955,0
0.437300000955,0.0625
0.437350000955,0.0625
0.437400000955,0.0625
0.437450000955,0
0.437500000955,0.0625
0.437550000955,0.0625
0.437600000955,0.0625
0.437650000955,0.1875
0.437700000955,0
0.437750000955,0.0625
0.437800000955,0.0625
0.437850000955,0
0.437900000955,0
0.437950000955,0.125
0.438000000955,0.125
0.438050000955,0.1875
0.438100000955,0.0625
0.438150000955,0.0625
0.438200000955,0.0625
0.438250000955,0.0625
0.438300000955,0
0.438350000955,0
0.438400000955,0.0625
0.438450000955,0.0625
0.438500000955,0
0.438550000955,0.125
0.438600000955,0
0.438650000955,0
0.438700000955,0
0.438750000955,-0.0625
0.438800000955,0.0625
0.438850000955,0.0625
0.438900000955,0
0.438950000955,0.0625
0.439000000955,0.125
0.439050000955,0.125
0.439100000955,0.125
0.439150000955,-0.0625
0.439200000955,0.0625
0.439250000955,0.0625
0.439300000955,0
0.439350000955,0.125
0.439400000955,0.0625
0.439450000955,0.125
0.439500000955,0
0.439550000955,0.0625
0.439600000955,-0.0625
0.439650000955,-0.0625
0.439700000955,0
0.439750000955,0
0.439800000955,0.0625
0.439850000955,0.125
0.439900000955,0.0625
0.439950000955,0.0625
0.440000000955,0
0.440050000955,0.0625
0.440100000955,0
0.440150000955,0.125
0.440200000955,0.125
0.440250000955,-0.0625
0.440300000955,0
0.440350000955,0.125
0.440400000955,0.0625
0.440450000955,0.0625
0.440500000955,0.0625
0.440550000955,0.0625
0.440600000955,0.0625
0.440650000955,0.0625
0.440700000955,0
0.440750000955,0.0625
0.440800000955,-0.0625
0.440850000955,0.0625
0.440900000955,0.0625
0.440950000955,0.0625
0.441000000955,-0.0625
0.441050000955,0.125
0.441100000955,0.0625
0.441150000955,0
0.441200000955,0.0625
0.441250000955,0.125
0.441300000955,0.0625
0.441350000955,0.125
0.441400000955,0.0625
0.441450000955,0
0.441500000955,0.0625
0.441550000955,0.125
0.441600000955,0.0625
0.441650000955,0.0625
0.441700000955,0.0625
0.441750000955,0.0625
0.441800000955,0.0625
0.441850000955,0.0625
0.441900000955,0.0625
0.441950000955,0.0625
0.442000000955,0.125
0.442050000955,0
0.442100000955,0.125
0.442150000955,0
0.442200000955,0
0.442250000955,0.125
0.442300000955,-0.0625
0.442350000955,0
0.442400000955,0.0625
0.442450000955,0.0625
0.442500000955,0
0.442550000955,-0.0625
0.442600000955,-0.0625
0.442650000955,0.0625
0.442700000955,-0.0625
0.442750000955,-0.0625
0.442800000955,0
0.442850000955,0.0625
0.442900000955,0.125
0.442950000955,0.125
0.443000000955,0.0625
0.443050000955,-0.0625
0.443100000955,0
0.443150000955,0.0625
0.443200000955,0
0.443250000955,0.0625
0.443300000955,0.0625
0.443350000955,0.125
0.443400000955,0.125
0.443450000955,0
0.443500000955,0
0.443550000955,0.0625
0.443600000955,0.0625
0.443650000955,0.0625
0.443700000955,-0.0625
0.443750000955,0.0625
0.443800000955,0.125
0.443850000955,0.125
0.443900000955,0
0.443950000955,0.0625
0.444000000955,0
0.444050000955,0.125
0.444100000955,0.125
0.444150000955,0
0.444200000955,0
0.444250000955,0.0625
0.444300000955,0
0.444350000955,0
0.444400000955,0
0.444450000955,0.0625
0.444500000955,0.0625
0.444550000955,0.125
0.444600000955,-0.125
0.444650000955,-0.0625
0.444700000955,0
0.444750000955,0
0.444800000955,0
0.444850000955,0.0625
0.444900000955,0
0.444950000955,-0.0625
0.445000000955,0.125
0.445050000955,0
0.445100000955,0
0.445150000955,0.125
0.445200000955,0.125
0.445250000955,0
0.445300000955,-0.0625
0.445350000955,0.125
0.445400000955,0
0.445450000955,0
0.445500000955,-0.0625
0.445550000955,0.0625
0.445600000955,0.0625
0.445650000955,0
0.445700000955,0
0.445750000955,0
0.445800000955,0
0.445850000955,0.0625
0.445900000955,0.0625
0.445950000955,0.0625
0.446000000955,0.1875
0.446050000955,0.0625
0.446100000955,0.0625
0.446150000955,0.0625
0.446200000955,-0.0625
0.446250000955,0.0625
0.446300000955,0.125
0.446350000955,0
0.446400000955,0
0.446450000955,-0.0625
0.446500000955,-0.0625
0.446550000955,0.1875
0.446600000955,0.0625
0.446650000955,0
0.446700000955,0.0625
0.446750000955,-0.0625
0.446800000955,0.0625
0.446850000955,0.0625
0.446900000955,0.125
0.446950000955,0.125
0.447000000955,0
0.447050000955,0
0.447100000955,0.125
0.447150000955,0.125
0.447200000955,0.125
0.447250000955,0
0.447300000955,0.0625
0.447350000955,0.0625
0.447400000955,0.125
0.447450000955,0.0625
0.447500000955,0.0625
0.447550000955,0.125
0.447600000955,0
0.447650000955,0.125
0.447700000955,0.0625
0.447750000955,0
0.447800000955,0
0.447850000955,0.0625
0.447900000955,0
0.447950000955,0.0625
0.448000000955,0.125
0.448050000955,0
0.448100000955,0.0625
0.448150000955,0.0625
0.448200000955,0.0625
0.448250000955,0
0.448300000955,0.0625
0.448350000955,0.0625
0.448400000955,0
0.448450000955,0.0625
0.448500000955,0.125
0.448550000955,0.125
0.448600000955,0.125
0.448650000955,0.0625
0.448700000955,-0.125
0.448750000955,0.0625
0.448800000955,-0.0625
0.448850000955,0.0625
0.448900000955,0.0625
0.448950000955,0
0.449000000955,0.125
0.449050000955,-0.0625
0.449100000955,0.125
0.449150000955,0.0625
0.449200000955,0
0.449250000955,0.125
0.449300000955,-0.0625
0.449350000955,0.0625
0.449400000955,0.0625
0.449450000955,0
0.449500000955,0
0.449550000955,0
0.449600000955,0.125
0.449650000955,0
0.449700000955,0.0625
0.449750000955,0
0.449800000955,0
0.449850000955,0
0.449900000955,0
0.449950000955,0
0.450000000955,0.0625
0.450050000955,0
0.450100000955,0.0625
0.450150000955,0.0625
0.450200000955,0.0625
0.450250000955,0.125
0.450300000955,0.125
0.450350000955,0
0.450400000955,-0.0625
0.450450000955,0.0625
0.450500000955,0.0625
0.450550000955,0.0625
0.450600000955,0
0.450650000955,0.125
0.450700000955,0.25
0.450750000955,0.0625
0.450800000955,0.0625
0.450850000955,0
0.450900000955,0.0625
0.450950000955,-0.0625
0.451000000955,0
0.451050000955,-0.0625
0.451100000955,0.125
0.451150000955,0.0625
0.451200000955,-0.0625
0.451250000955,-0.0625
0.451300000955,0.125
0.451350000955,0
0.451400000955,0.125
0.451450000955,0
0.451500000955,0
0.451550000955,0.125
0.451600000955,0.0625
0.451650000955,0
0.451700000955,-0.0625
0.451750000955,0.125
0.451800000955,0.0625
0.451850000955,0.0625
0.451900000955,0
0.451950000955,0.0625
0.452000000955,0.0625
0.452050000955,0
0.452100000955,0.0625
0.452150000955,0.125
0.452200000955,0.0625
0.452250000955,0
0.452300000955,-0.0625
0.452350000955,0
0.452400000955,0.0625
0.452450000955,0
0.452500000955,-0.0625
0.452550000955,0.0625
0.452600000955,0
0.452650000955,0.125
0.452700000955,0.0625
0.452750000955,0.0625
0.452800000955,0.0625
0.452850000955,0
0.452900000955,0.0625
0.452950000955,0.125
0.453000000955,0
0.453050000955,0
0.453100000955,0
0.453150000955,-0.0625
0.453200000955,0
0.453250000955,0
0.453300000955,0.125
0.453350000955,0.125
0.453400000955,-0.125
0.453450000955,0
0.453500000955,0
0.453550000955,0
0.453600000955,-0.0625
0.453650000955,0
0.453700000955,0
0.453750000955,-0.125
0.453800000955,0.0625
0.453850000955,-0.0625
0.453900000955,-0.125
0.453950000955,0.125
0.454000000955,0.0625
0.454050000955,0.125
0.454100000955,0.0625
0.454150000955,0
0.454200000955,0
0.454250000955,0
0.454300000955,0.0625
0.454350000955,0
0.454400000955,0
0.454450000955,0
0.454500000955,-0.0625
0.454550000955,0.0625
0.454600000955,0
0.454650000955,0.125
0.454700000955,0.0625
0.454750000955,0.125
0.454800000955,0.125
0.454850000955,0.0625
0.454900000955,0.0625
0.454950000955,0.0625
0.455000000955,0
0.455050000955,0
0.455100000955,-0.0625
0.455150000955,-0.0625
0.455200000955,0.125
0.455250000955,0.0625
0.455300000955,0.0625
0.455350000955,-0.0625
0.455400000955,-0.0625
0.455450000955,0.0625
0.455500000955,0.0625
0.455550000955,-0.0625
0.455600000955,0.125
0.455650000955,-0.0625
0.455700000955,-0.0625
0.455750000955,-0.0625
0.455800000955,0
0.455850000955,0.125
0.455900000955,0.0625
0.455950000955,0.0625
0.456000000955,0.1875
0.456050000955,0.0625
0.456100000955,0.0625
0.456150000955,0.125
0.456200000955,-0.125
0.456250000955,-0.0625
0.456300000955,0.0625
0.456350000955,0
0.456400000955,-0.0625
0.456450000955,0.0625
0.456500000955,-0.0625
0.456550000955,0.125
0.456600000955,0
0.456650000955,0.0625
0.456700000955,0.0625
0.456750000955,0.125
0.456800000955,0
0.456850000955,0
0.456900000955,0.0625
0.456950000955,-0.0625
0.457000000955,0.0625
0.457050000955,0.0625
0.457100000955,0.125
0.457150000955,0
0.457200000955,0.0625
0.457250000955,0
0.457300000955,0
0.457350000955,0
0.457400000955,0.0625
0.457450000955,0
0.457500000955,0
0.457550000955,0.125
0.457600000955,0
0.457650000955,0
0.457700000955,0
0.457750000955,-0.0625
0.457800000955,0.0625
0.457850000955,0.125
0.457900000955,-0.0625
0.457950000955,0
0.458000000955,0.0625
0.458050000955,0.125
0.458100000955,0.0625
0.458150000955,0.125
0.458200000955,0.125
0.458250000955,0
0.458300000955,0.125
0.458350000955,0
0.458400000955,0
0.458450000955,0.0625
0.458500000955,0.0625
0.458550000955,-0.0625
0.458600000955,0.0625
0.458650000955,0.0625
0.458700000955,0.0625
0.458750000955,0.0625
0.458800000955,0
0.458850000955,0.0625
0.458900000955,0.0625
0.458950000955,0.0625
0.459000000955,0
0.459050000955,0
0.459100000955,0
0.459150000955,0.0625
0.459200000955,0
0.459250000955,0.125
0.459300000955,-0.0625
0.459350000955,-0.0625
0.459400000955,0.125
0.459450000955,0
0.459500000955,0.0625
0.459550000955,0.0625
0.459600000955,0.125
0.459650000955,0
0.459700000955,0
0.459750000955,0
0.459800000955,0.0625
0.459850000955,0
0.459900000955,-0.125
0.459950000955,0.0625
0.460000000955,0
0.460050000955,0.125
0.460100000955,0.0625
0.460150000955,0.0625
0.460200000955,0
0.460250000955,0
0.460300000955,0.0625
0.460350000955,0
0.460400000955,0.0625
0.460450000955,0
0.460500000955,0.0625
0.460550000955,0.0625
0.460600000955,0.0625
0.460650000955,0
0.460700000955,0.0625
0.460750000955,0.0625
0.460800000955,0.0625
0.460850000955,-0.0625
0.460900000955,0
0.460950000955,0.0625
0.461000000955,0.0625
0.461050000955,0.0625
0.461100000955,-0.0625
0.461150000955,0.0625
0.461200000955,0.0625
0.461250000955,0.125
0.461300000955,0
0.461350000955,0.0625
0.461400000955,0.0625
0.461450000955,0
0.461500000955,0.0625
0.461550000955,0
0.461600000955,0
0.461650000955,0
0.461700000955,0.125
0.461750000955,0.125
0.461800000955,0.0625
0.461850000955,0.125
0.461900000955,0.125
0.461950000955,0.0625
0.462000000955,0.0625
0.462050000955,-0.0625
0.462100000955,-0.0625
0.462150000955,0.0625
0.462200000955,0.0625
0.462250000955,0.125
0.462300000955,0
0.462350000955,0.0625
0.462400000955,0.0625
0.462450000955,0.1875
0.462500000955,-0.0625
0.462550000955,-0.0625
0.462600000955,0.125
0.462650000955,0.0625
0.462700000955,0.0625
0.462750000955,0
0.462800000955,0
0.462850000955,0
0.462900000955,0
0.462950000955,0
0.463000000955,0.0625
0.463050000955,-0.0625
0.463100000955,0.0625
0.463150000955,0.0625
0.463200000955,-0.0625
0.463250000955,0.0625
0.463300000955,-0.0625
0.463350000955,-0.125
0.463400000955,0.0625
0.463450000955,0.125
0.463500000955,0.0625
0.463550000955,0.0625
0.463600000955,0.0625
0.463650000955,0.125
0.463700000955,0
0.463750000955,0
0.463800000955,0.125
0.463850000955,0.0625
0.463900000955,-0.0625
0.463950000955,0.0625
0.464000000955,0
0.464050000955,0.0625
0.464100000955,0.125
0.464150000955,0.0625
0.464200000955,0.125
0.464250000955,0
0.464300000955,0.125
0.464350000955,0
0.464400000955,0.125
0.464450000955,0
0.464500000955,-0.0625
0.464550000955,0.0625
0.464600000955,-0.0625
0.464650000955,0.0625
0.464700000955,0.0625
0.464750000955,0.0625
0.464800000955,-0.0625
0.464850000955,0.125
0.464900000955,-0.0625
0.464950000955,0
0.465000000955,-0.0625
0.465050000955,0
0.465100000955,0.0625
0.465150000955,0
0.465200000955,0.125
0.465250000955,0
0.465300000955,0.125
0.465350000955,0
0.465400000955,0.0625
0.465450000955,0.125
0.465500000955,0.0625
0.465550000955,0.0625
0.465600000955,0
0.465650000955,0
0.465700000955,0.0625
0.465750000955,0.0625
0.465800000955,0
0.465850000955,0
0.465900000955,-0.0625
0.465950000955,0.0625
0.466000000955,0.125
0.466050000955,0.0625
0.466100000955,0.0625
0.466150000955,0.125
0.466200000955,-0.0625
0.466250000955,0.0625
0.466300000955,0
0.466350000955,0.0625
0.466400000955,0.125
0.466450000955,0
0.466500000955,-0.0625
0.466550000955,0.0625
0.466600000955,0.0625
0.466650000955,0.0625
0.466700000955,0.125
0.466750000955,0.0625
0.466800000955,0.0625
0.466850000955,0.125
0.466900000955,0.125
0.466950000955,-0.0625
0.467000000955,0
0.467050000955,0.0625
0.467100000955,0.0625
0.467150000955,-0.0625
0.467200000955,0.0625
0.467250000955,0
0.467300000955,0.0625
0.467350000955,0.125
0.467400000955,0
0.467450000955,-0.0625
0.467500000955,0.0625
0.467550000955,0.0625
0.467600000955,-0.0625
0.467650000955,-0.0625
0.467700000955,0.0625
0.467750000955,0.125
0.467800000955,-0.0625
0.467850000955,0.0625
0.467900000955,0
0.467950000955,0.0625
0.468000000955,0.125
0.468050000955,0
0.468100000955,0.0625
0.468150000955,-0.0625
0.468200000955,-0.0625
0.468250000955,0.0625
0.468300000955,0.0625
0.468350000955,0.125
0.468400000955,0
0.468450000955,0.0625
0.468500000955,0.125
0.468550000955,0
0.468600000955,0.0625
0.468650000955,-0.0625
0.468700000955,0
0.468750000955,0.0625
0.468800000955,0.125
0.468850000955,0.125
0.468900000955,-0.0625
0.468950000955,0.125
0.469000000955,0.125
0.469050000955,0
0.469100000955,0
0.469150000955,0.0625
0.469200000955,0
0.469250000955,0
0.469300000955,0.0625
0.469350000955,0
0.469400000955,0.0625
0.469450000955,0.125
0.469500000955,0.0625
0.469550000955,0.125
0.469600000955,0.0625
0.469650000955,0
0.469700000955,0.0625
0.469750000955,0.0625
0.469800000955,0.125
0.469850000955,0.125
0.469900000955,0.0625
0.469950000955,0.0625
0.470000000955,0
0.470050000955,-0.0625
0.470100000955,0
0.470150000955,0.0625
0.470200000955,0
0.470250000955,0.125
0.470300000955,0
0.470350000955,-0.0625
0.470400000955,0.0625
0.470450000955,0
0.470500000955,0.0625
0.470550000955,-0.0625
0.470600000955,0
0.470650000955,0.125
0.470700000955,0.0625
0.470750000955,0.0625
0.470800000955,0.0625
0.470850000955,0.125
0.470900000955,0.125
0.470950000955,0.125
0.471000000955,0
0.471050000955,0.0625
0.471100000955,0
0.471150000955,-0.0625
0.471200000955,0
0.471250000955,0.0625
0.471300000955,0.0625
0.471350000955,0.0625
0.471400000955,0.125
0.471450000955,0.125
0.471500000955,0
0.471550000955,0.0625
0.471600000955,0
0.471650000955,0.0625
0.471700000955,0
0.471750000955,0
0.471800000955,-0.0625
0.471850000955,0
0.471900000955,-0.0625
0.471950000955,0.125
0.472000000955,0
0.472050000955,0.0625
0.472100000955,0
0.472150000955,0
0.472200000955,-0.125
0.472250000955,0.125
0.472300000955,0.125
0.472350000955,0.0625
0.472400000955,0
0.472450000955,0.0625
0.472500000955,0
0.472550000955,0.125
0.472600000955,0
0.472650000955,-0.0625
0.472700000955,-0.0625
0.472750000955,0.0625
0.472800000955,0.0625
0.472850000955,0.0625
0.472900000955,0.0625
0.472950000955,0
0.473000000955,0.0625
0.473050000955,0
0.473100000955,0.125
0.473150000955,0.0625
0.473200000955,0.0625
0.473250000955,0
0.473300000955,0
0.473350000955,0.0625
0.473400000955,0.0625
0.473450000955,0.1875
0.473500000955,0.1875
0.473550000955,0.125
0.473600000955,0.125
0.473650000955,0
0.473700000955,0.0625
0.473750000955,0
0.473800000955,0.0625
0.473850000955,0.125
0.473900000955,0
0.473950000955,-0.0625
0.474000000955,0.125
0.474050000955,0
0.474100000955,0.0625
0.474150000955,0.0625
0.474200000955,0
0.474250000955,0.0625
0.474300000955,0.0625
0.474350000955,-0.0625
0.474400000955,0.0625
0.474450000955,0.0625
0.474500000955,-0.0625
0.474550000955,0
0.474600000955,0.0625
0.474650000955,-0.0625
0.474700000955,0.0625
0.474750000955,0
0.474800000955,-0.125
0.474850000955,0.0625
0.474900000955,0.0625
0.474950000955,0.0625
0.475000000955,0.125
0.475050000955,0
0.475100000955,0
0.475150000955,0
0.475200000955,0
0.475250000955,0.125
0.475300000955,0
0.475350000955,0.1875
0.475400000955,0.0625
0.475450000955,0
0.475500000955,0.125
0.475550000955,0
0.475600000955,0.0625
0.475650000955,0.0625
0.475700000955,0
0.475750000955,0
0.475800000955,-0.0625
0.475850000955,0.125
0.475900000955,0.0625
0.475950000955,0
0.476000000955,0.125
0.476050000955,-0.0625
0.476100000955,0
0.476150000955,-0.0625
0.476200000955,0.125
0.476250000955,0.0625
0.476300000955,0
0.476350000955,0.0625
0.476400000955,0
0.476450000955,0.0625
0.476500000955,0.125
0.476550000955,-0.0625
0.476600000955,0.0625
0.476650000955,0.125
0.476700000955,0.0625
0.476750000955,0
0.476800000955,0.0625
0.476850000955,0
0.476900000955,-0.0625
0.476950000955,0
0.477000000955,-0.125
0.477050000955,0
0.477100000955,0
0.477150000955,0.0625
0.477200000955,0.0625
0.477250000955,0
0.477300000955,0.125
0.477350000955,0
0.477400000955,0
0.477450000955,0
0.477500000955,0.0625
0.477550000955,0.0625
0.477600000955,0
0.477650000955,0.0625
0.477700000955,0
0.477750000955,-0.0625
0.477800000955,0.125
0.477850000955,-0.0625
0.477900000955,0
0.477950000955,0.0625
0.478000000955,-0.0625
0.478050000955,0
0.478100000955,0
0.478150000955,0
0.478200000955,0.125
0.478250000955,0
0.478300000955,0
0.478350000955,0.0625
0.478400000955,0.0625
0.478450000955,0.125
0.478500000955,0.0625
0.478550000955,-0.0625
0.478600000955,0
0.478650000955,0.0625
0.478700000955,-0.0625
0.478750000955,0.125
0.478800000955,0.125
0.478850000955,-0.0625
0.478900000955,0.0625
0.478950000955,0
0.479000000955,0.125
0.479050000955,0
0.479100000955,0
0.479150000955,0
0.479200000955,0
0.479250000955,0
0.479300000955,0
0.479350000955,0.0625
0.479400000955,0.0625
0.479450000955,0.0625
0.479500000955,0
0.479550000955,0
0.479600000955,-0.0625
0.479650000955,0.1875
0.479700000955,0.0625
0.479750000955,0
0.479800000955,0
0.479850000955,0.0625
0.479900000955,-0.0625
0.479950000955,0
0.480000000955,0
0.480050000955,0.0625
0.480100000955,0.125
0.480150000955,0.125
0.480200000955,0.0625
0.480250000955,0
0.480300000955,0.0625
0.480350000955,0
0.480400000955,-0.0625
0.480450000955,0.0625
0.480500000955,0
0.480550000955,0
0.480600000955,0.0625
0.480650000955,0
0.480700000955,0.125
0.480750000955,0
0.480800000955,0
0.480850000955,0.0625
0.480900000955,0.0625
0.480950000955,0.0625
0.481000000955,0.125
0.481050000955,0.125
0.481100000955,0
0.481150000955,0.125
0.481200000955,0.0625
0.481250000955,0.0625
0.481300000955,0.0625
0.481350000955,-0.0625
0.481400000955,0
0.481450000955,0.125
0.481500000955,0
0.481550000955,0
0.481600000955,0
0.481650000955,-0.0625
0.481700000955,0.125
0.481750000955,0.0625
0.481800000955,0.0625
0.481850000955,-0.0625
0.481900000955,0.0625
0.481950000955,0
0.482000000955,0.0625
0.482050000955,0.0625
0.482100000955,0.0625
0.482150000955,-0.0625
0.482200000955,0.125
0.482250000955,-0.0625
0.482300000955,0.125
0.482350000955,-0.125
0.482400000955,0
0.482450000955,0
0.482500000955,0.0625
0.482550000955,0.125
0.482600000955,0
0.482650000955,0.125
0.482700000955,0.0625
0.482750000955,-0.125
0.482800000955,0.125
0.482850000955,-0.0625
0.482900000955,0.0625
0.482950000955,0
0.483000000955,-0.0625
0.483050000955,0.125
0.483100000955,0
0.483150000955,0
0.483200000955,-0.0625
0.483250000955,0
0.483300000955,0
0.483350000955,0.0625
0.483400000955,0
0.483450000955,0.0625
0.483500000955,0.0625
0.483550000955,0
0.483600000955,0.0625
0.483650000955,0
0.483700000955,0.125
0.483750000955,0.0625
0.483800000955,0.0625
0.483850000955,0.0625
0.483900000955,-0.0625
0.483950000955,0.0625
0.484000000955,0.0625
0.484050000955,0
0.484100000955,0
0.484150000955,0.0625
0.484200000955,0.125
0.484250000955,0
0.484300000955,0.0625
0.484350000955,-0.0625
0.484400000955,0.0625
0.484450000955,0
0.484500000955,0.0625
0.484550000955,0
0.484600000955,-0.0625
0.484650000955,0
0.484700000955,0
0.484750000955,0.0625
0.484800000955,0.125
0.484850000955,-0.0625
0.484900000955,0
0.484950000955,0
0.485000000955,0
0.485050000955,-0.0625
0.485100000955,0
0.485150000955,0.0625
0.485200000955,0.0625
0.485250000955,-0.0625
0.485300000955,-0.0625
0.485350000955,0
0.485400000955,0
0.485450000955,0.0625
0.485500000955,0.0625
0.485550000955,0.0625
0.485600000955,0.125
0.485650000955,0.0625
0.485700000955,-0.0625
0.485750000955,0.0625
0.485800000955,0.0625
0.485850000955,0
0.485900000955,0.125
0.485950000955,0.0625
0.486000000955,0
0.486050000955,0
0.486100000955,0
0.486150000955,0.0625
0.486200000955,0.0625
0.486250000955,0.0625
0.486300000955,-0.0625
0.486350000955,0
0.486400000955,0
0.486450000955,0.0625
0.486500000955,0.0625
0.486550000955,0
0.486600000955,0.125
0.486650000955,0
0.486700000955,0.0625
0.486750000955,-0.125
0.486800000955,0
0.486850000955,0.0625
0.486900000955,0.0625
0.486950000955,-0.125
0.487000000955,0.0625
0.487050000955,0.0625
0.487100000955,-0.0625
0.487150000955,0.0625
0.487200000955,0.0625
0.487250000955,0.0625
0.487300000955,0
0.487350000955,0
0.487400000955,0
0.487450000955,0
0.487500000955,0.125
0.487550000955,0.0625
0.487600000955,0
0.487650000955,0.0625
0.487700000955,0
0.487750000955,0.0625
0.487800000955,0.0625
0.487850000955,0.0625
0.487900000955,0
0.487950000955,0.0625
0.488000000955,0.0625
0.488050000955,0.0625
0.488100000955,0.125
0.488150000955,0.125
0.488200000955,0
0.488250000955,0
0.488300000955,0
0.488350000955,0.0625
0.488400000955,0.0625
0.488450000955,0
0.488500000955,0
0.488550000955,0.125
0.488600000955,0.125
0.488650000955,0
0.488700000955,0.0625
0.488750000955,0.0625
0.488800000955,0.125
0.488850000955,0.125
0.488900000955,0
0.488950000955,0
0.489000000955,0.0625
0.489050000955,-0.0625
0.489100000955,0
0.489150000955,0
0.489200000955,0.0625
0.489250000955,0
0.489300000955,0.0625
0.489350000955,0.0625
0.489400000955,-0.0625
0.489450000955,0.125
0.489500000955,-0.0625
0.489550000955,0
0.489600000955,0.125
0.489650000955,0.125
0.489700000955,0.125
0.489750000955,0
0.489800000955,0.125
0.489850000955,0
0.489900000955,-0.0625
0.489950000955,0.125
0.490000000955,0
0.490050000955,0.0625
0.490100000955,0
0.490150000955,0.0625
0.490200000955,0
0.490250000955,-0.0625
0.490300000955,0.0625
0.490350000955,0
0.490400000955,-0.0625
0.490450000955,0.0625
0.490500000955,-0.0625
0.490550000955,0.1875
0.490600000955,0.125
0.490650000955,0
0.490700000955,0.0625
0.490750000955,-0.0625
0.490800000955,-0.0625
0.490850000955,0
0.490900000955,0.0625
0.490950000955,0.0625
0.491000000955,0.125
0.491050000955,0.0625
0.491100000955,0
0.491150000955,0
0.491200000955,0
0.491250000955,-0.0625
0.491300000955,0.125
0.491350000955,0
0.491400000955,0.125
0.491450000955,0
0.491500000955,0
0.491550000955,-0.125
0.491600000955,0.1875
0.491650000955,0
0.491700000955,0.0625
0.491750000955,0
0.491800000955,0
0.491850000955,0.0625
0.491900000955,0.0625
0.491950000955,0.125